Procesando...
  Filtro             : sierpinski
  Implementación     : ASM
  Archivo de entrada : lena.1024x1024.bmp
17524148
19140408
19448320
19142032
17818228
18238612
18245984
19936988
17743608
20238968
17679868
18145232
18228860
20225528
17768236
17932852
17900132
17804848
17996176
18253124
18240816
19836504
18206820
17908004
17874684
18113012
21302064
18162780
17990592
17924900
18147404
17839780
20062488
17771652
17877360
17874584
17867888
17813928
17663520
18506144
17855700
17667036
18913524
17791028
17857252
17801912
17755832
17691596
18040388
17893968
18130852
17902948
17850092
17842892
17940148
17849076
18156540
21287020
17963628
17806204
17842528
17932228
17801136
17953480
18326332
18019540
18096252
18619216
18204396
20305952
17955724
17745672
17839876
17904012
17872636
17929696
17799528
17837572
17813836
19390096
17753096
17600564
17770592
17943876
17974728
18010348
17970728
17964896
17903492
17822224
18048248
18077892
18039576
21615732
18838928
18411172
18404140
17971372
17872016
17865432
18252976
18068772
18307240
18265524
18314108
20931420
17864852
17904168
17895832
17890852
17947768
17922268
17736608
17813668
17800928
18202124
17920328
17960664
17898028
17815872
17819588
17741956
17955000
17744376
17811568
17831144
18051188
17832300
17897316
17952004
17629280
18655996
17701632
17872380
17893432
17908116
17883736
17911148
17886240
17943256
17879776
17876768
17926240
17951088
18187864
18052492
17969312
20070536
17959396
18066768
17941856
17965404
17906828
17994400
18266208
19701216
20149988
19048512
18539296
17885844
18001424
18209076
17885732
17776708
20322748
17705740
17784228
17952840
17849832
17802604
18011136
18126232
17723540
17873740
18002080
17991876
17874228
18245672
18282088
18209164
18236456
18209340
21031940
17925856
17819060
18413828
17883912
17776204
19083936
18237644
18171152
18124408
18134856
22145164
17927168
17813824
18251084
18232680
19768540
18063612
17738132
18942092
17877176
17866244
17779312
18263232
19210876
18021632
17872764
17992960
17949308
17663884
20521396
19707736
18125352
18038760
18037876
17973676
18047528
17883584
18292692
20149140
17854588
17885808
17896064
18181872
18179992
18146416
18258412
17865388
18334184
17904892
17924624
17780096
17841788
17910168
18013712
17985848
25328424
18714568
17838456
17754552
17800732
17946932
17824656
17847156
19164408
17760020
17677372
17866488
17806432
17816236
18113016
17873760
17729812
18011236
17861588
17863448
17703732
18033584
18778240
18047148
17987728
17943576
18070312
18069756
18014556
17794820
17959144
17989480
17950024
17912436
17933044
17942016
17801652
17852036
17926276
17896848
17871172
17892056
17954228
17944132
17917780
17834724
17722656
17830576
18191392
18727652
18429252
19873908
18111344
18091740
17906800
17805800
17939892
18242828
19480808
17928220
18135448
17824064
19266912
17787288
17783220
17975388
17875572
17893992
17785448
18217008
18035180
17938856
17901488
24657556
18247576
20911408
18252400
20698868
18654352
17857528
18052912
18240740
18319372
18210400
21129752
18271776
18576412
17657988
20829432
22220464
17629768
17638836
17668680
17750268
17915456
17911620
17931708
17893960
17960776
17937196
18077820
17629748
17832056
18181544
18229080
18227616
18227420
21258184
17987284
18177656
18083632
20822744
17920696
17949984
17728968
17925856
17839652
18173204
18022048
20024416
17763528
17860160
17722288
17744396
17922712
17865712
17943652
17768072
18132328
17845316
18150140
17790340
21216032
17855048
17721068
17930784
18016296
17926048
18735304
18014940
17993976
17865560
17853920
18016864
18352544
17928768
18000252
17965076
17869424
17927916
17903380
17790004
17900476
17773632
17852420
17904612
17842592
18070924
17928180
17828004
17728400
17821972
17821072
17839664
17835068
17944688
17854244
24804796
19627948
18781400
17883668
18415684
17948120
17872440
17952624
17870524
17891800
17972356
17893560
17888232
17959888
17840468
17711328
17719124
19588796
17967968
17817088
17860300
17798484
17833436
18015644
18778856
18288144
19216228
17768856
18125000
17945476
17915612
17927768
21031372
18109320
19986688
17924472
18177392
17931764
17719896
17757912
17702756
18161348
18261668
18167916
18213764
18186104
20173768
20520036
18278800
20653200
17983492
17900800
17938024
17895156
17822712
17909324
17892020
17866188
18738668
18075408
18069032
18145292
18122280
18048596
17794924
19600980
20610668
17932160
17788480
17944416
17990184
17761200
18226832
18193320
18823180
17847424
18162960
17876020
23825236
17764388
17766380
18600148
17857516
17825932
17815524
17678024
17718424
17691300
17707828
17847216
17901244
17952244
18038796
17901464
17898768
17824760
24716652
18012364
17793852
17728000
17740692
17869688
17996764
17829120
17876260
17743476
17714128
17736364
17839712
17931668
18485976
17776040
17892660
17861480
20507132
18222988
17844236
17855308
17788872
17822280
17896896
17713544
17810688
17882940
18001460
18297320
18070616
18215920
18213956
20008268
18015784
17862136
17895388
17967012
17904672
17991896
18061460
17954360
17726788
18018780
17923884
17940516
17920168
17911668
22522396
18106840
17865528
17837800
17915400
17951804
17864620
17882280
17875652
18150704
18285816
18355124
18366500
18346964
18773476
19993272
23730960
17931940
19951568
17704792
17832692
17965852
17915604
17925844
18878624
17978788
17860760
17848860
17881436
18432748
19938512
21124852
17803728
18776132
17883888
17801200
17764656
18154776
18036412
18803648
17836324
17739384
17634448
17755784
17885164
17667804
18591868
18170092
18645868
17815468
17819244
17678384
17968288
17997356
17922884
17888120
19988732
17919288
18362632
17939408
18060136
18001304
17958240
18031444
21123028
18226868
18284436
21026276
20740812
18217016
20961048
18275168
17912944
17932004
19276352
17979992
17992320
17948000
18326536
18087568
18371404
18307684
18269444
21307656
18159984
18353956
21563144
20301752
18231700
20616492
19602028
18070024
18323248
20428340
18328932
18473984
20336924
21167376
18150960
18066964
20649072
19064960
18031148
23383920
18279872
18276004
18181944
20942676
21296936
18256760
20761844
18286096
18234312
21004808
18177224
18163844
17974404
17928940
17791960
18270220
18084464
18250844
20384488
17895540
17832732
17747896
17719212
21128720
18130292
18169020
18234384
18274372
18279980
19271160
19087916
19335552
21054324
17916668
20828208
17960144
20338904
17850536
17764444
18341844
18224812
18274516
21203888
20485796
18062764
18042460
18737716
19216148
18388776
18275228
18286680
18157128
17984588
17960524
18311820
18157216
18690000
20095952
19615940
17899720
17954776
17784812
17950760
18124184
18151644
18242268
21406244
18261064
17938668
17919740
18025956
19292508
17862584
17884120
17723060
18192076
18001044
21216236
18097924
18117920
18094720
19426692
17982880
17932196
17832412
18788148
17824128
19116844
17801476
17849316
17867808
18388980
18052932
17907188
18008336
17852032
18039512
17912160
17768784
17992000
17824452
17982604
17943856
17889384
17972832
18027168
18744416
18053700
23573452
18287312
18210328
18176024
18234392
18322552
18198948
18338040
18273236
18231084
20054912
17857672
18511996
18508052
22789132
18186504
21193028
19273824
18854036
18313048
18374964
19756148
17697612
17715344
18062348
18108576
18235732
19791008
19436664
18033740
18799148
18280952
26362056
18188988
20401732
17812848
17989940
17667324
18199312
20994980
18235984
18173092
18066108
18028196
18087948
17827828
18088360
18284248
19568884
17923452
18020536
17801436
17907112
17894820
17851516
17726960
17895108
17841364
17849928
17952284
18004236
17688628
17944376
17870632
26285908
17693664
18112004
18195576
21143200
17773160
19236752
17737944
17790188
17797476
17800388
17780356
17820760
17546032
17776720
18658376
17919160
22291484
17953496
17988680
17901416
17915680
17983288
18008984
18013504
17873164
17874584
17877588
17835036
17868516
17923300
19124352
17702928
18315020
20274220
18097592
18103960
18085388
18150124
18090464
18014920
17751960
17821048
17866364
18238808
18355084
18212836
21087344
18231812
18084844
18142420
18320068
18283560
21109460
18275416
18158092
20999740
18215540
18005212
18340784
18156232
18939700
17979588
17870556
18349540
18988248
18718460
17997388
20358340
17938740
18821880
18284328
17759064
20596712
18099160
20325788
18187568
18187088
18216160
18116088
21253184
18185368
18153384
18254620
22137560
19495488
19444276
18201104
19710596
19070284
18314020
19099720
17820284
17908132
18211616
18194804
18052108
18135560
18222500
19163928
19687852
17708976
17815300
17824596
17826148
18299864
20075524
17875420
18093140
18104696
17981332
21075544
18229244
21142128
18171824
20738612
18975712
24342952
18204640
18292992
17912952
18000588
17806864
20142512
18926348
18030692
17826572
17955232
18027032
18069120
17884252
17927796
17689176
20059240
20518536
18156560
18389572
18266736
20465668
19823988
17824400
17892876
17912444
17692900
18162836
18186692
18189092
19716572
18181656
18244948
18771128
17779068
17716524
17701008
18021484
20721824
17805616
18095268
18053548
18181636
18285544
18284828
18238820
17921460
17800764
17651752
18231832
19932532
23237636
18207136
18185184
21231796
18120528
20232804
17875992
 
18126332
17986728
20715856
17937932
18068688
18124076
20125476
17952928
19627212
17681472
20257356
18205804
21403724
18267152
18166548
18249556
19604292
20818940
18167808
20777676
18128812
20754952
17788460
17807560
17814980
17891808
18042008
18012044
18011068
18236188
20980796
18371200
18300284
21133540
18251816
18248164
18334752
18293128
20000292
18181132
18102888
18249928
20375212
17916228
18120056
18210148
20314916
18041580
17813924
17851528
18204688
18030672
18111132
17976592
21341436
18156412
19439228
17885040
17812004
17765452
22640340
17747672
18018256
18021456
18074460
18209480
21143592
18002232
18217664
18201332
18106856
18123492
18188852
18117324
18057964
21304816
18132976
18146628
21115168
18138768
19590440
18684140
20882336
17838696
18122272
18224452
18085328
17986084
18238576
18394876
17909612
17782584
18174712
18318512
20967100
20193464
18085400
18227332
19432808
18243612
20367888
17775224
19588768
17961512
17791048
17875044
17836692
17935280
17885456
18364792
25831756
20592700
18151652
19358876
18168736
20471012
19778484
19293476
19482184
17949108
17771032
17881388
19177536
17892456
17833664
18762204
17926672
17883980
18266932
18378080
18263812
18197776
18338088
18317956
18364024
18121096
18218140
18231604
18199464
18361736
18119456
21038856
18357920
18256120
18161424
18273712
18213904
20886956
18122560
18226228
18152260
18064700
17977680
20621844
18060356
20121384
17664052
17782464
17847232
17843596
17855792
18152800
20670428
20327536
18207856
18272780
18912228
18106640
18268456
21458844
19844476
21135212
20423108
18225548
21300656
18160860
18220528
20440132
21100340
20190436
18305996
21282852
18128908
21039196
18234380
20986932
18249292
20879200
21058024
18215436
18263476
18541400
19410316
17910504
21338248
18149064
18221428
18257000
18226308
20268752
18292260
20421152
18187648
18063328
21045812
18217440
18198084
18199020
18284864
18185600
18233108
25110336
20525804
18046612
18204508
20755640
18112888
20736828
18151488
21507228
18201212
21033424
18122480
18008448
18045464
20771132
20147276
18158196
18150552
18153336
21368188
20738716
17905084
17829048
17761500
18099320
17951052
18165752
18143524
18259208
18242992
21586224
20253708
20642872
18562372
18238240
18139572
18294972
19325684
17890728
18088012
18006692
20878924
18044704
20896696
18277904
19272436
21127288
18193216
21458912
18251180
18222836
20958288
18069192
21200888
18084776
19316104
17838604
18253316
18303008
18292068
18247916
20254024
20998720
18228024
20738600
18147872
18337956
18274348
18213000
20838052
19001780
17921376
17905824
19887152
17821840
18115224
20846516
19154332
21050620
19820012
18108104
19636732
17662396
17662728
17765192
17866956
17734192
17598092
17768060
17681768
17751168
18955572
18072520
19995572
17684260
26173072
17672100
17812292
18124288
18164212
18172080
21159588
17972436
17846276
17871076
18063548
21001452
18067000
18194248
21042704
18602572
18227920
18287704
18304164
18233436
18135828
18145300
18077804
17974304
20710396
20336440
18230584
21032544
17991972
18108752
20917468
18117864
21313788
18189132
18761400
18157072
20580836
17680364
18621648
18179600
18146284
19778604
18155860
21379812
18222852
19270020
17979040
20037808
18200900
19117972
20994880
19613516
17849296
17850904
18031364
18280844
18357820
17911248
17811012
18053444
19976012
17900220
17841380
19386648
18988328
18669840
19445044
18104628
20343048
18310852
18142916
21276692
17985244
20810784
17721280
17830044
17619588
18210684
21272468
19517348
19260696
18089004
18158060
18487156
18156816
19213180
18042080
20574028
18173244
18215520
18300592
17903848
17761972
18038996
18025196
20869020
18289320
21465644
18163144
18234904
21062744
18303672
21173024
18671964
17827520
17968772
18072552
21007176
18630448
17976164
20854172
21186300
21221836
18058172
17891916
17958948
18048648
17866924
19692184
17731552
18176588
18245008
20775444
18652440
17961892
18146060
20279764
18138804
18182460
18311380
18244700
18286912
18354948
18232268
20248788
19579032
17949804
18051060
18141892
18138024
18208600
18106276
21053996
18179136
20974900
17803836
17807828
17769200
17782436
17734364
19144500
17812968
19585376
20940824
17970436
19650196
19450524
18088896
17955688
18167656
19547380
17786120
18113732
20193736
18148980
20256308
20376800
21931824
20808352
18260428
20610160
19703544
17907432
17910996
17860608
17499204
18041468
18246372
18193260
18351584
20928876
20814464
17976104
17828604
17835684
18023836
20406836
17807108
18238488
18236084
21233212
18114336
20913884
18142428
18165812
18341292
20934240
25881468
18038672
18025348
18205760
19768064
22597572
17926672
17893056
17846508
17950756
17890584
17929724
18022808
17967732
18168868
21188840
18037580
25716112
19819504
19107124
17833400
18189708
18203808
21180368
19384416
17756936
18090808
18225620
18063136
18206392
18735632
18364060
18002980
21349800
18239432
18288144
20560960
18218844
21327152
18122812
18152936
18025768
18153148
19214216
17773140
17817596
19387636
17974868
21119076
18186992
18175368
21003196
17805628
17742512
18332528
17962900
18030236
18071056
17943448
20065596
18910832
19239680
18152924
21334164
18391920
18252684
18173616
18860196
17800752
18250800
18151532
20937796
18206388
21374144
19540004
18045320
18262252
18072588
17969032
20849180
18240332
18380148
18179552
19879908
18263464
19554900
17951812
18029652
19530392
18161796
18166752
19084300
17853192
18235212
18279464
21495252
18272948
19974796
18194644
18153320
18374536
21531312
18211028
18207052
18222716
18312544
18169360
18213072
20783912
19618972
17806496
18240492
18150484
19789884
17930044
17667380
18145836
18146148
18190960
20655864
20454836
18110828
19463968
18092108
19458444
17863232
17867040
18045920
18235660
18170188
17988748
18378704
17749840
22793256
18299256
18284824
18232940
18299576
18217644
20956356
17920748
21406108
19922144
19253940
18054044
21311500
18185136
21344256
19923976
20870492
20972976
18133892
20419768
18193148
18471504
21076140
18168372
18123824
21275776
18104172
21089432
18172920
18197084
18225628
19570560
17831608
21152564
18246328
18196748
18204924
20982876
18235028
18321844
18181340
20650620
17971908
19764728
18049876
18122964
21121324
18193476
18235884
17938064
19953448
21033964
21619124
18250172
18214852
18340156
19257560
18096164
21088904
18190904
18153776
20924700
18113576
18175016
18133712
18220236
17924308
22921316
21440776
18080056
21080664
18150448
17922672
18214608
21341132
18202432
18156844
18244564
18261652
18368020
18196928
18289584
18281120
18015632
18399372
21842520
21384912
18204244
20294180
18061636
21077960
18060812
21281944
20908268
18379664
20987932
18147536
18052460
18170940
18173696
18109804
18218972
20128388
17867212
17870176
18270692
18295244
21033948
21277072
20873264
18112200
21211808
18269072
18188756
20996876
18179104
29387696
18105696
18313516
18079368
20647196
21021148
17983316
20944000
18118320
20935428
18134992
21171428
20443400
21160420
18059868
18226220
18102088
21333112
21009172
20530328
18130488
20934944
18064108
21061728
18181540
21170252
21391444
18262808
18203160
21012796
18173436
21341652
20765424
18347548
19687796
18647528
18229004
18351696
21111056
18302228
21147412
18188424
21080080
18174604
18275612
20830632
20953408
18136940
18193032
18572216
18051588
21629180
18137660
18228744
20746676
18225164
18181300
18119108
18118000
18236796
18146288
21607928
18059964
17980364
18069572
18058876
21011892
20629020
19262884
17998260
18172464
18079784
21038936
21155132
18139156
18193032
18193272
20274368
18112212
18609428
21335852
18185748
21124308
18303064
18290356
18217904
18192284
18124884
18187100
18094712
18047136
18062408
20847412
19800040
18175644
19762320
18160624
21210868
18056216
21015852
21118876
18179908
18280008
18195652
21234956
21029632
18205332
18375148
18360908
21217404
18193612
18167012
18061924
21310044
19682812
18330724
18116948
18107380
20281960
19315520
19357040
18020444
18193412
18665788
17869544
18256968
18236240
20810512
18264744
19172244
18321352
19774832
27023992
18053516
18122592
18219860
21167872
18259784
21410708
17904444
20778896
20265148
19090352
17997616
20762696
17778984
20836204
17958224
18113192
18133972
21059056
17989580
18075328
20929252
20621480
18043732
20681564
18223520
18135008
18162004
21157340
18189784
21283976
20899664
18191260
25644436
18274556
21003288
20753372
18056700
18136992
20832068
18174624
18153556
21159536
21020884
18120280
21266496
20765372
18298412
21249816
21117240
18117644
28159072
18024412
21341196
18246944
18283456
18271980
18169744
18259288
18139832
18108712
20591768
18095564
18297464
18255120
18247120
20796112
18329352
18119424
20909392
17984052
20170256
18394884
18212776
18102224
18195812
21092968
17870688
19806852
18278568
20699220
18327152
20701124
20597612
18080776
21174336
18366104
18313732
21319416
19636292
17924788
18317680
18275444
18166848
20209984
20193972
18280152
19999724
18368372
18092900
18186668
18145428
20898536
18225428
18318376
18224620
18127660
18048592
18219184
21180476
19203008
18304724
21091520
22261064
18054304
18210900
 
21175612
18177840
18029324
20938452
18138880
18066712
17892504
18111120
18175480
18045512
18150140
18199804
20508916
18425080
18305060
18241520
20574872
18129456
20849668
18260544
18162044
18244908
18010148
17994676
17951580
18159532
18067404
20576912
19467120
17851400
18265140
18200736
18251568
18408592
20793572
22076068
18253280
20983564
18323372
18183788
18108224
21243252
18133156
18233196
18284680
20588084
19404932
18540808
18065308
18193172
21374320
18116224
17905236
18218936
20447972
18122784
20953044
21084704
21297384
18200764
18126316
18146868
18034280
18038572
17929744
18107356
20855276
18293824
19797320
21370968
18081536
18342024
18271260
21526448
18202872
18294656
18230528
20674172
18184932
20977332
17995124
18099732
18160332
18078324
18030340
18190788
21011640
20959992
20648188
20967836
18019732
18239124
20979376
18180952
18226528
18253180
18520572
20877736
24084000
18224108
20192848
18273764
20508484
19858512
18181544
18232988
19805868
17921424
17734784
18171492
20632928
18115760
18796244
18856052
18232492
18251708
18206368
18357788
18140616
21545240
18071328
18145592
18229912
18221824
18119180
21367084
18173852
18120544
18167712
18230016
24574280
18162748
18154112
18188268
21456524
17989468
18044668
18127132
21169140
18142380
20972812
20666376
19657316
19065656
17979456
29838268
18092456
20733108
17940248
20706048
18073980
18482824
17833672
18160456
20766788
18068644
18202584
18133308
20963652
18054452
18051568
18105264
18447620
18061988
21317972
20724088
18103228
18225660
18080992
20173304
19045776
18211888
18122048
21451856
18129472
18278056
21147772
20349856
18331584
20952396
20874648
21359560
21058816
18281468
18055736
18118232
20917104
17977180
21548500
18101456
18179048
18052204
20981028
20401224
21242868
18145824
21305724
20701076
19629060
18237036
18288076
18277828
20398008
18230992
18213972
18234416
20553656
17964528
17988260
20143696
18110888
18216460
18308964
23984632
18289684
18069888
17938892
17990968
18150008
20919024
21009096
18064052
18090432
21215320
18055444
21337900
17999248
18114308
18153936
17952624
18150596
20929760
18057516
21070292
21329552
18004832
18141948
21090008
18196948
18219784
18242796
18211484
18131120
18114292
18259200
21311620
26672084
20424216
17981044
20067664
18139832
18042888
18183200
17998392
21441284
18190516
18114188
20931836
20781548
20774828
18177100
18255892
21104348
20959852
20189576
19316684
18247040
18014220
18111956
18111644
21026564
18223676
20869700
18079460
20303060
18086392
18200864
18250128
18268500
23023920
19371016
17808304
18166748
20029328
18097412
20836264
18199324
18264436
20591220
18218196
20406416
19364644
18537308
21492460
20592444
23302372
21033396
19570756
18180344
18111720
20882792
18010528
21352728
18102912
18085900
20872328
18540452
20884416
18039924
20880176
17950008
18088316
18058032
20632336
18175992
18070936
20602652
17676724
17630748
17715736
23428252
18173896
17994172
20254692
19689376
17872252
21670284
20261444
18117880
18207436
20676236
18098128
18079984
18015952
20318056
18124756
18268776
21385660
18197260
20647820
19286496
18229976
17980156
18183732
22516308
18059108
21140628
17925716
17950236
21247588
20911944
18164448
20987720
19480960
17865872
18193984
21330440
20396752
19002304
17844740
20828688
20640536
18098384
18219848
20951288
18265020
21393396
19764612
18004968
18160624
18142968
18123840
18249000
18260396
18159604
21166504
18442660
21097896
17980968
21203988
18189424
20805592
17901772
20446884
17999488
18390836
21126332
18245212
21083412
18183860
20826292
18287584
18198352
18158308
20882668
20936596
18099236
20765312
21343828
18093744
18266256
21451572
20989068
21557480
20710508
21112932
18203552
20059448
18117420
20782048
21283736
20731688
18233124
18149092
18239676
20793736
18036976
18111372
21105564
18107580
21157256
18120152
18362000
18196608
22313456
19060116
17972988
18618488
17830104
18071132
18094048
20991804
18084588
18236540
18165588
21239676
18242896
21342052
18247332
18068164
18443124
18092132
20996152
17958768
20672328
18098900
18112188
21031072
19354328
18054456
21320604
18077088
18173368
18060460
20192136
17808880
20541880
18189580
18275044
21345372
18291892
20759136
18116784
20398164
18228416
18207608
21450208
18271956
20709820
19710180
21094552
18233168
20924616
17993436
18133612
21110320
18130364
18007608
18153896
18159264
18089944
21456452
18087288
20429276
17927120
20566620
19661620
20523292
18050852
18239008
20831364
18214420
21184608
18254100
20796724
20954320
17994000
18276436
18233924
19582600
20843348
19265204
18123388
18231732
20754180
18130432
18358072
18167652
19527940
17851732
18259612
18215664
18005200
21179516
21241244
18069144
18132416
20483164
18176740
20508540
20288788
26261160
20341112
17907960
20972912
21061620
18215400
20794808
18249596
18219376
20919096
20692100
21074204
20978724
18106988
17963032
18227652
20775544
18475644
20921028
18219860
18256636
27689340
17984208
21195796
18126424
18148456
18339500
18142640
18103212
18090248
20895424
18012592
20603100
18362836
18216544
21451408
18252076
18087448
21254468
18174508
18165800
21215976
18045172
18186652
20596256
20638044
21005540
18102112
18100508
18164564
20735644
18175568
18084356
21477260
18049156
18286760
20877428
19123360
18139656
21227600
18169564
20929048
20610072
23016240
18192268
17991584
21237984
17942244
21300732
18050172
21431064
19833636
19400080
18112752
18195880
18391908
20690604
18102104
21186532
18261512
18052444
20951772
18433448
21051396
18078040
21327160
18206936
18281320
21087068
18237708
18196952
18223848
21161168
20812068
18193712
21018624
21378232
20462512
18132028
20596428
18095308
21251612
21046288
18143304
21061772
18023152
18057188
18225236
21182208
18511744
21031272
25285856
18090728
21212944
19595952
20786636
18010860
18025980
18228324
18127616
21424548
18027872
18113212
18163864
21191880
21270896
18759736
21064180
18197588
17935932
18247356
21283708
18277240
18086648
20823264
20333476
18113472
21122436
18193364
17983688
18244636
20686160
18149212
26236516
20970416
18151776
18070824
20877192
19424196
17927396
18158908
18292456
18106148
18227316
18138848
19971544
18097528
18026164
18224636
21505868
18157312
18008236
21222232
18140936
20571184
17792700
17814032
18248712
18248324
18180780
20636564
18200564
18160892
18185912
18205128
21066812
19388672
20289572
27137780
18724836
17768344
17756676
18062524
18942036
17979800
17895332
17958480
17992936
18111476
20950084
18774984
17868488
17747324
20048112
18811784
17753092
20060856
18082084
20581108
19705824
21081744
17968436
18068084
18183912
18032964
21030132
18082672
18159892
21480532
18033552
20985052
20061136
17875204
17866828
19942524
17865560
18127028
20139032
18112536
20793872
18075948
18090220
18170800
18260216
21236928
21236676
18106720
21061668
18075228
17930956
18164552
18235892
20566632
18188996
19017592
17922500
17996824
18072672
21107664
18117360
19595920
17522616
17676880
20075892
19009476
17677452
18051912
18869264
20461212
18220364
20794488
17959180
19940512
17946504
18092372
18058304
17966968
21123376
18191376
18251224
18103348
20973604
18086204
18146868
17926016
17913620
18235496
21354384
18154316
18314152
18112068
18137652
18063744
18040216
17986288
21209756
22363780
21042900
18392008
29310956
17948348
18093416
18069340
18179252
18045504
21207360
18253204
18145644
17936884
18097716
20771084
19061412
17710208
21004684
18106056
19488664
18184100
21064732
17963780
20669520
17703604
18152052
19406472
18091568
21245892
18158128
19613956
17969752
20742312
17910836
18099568
21060332
18359876
18196392
21067520
20746516
18247424
20812248
18084512
18144920
18132748
18082660
18233532
18018960
18274268
21440044
19846860
18174456
26700036
21446576
18078336
20440756
21036300
21568364
18129592
18212552
21589164
21575800
17917296
19598936
17871292
18289280
17887620
26358044
17911860
18410192
21051236
20488032
18067984
18113112
20470296
19841152
18373876
21210444
18236560
18048544
21235332
19502740
17851808
17903952
18035264
18139104
19891132
18139320
21074556
18003504
21039852
18041352
18055276
18200572
18062760
18369148
18088328
18147680
18231312
20870132
18230432
18111204
17978116
18080316
18146936
21056124
18113516
18244384
18155644
18160028
18202336
17975568
18090088
18173428
19022624
18163040
20652192
18695692
18373288
17887656
17894340
17830152
18287208
17710920
17853148
17859500
18969032
17962372
17842380
19044960
17725720
20582748
18207876
18236012
17953328
20731072
19799812
18012680
17862380
19407856
17650544
18934736
17813372
18764108
17873236
18477496
17901912
18050136
17796100
18395708
17769084
17933924
21090100
18035512
20357784
17822592
17819528
18131264
17749280
17712096
19481976
18279176
21085804
17936780
20996480
18146556
20612120
18694252
18306944
17795868
18056748
17936172
18021164
21098092
18682624
17802816
19688188
18206184
20285020
19564940
18168452
21182980
21368280
17846636
17971204
18857684
18054140
20990372
18158756
21119856
17946512
20712188
20538544
18208952
18162964
21262420
18250164
17966892
21066648
18043200
17979444
21072576
21053260
 
21127768
18101080
18057120
20805048
19349592
18986604
17962348
18037648
18285920
20541784
20267676
27020100
18306468
21069396
17932476
18093820
20948756
21255396
17996792
19602156
18232936
19017068
17934448
20219020
18522340
20732060
18059412
18270524
21335312
18054168
18111236
19037296
18024632
19455540
17939988
17827764
18831304
18223252
19747836
29618264
18029944
20514564
19932248
17840996
17831004
18078628
17952408
17941700
18144928
17741400
17571244
17658876
17860520
17766348
17757916
18181312
18018664
18197408
19382796
17941612
17932616
17767180
17825204
18084236
18132976
18064640
18069436
18036932
19829492
17689112
17705044
18037664
21147472
19261400
17952852
17708900
17799160
18128624
18235176
18041700
18026512
18109780
20728836
18105664
18003056
18133160
20310572
19056484
18004692
20749244
18064264
19784276
18902664
18229604
18166160
18235896
17949276
20727064
18224048
19112856
17866900
17822168
21077956
18259216
18148764
18075864
20648948
18127828
20242716
17979104
18129732
20906592
19055504
17886652
17613096
17795352
17650768
17992056
19033380
17630372
17759116
18218856
18115624
18007348
21314420
18076676
20448824
18014996
18557960
17797092
18165964
17877072
19828408
18227756
19064200
17670228
18178920
20854208
20040128
20468800
18202528
20679608
17949868
18046136
21004184
17970276
17995148
21228096
21009124
17992148
17980064
18105108
21057192
17725904
17759836
17773796
17957716
17993736
17984464
18169024
18156752
18033976
18265388
18710524
18189552
18026468
17617712
17685532
18858344
17707796
17782484
17836412
18135484
17865536
18097632
17691572
17812716
17639284
20040600
18178076
20463976
18009464
18331844
17686364
17801720
17755668
25747828
17873668
17794596
17780208
17755284
17919404
17596104
18157300
20649728
17995704
19944596
17735640
17629452
17758848
18010456
18016912
21252376
18114392
18095244
18019152
18154780
19976972
17709168
20229140
17951272
17742188
17893844
17862664
18976044
18023560
17990696
17983728
17989756
17971876
18016620
18092616
20511228
18197812
20285584
17576420
17742528
17643692
17705316
17675192
17735980
17554760
17654008
17966036
18120992
17950680
17749848
17950768
24977020
17739064
17913156
17868728
18125908
17814552
17697456
17873584
17759556
17703800
17958552
17780584
17936548
18192444
18174872
19970848
20547152
18787064
17543568
18834912
17676720
17797788
17709860
23828652
20889736
23213532
17747748
19185448
18288992
20925624
18173872
19812324
18108344
18194320
18178820
18057048
17786184
17989280
17851064
17645692
17626808
18016164
18873716
17560892
17842356
17782268
17611788
17730428
17658640
17700924
17708072
17715176
17676116
17627096
17732736
17693320
17696900
17784944
18008272
20501844
18130384
18102692
18100300
18039656
18286496
18276872
18121068
17752632
17925848
17872016
17644472
17866612
17871628
17887524
17795344
17837488
17873048
17977556
17789420
18043752
17810920
17740264
17767864
17723328
17639960
17790248
17733040
17747748
18117864
18074380
17915044
18123116
18152348
17874420
17943984
17748220
17941264
17798572
17848824
17859856
18005568
17719348
18208392
17822924
18252844
18479192
17637756
17794116
17813432
17875640
17580304
17788524
18052980
18160480
21264668
18749768
17998812
17786212
19337684
18687380
17644072
18002656
19018956
17864684
17708212
17680980
19608832
18052752
20729744
18397924
17683964
17837036
17719184
17721216
17812624
17776612
18165200
18108908
18257872
18255284
20649680
17710992
17884592
17771168
17774668
17678468
19684700
17902724
17806208
17765728
17793288
17797696
17835672
17770644
18081212
18098816
18065184
19098620
17887996
19060880
17994520
18864268
18173996
18154356
20265120
17690160
17743572
17611816
17643500
18130432
18980208
17837272
18099668
21386296
17856560
17829444
17871764
18221392
17908204
17896356
17782944
17835820
18020176
18079136
18030568
18125232
19706680
17783704
18107148
18069360
20860456
18274080
21167460
18030664
18610112
17707604
18010348
17797344
21291704
18077124
21270556
19933228
18093408
20974820
18167840
17938872
18198616
21334836
18281056
20706972
18109868
18053160
17941568
18048596
18144312
21078928
19133368
17694632
17777980
20523620
17852896
18062700
18109976
17962744
19976248
18091128
20020540
17987276
17784880
17668012
17562364
18106088
20278508
17658116
18290108
18075500
18150648
20270140
17921520
18075808
17840724
20141012
17767116
19579160
17754532
17913140
17840888
18973260
17918236
18012240
17883488
17907244
21281028
18165688
18234172
18000560
19906116
17777948
17689220
17626240
17745864
18073944
17884380
19231536
17811812
18502460
17942104
17657424
17689584
17681840
17566616
17610720
17834008
17706788
17706912
17740944
17670904
18248748
17717312
17839328
18067664
17624268
17669036
17941124
18267304
20611924
17941576
18074404
20985164
17951012
20888492
19568736
17851408
21138496
17809280
17856536
17855676
17880076
20817756
18230276
18128548
18012172
18128008
18117048
18190380
18131520
18304732
18265716
20630628
17756464
17808096
17815828
17934744
17624356
17666212
18095108
17951656
18163780
19404200
17842480
17601024
17778972
20514572
20375084
17992012
17614020
19524020
17459472
17554932
18141472
19864704
17975688
18124988
20555244
17676616
17579920
17723048
26297152
17938860
17675116
19129040
17647108
17776244
17551572
17640088
17668024
17731368
17663896
18795600
17647616
17801120
17777004
18086052
17851656
17856504
17870820
17818708
19299948
17817740
18194992
18149080
17901104
17888424
17921872
17920048
17908216
17785724
18298588
17858460
17906220
17883280
18111228
18100708
20861228
18021160
18185932
18015208
18033028
18115924
17624716
17785604
17686244
17686104
17756436
17655164
19258060
17646940
17655616
17830312
17719208
17801624
18188604
19212580
17768912
17960532
17743512
17738476
17790888
17722052
17937160
17765532
17470100
17669264
17730512
17530484
17633116
17986208
17782168
26084644
18126844
19775224
17693784
17669680
17684580
17689608
17781384
17743524
17723136
17661216
17761696
17950952
18321292
17732404
17597288
17754384
18178480
17833000
17657584
17908592
17970632
17733884
17679548
17773708
17711408
17603892
17709480
17731032
17766532
17818624
17741108
17726192
19071492
17682948
18160136
29312176
18176184
20937856
18037980
17962368
17981992
20500576
17742912
17738612
17701456
18200720
17726864
18005484
18058808
18171784
18121324
18176044
20864652
18074416
18018056
18011308
17992196
18062980
21611968
17899512
21003008
18150256
18125948
20736532
18001376
20589128
17652752
17762332
23614640
19832972
17899112
17983120
18150240
17997944
17820116
19206376
17731756
18019772
17726648
18052416
19819684
18427816
20692680
20863304
20840904
18458732
17730300
18078020
20786364
18755964
17755888
18057044
18335760
18077860
17672812
18068292
18072052
20672576
18302244
17792728
17875540
17760392
17790424
17882508
17756680
17983952
18179432
18189052
19625728
17774652
17796096
17799244
17707420
19071580
17697272
17697628
17827616
17660128
17812668
17741052
19042300
18762164
17653500
17744344
17671584
17510868
17876136
17705044
17789748
18149956
17726272
21372720
18020924
17965632
18219712
18125468
17941968
18039808
21547684
21156584
21088696
21205020
20608028
17929520
28073644
17711180
17967272
18144400
21030460
18080976
18114808
18341720
20897284
18068004
18022948
18097104
17754348
17797876
17983856
17823212
18917208
17777784
17870344
17962160
18352660
17856248
18233644
17923164
21205288
20350100
18469608
17798272
17812940
17758160
17707880
17864172
17939372
17970692
20506684
17913056
18107392
19336872
17819008
17705228
17677816
17639076
17906396
18195440
18154780
18012772
17856588
17828448
17747632
17993552
20572216
17747360
17687664
18173548
18130272
18035864
18042064
18023504
20835156
18244424
19821704
17752640
17812168
17949672
17636920
25338776
18499908
18069112
21341588
17772804
17662120
17804740
17661720
17713376
17788972
18097556
18024976
17960344
20881708
17957932
17954112
20997652
21056268
17996688
18151940
17962828
20617640
18120264
21164060
18137128
17980908
19351176
17741896
17675256
17871904
18091368
18241204
20162908
18084984
18094436
17941344
17978144
17953348
18036872
20834444
17993496
17657100
17693700
17651140
20949644
18125768
18179700
17990772
17814752
19418716
18084804
18034380
17920820
20910480
18202040
17988292
19989208
17995240
18248776
17992508
19320756
17633624
17657096
17768316
17778248
19651960
17763476
18811592
17834956
17850744
17962088
17695824
17747456
17650048
17644124
17664632
25585196
18074992
20067732
18591400
17606220
17582012
17728704
19162784
17762508
17682916
17736952
17741412
17877460
17861676
17755372
17588532
17661496
19382476
17736392
17832804
18148396
19929536
18978156
17578820
17544756
17600696
17768840
17722360
18025880
18129972
17952692
17744308
20869272
17907520
18944476
17645680
17837280
17649652
17787812
21153048
18309024
17676276
17629812
18037092
17806100
17601280
17750232
17980092
18060192
21086052
18018536
18146776
17968188
18337804
18156956
18061012
17794288
18345392
17739568
17781976
17726240
17828600
19491672
18159684
21686148
18136368
21517988
18058984
 
18024692
20304772
18548384
19113376
18856604
21195808
18164312
18715972
17743548
17863132
17845956
20514504
18082568
17950120
18062480
18105900
21250340
18135236
17735208
17667240
18240804
18060080
17578020
17745136
17718036
18355796
17675364
20904812
17786284
17742044
17653148
17896448
17686684
18025652
18438820
19342944
17706112
17733100
17696520
18019024
17840620
17646024
17612408
17818320
17806944
17686708
17567804
17846888
17668316
17636256
17621476
18775692
18271440
18024312
18162628
18317980
18153908
17877112
18059008
18029572
18044032
18046352
20372396
18039916
20317696
17985076
18275888
20320656
17931216
24493156
17804948
18198000
18370192
18309912
18060200
18179436
18188672
21367956
18018816
19920172
18262748
20683576
18169940
17814776
18072968
18115064
18083696
21755588
17909708
17985220
17700812
18087232
17622028
17714680
17714796
17716672
17779408
18029168
18158828
18074248
21136088
17864832
17891796
17668248
18218376
18411008
20233712
17710724
18394200
18065576
18139548
19171212
19408552
25741396
18671764
18645952
18528404
18170036
21229768
20069024
17786336
18027120
17747608
17965888
19724980
26441620
18114700
18451288
19979596
20068272
21301064
18635240
17970588
18002788
18042544
17844200
20079976
22211192
18177288
19505592
18146984
18504960
18197444
17930596
19916484
17883148
19722720
18033436
21187148
18258192
18060908
19906108
18499808
18005812
20160904
22812828
18730796
18019956
21193980
19929280
18570928
18140568
18115068
21387716
18070344
20880200
18375508
18510452
21637904
18718988
19922376
18045216
18055080
18555596
21600712
20845336
21564816
21433300
22934604
18212972
19004088
18064844
18480080
18632340
18411796
22050712
19132456
20444688
18409144
18353284
20677632
20691832
18173424
18414216
18606724
20195080
17590956
18034308
18103128
18194672
18276508
18110768
18516836
18243408
18881620
21398692
18422996
19595904
17867124
17968464
18366620
17799208
18103136
18343836
18102692
17927160
17663416
18074108
18396668
20221996
18902876
18141368
18004064
20397432
18640072
18999860
18514628
18242368
20329896
17536424
17950856
17709460
18037468
18092124
18080420
17653252
17666184
17858124
17795976
23416288
17754724
17839460
17820856
17540228
17580584
18533308
18154244
17551672
17657040
18041820
17753132
17700788
18644308
17879092
17595044
17744816
17764796
17762792
17768108
17827012
18104408
18584684
22176520
17417132
17481916
17549124
17764448
17487184
23350624
21380752
18117364
17879684
18032180
18123748
17774108
17889716
17808740
17887788
17939748
17836692
17900992
17757548
19120440
17731028
18061852
17581716
18072944
17637392
17714000
17752136
17813764
17625488
17663760
17961920
17870188
17664028
18122924
18034300
18089800
18013768
20290824
17524424
17708500
17690260
17623216
19279580
17646672
18785068
17719176
17465364
17722308
17947896
17919160
17966252
17949276
20934608
17932396
17812856
17774968
22562628
17557380
17990572
17977368
21449048
17480784
18780852
18000028
17768640
20806800
17874536
17682084
17805024
18031980
23541840
20677368
17862180
17998140
17839044
20454232
17848188
21119292
17932600
21068808
18004744
18085912
17882064
18040556
18019156
20856176
17941560
19907076
17692956
19088192
17656032
17970300
19722768
18105048
17767908
17735748
17779176
17718624
17746160
17742924
17893184
18827620
18727816
17852976
17701052
17693072
17794472
18210880
18117296
17745724
17603056
18080608
17789596
17894776
19726292
17763016
20355688
17945044
18041636
17942116
17695212
18066496
18265732
20424772
17947712
19647276
17979948
17728716
20601144
17966376
23570004
17810488
17972020
18009612
18046660
20194092
18112440
20920752
18041436
17950148
19880760
17960560
17976856
17891300
21106284
18279332
20841328
18631396
21176336
17789300
20831040
17571736
17696472
17969576
17801844
17912780
19903984
18037704
20895916
18028796
19729476
19619884
17950456
18927940
19321088
17880572
17888608
18948564
19915796
18155648
20099972
20097828
31426984
17408528
17718208
17593500
17497944
17803408
17765776
17750748
17664060
17533804
17654116
17521244
17442088
24806564
17570188
17524280
17554568
17628848
17363372
17521636
17613028
17790980
17577000
17513856
17650144
17702028
17585796
30449312
17510496
17706940
17758608
17617548
17566672
17517856
17479972
17447116
17572120
17561072
17610464
17613672
17542472
17669524
17500928
17574464
17611852
17484876
17431300
17536624
17710636
17511732
17542196
17550068
17454260
17604832
17348112
17529104
17709128
17638304
17476612
17470660
17513428
17485584
17589304
17732468
17745220
17689556
17691708
17661964
17565056
17650672
17612520
17565056
17639384
17562060
17541616
17677556
17625780
17690616
17754084
17602636
17537304
17923896
17941996
17920732
17568080
17759592
17717496
20977044
17837188
17554932
17530420
17856736
19972436
17783480
17694668
17587988
18246964
17929048
17699388
32118736
31664836
17590708
17690064
17526408
21354848
17434444
17680276
17375168
30820368
18064896
17806648
17657872
17465540
17351452
18594004
18039280
18442888
17552260
17331184
18945508
17246016
17468836
17561088
17990628
17377176
17356728
17676768
17654132
17771096
17607856
17963392
18107880
17920532
18182964
18105068
17907136
17761004
17711988
19414080
17685728
17522056
17764892
18019308
17591876
17597252
17818944
17741520
17742740
17718860
17739604
17567720
17904932
18670628
18891792
17568248
17679252
17592844
18871400
19529172
17547588
17508848
18023168
17958680
17391928
17724664
17825060
17596224
17650232
17559280
23314392
18092588
18555424
18822964
17649900
17988992
17839908
17838568
17742976
17656728
18180168
17672996
17525636
19966828
17921388
17892468
18184092
18754764
17431728
17646804
18343380
18243888
18339656
17522216
17459920
18249124
18035152
17676312
18373080
17808068
17903748
18008036
20409776
17574212
18203644
17826404
18103512
18148756
17562988
17697216
17640032
18362412
17902980
17397160
18295512
17995544
17829964
17503612
17523552
17643300
17590500
17469840
17851588
17534392
17606104
17546752
17640428
17686020
17425668
17606800
17760360
17540864
17386272
17611188
17634112
17577536
19651288
26061324
17620440
17445044
17596832
17629632
17663496
17642872
17598684
17633224
17734164
17717316
17706240
17538248
17767824
18070156
18037180
17842548
17822320
17502968
17574356
17539872
17488000
17439504
17460972
17450020
17942124
17561092
17565024
17646408
17558200
17620204
17452892
17803600
17458304
17503788
17451268
17526436
17750192
17605748
17528364
17610628
17665432
17792148
18463636
17942532
18076332
18093236
17906188
17575116
18838644
17700028
17490832
17698744
17909932
17817072
17696532
17426204
19773036
17903356
17659132
17707024
17995076
18261160
17647872
17936700
17912256
17832568
17801096
17852060
17441652
17813652
18384756
17660376
17815920
18142200
18756840
18037952
18157892
18740140
17935156
17652416
17555884
17539528
17844436
17782640
17716000
17633696
17655496
17441292
17588084
17715600
17747648
20468324
17478356
17554404
17526868
17548060
17457732
17441756
17511664
17534796
17541204
17569696
17638476
17713256
17584436
17642764
17446052
17627952
17769284
17568136
17565056
17680744
17686212
17536448
18168760
18200352
17432224
17570408
17462616
17487328
17472820
17415668
17493072
17930936
17639436
17874088
17671328
17716480
17655988
17571684
17525904
17582300
17520080
17479908
17660120
17646108
17514860
17533388
17585664
17495848
17449348
17558120
17790776
17782200
17732244
17555960
18406928
18158160
17783756
17728996
17656480
18082764
17656068
17745524
17545832
17617236
17569360
22360036
17682656
17648180
17561768
17922192
17644708
17563008
17706676
17566240
17573824
17617172
17620640
17394052
17540300
17510096
17490124
17654852
17556348
17858872
19011164
17843592
17473444
17706764
17679224
17554420
17791168
17870236
17676892
17578436
17631688
17667372
17504424
17601504
17656172
17740944
17698412
17522960
17666392
17875740
17632840
17459628
17625176
28260648
17694920
17953876
17462660
17572580
17484296
17588800
17482904
17636320
17584808
17588892
17569072
21835600
17782088
17915724
19475036
18123752
18196076
17862168
18011320
17768576
23978988
17525312
17777172
18760760
17605784
17528212
17569696
17465812
17690384
17756164
19002112
22176064
19092960
18802072
20952300
17839772
19535616
17353084
17395664
21067280
18057828
17604564
17701092
17595500
17575736
17561428
20861980
17978200
26586684
18443072
28653096
19131044
18806552
18538588
18612416
18257552
17490896
17492640
17673524
17610732
17930120
18255672
18608644
18799524
18027944
17677636
18046728
19192528
17830660
17808932
17848188
17904964
18661952
18251932
17882232
17726052
17890300
17949196
26917656
18217548
20457220
18071808
18160044
18401620
18646184
19992644
18983308
20917948
18719256
18360296
18279084
18683612
19199516
18201924
18174356
17715164
18178620
18642648
18683676
18343020
24264228
18155676
18895160
18358036
21666040
20239084
18910480
18788080
18874216
18319128
22000992
18856240
17709972
18587608
17938152
19864216
26331808
18084624
18362580
18227372
18739436
22156812
18137688
19625348
19133892
21815080
23073960
17654824
 
20599024
18192476
19829656
17742140
17695320
25911012
17815948
17753496
17875700
17870860
17799768
17751512
18158172
17842556
17663528
18192800
17722428
17763696
17554800
17718984
18060028
17875792
17739880
18203404
19915728
17914876
18260976
17463580
17951280
18117424
17624644
17876104
22396608
17934856
17563208
17799796
17870676
17932948
18092108
17673608
17645312
17629088
17888940
18021436
18029540
17462736
18019164
18116416
18110928
17645572
17668840
17958852
18070676
17674728
17613832
17596540
17772260
17739668
24198196
17658512
17579684
17635548
17997452
17685576
17706312
17664644
17598620
17401008
17522196
18066232
17849420
18085656
17604988
18524792
23477960
17533976
17500564
17672808
17375504
17561788
17713764
17758148
17536452
17614116
18385464
17719920
18161004
17477804
17748808
18372964
18114452
17741760
18036288
17492296
17551684
17632568
17557244
18273660
17577536
17619432
17468188
17384112
17366192
17509604
17549060
17650844
17473628
17526296
17669944
17592896
17689984
17396800
17466696
17343688
17315232
17549992
17500520
18266220
17694784
17558220
17614944
17478108
22960076
17623456
17542896
17492536
17529520
18282900
17745428
17578760
19019676
20777824
17527920
17789556
17574248
17487632
22671132
17859532
17952268
17722892
26502792
17606404
17567268
17389972
17540232
17531052
17665000
17564136
17404348
18030640
17381168
18449852
17540476
17631396
17384588
17973452
18063668
17453416
17390420
17380284
17381940
17355120
19204964
24098556
17810896
17656412
17374940
18936560
30184888
17849868
23974972
26514416
17664844
17879132
18109340
19512924
21074536
18095252
20417160
18076996
22700012
22479172
21489180
18557124
18504376
19516704
18470892
21029868
22256452
20518344
18136480
26008324
18459852
32539812
20006088
17990832
18447644
18008012
17875152
21794264
19942764
18072512
18219020
21112940
19803932
18376592
18087544
20974472
18531732
21819444
18403496
18544344
18958828
18653552
19018232
17686772
18010216
18679468
17687672
18740704
18346144
17621652
17887000
17678796
17792968
17860304
17850364
22958988
18423428
17556780
22928548
17695384
18498728
17912180
17829676
17815804
17517436
17636640
19509804
17685172
17764312
18801928
17625928
17592644
17517808
17675680
17903676
17772324
17606472
18451588
17688680
18147124
17868656
17679428
17961492
19547088
17880076
18216596
17312584
17710584
20042644
18566116
19566216
18973356
18053684
20119664
23742256
19302092
19999032
17640224
18198512
17556604
17447824
25838800
17404380
21034536
19633416
19143868
17927692
17932580
17924532
17661572
18680008
17734596
17604224
18424620
18336848
19412196
19092716
21911536
18106656
18452908
23351912
17693704
18959640
17658532
17910388
23415308
18002368
17898644
19115040
18765564
19735708
17576792
25145476
18660172
17920224
17614864
18282540
18336748
20427336
18132568
26581328
31645452
17981676
18199244
24444900
20696536
18627372
25142872
22252132
28677592
18566648
23034264
19503828
25978600
20322360
24046620
29994124
24046444
19933756
25668928
19645252
24613580
23733512
25979640
18964776
19249304
23253852
18929484
20435284
30953766
19292844
18006780
18205328
18441944
21667528
20552344
20411428
17763216
20673188
20007840
18306080
20039256
17846604
18620208
17878352
20096384
17954692
17802708
18841272
17679944
17970504
24976380
18774768
18435200
17642684
17847352
18327412
18465888
17717584
17700672
17745020
19051992
18710976
20416400
17637032
18825032
20573392
23202900
19125400
19034540
17886288
18605320
18672952
18871028
20839848
25946812
18623476
23572388
20003520
18153348
17702896
17546068
17665320
17961312
17674392
19901756
17863660
26259464
29937016
23751412
20324396
19873652
18132136
17985656
18311776
20800584
18661604
17923760
17623316
19525928
17642964
18821348
18196364
17538596
17649200
18673716
17701568
17607548
22274708
18379528
18025492
18167048
19816236
17527448
20860956
18709304
20602352
22460064
23025620
19668264
18720116
18084156
18957364
20517108
18547596
20875256
19617700
19547060
18467712
17762036
17778548
19198788
17798232
17803664
18388296
17732980
17684048
18200800
18227508
18278784
18571164
18484856
18406376
18435504
17657588
17694404
17565236
23068120
17947432
17794044
17796608
17800884
17635608
18466080
17729116
17951160
17728708
17733744
17806356
17699408
17567560
17708748
17658296
17658408
17561848
17761056
17753732
17752032
17675816
17918008
17826380
17754056
19395204
21400432
17598348
17711564
17577428
23626216
17788448
17645280
17510772
19894456
20561388
22029836
18384852
19907992
18770640
18491080
22480728
20433220
17860580
20271304
21076476
20240412
18175960
18905560
17879140
17556820
17642864
22436340
18009188
22093568
18000460
18089308
18007812
18041224
18093248
18078324
18176228
18045388
17856164
20205120
17654156
17646980
17981424
18107844
17926424
17934512
17973328
18213832
17915384
18145172
17980788
21109260
17766672
17818392
21562992
17667012
17900608
19008776
17818060
17454460
17662824
17561464
17690136
17930808
18576988
17723572
17908204
18129452
18275728
17951200
17982072
17581060
18881196
17689252
17972864
17905172
17631152
17724528
17871628
18143688
19947148
17989072
18033948
17584728
17847108
17788396
17690992
19344904
19823256
17696616
18972100
17576964
18718196
17778640
17843392
17872408
17678740
17884652
17582472
17918112
17865376
17877176
17993784
19396200
17953396
22554224
18622872
19668992
19800072
22208084
18248568
18954204
18691424
21174604
17786672
17757164
26424504
18507956
18363968
18677044
18542676
18665608
22768216
19578760
28337972
18485668
18581128
18350680
19778816
17758988
20580528
18646092
18558116
17671208
17618764
17595108
17572920
17872796
17376952
22455356
17444304
26013940
18121716
17880528
17785600
21786676
19228556
18147612
20399000
18293108
35721800
17918548
18178324
17760248
18715076
17905780
17929744
17661548
17708140
17734808
18755276
17884200
17882920
18425736
17837792
25749836
17892256
19696320
17547508
18183092
18145040
18600232
19150780
22357032
22474976
21784320
24789860
18270352
17741324
17857752
19415720
17663632
20499656
18849368
26098396
18459308
17566116
18004152
17567120
17685132
20328724
20970508
18699192
18260200
26413172
18863752
18563836
18105152
17696480
18219356
18216752
21830492
17535616
18174720
17498680
17941200
17935368
17994524
17744536
17723940
17394992
18326408
24637000
17696768
17693568
17696456
19267440
17650708
18663204
20240784
18196264
18519188
19758676
18916340
19773064
18215764
18512520
17522004
18059888
18370632
17697848
17672156
18792212
17773544
17733756
18652756
17777076
18795840
17507428
17916432
17591236
19184916
25183880
19337184
18281248
18904412
18162444
17800660
19817292
17817760
19960692
20675028
26102572
18430628
18780132
17778236
17723976
18319760
17774516
17948444
17951604
19135776
21559520
20301040
20310180
20869300
20476548
20057856
29432956
33641456
18661780
31007704
18162540
27398692
17574852
17623140
17671252
17684160
17621324
17583172
17688760
17695652
17669132
17751300
17892580
17844848
17696080
17785656
17634232
17765868
17490188
17642512
17622804
18110636
19157372
27574252
25611608
18365324
18148948
17794340
17786208
18131172
17712592
17572208
17457012
17730512
17699660
17767124
17753080
17782456
17625960
17678452
17658296
17908732
17765940
17748496
17574304
26802440
17619840
17779596
17887656
20933320
18736308
17841808
17692720
26054604
17626720
17717584
17727216
21680260
17805476
21242632
17629160
17955532
17365268
17419528
17532156
17491764
17887672
17615096
17715828
17899016
17632252
17772508
17798156
17627708
17720772
17525648
17603664
17612052
17701736
17708988
21685604
17754428
17716804
17691852
17866352
17810264
17886092
26068896
17730532
26618104
17827764
26097192
17808936
17683084
17481888
17708068
17498228
22942936
17908724
17683112
18897476
17688100
17626720
17604036
18145720
18022760
17983672
18266948
17841704
18634328
32167892
17865560
18652092
17986436
19336356
21735420
17757904
17717780
18759588
19598528
25229336
21878440
17756868
17885564
17865660
20233540
19465776
17916276
22009732
22411656
19707252
19408228
25134064
18727996
18468172
20858256
22380160
19146448
21330084
19449800
18968224
19511312
18488652
20663276
18579284
27561064
26145224
26335108
22356608
18963980
17452832
17478024
17670748
17798768
18910820
17547384
20148400
18538900
19795380
18346812
20094816
20289964
17805456
18186932
17886508
17751884
18063320
21237484
17623448
17823060
17789360
17734360
18592188
17777184
20934308
20386400
21038564
18653864
21454492
17562844
17534760
18114372
17763584
18196992
18031032
18190328
18715436
17608064
17603484
17592596
19334628
17487048
19932448
17557080
17581772
17940860
20566688
18111744
17762336
19223320
18295320
18237520
21325628
18088460
20946340
18040928
20901748
17917352
19120116
17810132
18055116
17977120
20948556
17865700
18123104
18918524
20113560
19186116
24768584
20231424
18126616
18189072
20720388
18127216
22041216
28262032
24873540
19580972
19388448
17668736
17737856
27083948
18919040
17986232
18975652
18057476
23166452
17629208
20439808
18607104
18472604
25515472
32793488
19951464
 
17722856
17679848
22133260
42471998
19019140
19232368
20621844
18648632
18523536
27531244
26116692
36971996
17866692
18527616
19599644
17743904
17592524
17758760
18637176
17678168
21565380
18795016
17634672
17604320
17956556
17866928
17644104
18184876
19602708
18074412
17789392
18193908
17820628
17952408
18998164
26093236
19726272
19482220
18952696
19120036
18409576
26519344
26309088
21329308
18643132
18811780
18852728
19457060
18391688
18327108
18816300
19558856
17978104
21593096
19542608
26510892
29615420
19816020
18002840
18333988
25518276
28036976
19616684
17854160
26124308
18079368
18433228
19177948
17930092
28193904
18933436
18456732
18076004
17997772
26220936
26733876
21429224
19480124
18897640
19901792
19309320
18092680
18131904
20784792
18126672
21125204
18112184
19174752
19874196
19963940
19567864
18096800
21112816
18078464
21253808
18311352
21480740
19661404
17973764
19356080
18968940
25206644
17661492
17581636
17583312
17567248
17533208
17650020
19681384
22269028
17944884
17827628
17943624
17874440
17777312
17714548
17748064
17915188
17877572
17764968
17872840
17759496
17671352
20331488
22755364
17716620
17689360
17781960
17891504
17961060
17904856
18033028
17858744
17590804
17741000
17851272
17794060
17865508
17925932
17940408
18016912
17877660
17686944
19147528
17909172
17885584
17863620
17609764
17870540
17638500
17791944
17738792
17957676
17805112
17776916
17782928
17756016
17702048
17872660
17854700
17538376
17697032
17885240
17840084
17721624
17703208
17847092
17994688
17882484
17795452
18098948
17844044
17623704
17782924
17798916
17867280
18132392
17801816
17965216
18024572
17881456
17824064
17715836
21397156
24115148
18171948
18133516
18081552
17923428
18440092
17981996
18162476
18387144
18260872
21856148
18181964
18595932
21375868
18076372
19433868
17902492
17954908
17848780
19122576
18021544
19818784
18240900
21598076
17931500
17918632
26307644
17754732
17746984
17748116
18315224
21253408
26658560
19872668
20136396
18576308
21022728
19734748
18441760
22381848
18437972
18290592
18014432
17824180
18468548
18963544
20461208
20198584
19612812
17742924
18075092
18202900
20809164
22649788
17737600
17796448
20138816
17939516
17835516
18392688
17850188
19223224
18042828
17911300
18156012
18642920
17992656
17780204
18062600
17862916
18150292
18114092
20444680
18256220
17794740
17796292
17787048
18168360
17654056
18117784
19754428
18129952
18071660
18219268
18238752
20914292
18183672
18170912
21317752
18218080
18388464
19565828
23655412
18059280
18062116
18362804
21003196
18365700
18329760
21359060
17920308
18258612
18181204
18234760
18196772
18356700
20491172
18226016
18286100
20796156
18234340
18236696
18180988
20411592
19234076
17838268
19250248
20555932
21225804
19891820
21111640
21167096
21454664
20989280
21101472
19728124
17681284
19814512
20949732
21149560
18380964
18124308
18414612
20260140
17824780
18786392
18249732
21100752
18152796
18270212
19375640
20744264
19855300
18300688
18062060
20296040
17946720
17774700
19460928
18366376
18350184
21155480
18216228
19097264
18343768
18244476
20762136
18153112
18295400
17833956
18073144
21500304
19394032
19261284
18223768
18113364
18256408
18122172
18312080
18236876
21314720
18180112
20925428
20715212
18257588
21050316
21397040
21438396
18754324
18117436
21479896
18143472
21210420
18235952
21413776
18274412
19768372
19934632
21018936
21413292
21270952
18246976
18243036
18217068
18133196
18428704
18363068
18212436
18152264
20096112
18300104
18574056
20177500
20987348
21329500
20938800
20801308
21486228
20892704
20337600
18274108
20953712
18699976
24306188
18732492
19837700
18061232
20904948
21504016
18268984
18206116
21445900
18179720
19339796
18260428
21106328
18268836
21095752
21319256
17989840
17912044
17976192
17975504
19386552
19763708
18931880
20029140
20848832
21168620
20099532
18226744
18100884
21252220
18281996
21124196
18314900
20553128
17869716
20099160
17937788
18936504
17894548
19624152
21245072
19171980
18036172
17966700
18163764
18582908
18391796
17992776
21262684
18306296
22703520
18118136
20965192
18223076
20352816
20634316
18061192
18092108
18278912
21310192
20253160
20288364
20746580
18320224
21088908
18292056
18037460
21786644
20865336
21486200
18255104
20421972
18162280
17988588
21539292
17970940
20842884
18269880
18273164
18271176
21053900
18247896
21081620
18200668
21373864
18196752
20849848
21136536
19467296
18205996
18308184
18253544
18221496
21051388
18255844
21246892
18249588
21526988
18316244
21102852
18206576
18163744
18291736
18214204
21143896
18255132
19806504
20459088
18269148
21215196
18255644
21424276
21057068
21277532
21449164
20857552
21278620
21161188
27550960
21254196
18194356
18136544
21047704
18263332
18121932
18214336
19494952
18295744
20854456
18165132
20298820
20952556
21012624
21146520
18314128
21255180
18083900
18038924
21410428
20964124
18222980
18252036
18169632
18251268
23795064
20019672
18313080
18198528
18315204
21455956
18508756
20611056
17869932
19929792
18251676
18158428
18303600
18208644
18307996
19284992
19206260
17986108
20864188
17890580
18571432
17749152
18352708
18212432
18359576
21278240
18175972
21220376
18262596
18234920
18247492
18177936
20509104
17991084
18364004
21121500
18351620
20949172
18130620
18213576
18257172
21315384
18056316
20721088
17684132
18324480
18575000
18241536
18270588
18220708
18133828
18116828
18345756
18248960
18215552
21336208
18135952
18361912
20423900
20964072
19512304
17929500
18103056
18186440
20074096
18214776
18342304
21396168
21077260
18176060
18073532
18171204
18229324
18206948
19433008
17876632
19525348
17865936
17903076
17764568
20368556
18318832
18306644
21119168
18286696
18237484
18197756
27328248
20571484
19341388
18198880
25678064
18119824
18243532
21217584
20154532
19210652
17973792
18147052
21220056
21266608
21111792
23591180
17890732
20670572
19769884
18318720
19200684
20808228
18231184
21080924
20832280
18199072
21223120
18181228
21466420
18223148
18369324
18173544
21042432
18302024
21125356
18314104
18240024
21297736
21512828
18245844
18098704
18298696
18109512
18239744
18263168
21558856
20759020
18229920
18110892
21029696
18710052
18216512
19518364
18423508
17918096
23198720
20608048
18350416
18191988
18852728
17844068
17827156
17828896
19029956
17905620
17761068
18142724
20539560
17803520
18338312
18187052
18029260
18597836
17678644
20793672
18454648
18086076
18002160
21122852
18413036
21108360
17892904
21012512
18241908
18522632
18282376
21206568
20571012
18309176
21103776
18121820
20521932
18293416
18226160
18934280
17897736
17859028
17873960
18319212
18301256
18333064
18772368
18380340
18291160
18280712
18186224
18179156
18582368
20879952
18248120
18269024
18188644
18090428
17856736
17759408
18727976
18202372
18253528
17986004
18184960
18271812
20619544
18719448
18254140
21266884
17744344
17806228
18153736
19321572
21064644
21430308
21259732
20373888
21144296
21380960
20653748
19241780
17983500
18044608
18029008
17909852
17876480
19889960
18094804
20917016
18262664
18250724
21187120
18274176
18119224
18224668
21214856
18122332
18200708
21373504
18173140
21245432
20933516
20558740
19725744
18453208
17908088
17908992
17778748
18075596
20689140
19514528
18986244
18419932
18148080
20479180
18423440
18247320
19598516
18294400
18145836
18229800
21106112
18274476
21113668
18383844
21324812
18307172
18334700
18071764
18067468
18179240
20983852
18993676
19237988
17760488
17752748
17801376
17871744
18129300
17777928
17843044
17761284
18218080
18208388
18247904
21385104
18142816
18097752
18146364
20989320
18229648
18104012
20742228
21060536
18168632
21155968
19581888
18795164
19138508
18058008
19583988
20614132
20726340
19642260
19670528
17988752
20166780
18341428
17830352
20114448
19427600
18650380
17980188
17926428
19077052
18750876
20531852
18221772
21176108
18213864
21289444
18186844
18312184
18174888
20853716
24063864
18088768
20559348
18126508
17993648
17837772
20961272
18095976
21405324
20778160
21390076
18176084
20001396
18176064
20255924
20167460
18742088
20027584
20207920
20871692
19673428
19439016
17937476
18439028
18144180
19575288
20413400
18191848
18336696
18093884
21046508
17866752
18170424
20403516
18209628
20660340
18329964
21108984
18257964
18048252
18332168
23007436
18356812
18217724
18221704
18252908
18328576
18250692
18245852
18699444
19476468
18295184
21092360
20992148
18020984
18331588
18151732
18839520
18186028
18362404
18265152
20751028
17991284
17994660
17949948
18256256
20696856
18742108
17996168
18136696
18044700
18639752
19194308
18297224
17758336
18320940
18157012
18264476
18193064
18013116
20719652
20015204
18328464
17935424
17813880
18738192
17856684
18216844
26252640
18257660
21283156
18216496
17821716
18019736
18205516
18200148
18196076
18194000
18102608
22503860
18270828
20261916
18134736
18288800
20869504
21351468
20939948
21080064
19525512
19386736
18235988
18260988
18160616
18746560
17967616
20608504
18199720
18106592
20995856
18255768
18300072
18252344
18200980
21419636
17759484
17863256
18412328
17941720
18240360
18245032
21199596
 
18213496
21285636
19181428
18183920
19022456
18047700
18093680
24929316
18251312
19755936
19658424
18268840
21103440
19582348
18318720
20935052
17833956
19400968
17892328
18133244
18128816
20972244
20773964
18313028
18244304
18267748
17986608
17971212
18170912
20696768
19631996
22484836
17800592
19505404
17870380
19130148
19181724
17931032
19273460
18046656
18684804
17722944
18243740
20767440
21069232
28103240
17591156
19525624
18247000
19944084
21281536
18262848
21330004
18298780
18224868
18252616
23348464
18204348
21206812
18277896
18274324
18245576
20258992
18210408
21098720
18189680
20682404
18137184
18138956
18209248
18410600
18443512
20982492
17829356
18289760
19347628
18239724
21159200
18279460
18127600
19899692
17905356
19795140
17884104
20907368
18115176
21382520
21027784
18322464
18315144
18244624
21073396
21156456
17954740
17780484
18076060
18313512
20293744
18391148
18104676
18883700
17941760
17886292
17973056
19362492
17998476
17983764
17879316
18231944
18263648
21168696
18330832
18151332
21337560
18214300
18360188
18286144
18046484
18172516
20813976
17938444
18057376
18070396
18199232
20002996
18118680
20915260
17873740
18898876
18170364
18202256
17805128
18342564
24795084
21226616
17740864
17590836
20239384
17590824
18827388
17882772
19735296
18018936
18280684
18182108
21792176
18017588
26726816
18490596
18119344
18204408
18255472
20384384
18106392
17828820
18146984
19973312
18216624
17833820
17886480
18854564
18302020
18666572
18153304
19957196
18074336
18393508
17948952
18094580
18078536
17788304
18213012
18055484
17760904
18656708
17924700
17970728
17885892
23422080
17962332
17822884
18233576
17809212
17990560
17732948
17702380
17741068
18905652
17938296
18408040
17808856
17694348
17973772
17744208
17994748
17883288
18328896
18197012
17933968
18384892
17932980
18078324
18290336
18235312
18302112
18008712
19743568
17902164
17724708
18122900
18404948
17792968
17972992
20578800
17718120
18191860
18230240
18306588
20838112
17842044
19096136
17929128
17787924
17988260
18457436
17823592
17845840
17835032
18028428
20241768
18662600
17892868
17913324
18221548
18900000
18071852
18205960
17802708
17799628
18242376
17919848
17968332
17919736
17854096
19503444
18061840
21622848
17917744
17832668
18784292
18030056
17945744
18838708
17897828
17803416
17948688
17992880
18071440
18910288
17904904
19401196
17983516
17888540
18194264
17980616
17818480
17864188
18110068
18147052
17757460
17729368
17836812
18870132
22123272
17716396
21486856
19539208
19478540
18047764
18355516
18380872
18152268
22030796
18097424
18233540
18271752
18357684
20079840
17755508
17788744
19130092
18223408
22437376
18284760
21211620
21092508
20707768
19199088
18333824
19331000
18063388
18123720
18241232
19321016
18368436
19052468
18450020
17967608
18351224
18298532
21062400
18139240
20584364
22840248
18299488
18251388
18134360
17813064
17958084
17852468
19068576
17951748
17774444
17824872
17694136
19219016
17729664
17944776
17712872
20775448
17935276
18318804
20965060
17943512
18180068
18210760
17971112
17954580
18343300
18321780
18133436
17900200
17989504
19377904
19192440
18071200
20395856
17993004
18196576
17862460
17871468
17824944
18492824
18239168
18040432
18403472
18287576
21028880
18251852
18046952
18216784
17855896
17871308
17903268
18410812
18407432
17978728
18211980
18035136
17794320
18706308
17876164
29273340
17808164
17799204
17971736
17897732
19853516
18912628
18055188
17914960
18025508
17809816
17848468
17896784
18089812
17798620
17859404
18131620
17847860
18179984
18062808
20868592
17618628
17786988
18949972
17876352
19415996
17863544
17664068
17901868
18092172
18559140
20571316
18308160
18855808
18178080
18189788
18184156
18034980
17909208
17721436
18232916
17975768
17823940
18490892
17840856
18091156
18782952
18251440
18424316
22602704
18959892
18160780
18333368
18278176
18104344
19307928
18437992
18390396
18235960
20549628
17909280
17978072
17870416
18030408
18467716
17905784
17858740
18608896
17894924
18116188
17899360
18279588
18138096
18481096
18230452
18432060
18583184
18140900
20907992
18302156
21087964
18607004
18363936
18303752
20705916
18256060
18039140
20619756
17872572
17971980
23313296
17798900
18345016
17845768
17885484
17854988
18567544
17920852
17713964
19888240
18271068
19816184
17936752
17717200
17844388
18124396
17990140
17864032
18396704
18100580
17807052
17965112
17696276
17845064
17795756
18081984
21745944
18827168
17890308
18054960
18348696
18690780
17594448
18194828
18504572
17870532
18048460
17702520
17932696
17825464
17944272
17946760
18034892
17949256
18087092
18025860
18040584
18048092
17848636
17838460
17695916
17879892
17906472
18278416
20022644
17791864
17831676
17876156
17984364
18114012
17961764
18017716
21277256
19564576
18337692
17822052
18162956
17988716
18059212
23700704
18256764
17909576
17818692
19517036
18108340
17839020
17784112
17782980
18625524
17969928
19060140
18239576
18154248
21264704
18151096
17897716
17694392
20161488
19028576
17770980
17689064
21412004
17911296
18038064
18030356
17967988
17946620
18405172
17959020
17986712
18455832
17961900
18042248
18009156
18163336
19284760
18602444
18044044
18464472
17736588
18255900
18399796
18188448
18286280
17945616
18158024
18188536
18267620
18030948
17688660
17890576
17951960
17979084
17954900
17861608
17945404
18343016
17859236
25859952
17650656
18697000
19972676
18205908
18246296
20491916
20139908
18169700
18168592
17930580
18223092
17858400
17839236
17789316
18197932
18172364
18144664
18205096
20820268
18281516
19740040
18174456
18256512
18071280
20748008
18420444
19045232
17759588
18716308
18395840
18042248
17785504
17915880
17949864
18341220
18694736
17962124
18015576
17915864
17862060
17789124
17828336
17949360
18002628
17913836
18198308
17865504
18042672
20181524
17748844
17792444
17850808
19058672
18178140
18018300
17890168
17963596
17855404
17918960
17900180
18300984
17879956
18193228
17697200
17828948
17865388
17790244
17777096
17893104
17753652
17887100
17804048
17674196
17897480
18161692
18230356
18249760
17979512
17571784
17865336
18004848
17852040
19152040
17910044
17866860
18313664
17981624
17875392
17894692
17878456
18067996
18194244
18199360
20286888
18365472
18158432
18058336
18029128
17864260
17816104
17917444
17737636
17888300
17864180
18464232
18259092
20591232
18406980
17975120
26313340
17889300
17972964
19483476
18091656
21140408
18179040
21226388
18117172
18256732
23451872
17680664
22427692
17839544
17810728
17756616
17880472
17921804
17887336
18657208
17819804
17972308
18166828
17864980
17986256
20116172
17746152
17781436
18103876
18182876
18150608
17827156
17953828
17873584
18257468
18040552
18042716
18138872
17954500
19427544
18562556
18418568
17779344
17986684
18108992
17717060
18205368
18223528
18859564
18152720
17943560
20472404
17925816
18268904
26123076
20902436
18223724
18218276
21054860
18231048
18321468
18107812
17760428
18187260
18256172
18793964
17922048
18206584
18229136
18002804
17758332
17898368
26646080
17959748
17880120
17802792
17794276
17880584
17757304
17843992
17922192
17766048
17802492
17860276
17861012
17752944
17950840
18282880
18310548
19925420
19515004
18381492
18213820
19026552
21027912
18390624
17790236
17867912
18857912
18221608
20979036
18238784
18192112
19246060
17918492
18289708
18817124
18033992
19529752
18603176
19462424
18126540
17972240
17755584
17875008
19070704
19350464
17779880
19229772
17835072
18902756
18144020
17813048
18953892
17488612
18298764
18315768
18538464
17919576
17810368
18137452
17924712
17947400
18262336
19775064
18099296
18182360
18197948
18290416
18300928
18256348
18707096
18312824
17914596
19449300
17967760
18614456
17797532
18073048
18332376
18291940
18200064
18171508
17854876
18241252
18698148
17649048
17591024
18243088
18208904
18101984
18523868
18149732
17870624
17662668
19446164
17883636
17884104
17812492
17859864
18412476
17840884
17928676
17876152
17920656
17980896
17909204
17846136
17822952
17943280
17884108
17921060
17871152
17727844
19190240
17863092
17708268
18009212
18536180
17821272
17942960
17924460
17738708
17906144
17953776
17859740
17946188
17828064
18326912
18271556
18017776
18234596
18587792
17952272
18047168
17861592
17848192
17761804
17900576
17971628
17910700
17811764
17708360
18138840
17834256
17980056
19326636
17938164
17707492
17875588
17955740
17735572
17933776
18353636
18160128
18313448
17960424
17876364
17636944
17721884
17910560
18762832
17972632
19649456
18127596
19290960
18204976
19807032
18084996
18414112
18215560
17766396
18022604
18739432
18941008
18469712
18151496
17703468
17831848
17919556
17785840
17789028
17985832
17904740
17988060
17852156
17899500
17822604
17943320
17922748
17774736
17804024
17863260
18006364
18197948
17925712
17710760
17801900
18936688
17849520
18220120
20318004
17860424
18170432
18241152
18254360
18225564
18146732
22720756
18181228
20977464
18209796
18003628
18140500
20191032
18030252
17859968
17955912
24001588
17804012
17710284
18339560
18277476
18211180
25637840
17983480
18041352
19357640
17909956
17758188
 
18071048
18193720
17811932
17644616
17749052
17821712
21017008
17688440
17797060
18279416
19552952
17858408
17798824
17723864
17740616
17817868
17925800
17935136
17774536
17881252
18030936
17913296
17865160
18002940
17821624
18279240
18028044
18213500
17991356
27879300
17841636
17957992
17966552
17861420
17835072
17686484
17996068
17854228
17918788
17834980
18530232
17929972
17984612
18023412
17788404
17641784
17824888
17795932
18128132
18042796
17924492
17900724
18196108
17754028
17781096
17840908
17793228
18025808
18933068
18176960
18162576
18116928
18219400
20552464
18075144
19683864
18115232
18196632
26202128
19024896
18119948
20001540
18117632
17898328
18051300
17725644
17889760
17900704
18012640
17856444
17936680
17756432
17929808
17816396
17898948
18005072
17978316
17926956
17940244
17953188
18028600
17828352
18301144
18352876
18112916
17943036
18930580
17970748
18198972
17920996
18018780
17793684
18070524
18062688
18040928
18204912
18603968
18004064
18203620
18205340
17923472
17796576
18052820
20120856
18139344
18322052
18199500
18252408
18100252
18043344
18842024
18056620
17975648
17906768
17880660
18321028
18284288
19732788
17908100
17846932
18160864
17942148
19021536
18227800
17923528
17906440
18511636
17816488
18024832
17883420
18091740
18131260
17976364
18163308
20589848
25676664
17800392
17564864
17662848
18115068
18280408
18319428
18229624
17809380
18618636
17783448
19182636
17754276
17713500
17886584
18342772
18009596
18245100
17733564
17821188
17824304
17903624
17816900
17623456
17950416
17952436
17878504
17996180
17973728
17973596
17937688
17947460
17895592
18276124
17908900
18189420
18303196
18302076
18215180
20829664
17733680
17994864
17721456
20566280
18157936
18693580
20213200
17722180
17769400
17904364
17775920
17920584
17919228
18158564
18237788
17912372
18147924
18240088
20355176
17937088
25928452
17757584
17928028
18264532
17820116
17711964
17840608
18861772
18266540
18248812
18226588
20883088
17808476
17810416
17911376
17843528
26889560
17796544
17782436
17623580
17873548
17770628
17949952
17921104
17814272
17901652
17893588
17784028
17671140
17860364
17816096
17644992
17919828
17904492
17878744
17809780
17803780
17738660
17866872
17872640
17911292
17786880
18074888
17860348
17992236
17833200
17717424
17709628
17684928
18160376
18265424
18069824
18243124
17742612
18099508
17852236
18219164
17742988
18938228
18245856
18193940
20099112
18994196
17924788
18318128
18183332
18748224
18293316
20696852
18162552
17633612
18623312
17887984
18767848
18299076
18331232
18278108
19778964
18218352
17975304
18173012
17799464
17813024
17824524
17879456
17800292
17923140
17958776
17748040
17668972
17814412
19385020
18119800
18012532
18188836
17838732
17749760
17791312
17798680
17853556
17879884
18203860
18222168
17741048
18218376
18329148
18143524
18193028
18282732
18344772
18138540
18591528
18010532
18099268
17943824
17796592
18275804
27951420
17890600
17876600
17922284
17821204
17856988
17872540
17737436
17861568
17879676
17772540
17753336
17784096
18106796
19143396
17831708
18235616
18015824
19286960
20692916
18212144
20975932
18219072
17789428
17827024
18018300
18140932
17906584
17758700
17715948
17921260
26578876
17908216
17914680
17757904
17733500
17911344
17836488
18129588
18418844
17812988
17971300
18138204
17967944
18210540
17725732
17884180
17908508
18380488
19260032
18160072
19722096
17865132
18011796
17940012
18926936
18205488
17933256
17838280
18012076
17875740
17987216
17705976
17906672
17810320
17950852
17880668
18003136
17775588
17976584
17779020
17936648
17764648
17909840
17772924
17649536
17733764
17784456
17919500
17803064
17767616
17886348
17874072
17881976
17724620
17932632
17808428
17846300
17879996
17664424
17843456
17936600
18603600
18183056
20857832
17997076
18179904
18194404
18434712
17904380
17806976
17929780
17699484
17961624
18046004
27313712
17848584
17666140
17945496
18140840
17902248
17716708
17726744
17734024
17775720
18102920
19385584
18008196
17941376
17762024
17837132
18127668
17883788
21045524
18724484
20044260
17783612
20665912
17927952
17884436
17798572
17917520
18092260
18028276
17927512
17671072
17885164
19013984
18035816
17895456
17944732
17820860
17902668
18211432
18110720
18258472
17933140
21356976
17888344
17800228
17910528
17710572
18026668
17834652
17897956
17793484
17882500
17727992
17796060
17828784
17936304
17890272
17846380
17993768
17820488
17793616
17814980
17796552
17742796
17904460
17958476
17858568
17936228
17948060
17894752
17889760
18084540
17850672
17806432
17817824
17935024
17860628
18034680
17969652
17916108
17690744
17817416
17862716
17951024
17835124
17779776
17853312
17942040
17940948
17884200
17954544
17842192
17674304
17877500
17781428
17814680
17824640
17883956
21569760
17801704
18007216
18160284
18307500
18993076
19023172
19180268
18018592
17978468
19087832
17869716
17810860
17851584
21701828
17805868
18010800
17996220
17925652
17944920
17834092
17759888
18255192
17982452
17881704
18084048
17880356
17751584
17919984
17873748
17789672
17865236
17900604
17944564
17837260
17925208
18137348
17923808
18018688
17806120
17776908
17900568
18035748
17885860
17852120
17951648
17783432
17772932
17984300
17805540
17842444
17954824
18000752
18012072
17944552
17935128
17863364
17794976
17830928
17867236
17533548
17900328
17839220
17863232
19000224
18472216
18966476
18071936
18048200
17834200
17729460
23881236
17977848
18103864
17861760
17855232
17759780
19238228
17949108
19071620
17921480
17827056
18193240
18180060
20056612
17887008
18267312
18108768
23690264
18118212
17905052
18011676
17885444
17802560
17846296
17794996
17731132
17670408
17860680
17817468
17892500
17774404
17678976
18921600
17846944
17841412
17764324
17846580
17712692
18548220
17784936
17765656
17962228
17816040
17920188
17936948
17999044
18080180
18725624
18277624
18833860
18298856
17981348
17948676
17829068
18204224
17790616
17845732
17744320
17930920
17908428
17827844
17848208
18080336
17922468
17861748
17786836
17903392
17801432
17660016
17737116
18067532
17921744
17944196
18090764
17998780
17870028
17862768
17900668
17887200
18271192
18181544
17972972
18203240
18829024
17920780
18090776
17671248
17751484
17837932
17790788
18048444
26356404
17873136
17680424
17794056
17851948
17757044
17934928
17956012
17949820
17863276
17819372
17751288
17931352
18060732
17824448
17902856
17727476
17707008
17803916
17688000
19015712
17943312
18157068
17730640
17831960
17672360
17701476
17765924
17844544
17957456
18102072
18034228
17969464
17859060
17886896
17821044
17923724
18094168
17861708
17762264
17794996
18236892
21177588
20525244
18620420
25625700
17906028
19951520
17826104
17912328
17936520
17799916
17835596
17818856
17934728
17848796
17734828
19231152
17923176
19021228
17801140
17839040
17852728
17915432
17785188
17753144
17694632
17920060
18629136
17764496
17803916
17846608
17916352
17622588
17719840
17789544
17903556
17914052
17944636
20578428
18855864
17958956
17908200
17877648
18019800
17924980
17847804
18073072
19715028
17716176
18338540
17862672
17958964
17865864
17704892
18320100
17869636
17814028
17743556
17879476
18015404
19218436
18331884
17815356
18031504
17807824
18002392
17924464
17935100
17736012
17945132
18927748
18202624
17942780
18031804
17942776
17942632
17904460
17680476
17770224
17696124
18085316
18172496
17906888
18989268
18520156
17682072
17922472
18013932
17815520
19826764
18204492
20701632
17862680
17845892
18216908
17890968
19227892
18070988
19808652
19400380
17716376
18646312
17889384
17768668
17702336
17716552
17862952
17882620
17809636
17902808
17848628
17838544
17872384
17877808
23036708
17896088
17961956
17981544
17818236
17731896
17732288
20528692
17857592
18040380
18096980
18018112
18032568
17878660
17755980
17815624
26060876
17776076
17838996
17886880
17773592
17977172
17986212
17793216
17728512
17687876
17752656
17691244
17955612
17900316
17986308
17846608
17967536
17793164
17808528
17983588
18139844
17700752
17931252
17826052
17759396
18206380
17910344
17935168
17644476
18077184
17919964
18114892
17969208
19999700
17910292
17861428
18040060
17808764
17908472
17997028
17748692
17816256
17874056
17981500
17900544
18172856
18019968
17848836
18357820
17758844
18000460
18125016
18816044
18020020
17844132
18034680
17812580
18010080
17988960
17971368
20858216
18144288
21259924
18036708
17826864
17871104
17880796
17993176
17876440
17777840
17977624
17920524
17850628
17907352
17910960
17680180
17652280
22926268
18331948
17946856
17965384
17690104
17752204
17776712
17879580
18304760
17972596
17950816
17977272
17880128
17924208
17876296
17967032
17710056
17852988
17811928
17910872
17948472
17983272
18003916
17725704
17727840
17983632
17806304
17850732
17877508
18144368
18964288
18400468
18150380
18279176
18165488
18202844
17800200
17666516
17850700
17673568
21653400
17737192
18307492
17964312
17851752
17911624
17819296
17851540
17724296
17830140
17864536
17843484
17938236
17839964
17909056
17901300
17752908
17824868
17908196
18415740
17839180
17773048
17882744
17884904
17796696
 
17940912
17804020
17825236
17844464
17880228
18204224
21185104
18045864
17925012
17617412
17822752
17888828
17692348
18002016
18048764
17927492
17825332
17945492
17719444
17879488
17956768
17922928
17899804
17945040
17746564
17839288
17885512
17958932
17904280
17803944
17802392
18015940
17792988
17761724
17793148
17861944
17926064
17816132
17891932
17843248
17865076
17825060
17899704
17911448
17906276
17789804
17869428
17894344
26964592
17818628
17944060
18470304
17794112
17946492
17968888
18008220
17910308
17888384
18030656
17882256
17918480
17970344
17902208
17916164
17858744
17943656
17932344
17959136
17979596
17801436
17704708
17785284
17846468
18051304
17899376
17888912
18046100
17844004
17764100
17756912
17976872
17963320
17641372
17755300
17993532
17867716
17772908
17766792
17818656
17622444
17719292
17607272
24942480
17889628
17996088
18071512
18048344
18046688
17719464
17712124
17961604
17774752
17749336
18002036
17963768
17809612
17713852
17977772
17977264
17808732
17961388
17877016
17907896
17907528
17868444
17800404
17962084
17921328
18055868
17860860
17883752
20080012
18110432
17864980
17708416
18034364
18166552
18055548
18062252
17915648
17987304
17813740
17827864
17769864
22342780
17798008
17973924
17824696
17828856
17898468
17895052
17674552
17759084
17900844
17806836
17796144
17880120
18113388
17866884
17712828
18029996
17906524
17774276
17774188
17729128
17922080
26391252
17885668
17729784
17880916
17819040
17909444
17704584
17946196
17823076
18003252
17908372
17766884
17939988
17866764
17908588
18050696
17994336
17687468
17838408
22609372
17933944
18291780
17849736
17745780
17983316
17946332
17903912
17925884
17829648
17828760
17749088
17887376
17828264
17916400
27102336
17864048
17775820
17732048
17960788
17604196
17873232
17728328
17729824
17712260
17799508
17756712
17877100
17905072
17947608
17792480
17893116
17727404
17813120
17837152
17811708
17890352
22893748
17630824
17799568
17780812
17929420
17952816
18002376
17830892
17853920
17866248
17958296
17912600
18006772
17906932
18543208
18024392
17759212
17800176
17752588
17939860
18435536
18177144
17996768
17896400
17908948
17669376
17854544
17857800
17969992
17803772
17788744
17685460
18889252
17845752
17881248
17979996
17783040
17681768
17928076
17654836
17833480
17946312
17988648
18026528
18033696
17819204
17933160
17866120
17906140
17787992
18058620
17820760
17874140
17945292
17851476
17886724
17745000
17735492
21968352
17906364
18004752
18183760
17889380
17912648
17798876
17934256
17821432
18000320
18005616
18057952
17831760
17826344
17786128
18493752
17974608
17978236
17743672
18022388
17890820
17802976
17759456
17697484
17768824
17888916
17901884
17962716
17773476
17902868
18311704
17951596
18000740
17754384
17896080
17872416
17915312
17883880
17991960
17751116
17761196
17782484
17757004
17975892
18014284
17988188
17872372
17916676
17841152
17828124
17798640
18035704
17980764
17819972
17810088
23635112
17843912
18565436
17965448
17920496
17810076
17870740
18009724
17799300
17745492
17987136
17697348
18064336
17948512
17884324
17968300
21772360
17736176
17881896
17971972
17848732
17743600
18017448
17982048
17889056
18039808
17897844
17802044
18044036
17784060
17948444
17941260
17927984
17858632
17924928
18021612
18009360
17988196
17735452
17853372
17692128
17706952
17997348
17874148
17943532
17927512
17865404
17821500
18085432
17940140
17884400
17814784
17896316
17982548
17814652
17881844
17719488
17838152
17863856
17975424
17848768
17850132
17935972
17796368
17859172
17805144
18046528
17950040
18007036
17876320
17860844
17856792
17895828
18011732
17699172
17930888
17926696
18062536
17953972
17924464
17855744
17752696
17670904
17841368
17661568
17895968
17963876
17897384
18815580
17796308
17760920
17723440
17711532
17812336
17771516
17848328
17808988
17740756
17824020
17762064
17733108
17733232
17715008
17864072
17799456
17776336
17934596
17768796
17986824
17723608
17857552
17741384
17719508
17744472
17830588
17856692
17757152
17783880
24040644
17968732
17911212
17887440
18015824
17547284
17678856
18008600
17799004
17967856
17839032
17853992
17869504
17734976
17735256
17984596
17760952
17782168
17812528
17796556
17740688
17500200
17724864
17766644
17912724
18017004
17916400
17643012
17728024
17772556
17955136
17898864
17976888
17784628
17747488
17813480
17986448
18100464
17992408
17910416
17862732
17782988
17898028
17946868
17805548
17736716
17914024
17879884
17972860
18339976
17865112
17764336
17758264
17932768
17787312
17988736
17796696
17898812
17984860
18848436
17821388
17716740
17937440
17880784
17639136
17896256
18031316
17860032
17877084
17611004
17746112
17772508
17739456
26537536
17759640
17877064
17556324
17691920
17872992
18006084
17791288
17883948
17839828
17930112
17879412
18093976
17942220
17866756
17960120
17975592
17945520
22672688
17889848
17766368
17813476
17822732
17875852
18024292
17922112
17665564
17984416
17820640
17908624
17988672
17887264
17753044
18023488
17925452
17682096
17879820
17939144
17961740
17853548
22865180
17899616
17800148
17946056
17877628
23568484
17737128
17852172
18035724
18005892
17842612
17758316
17905084
17973316
17874216
17920276
17922332
18033764
18027904
17739564
17808140
17832968
17936960
17795632
17831744
17725488
17838672
17767224
17883816
17745792
17795100
17793624
17812620
18054464
17971264
17878104
17782080
17917636
17785936
18352104
17880460
17907076
17847852
17894480
17858604
17889800
18032884
17888304
17779388
17746084
17851636
17747692
17845008
17798124
17988864
17920664
17986212
17862592
17777648
17778524
17731404
17908532
17748072
17789452
17867504
17819284
17886260
17646552
17659872
17787008
17784516
17610644
17758908
17753132
17842956
17699840
17788312
17621940
17737668
17672616
17824284
17657472
17767248
17824372
17869684
17660328
17912176
17883360
17919284
17875592
17928404
17757016
17894368
17831528
17920264
17828420
17888496
17963580
17862780
18071324
17744296
17962080
17907360
17952688
17907624
17717780
17919404
17762660
17792292
17823360
17946212
17891372
17915368
17891280
17894596
26584256
18001224
17933280
17807752
17875780
17955664
17977132
17852572
18025792
17847920
17805464
17719904
17729592
18044780
17881528
17878996
17847900
17977392
17830668
17903200
17738240
17831448
17799576
17798100
17878452
18018080
17761072
17927700
17799808
17662584
17965080
17829048
17990764
17854632
17802716
17825128
17998980
17875204
17893120
17657680
17845292
17960648
17860064
23462036
17795040
17716136
17766560
17811856
17765172
17926828
17780932
17621460
17678312
17769968
17904264
18027400
18055556
17901372
17824876
17912120
17854124
17587828
17863868
17879564
17815588
17754932
17866932
17847708
17869712
18428956
17995796
17740808
17817616
17848848
17837260
18032368
17923936
17750592
17821648
17886172
17910492
17820128
18053628
17840488
17712252
17894040
17826348
17819584
17992480
17733284
17977896
18047092
18596988
17837896
17825320
17865592
17823388
17690496
17764956
17996572
17727856
17816372
17852364
17993080
17783368
17989360
17739140
17761188
17887832
17969036
17901744
17803244
17723416
17848228
17745672
17941728
17824556
17787352
17762164
18393516
17720388
17975380
17859388
18025016
17959044
17827960
17802576
17845568
17668196
17875596
17927012
17978192
17947388
17970792
17802256
17802388
17783232
17770824
17822824
17996136
17781248
17876724
17835220
17864448
17798928
17922512
17814356
17965236
17710632
17821004
17949276
17801116
17878828
17922540
17826996
17859396
17934372
25907204
17763056
17707868
17769156
17718876
17940228
17765264
17768736
17892964
17868312
17763256
18589612
17823660
17707040
17619520
17802612
17826952
17715856
18472440
17916656
17922272
17765676
17935976
17948476
17876832
17925864
17820316
17835684
17771708
17905888
17970440
17614396
17671788
17799792
17746732
17930120
17853788
17922360
17953228
17756184
17846016
17589076
17866412
17869168
25208352
17713640
17738276
17786944
17822984
17609620
17585088
17671136
17760832
17776232
17821640
23467080
17901172
17843900
17697616
17660464
17625772
17732816
17915540
18007804
17882160
17851120
18044084
17830804
17867292
17721732
17741456
17590276
17800096
17990008
17943284
18041724
17922788
18035944
17983400
18123008
17947420
17783340
17802536
19344344
17893764
17907744
17921768
18487288
17873792
17761840
17655076
17696180
17723836
17854228
17690016
17661228
18139640
17810480
17897816
18077548
17895612
17595744
17703392
18019268
18111480
18020340
18020496
17666004
17667200
17766272
17807440
17806944
19080704
17922328
26441036
18060692
17757540
17764472
17794276
17762108
17802296
17889804
17821004
17770856
17647332
17579300
17811252
18272680
17785540
17814728
17708060
17679660
17593508
17785832
18466696
18574096
17800676
17861668
17920200
17881096
17779824
17906772
17896156
17840320
17682132
17564172
17751248
17813740
17790444
17904128
17886444
17723792
17844724
17865508
17702532
17770664
26051756
17822164
17784380
17724648
17885048
17845268
17686416
17874660
17925668
17942944
17818480
17919492
17746764
17746820
17777884
17962512
 
