Procesando...
  Filtro             : sierpinski
  Implementación     : ASM
  Archivo de entrada : lena.816x512.bmp
7330112
7459872
9071440
7569592
7481580
7538984
7499032
7604384
7521200
7541408
7568900
7516144
7519608
7550644
7540956
7550872
7489664
7491292
8162156
7424412
7582020
7488192
7551596
7566744
7520628
7486520
7554832
7596924
7483580
7551084
7502988
7638908
7538004
7515924
7502032
7701236
7568320
7750060
7532356
7513608
7521468
7776196
7558844
7567312
7579196
7709636
7499108
7587228
7565168
7508180
7526112
7583672
7561208
7499632
7567564
7701612
7482764
7524480
7500920
7496324
7525388
7653516
7547844
7577428
7565796
7587784
7483592
7597756
7564328
7495008
7640384
7518812
7482092
7553368
7578092
7578076
7545780
7625104
7747256
7535844
7424252
7576036
7491284
7452852
7454992
7564396
7574464
7474136
7560292
7467376
7580228
7480344
7561372
7563880
7501480
7589688
7608280
7481480
7523840
7680988
7481504
7552984
7577884
7480588
7487360
7461180
7578204
7506264
7523916
7524492
7486676
7562120
7493792
7494644
7518200
7544312
7590316
7567728
7509188
7550404
7487220
7558624
7581864
7531388
7734048
7529736
7541852
7540160
7635052
7499632
7481524
7582056
7502416
7487200
7552320
7566740
7558512
7478956
7478752
7491716
7549500
7591396
7579696
7539828
7528332
7547824
7485272
7497948
7551052
7488864
7568176
7552704
7501848
7501016
7500156
7473160
7484332
7504792
7568876
7490356
7537676
7541020
7481784
7587136
7579308
7501172
7557808
7568684
7473312
7512800
7590020
7479236
7609708
7535476
7578124
7635740
7480432
10958824
7584264
7547548
7488852
7616864
7527348
7615380
7518600
7606840
7547400
7617572
7520672
7547928
7503244
7482380
7600864
7508380
7584388
7545312
7742232
7488544
7646456
8893164
7599104
7510256
7586640
7469352
7625284
7588040
7472516
7622912
7762808
7478908
7536732
7656512
7498264
7435884
7627004
7562732
7546428
7493248
7549692
7487172
7532652
7595260
7554116
7584536
9317716
8067732
7706768
7569792
7579208
7724420
7561460
7681404
7609628
7537836
7583240
7641772
7482200
7556116
7665144
7571384
7535152
11242532
7723468
7478248
7619760
7481632
7588672
7779828
11376880
7481264
7573156
7697660
7500816
7548092
7561940
7533664
7570696
7492164
7574384
7653004
7723304
7561836
7619064
7473104
7719632
7657220
7591820
7492524
7566884
7444552
7479324
7710040
7482948
7444860
7623744
7514820
7575176
7572464
7553448
7397736
7580104
7534516
7481672
7664976
7506648
7473472
7656312
7567672
7481300
7574272
7553432
7578204
7594048
7648408
7573112
7634496
7574532
7526808
7630248
7523000
7499048
7733728
7481852
7643488
7630804
7469088
7478712
7643932
7677812
7574668
7561232
7486376
7554612
7573980
7489504
7532544
7612352
7472680
7490436
7620640
7968436
7555740
7659964
7499836
7482344
7630556
11302424
7505008
7642060
7721396
7597876
7679560
7557820
7495668
7647004
7575912
7555360
7627884
7499124
7556660
7691608
7517604
7523704
7618688
7416600
7556232
7645228
7572364
7468436
7519492
7516484
7497292
7500256
7485560
7526224
7549172
7601940
7430040
7489836
7481268
7689936
7548252
7521372
7561092
7525484
7483248
7654516
7735092
7858364
7540292
7547360
7607056
8529508
7546804
7416192
7546712
7605224
7417092
7411644
7507504
7496224
7619612
7474784
7504232
7487624
7459236
7421196
7493960
13579556
7455960
7478132
7631404
7505540
7488136
7420944
7425676
7494488
7468964
7491484
7489760
7597300
7572444
7568492
7547528
7532880
7626464
7813200
7499228
7481448
7554112
7498072
7587004
7540024
7492784
7562680
7499144
7556640
7480804
7460036
7573864
7523552
7505688
7532988
7508280
7510064
7644612
7568008
7494648
7501200
7468332
7469108
7561228
7556008
7580972
7608868
7542432
7390604
7494852
11697616
7645260
7478956
7427020
7577768
7579808
7579932
7475676
7495148
7540168
7577776
7485776
7462524
7561776
7521204
7548084
7476712
7481376
7546724
7571472
7561508
7491004
7572328
7539340
7486196
7463200
7539228
7472268
7483668
7579516
7561764
7589132
7476304
7482188
7550792
7576304
7558824
7566532
7545092
7558488
7578236
7550084
7657796
7511712
7521460
7840820
7489032
7508372
7568648
7556992
7477104
10142976
7582408
7471504
7565600
7496568
7560148
7471296
7503708
7546868
7537584
7571624
7578288
7481432
7552404
7546332
7547004
7563408
7457324
7477032
7555088
8571308
7536328
7489908
7567748
7537352
7477480
7580100
7473208
7562144
7489256
7488800
7602668
7541080
7564224
7481760
7583564
7485872
7546996
7479228
7539208
11601856
7512608
7730800
7503376
7500128
7482984
7729268
7562756
7509372
7492104
7685024
7569952
7489400
7595784
7477516
7566612
7512416
7667068
7477276
7587648
7575548
7516628
7472428
7599556
7478656
7493988
7473344
7546516
7586484
7535948
7706924
7580176
7481892
7540796
7676068
7506236
7558344
7567120
7585680
7492980
7628428
7605600
7489264
7606788
7776192
7545864
7503484
7497336
7489640
8926356
7506584
7585100
7573604
7746028
7959396
7639248
7648400
7555504
7561932
7506864
7481128
7512004
7545784
7525356
7608996
7581864
7729568
7605764
7572756
7474684
7612840
7644320
7480800
7598064
7478256
7468492
7547412
7572092
7557340
7574176
7569384
7750272
7636552
7578804
7465996
7574632
7570708
7466924
7577700
7571208
7730608
7750732
7564816
7592488
7470220
7937760
7485112
7557348
7483588
7532132
7589388
7583416
7477224
7728900
7550936
7500288
8561912
7634624
7530540
7766448
7572060
7628772
7566800
7485144
7562124
7630904
7560648
7499772
7625252
7495960
7556160
7678852
7547208
7479572
7583980
7542780
7544560
7628816
7494776
7495284
7568332
7467952
7546764
7653788
7489392
7557924
7631688
7494248
7559864
7671604
7554496
7605168
7535500
7502228
7483576
7584800
7495156
7575940
7618728
7444224
7472200
7722360
7526980
7512836
7517024
7649556
7536236
7620820
7559824
7558804
7586776
7654364
7563916
7524040
7651944
7537776
7624680
7673880
7514032
7554676
7495828
7526612
7506788
7496408
7486328
7506056
7479220
7552720
7516152
7545656
7403044
7565472
7487600
7478700
7625556
7578012
7558652
7497244
7493488
7471152
7507524
7545932
7578516
7568660
7483960
7588292
7587528
7503936
7485256
11203596
7564592
7490020
7580160
7676236
7485728
7470068
7479748
7534780
7649912
7529724
7562560
7566344
7476916
7603384
7570700
7547252
7500212
7551692
7609512
7474980
7470796
7570940
7471860
7478524
7569680
7476908
7427944
7561452
7474252
7551792
7487816
7487388
7572496
7498796
7469520
7533988
7465108
7570624
7567404
7597700
10302576
7481716
7501976
7472532
7556272
7505264
7488576
7583716
7588228
7718696
7578980
7587640
7562256
7490468
7481392
7621788
7422440
7500528
7547260
7486916
7578708
7489820
7556316
7490344
7483872
7470404
7478748
7516752
7554724
7485752
7476784
7512720
7428436
7571468
7502016
7502884
7472152
7483668
10591124
7550632
7531836
7536160
7589708
7520572
7442092
7492604
7484076
7563632
7602388
7665748
7484212
7675092
7475632
7483820
7547748
7567208
7585844
7713316
7578484
7580504
7478892
7487848
7613140
7503208
7479332
7563696
7491092
7558812
7623420
7494448
7590848
7594392
7548476
7499280
7511624
7582976
7552232
7524224
7591852
7625672
7525588
7612600
7461956
7513508
7470284
7524468
7667324
7562820
7525508
7510572
7538916
7731956
7545352
7560348
7543992
7491612
7731552
7544832
7719072
7559160
7468156
7636920
7575436
7507560
7589892
7474792
7599232
7537536
7584844
7586340
7493784
7466116
7556264
7530664
7561420
7489468
7582472
7549552
7563616
7654056
7578052
7485636
7581092
7501576
7476584
7629676
7564532
7489948
7651760
7556392
7568532
7713824
7483024
7572976
7764428
8984680
7521864
7633480
7495876
7597440
7644092
7499980
7588948
7626348
7634676
7572700
7647024
7534604
7481924
7643312
7605508
7683760
7666320
7751552
7497476
7565388
7486572
7643648
7568084
7622180
7483884
7577336
7580904
7737616
7665220
7496432
7504460
7716664
7497352
7740456
7552280
7514400
7571308
7827160
7490200
7596900
7584524
7597776
7510096
7809532
7585532
7607740
7650040
7607340
7495952
7687484
7506520
7498700
7670220
7576428
7583772
7703112
7593184
7581884
11244632
7494200
11276804
7716692
7588588
7545640
7794160
7537516
7901080
7663528
7510648
7661188
7700728
7594552
7515444
7826732
7501264
7556188
7614184
7672552
7519976
7701196
7569900
7468692
7712392
7485384
7488152
7521916
7524116
7525744
7613540
7487348
7530260
7580888
7476784
7500496
7567164
 
7504556
7530564
7618904
7489172
7547184
7651340
7498168
7568228
7590344
7556660
7580888
7581140
7527244
7613864
7727304
7571576
7542460
7695752
7680400
11540056
7682284
7480672
7542428
7555756
7597676
7587216
7768872
7563884
7562588
7568636
7565872
7473696
7531276
7577864
7548972
7590032
7523912
7557004
7603040
7477084
7552248
7546068
7545112
7592324
7569436
7577788
7592252
7485376
7553408
7568900
7590468
7583848
7475536
7485408
7584488
7547552
7491608
7497332
7561428
7467640
7558348
7494972
7642556
7485564
7577976
7504204
7583824
7600960
7570888
7491924
7506296
7560176
7574840
7485908
7579564
7451996
7542816
7601228
7562760
7599524
7827320
7710528
7562980
7469940
7483056
7758220
7553388
7691548
11208324
7566524
7591884
7472700
7591180
7732532
7583496
7547996
7563808
7519256
7521584
7721364
7578232
7454496
7592148
7563212
7550000
7553152
7565776
7579732
7478576
7532088
7576344
7569612
7488028
7481456
7394180
7531500
7488940
7571364
7591500
7479696
7535540
7473100
7507968
7544328
7596624
7530352
7503728
7467816
7467732
7584968
7519240
7564188
7518952
7566120
7464508
7468416
7480792
7483256
7594804
11358928
7556680
7518996
7479644
7497156
7542432
7553060
7512108
7482676
7558344
7521280
7484572
7571728
7449804
7475960
7467792
7504684
7438628
7481576
7428516
7460108
7479004
7485328
7494028
7472776
7495020
7551040
7554552
7409572
7422372
7467204
7474656
7557148
7413724
7426360
7575648
7484436
7413832
7492196
7501724
7427248
7498528
11406028
7454196
7498364
7431912
7788436
7525336
7434724
7439528
7456740
7502940
11581988
7467144
7491200
7519444
7456396
7433728
7643972
7452952
7495176
7423476
7524156
7424308
7581408
7596708
7429304
7424120
7640880
7473872
7521060
7458924
7482692
7439072
7571636
7404656
7402360
7592012
7626716
7425432
7470740
7587644
7481772
7484352
7496832
7637828
7615592
7600212
7413468
7650732
7491352
7406904
7543792
7546412
7494428
7654220
7423348
7447296
7592200
7516856
7534232
7700840
7424136
7414660
7640748
7469832
7423976
7485644
7425124
7500664
7733468
7489900
7553944
7486380
7483196
7469144
7691948
7477260
7537340
7484608
7566188
7720724
7557252
7597292
7474256
7652116
7550792
7548332
7572396
7488116
7483468
7648496
7493044
7531704
7563540
7545084
7471676
9968268
7506356
7495320
7641524
7555072
7670132
7656580
7491508
7547216
7653032
7574028
7889484
7600968
7553260
7541028
7677016
9451620
11463436
7564536
7624812
7567404
7670892
7494168
7568688
7659348
7544856
7554028
7585964
7578024
7480124
7727484
7464836
7545508
7681012
7579112
7549908
7601252
7557152
7616352
7671820
7499108
7583532
7836108
7507300
7555248
7653372
7491792
7609300
7604372
7653152
7562608
7667056
7486400
7483776
7692920
7594236
7545592
7815824
7554724
7524692
7629132
7553624
7597600
7675784
7500976
7588860
7560764
7485912
7531204
7620004
7520712
7487968
7638460
7507140
7508612
7613592
7568064
7608872
7565736
7525592
7502824
7607904
7571144
7553400
7547100
7579360
7587168
7573204
7607524
7552704
7585680
7486140
7536592
7627844
7598496
7493496
7565040
7488632
7490824
7562992
7571452
7560372
7475824
7493604
7577636
7577096
7574084
7612968
7558568
7579540
11560444
7538748
7537156
7551664
7688668
7557296
7672716
7535164
7676748
7662144
7494212
7542228
7566592
7548352
7525924
7586364
7492760
7545460
7569200
7563576
7537124
7512408
7482712
7568376
7625372
7513140
7544548
7566940
7563252
7603740
7551068
7562376
7621664
7511824
7483648
7628608
7562128
7517624
7546264
7552600
7547128
7608584
7587260
7499492
7524116
7567740
7569140
7538536
7554008
11375624
7654236
7510864
7490160
7704340
7541384
7487804
7726432
7592172
7587844
7534440
7574120
7750796
7890372
7619364
7604768
7734984
7594364
7568428
7610324
7555232
7518940
7599360
7718140
7600812
7577684
7645772
7562388
7586380
7526900
7561408
7660900
7533572
7577340
7655824
7474264
7580396
7696412
7496340
7464684
7714456
7475888
7558424
7564388
7585660
7553224
7825908
7490492
7633076
7675896
7483940
7498660
7865448
7575244
7465028
7746944
7506284
7502652
7661912
7418248
7495908
7602044
7590180
7484672
7710204
7573212
7618668
7694084
7474804
7678596
7642796
7554724
7539388
7579692
7481816
7469120
7658548
7573740
7721544
7607404
7543548
7539004
7552316
7491276
7695388
11380764
7548188
7568344
7655664
7494728
7663204
7678900
7579568
7656484
7695784
7594192
7499816
7542292
7509488
7506904
7486756
7579728
7568656
7611264
7567328
11275404
7606356
7419160
7481284
7657236
7602264
7507496
7608304
7518148
7559172
7549992
7555136
7553120
7537472
7549868
7574780
7533748
7526980
7568928
7574168
7566156
7547936
7590860
7489268
7546756
7597100
7595304
7491340
7595816
7583792
7572360
7792504
7578644
7563264
7595968
7532832
7575980
7626044
7485900
7482528
7592908
7565488
7526528
7562244
7483448
7556796
7528432
7637920
7478404
7556568
7668792
10036376
7575524
7513968
7548328
7575764
7506868
7569884
7514304
7490912
7478592
7483144
7471484
7502032
7470920
7480416
7545608
7551144
7417232
7427052
7427272
7484732
7468432
7442860
7487536
7475604
7441180
7460412
7654348
7457388
7582560
7565604
7484632
7477692
7645908
7526880
7563620
7432708
7569136
7416268
7422004
7510028
7645092
7422856
7489828
7493704
7637980
7483312
7487708
7593700
7506756
7409616
7485876
7508312
7496788
7586348
7530952
7418368
7486784
7476544
7519388
7423732
7496416
7495512
7413920
7501972
7421496
7413376
7437024
7509888
7493592
7447420
7497588
7402252
7418868
7469244
7523256
7431972
7420456
7955736
7632572
7577448
7486812
7482852
7493428
7461580
7490528
7453996
7491696
7420492
7488076
7470200
7520764
7558720
7451804
7419112
9379848
7459256
7439348
7432824
7490192
7454080
7426552
7609164
7576472
7475192
7483244
7415652
7585496
7506996
7568472
7580172
7564460
7544176
7521240
7497288
7626804
7523240
7549760
7600184
7421848
7419944
7519984
7504128
7533760
7477628
7523160
7466556
7438252
7431580
7426888
7742216
7458792
7462108
7422172
7454108
7489704
7485936
7548948
7508532
7475540
7437252
7454628
7515732
7549292
7437616
7481300
7523172
7424260
7492216
7596384
7541692
7523916
7595312
7556480
7550592
7583600
7530868
7467932
7625552
7491684
7535560
7668004
7546756
7481556
7565096
7469884
7583136
7562092
7588536
7593948
7619248
14019140
7491080
7580712
7598024
7626940
7666388
7593848
7478756
7687788
7529416
7476464
7651720
7601576
7562788
7498648
7605232
7497804
7664752
7577012
7487520
7665832
7498724
7565360
7561676
7553404
7497420
7683508
7508112
7571908
7679352
7602432
7477500
7576580
7605088
7587588
7553256
7601348
7612192
7593424
7479496
7554552
7639484
7424656
7486320
7626964
7494532
7546864
7649384
8783144
7533216
7707908
7488552
7491724
7693152
7558344
7634244
7542056
7566100
7506912
7586112
7580816
7476640
7651484
7533572
7553460
7671648
7478992
7482720
7657760
7479236
7423208
7640656
7555248
7428188
7601736
7769956
7466664
7622936
7499036
7560540
7757204
7513712
7492976
7557324
7532820
7547772
7680628
7588648
7550940
7659360
7724200
7560152
7586320
7482692
9048700
7802704
7652760
7571052
7800752
7510188
7484600
7660316
7557552
7568276
7567060
7540532
7545184
7470664
7652060
7484208
7529704
7561468
7536452
7668556
7582972
7545324
7580452
7414572
7505144
7505216
7924512
7483780
7667456
7568136
7477552
7600248
7736840
7659024
7496872
7506032
7733564
7598492
7682208
7498064
7602844
7479956
7687032
7505928
7584252
7488524
7704736
7480544
7583472
7489592
7569452
7554768
7574848
7488344
7588332
7545404
7492904
7568964
7531872
7564396
7454948
7495108
7536488
7483524
7537700
7566936
7479728
7534772
7576716
7547788
7550848
7489600
7472664
7577764
7583908
7477420
7628200
7536940
7564416
7425808
7496040
9644460
7526964
7537468
7621776
7503996
7451308
7499608
7500064
7541936
7601628
7597872
7622796
7571712
7504932
7555988
7584272
7507724
7492012
7532160
7531812
7487768
7512360
7560756
8707624
7715276
7538560
7479052
7603856
7487128
7603368
7573140
7572576
7580828
7695952
7571568
7568140
7506516
7465168
7572032
7574788
7558760
7494992
7527028
7549956
7500012
7414972
7563972
7494844
7568824
7501356
7483604
7537588
7472876
7555160
7569600
7503556
7582776
7485820
7587192
7617248
7494296
7549324
7502108
 
7568524
9799988
7506924
7540336
7497428
7572680
7473628
7556816
7539008
7488560
7480352
7591264
7624100
7495080
7538520
7510452
7562780
7533340
7550456
7478120
7555908
7489240
7486128
7516024
7557392
7493692
7622124
7696052
7651700
7621584
7683472
7482908
7492680
7494880
7648692
7537356
7491996
7507236
7507168
7550744
7746200
7513052
7669728
7482704
7725900
7580060
7557236
7547648
7595236
7468704
7596944
7583444
7916348
7641248
7491920
7494296
7567112
7547344
7491480
7697820
7489780
7486248
7610064
7588116
7567072
7580880
7495640
7555624
7647660
7470020
7568028
7656928
7558724
7570160
7565064
7557388
7484844
7642780
7583920
7485744
7585940
7574972
7550572
7687384
7522376
7633412
7656612
7665744
7557140
11414096
7490940
7588324
7561016
7513716
7501340
7650480
7565916
7474636
7565708
7592552
7591180
7616040
7573960
10799200
7653964
7481536
7504436
7678200
7581920
7475160
7622552
7691232
7586260
7741964
7519880
7484236
7781576
7514740
7643984
7684132
7575212
7503872
7640528
7557064
7488560
7688592
7504452
7690352
7646488
7609236
7497428
7795336
7527300
7569300
7685068
7473976
7482408
7693764
7497008
7549188
7640592
7495940
7484416
7671308
7589248
7587832
7645028
7507152
7561756
7689428
7572496
7583372
7670080
7489484
7561628
7870440
7589344
7483780
7667560
7577032
7971056
7605844
7531760
7490272
7617972
7501768
7549324
7595288
7566676
7552392
7693296
7487512
7604352
7571504
7589464
7579176
7805384
7565640
7744924
7543984
7559772
7550916
7482220
7626872
7587568
7690464
7560856
7485320
7581276
7750464
7470604
7530712
7490760
7579992
7574900
7476312
7473676
7510972
7574976
7594508
7567020
7480116
7464312
7531888
7559468
7649584
7497876
7457604
7543216
7616248
7650752
7561668
7728952
7597416
7694076
7507284
7488084
7551484
7587040
7588228
7490056
7587768
7556144
7488072
7553452
7589368
7524612
7486600
7504528
7569236
7541956
7495412
7554292
7556864
7490092
7545080
7712752
7570584
7495976
7417256
7504404
7594868
7482800
7531412
7486640
7491836
7543956
7594208
7562360
7566940
7487708
7478188
7485256
7634508
7626436
7578164
7564784
7640416
7548836
7705396
7506376
7555332
7556900
7469628
7734180
7575520
7717644
7567112
7482908
7481792
7720372
7566868
7658120
7541300
7505248
7483272
7547864
7571020
7707456
7482880
7656848
7573592
7707532
7479484
7506436
7437080
7493312
7565480
7483756
7553168
7625284
7478692
7535676
7698004
7591848
7469996
7479360
7564236
11668560
7560828
7558116
7554944
7569212
7584504
7597448
7574340
7553772
7549820
7475320
7470084
11437140
7550812
7509768
7542720
7551560
7593812
7495832
7510412
7554692
7576660
7509392
7505836
7471588
7556340
7559672
7495552
7554212
7548132
7484944
7500396
7569324
7561072
7492172
7576456
7563152
7542636
7495508
7499676
7485768
7619896
7566380
7482416
7571732
7502840
7484824
7597040
7518432
7616500
7491664
7545660
7565376
7571120
7567496
7495816
7571140
9469656
7571284
7616304
7484284
7588444
11647696
7511648
7479768
7540680
7572156
7613172
7516372
7574052
7573192
7566588
7570484
7491240
7613400
7519400
7566384
7517500
7497972
7477280
7591256
7570360
7501452
7543304
7479316
7565464
7549716
7579516
7481168
7526604
7498856
7495120
7550692
7466236
7550300
7544448
7445692
7499280
7555984
7440984
7477288
7837892
7491680
7727872
7604164
7487252
7568980
7636948
7604904
7574020
7598440
7566816
7601332
7551152
7617492
7480652
7650892
7562948
7515272
7818180
7490396
7649060
7626244
7485932
7729404
7583936
7570124
7608132
7585004
7466160
7488112
7729868
7497660
7560708
7691332
7482012
7559276
7647196
7483076
7562332
7596440
7524924
7505860
7574252
7639084
7573008
7552132
7612008
7471408
7654876
7575372
7534264
7646492
7557996
7490576
7584600
7479288
7543528
7672576
7603224
7557996
7681808
7515328
7513004
9207712
7496992
7529740
7737184
7495308
7480740
7613560
7518208
7570984
7713568
7491724
7518068
7579424
7633620
7485356
7685304
7505292
7514216
7576936
7580072
7577140
7692976
7498448
7532480
7559832
7474232
7630240
7552348
7467172
7570576
7662616
7580836
10621008
7685464
7541704
7482400
7574044
7502644
7542832
7693156
8814032
7591656
7746496
7506440
7580332
7600276
7571492
7577956
7611780
7502856
7645640
7721236
7656640
7571812
7569888
7689216
7692736
7627000
7475820
7653464
7701440
7669012
7571752
7655608
7604724
7586272
7465624
7497440
7562892
7542080
7754996
7589416
7518024
7487828
7629128
7491252
7511264
7471472
7513224
7606940
7737616
7477328
7622520
7477316
7777012
7474632
7727472
7471140
7499820
7486644
7558072
7493588
7492880
7520436
7587408
7547604
7523724
7502044
7604408
7597308
7476788
7584448
7487464
7590468
7571876
7471088
7582868
7495204
7493908
7516108
7481412
7505188
7583040
7569764
7570372
7480304
7569508
7585572
7580200
7482240
7474208
7572204
7480712
7512476
7594996
7622452
7583828
7485848
7575788
7587900
7483040
7599756
7622364
7595752
7574500
7506264
7480148
7533640
7585064
7565708
7496216
7578872
7491944
7477096
7487428
7502516
7588752
7688608
7579560
7496112
7481572
7598516
7633332
7522020
7474120
7484604
7561080
7650024
7501656
7486712
7561428
7559636
7507156
7492236
7562196
7580716
7607644
7481772
7569048
7582376
7722636
7578380
7503956
7490792
7583892
7582188
7558680
7593504
7639492
7509532
7494124
7483868
7558480
7567128
7513896
7572648
7463300
7600952
7466844
7643744
7598312
7575616
8037948
7622560
7589208
7453580
7737848
7490072
7839760
7624332
7583932
7612292
7627836
7580456
7551020
7597728
7605468
7502136
7526404
7584704
7510960
7617140
7485980
7507168
7623828
7593700
7559148
7625308
7498728
7492800
7503000
7556172
7494316
7537668
7490636
7489112
7635248
7560092
7598836
7639740
7543096
7586708
7540880
7656304
7480280
7694116
7577020
7690628
7606516
7482732
7554236
7646868
7520788
7563736
7558836
7563480
7678796
7643160
7497576
7638756
7617100
7489632
7558256
7595956
7421248
7486376
7662736
7564264
7476244
7601704
7582516
7467608
7631652
7515940
7483556
7656352
7571548
7489944
7639680
7491664
7485888
7651400
7494492
7566900
7671116
7559392
7534220
7540952
7589716
7478176
7520564
7569224
7533744
7652276
7413116
7482896
7713284
7547396
7540124
7714032
7688484
7559176
7671444
7497860
7494396
7664112
7556408
7581480
7598364
7767176
7608612
7580092
7587460
7555908
7792700
7561744
7502760
7824464
7566880
7506804
7645784
7490996
7581656
7587420
7579160
7588112
7668048
7583840
7497328
7583492
7528640
7492296
7671972
7597124
7478536
7637652
7593212
7575344
7643360
7492764
7586108
7469860
7473456
7593396
7496644
7492308
7586252
7583656
7480736
7600424
7605240
7485176
7575864
7549264
7510556
7573816
7596596
7522136
7487512
7523232
7485212
7589712
7399716
7646068
7593832
7600384
7542576
7500016
7583560
7474264
7484324
7472580
7550968
7577740
7636648
7498516
7480404
7592936
7511048
7484932
7600300
7490076
7529824
7561496
7484184
7584372
7593372
7583292
7588480
7580336
7567316
7440032
7484424
7491048
7506052
7477856
7592224
7422828
7409360
7469392
7587468
7559324
7456776
7503424
7407100
7420868
7441656
7421840
7467964
7475748
7517552
7444912
7425888
7493552
7487968
7419504
7524348
7506872
7652024
7429440
7546408
7474224
7493636
7572300
7554544
7421308
7471924
7578568
7489812
7480412
7466284
7491264
7410348
7549416
7534604
7406536
7498140
7473860
7480760
7476384
7492624
7441440
7431808
7572804
7512768
7626652
7485332
7410368
7434052
7524920
7450172
7566808
7503324
7454540
7477860
7413348
7479672
7423188
7572400
7578764
7419588
7451016
7405104
7570852
7479064
7585136
10025716
11347280
7538104
7576652
7481792
7431892
11381036
7470512
7600608
7511184
7566188
7506364
7420984
7569444
7501444
7476396
7415920
7433092
7660400
7408540
7489788
7534180
7450036
7507016
7564524
7559108
7474832
7433752
7483584
7610468
7436508
7485644
7510820
7567964
7493340
7553148
7962532
7556504
7676736
7413560
7663408
7527888
7491648
11390520
7520284
7434744
7441152
7580716
7503040
7487976
7630728
7497548
7429316
7485124
7424456
7544348
7518544
7484580
7456880
7568880
7478456
7495676
7561584
7417816
7582804
7554616
7491248
7456720
7529324
7423056
7503020
7588340
7466276
7589184
7569772
7542248
7478164
7598488
7477356
7566536
7661520
7517052
 
7566848
7673728
7462656
7557720
7706732
7580340
7505288
7570500
7575504
7533004
7669740
7487228
7571756
7721024
7490768
7563624
7579696
7571868
7499512
7791580
7618744
7595244
11365592
7562952
7498980
7678476
7436848
7497296
7614844
7574140
7560788
7612792
7555900
7496776
7667632
7494940
7498744
7694112
7579076
7488148
7593300
7506732
7559400
7634608
7493972
7481572
7719616
7491204
7519084
7607052
7586236
7545724
7705288
7503640
7574416
7692508
7474292
8569960
7576580
7497476
7495700
7657828
7506712
7468184
7655476
7492916
7526516
9655968
7793372
7491880
7597020
7556480
7551440
7665656
7568992
7555272
7701640
7536456
7473676
7616828
7539084
7599004
7677332
7488788
7604268
7649140
7518724
7561704
7627968
7503432
7521888
7516316
7489104
7571100
7581164
7478448
7479668
7654584
7575304
7492188
7644072
7569100
7476400
8380236
7527924
7723336
7496992
7751992
7788688
7475700
7779092
7561924
7581868
7481104
7553760
7613900
7479576
7494440
7592900
7607504
7586808
7514444
7585648
7480956
7767452
7552308
11036336
7685268
7596656
7553208
7497736
7574884
7485084
7433308
7658704
7575940
7575036
7646940
7554200
7454904
7717072
7584304
7556696
7626048
7547736
7723964
7563032
7589536
7494116
7497208
7457052
7474888
7569232
7478360
8431856
7513036
7538416
7559292
7515492
7670392
7468684
7550072
7552880
7587788
7557416
7585612
7472172
7468540
7548248
7487452
7491448
7630484
7489424
7551308
7693948
7502432
7532884
7596860
7573300
7613548
7583388
7584656
7563292
7484916
7503460
7504872
7564460
7582836
7485892
7580672
7560360
7575176
7564948
7495980
7488008
7574616
7750100
7494008
7561512
7474820
7584740
7582776
7486336
7524820
7565116
7552196
11348972
7794404
7889060
7533104
7558352
7476316
7592976
7547676
7496140
7465928
7662376
7543096
7705604
7614944
7583500
7468456
7553780
7803800
7576552
9451744
7553428
7501088
7481604
7513584
7789192
7508396
7478968
7603700
7488644
7532648
7520224
7486460
7552664
7642536
7570912
7527524
7576856
7524732
7503716
7616768
7630228
7554472
7621316
7573944
7471256
7644884
7488148
7471132
7599216
7481412
7789780
7596388
7778652
7489652
7525716
7567148
7779944
7544004
7496308
7642832
7617980
7588108
7571156
7707540
7485988
7492076
7804744
7469052
7484324
7620532
7580204
9966268
7849476
7590032
7493388
7553352
7487088
7551712
7537132
7551792
7566744
7643692
7499336
7621180
7553848
7552284
7570700
7589392
7506556
7579036
7646284
7498376
7463412
7607804
7551300
7485404
7593928
7624968
7586100
7552216
7686596
7479980
7723504
7562436
7563600
7543220
7490468
7477884
7636664
7563132
7475660
7679736
7559136
7647524
7628500
7551044
7480008
7783972
7566272
7538012
7586780
7559688
11516968
7581888
7579136
7477508
7707176
7560008
7433712
7674488
7548764
7427656
7554124
7578040
7423452
7586572
7507280
7422132
7559900
7474952
7489216
7540272
7507800
7411452
7549220
7451380
11110984
7976220
7418712
7480348
7626032
7506236
7417576
7705564
7480332
7612076
7544268
7491668
7658992
7589864
7594216
7416400
7558900
7609048
7881520
7740372
7426016
7418512
7758436
7479448
7510688
11701620
7488476
7437188
7601840
7504340
7529168
7552952
7527148
7486840
7544960
7470804
7494096
7526540
7429700
7549224
7668936
7437492
7433792
7618760
7567552
7547112
7684708
7575200
7568820
7609368
7578824
7482012
7721656
7498364
7564000
7703940
7480388
7618980
7783008
7564608
7495728
7671360
7509880
7604284
7691856
7480168
7593032
7686760
7713924
7521660
7667324
7483596
7508984
7576452
11203488
7568940
7716148
7602556
7419988
7686948
7556480
7595300
7651984
7517716
7541892
7553580
7585324
7488492
7571620
7494128
7516856
7566904
7579676
7560284
7597140
7508312
7494512
7509352
7557184
10047316
7524052
7636588
7579680
7527188
7488300
7580148
7542088
7556744
7574056
7585100
7486836
7502060
7535720
7503156
7523500
7512576
7494124
7561936
7588792
7414844
7486888
7592288
7590308
7480932
7522892
7553448
11313768
7517588
7429508
7433056
7538428
7562636
7561696
7500536
7569692
7493216
7533004
7543108
7483996
7584272
7574144
7495720
7482188
7584040
7630384
7511368
7554180
7558384
7493172
7555876
7496468
7548204
7498920
7556688
7552048
7473924
7493636
7561216
7553280
7496248
7503332
7573640
7491256
7582312
7492912
7556136
7556776
7579364
7557000
7501064
7566936
7528436
7504980
10406236
7553696
7566232
7521008
7484512
7540232
7451792
7565400
7645652
7490764
7574672
7555064
7598412
7716428
7480944
7743636
7868264
7584532
7554960
7569812
7560536
7726084
7537756
11776996
7489740
7521604
7542168
7612900
7435360
7494148
7513840
7577152
7489560
7495248
7702004
7487948
7579440
7569376
7591476
7499144
7624244
7515688
7588384
7558480
7641888
7525556
7556676
7565164
7535952
7582680
7625040
7507848
7590892
7481392
7652396
7596280
7495024
7498732
7575024
7623312
7585280
7489272
7501972
7595996
7523476
7528620
7688612
7604236
7716728
7555040
7629736
7569884
7615732
7593980
7723380
7631000
7522904
7496252
7641128
7492788
7676676
7673264
7501500
7490436
10962704
7584864
7495732
7610988
7591528
7486080
7614180
7578124
7488452
7629136
7588880
7482156
7620752
7569628
7506968
7574960
7486300
7668168
7630296
7699528
7538512
7683544
7566836
7549388
7583112
7488236
7492832
7657828
7563984
7718584
7637492
7725312
7867988
7716508
7488728
7685336
7629572
7519800
7517416
7607624
7598200
7624572
7577016
7536160
7502200
7625116
7565816
7513144
7592528
7591744
7583384
7680416
7492580
7512108
7599480
7661116
7559564
7615220
7491996
7509688
7721352
7787944
7464680
7752192
7581032
7503604
7620368
7655560
7480728
7604252
7571216
7512740
7695828
7572596
7493236
7692564
7491712
7564916
7832280
7457964
7625136
7647428
7629812
7480008
7636148
7592208
7549108
7709928
7472024
7772316
7629192
7486652
7528428
7609604
7572540
7486160
7588264
7631932
7483320
7662408
7566020
7581516
7664012
7584220
7574720
7586780
7551736
7564204
7708396
7517888
7568632
7649356
7481784
7664328
7596056
10276888
7589224
7602464
7507576
7491528
7667424
7579096
7508948
7679216
7478172
7480456
7571820
7595560
7563536
7564896
7493532
7478940
7540468
7558020
7594120
7571736
7574720
7560352
7579064
7484460
7489924
7534528
7602948
7408440
7446324
7569920
7474640
7563792
7528560
7490972
7598412
7543128
7549184
7498748
7548512
7478372
7582024
7520340
7524808
7913636
7570512
7573928
7552796
7594508
7555612
7435816
7503344
7555240
7536812
7578476
7582796
7588944
7586544
7479068
7535248
7573884
7540528
7573108
7571564
7475840
7544132
7601392
7480172
7598096
7574016
7569844
7578192
7568148
7552028
7401624
7472996
7580388
7595040
7561916
7529508
7587724
7571348
7708512
7492728
7547740
7594172
7507180
7632948
7545488
7730768
7609532
7477068
7570972
7554768
7703488
11860084
7624400
7474992
7494260
7487628
7639492
7637764
7467760
7606744
7550172
7566452
7536144
7570964
7579232
7470668
7553720
7472964
7580260
7640940
7549276
7469640
7496884
7576968
7558504
7492064
7488352
7538292
7632480
7754136
7563708
7871332
7516908
7491404
7485896
7673016
7574868
7587128
7939536
7640744
7584520
7671852
7492292
7577680
7524972
7654800
7503616
7713116
7570600
7498080
7560464
7587560
7495076
7551936
7494744
7573556
7595512
7835028
7586672
7537524
7477624
7556232
7620532
7653604
7546492
7644340
7560380
7680924
7543756
7486128
7550156
7634880
7482792
7485172
7637884
7571060
7706376
7528288
7552208
7734196
7627420
7553940
7483096
7546996
7486168
7580292
7511824
7428324
7421664
7729500
7491716
7496528
7667760
7733044
7601648
7567336
7490836
7478544
7570708
7632444
11312920
7788576
7568408
7594392
7573384
7518704
7544300
7603688
7483272
7558212
7657000
7602640
7708108
7993436
7495344
7486036
7671756
7486532
7768060
7814864
7561792
7599188
7785340
7486560
7455560
7665940
7608008
7564004
7599824
7592192
7568964
7721552
7485552
7560460
7703532
7561212
7582124
7595284
7576984
7479732
7543364
7552532
7564012
7615700
7583820
7509660
7590516
7477680
7545040
7573996
7558956
7549776
7568212
7481104
7551648
7664968
7481920
7449152
7720296
7559696
7587188
7671840
7554112
7554584
7716868
7527388
7556976
7595036
7545008
7575092
9365044
7640204
7491536
7638556
7489200
7548316
7597568
7652228
7451296
7750228
7557572
7483260
 
7752604
7473976
7532032
7618908
7670780
7551100
7587716
7485936
7562188
7645308
7519672
7487388
7528264
7490700
7505168
7600720
7491972
7502656
7592988
7411088
7471164
7649940
7473428
7555416
7505836
7764116
7561168
7700232
7490992
7561996
7582324
7495548
7480632
7618520
7516768
7575028
7638084
7560796
7499744
7599472
7477544
7512708
7579100
7565312
7408348
7654064
7563752
7577012
7504896
7573976
7484468
7481924
7557584
7598908
7490424
7686992
7484352
7514060
7580824
7568120
7585560
7549908
7492088
7472624
7526632
7554112
7449040
7499212
7473192
7562692
7488372
7563964
7597972
7501168
7470000
7478568
7572360
7572776
7494944
7903308
7490772
7700904
7537848
7507664
7482248
7550812
7593920
7538492
7490048
7553392
7469840
7561004
7502604
7488212
7496424
7557352
7568988
7606784
7505212
7560084
7638868
7586016
7719752
7592592
7556764
7559232
7573204
7495076
7630084
7575912
7546836
7636756
7492332
7469012
7584264
7427476
7507416
7554736
7555708
7594976
7558500
7585052
7495380
7532884
7476036
7598004
7484304
7591268
7547808
7484356
7612536
7496340
7559976
7568896
7585220
7477176
7577816
8071424
7564108
7506508
7864532
7568688
7489728
8982340
7552188
7595500
7554140
7743188
7579548
7487028
7563260
7636088
7495856
7644192
7591400
7723464
7571452
7558104
7552780
7784824
7506172
7574740
7591064
7752312
7543904
7560468
7597052
7748188
7493448
7684440
7498344
7655464
7594160
7599336
7575324
7529072
7573044
7638308
7510820
7625504
7560360
7566020
7547256
7462544
7683544
7579652
7488664
7566568
7471708
7523600
7615936
7488448
7486500
7639364
7482488
7496308
7931932
7561136
7670052
11308048
7614204
7564900
7557744
7453008
7719508
7672892
7575836
7482500
7613588
7570008
7536716
7652520
7595932
7563648
7522984
7500380
7564412
7633500
7515036
7475944
7548316
7558508
7500616
7725548
7575236
7572100
7666276
7483700
7566312
7639140
7705012
7499020
7586900
7566904
7576028
7662612
7579784
7557620
7701980
7704084
7495840
7669944
7555888
7539712
7606880
7494944
11146312
8261168
7481016
7564076
7663408
7568928
7500584
7631268
7571356
7576384
7690264
7556108
7742448
7660232
7483648
7500216
7762188
7561720
7487560
7569424
7472080
7550516
7845852
7468928
7713348
7678200
7730908
7489656
7835624
7554004
7566336
7597084
7650548
7491024
7604320
7726572
7547764
7684308
7486132
7489484
7662180
7707292
7422084
7571520
7492472
8521028
7723048
7477192
7594484
7629304
7560520
7548412
8083652
7600356
8397760
7722960
11325812
7582936
7634164
7468736
7511900
7710840
7575616
7591336
7676852
7493860
7585464
7714460
7558200
7582584
7611916
7613220
7467020
7716124
7497608
7508216
7690544
7576696
7592744
7695552
7512112
7452720
7611788
7481712
7594904
7554880
7481116
7550892
7572028
7417480
7593572
7555836
7596816
7552136
7629840
7475236
7561264
7637584
7582044
7578424
7570288
7478224
7533512
7669052
7532480
7481212
7633116
7568144
12781084
7650668
7487140
7624800
7622232
7710524
7565868
7542648
7482360
7568548
7547440
7494684
7580428
7691884
7474328
7564900
7641276
7574104
7477544
7579636
7494948
7644736
7622356
7582452
7478604
7676472
7564368
7756620
7564152
7555676
7497616
7564068
7575764
7709872
7494064
7451236
7556488
7600228
7566896
7681344
7575900
7672288
7576324
7676776
7562216
7727840
7564980
7497716
7552336
7716300
7551204
7657800
7478636
7481432
7574336
7560784
7573956
7482500
7499188
7525588
7482984
7512388
7598332
7564364
7575504
11475152
7495624
7491704
7586356
7567448
7486408
7582872
7502636
7489308
7747744
7562188
7488252
7665992
7487956
7543892
7558440
7503040
7467688
7482416
7482856
7465388
7546300
7526324
7540180
7571136
7475108
7524464
7502872
7565156
7541812
7543044
7590932
7582056
7475764
7564972
7694032
7593688
7549172
7476760
7563336
7480712
7568800
8852420
7804204
7712540
7775500
9287116
7855088
7558424
7730004
7700676
7804836
7672020
7705292
7684368
7746748
7642532
7572268
7728928
7885624
7661280
7713616
7649996
7682748
7650340
7711380
7716360
7735120
7632748
7694664
7808808
7707060
7713144
7742044
7661468
7865756
7572156
7863776
7641508
7850624
7735816
7824484
7660620
7837564
7716348
7739132
7747252
7630076
7697664
7708304
7749996
7857980
7620020
7635828
7734340
7712312
7862316
7637920
7821436
7629616
7749760
7727136
7719240
7897020
7640496
7733064
7688980
7641336
7714736
7672396
7810500
7733304
7644556
7747908
7708460
7627852
7646780
7711460
7735668
7664236
7822756
7643692
7807128
7723036
7882424
7646912
7706004
7710716
7723452
7650692
7828456
7725788
7769732
7700104
7710288
7662820
7742768
7576692
7618528
7639964
7710216
7634372
7758916
7657024
7615856
7715952
7711844
7637336
7685084
7746748
8042420
7710948
7653188
7739048
7721560
7867384
7719604
8847472
7733288
7827420
7739804
7656592
7721128
7823684
7720976
7728532
7638720
7795360
7719512
7887224
7719536
7729588
7651036
7724424
7658796
7596668
7707588
7657360
7755948
7903196
7637940
7746368
7725896
7791664
7595208
7720156
7663304
7748364
7722244
7711812
7647272
7743848
7815104
7599316
7643476
7810832
7654928
7736440
7729128
7871976
7669792
7717868
7655500
7638904
7722124
7706988
7701516
7764792
7717292
7645348
7634108
7685052
7732280
7674676
8306936
7657244
7698584
7766192
7748984
7703724
7668292
11524648
7703140
7770052
7662468
7761216
7658688
7703784
7645624
7718968
7666624
7686472
7663212
7749412
7721268
7677976
7688732
7592592
7716000
7647620
7734484
7678148
7742680
7713276
7684100
7725700
7647760
7643768
7740960
7651424
7810020
7660688
7736484
7726768
7864288
7721844
7737788
7639044
7706688
7764884
7645408
7687356
7625876
7624148
7857812
7582064
7699312
7721208
7811620
7615736
7787436
7672960
7895464
7706832
7805756
7615260
7692124
7649624
7629956
7634316
7862532
7701652
7702612
11390576
7645216
7751880
7564840
7717340
7621452
7778272
7706604
7720480
7664440
7630528
7622044
7657676
7723996
7723632
7582896
7877576
7724968
7588172
7702968
7794836
7667456
7821632
7705260
7769920
7706724
7784656
7662924
7650572
7632912
7652732
7709004
7703028
7696956
7630020
7724052
7818412
7624508
7820744
7688880
7642656
7693128
7834868
7705040
7727112
7784020
7637040
7649364
7751916
7649708
7717192
7703620
7716396
7633840
7703256
7816520
7622528
11704748
7658904
7653192
7727036
7773360
7719332
7975496
7676084
7844888
7631064
7821432
7639988
7711748
7707708
7720732
7740616
7723556
7657896
7731988
7642648
7923300
7724468
7766104
7753948
7871904
7665984
7626504
7768556
7787196
7678824
7648448
7739148
7767280
7744712
7743052
7902512
7661900
7903456
7664800
7899072
7730856
7880568
7743940
7923264
7752836
7877988
7686808
7821824
7647080
7820172
7651368
7731632
7745232
7760472
7648556
7735680
7650948
7712764
7764288
7690952
7682444
7862432
7756204
7945424
7831832
7727200
7672572
7720108
7653372
7747616
7899420
7732432
7638504
7725924
7699324
7741832
7664288
7710460
7695116
7637524
7726560
7659528
7645200
7703404
7716852
7715228
7585180
7645376
7705600
7687580
7682408
7604864
7728232
7705408
7607716
7640460
7757580
7603296
7727528
7731504
9742244
7648000
7738052
7760476
7631064
7726616
7704496
7668408
7791388
7712624
7656748
7719240
7697964
7681892
7709800
7626328
7717292
7651236
7721512
7654380
7693424
7749148
7721588
7649312
7642144
7716880
7718396
7635584
7648056
7714056
7734324
7713968
7663012
7615460
7734324
7693920
7640536
7719148
7645148
7767192
7669756
7645496
7722368
7758312
7712288
7658972
7643188
7637780
7819044
7685352
7724552
11367904
7813448
7654624
7729000
7721332
7734964
7703804
7727492
7676104
11445584
7955520
7693208
7728400
7658708
7751476
7599336
7720560
7708548
7738680
7634672
7756144
7729316
7740232
7688272
7619300
7859172
7737488
7800852
7638144
7729104
7821152
7718376
7903136
7674960
7724740
7715236
7903764
7639236
11359856
7721620
7649536
7684916
7768016
7711768
7710780
7725544
7655032
7675556
7744772
7653788
7621588
7717380
7726152
7738184
7717732
7707700
7710312
7715748
7720576
7743696
7706960
7649384
7737312
7667004
7641640
7699804
7608256
7733748
7680832
7756900
7712996
7680296
7678028
7661256
7709972
7784324
7733644
7715336
7654592
7668220
7709340
7641496
13096576
7667172
7744844
8010592
7736912
7694652
7641592
7734740
 
7711124
7704284
7746980
7626016
7627464
7675548
7718916
7673512
7745996
7634288
7834804
7703808
7653600
7665708
7715464
7740064
7640740
7651940
7817944
7642968
7713988
7644168
7744740
7675072
7746188
7866340
7727440
7748200
7757016
7637804
7710508
7631208
7627188
7657192
7694340
7718288
7694532
7718440
7633328
7682776
7712920
7655772
7571444
7593548
7560240
7709852
7782444
7653308
7695060
7688764
7721432
7664404
7627128
7759048
7877356
7710912
7669488
7640568
7596804
7725844
7738912
7636884
7723144
7745932
7746716
7722280
7718340
7696356
7832812
7708136
7688940
7716508
7760192
7611168
7700176
7635124
7651540
7727268
7643748
7689776
7866932
7736092
7696024
7589312
7564456
7679760
7687000
7688912
7735016
7637820
7905128
7716888
7707164
7660928
7623624
7703192
7698156
7727496
7628096
7900352
7747816
7655264
7707144
7589792
7635728
7732348
7811748
7692876
7712856
7638680
7647340
7736420
10181156
7748484
7746120
7717348
7661168
7655820
7693848
7658632
7727548
7690224
7671364
7650076
7733912
7731576
7720332
7647780
7619488
7680216
7618024
7747692
7626212
7634320
7720484
7626296
7782684
7645152
7695252
7704524
9505272
7660296
7746476
7722216
7751848
7732912
7732236
7637452
7630600
7736216
7718044
7747356
7716828
7632384
7635076
7690876
7642236
7687056
7659892
7635996
7577268
7723292
7626640
7750244
7647108
7737140
7648120
7651524
7624892
7715516
7638244
7691360
7605208
7664480
7628192
7724964
7559556
7656848
7691172
7700740
7645864
7636120
7775904
7640288
7629796
7648744
7574400
7582128
7583188
8741976
7689512
7679224
7860288
7703892
7584176
7654332
7791268
7707004
7686728
7686852
7849348
7685880
7526812
7588996
7731932
7642368
7628412
7582080
7691840
7700392
7627264
7719828
7580324
7572472
7617972
7576200
7706948
7704136
7502852
7575680
7670744
7790648
7573644
7643752
7646992
7796516
7650620
7552960
7579456
7638180
7769352
7652556
7579856
7575388
7708024
7610396
7592620
11446716
7625696
7629204
7644164
7604360
7577212
7582524
7647012
7646748
7796032
7588188
7635908
7738736
7734928
7600956
7599972
7636792
7607688
7635904
7702348
7532204
7561984
7631852
7684860
7683124
7670892
7606928
7651912
7671168
7551112
7605952
7710464
7625836
7793712
7657288
7552928
7657620
7551292
7643312
7664200
7561796
7668384
7713484
7629256
7632056
7590648
7604532
7684756
7648320
7626920
7717416
7594932
7617000
7678264
7621952
7716752
7746180
7713772
7568328
7595584
7712048
7652096
7557996
7578576
7733912
7586444
7701408
7567708
7638940
7677040
7586780
7617040
7598916
7649956
7646952
7587712
7681144
7711816
7575828
7571332
7656420
7618896
7620828
7620128
7626676
7649680
7654540
7666744
7684240
7583616
7638828
7577356
7588644
7635584
7663488
7604500
7564568
7573756
7635976
7662828
7650904
7573024
7569788
7660420
7773520
7620224
7646624
7705096
7568368
7717456
7657136
7681124
7662444
7653240
7672836
7715208
7568040
7643472
7678504
7644988
7595264
7557092
7571948
7572236
7875216
7611680
7672572
7668620
7579276
7686212
7638796
7580468
7644708
7656376
7694996
7644180
7571432
7671636
7687740
7625924
7669792
7644640
7638584
7646892
7561532
7598580
7642020
7691420
7620420
7663820
7617920
7658024
7667808
7678384
7676184
7650384
7551776
7581680
7568748
7669572
7685844
7571364
7603712
7580248
7661052
7656968
7572388
7661616
7544476
7642552
7716100
7675844
7621832
7702700
7686756
7713116
7686572
7677196
7731072
7630272
7677640
7726196
7644344
7565748
7727064
7729148
7729904
7719752
7664272
7716352
7730992
7631456
7723328
7739644
7647324
7656044
7646132
7701352
7669020
7722700
7653272
7640240
11769576
7741456
7698464
7715680
7679592
7690852
7675108
7651864
7651076
7751268
7722096
7733716
7660396
7729704
7707292
7735104
7628092
7671956
7653924
7642092
7725912
7654164
7710792
7647380
7722672
7645900
7750100
7744004
7640440
7638632
7732820
7706056
7651168
7655724
7762640
7748616
7702944
7641696
7772528
7726364
7644764
12004932
7660628
7717232
7756240
7687736
7649060
7649196
7667728
7711736
7717356
7755652
7716568
7657148
7654364
7740192
7812544
7627764
7719300
7748240
7742100
7637176
7745864
11004720
7657248
7750716
7738772
7733724
7660360
7721656
7724412
7637016
7650528
7708388
7645772
7704388
7699768
7633436
7663328
7716820
7585044
7712408
7640996
7744840
7637108
7708572
7692068
7720424
7718696
7713284
7756764
7655000
7647360
7757708
7765696
7635088
7926844
7669084
7688616
7750692
7632444
7705052
7652576
7738248
7593508
7650092
7627944
7704556
7667820
7715728
7721172
7632272
7623792
7708288
7659420
7666316
7707828
7728712
7744900
7712784
7739928
7746704
7674532
7717172
7717276
7768424
7733396
7726740
7754160
7731408
7747652
7645184
7751948
7724760
7719264
7741240
7667924
7493428
7659492
7702792
7711948
7731524
7708428
7643040
7638908
7624260
7698040
7737320
7757996
7653676
7617808
7654876
7718920
7659160
7655896
7579916
7655452
7716004
7731104
7672416
7639152
7681292
7734212
7730864
7683016
7770452
7735124
7633252
7742156
7663916
7692016
7726884
7640516
7676764
7681340
7646808
7593488
7692064
7712284
7600456
7598244
7649724
7812376
7707276
7733752
7684328
7638484
7650880
7749648
7726896
7717244
7619728
7703636
7637248
7707072
7724396
7647416
7694688
7686896
7731744
7703124
7650760
7573520
7706116
7622232
7646216
7686800
7642432
7672028
10730560
7998084
7707892
7677340
7634972
7769408
7635232
7871460
7692952
7636448
7642684
7728968
7676144
7631264
7723920
7746856
7722676
7722392
7665908
7701928
7633472
7609636
7878160
7674436
7659364
7621524
7719408
7625276
7687192
7639188
7620792
7619176
7717304
7624276
7720152
7644820
7661916
7657836
7670376
7700576
7653084
7694280
7736648
11676000
7840024
7671312
7729484
7716764
7736928
7651644
7649644
7664092
7703676
7722764
7659380
8795916
7950312
7638200
7878100
7739988
7719368
7698040
7856332
7632172
7793164
7697952
7704784
7735892
7655696
7649756
7710576
7690796
7791280
7745904
7864240
7752460
7896220
7702928
7644088
7648216
7802608
7729232
7714864
7704908
7701032
7602548
7650956
7642976
7770720
7690412
7679892
7684156
7571620
7637824
11881848
7713256
7660340
7696748
7765496
7674432
7632420
7728536
7639684
7714356
7757368
7632752
7646000
7880832
7839804
7691872
7663640
7637304
7645304
7625188
7664932
7627452
7719416
7618124
7733128
7650548
7639936
7711072
7658704
7702152
7687156
7731320
7643964
7707700
7717732
7729236
7637808
7751952
7732392
7672220
7716796
7693960
7709792
7752412
7606052
7742752
7640868
7805304
7645032
7790744
7721392
7793868
7815484
7608300
7774056
7661328
7711068
7730024
7678504
7747216
7700608
7806140
7682712
7724652
7673708
12028152
7632980
7748508
7750768
7643124
7653896
7698540
7737548
7744784
7732352
7659092
7731848
7625792
7617936
7752676
7722604
7735336
7719596
7648376
7739064
7728212
7766952
7738132
7594164
7752472
7741436
7639828
7708380
7640684
7743276
7738344
7771244
7650308
7681184
7771936
7851820
7708624
7725552
10092132
7735892
7724028
7742824
7628840
7700348
7752568
8019288
7728592
7663496
7623008
7652828
7751288
7918120
7647044
7760072
7708428
7581116
7672504
7808636
7729892
7617576
7649608
7724108
7646132
7644104
7745180
7654428
7748460
7593528
7741608
7729788
7627920
7730232
7884544
7757316
7752988
7641172
7644060
7746576
7750580
7597440
7659184
7649280
7675760
7762004
7936284
7760108
7628812
7719068
7709980
7714960
7662204
7759804
7916540
7722904
7752308
7763736
8688120
7722460
7660928
7652964
7735184
7726848
7928464
7796320
7631900
7722080
7618492
7670956
7688052
7514840
7676340
7657564
7747028
7624348
7733696
7656444
7589424
7778904
7733204
7614280
7686948
7782952
7583428
7719616
7681844
7689072
7636236
7637288
7693288
7749388
7623976
7604688
7713472
7653480
7679196
7638392
7799600
7620048
7736820
7810044
7730508
7660452
7727628
11744472
7903228
7691096
7675792
7840572
7687424
7693472
7727840
7708680
7640224
7592412
7640888
7714308
7879356
7726132
7911680
7718224
7632204
7620168
7793296
7713432
7742816
7631472
7681532
7704036
7714276
7580796
7653600
7735956
7615760
7711264
7635528
7749032
7700240
7721504
7625808
7711952
7649956
7782756
7717320
7686292
7721864
7743384
7725752
7906604
7645700
7741700
7756564
7745056
7726988
 
7768956
7705820
7980912
7742548
7641632
7718960
10464680
9995128
7772764
7741428
7734044
7777280
7647996
7633436
7897808
7706384
7759852
7651828
7649264
7807280
7662908
7712336
7635128
7835424
7644768
7648508
7746936
7728472
7718324
7622124
7677580
7699572
7699480
7637976
7677264
7629252
7673908
7625876
7707260
7740996
7651680
7681692
7681332
7707608
7634084
7655304
7632548
7708840
7703464
7753872
7691492
7748612
7649740
7696180
7720132
7625152
7738164
7724856
7594328
11469048
7723680
7746032
7707316
7777412
7643708
7675464
7648684
7623860
7586984
7724836
7725876
7612716
7738052
7674868
7606156
7720244
7753700
7725180
7708168
7699108
7633288
7704360
7710708
7647764
7657076
7753608
7647200
7725424
7702820
7634368
7846792
7649228
7727880
7715064
7666344
7709944
7714248
7639544
7688408
7724248
7674560
11395272
7565504
7695160
7696552
7687884
7645932
7695064
7625032
7750776
7825600
7726420
7698924
7848676
7745180
7659472
7738008
7776816
7794964
7678040
7708932
7740192
7706792
7668256
7677608
7700016
7725808
7684608
7673528
7794408
7643160
7741788
7754244
7648564
7642176
7740484
7634636
7633124
7712096
7562240
7671992
7726128
7702236
7639576
7741240
7723376
7665876
7729752
7726504
7755884
7665036
7655040
7740124
7644092
12253856
7649612
7750156
7714408
7721416
7757412
7847988
7647020
7650096
7704168
7627200
7691048
7631136
7728532
7588216
7718632
7759852
7649600
7565068
7600248
7643624
7767100
7495936
7713740
7776536
7632184
7711024
7715660
7666092
7655332
7665684
7670880
7631908
7632132
7715808
7734728
7712980
7698304
7662028
7711012
7904936
7820572
7743740
7585540
7734932
7889964
7694728
7671056
7619796
7674416
7719904
7707252
7718104
7707356
7625560
7573384
7640692
7707220
7572060
7616008
7725628
7589016
7690368
7725332
7616332
7839640
7714528
7863008
7638276
7745680
7679960
7767376
7755352
7606756
7707780
7740136
7678516
7744732
7709104
7658188
7637136
7666932
7695836
7763328
7625640
7712944
7699884
7744848
7603548
7719512
7644516
10107712
7739000
7669812
7700580
7573532
7665048
7725044
7650248
7660892
7752576
7749912
7750060
7639892
7707152
7764284
7672912
7640204
7721732
7744500
7744544
7744772
7661368
7734484
7750924
7721260
7565656
7644688
7656256
7740848
7749236
7641304
7642196
7732348
7751772
7697944
7682888
7641916
7655292
7699464
7712464
7627728
7753000
7631516
7705296
7717196
7675136
7717740
7659352
7644688
7708948
7830912
7662272
7634656
7639328
7705380
7635496
8027432
8016780
7647140
7587572
7655328
7686192
7753768
7698856
7722624
7631712
7696560
7609232
7744024
7902104
7713476
7665988
7733940
7847668
7740732
7633584
7652640
7733828
7710016
7734976
7817464
7677172
7659708
7716264
7639988
7663012
7735068
7728352
7693920
7700764
7650352
7583608
7749232
7691680
7791356
7736120
7653780
7799764
7700788
7688772
11435932
7671692
7691092
7712376
7803580
7676056
12506808
7741572
7747436
7680472
7666472
7640524
7679828
7733780
7635056
7712136
7742004
7644676
7710840
7744384
7699336
7639332
7623980
7658264
7708416
7744168
7679160
7647260
7613480
7713316
7716064
7696648
7712640
7634516
7742976
7668924
7742220
7667284
7707136
7634596
7725536
7648464
7856236
7721932
7716876
7648284
7806380
7641256
7703784
7730860
7726912
7724900
7662696
7729288
7749076
7834032
7617128
10479092
7891800
7630964
7743660
7746548
7630664
7662952
7652760
7661868
7750852
7665716
7692428
7756560
7673480
7658660
7744180
7685628
7739932
7569288
7643632
7709800
7728240
7739048
7680296
7949128
7665868
7722324
7735344
7734860
7653740
7732608
7632888
7788028
7718944
7746236
7678376
7763596
7887116
7865608
7571520
7742256
7717168
7703364
7702312
7733368
7591064
7650300
10512060
7608180
7742992
7728544
7686512
7735528
7743064
7719784
7739784
7711688
7632320
7648592
7629008
7664652
7704656
7694168
7668424
7618560
7718068
7659620
7770296
7650984
7579620
7723004
7702408
7678156
7720488
7650352
7601268
7731884
7730540
7696276
7636184
7805000
7598932
7716912
7739668
9758004
7751556
7655076
7606076
7786096
7639448
7743684
7759612
7726804
7642404
9077716
7627440
7811936
7664436
7721152
7722480
7747628
7736188
7705056
7665540
7717748
7715524
7650888
7663164
7705888
7648448
7643864
7718156
7633860
7653208
7649820
7732144
7737792
7652724
7739644
7752356
7639048
7723892
7727244
7716172
7734676
7645688
7734412
7735992
7749744
7793980
10657780
7724988
7653856
7661800
7630128
7705744
7669060
7647684
7612272
7712712
9370496
7990996
7712548
7632140
7708848
7683052
7750896
7717620
7742856
7703564
7643640
7658792
7670860
7649652
7642884
7638400
7649828
7688520
7695912
7730456
7658072
7714532
7698868
7730332
7648964
7750016
7698260
7663620
7642572
7714680
7749272
7644896
7676152
7650372
7743128
7774616
7636432
7736760
7697656
7867980
7720456
7861168
7670832
8299384
7758260
7647788
7633104
7647444
7775688
7687620
7646804
7740080
7715128
7624344
7636392
7636136
7708452
7651632
7625548
7702588
7723568
7733856
7690812
7708760
7838436
7725160
7657056
7713832
7708072
7725304
7733128
7708568
7645008
7643448
7697292
7736328
7656044
7776764
7667648
7640996
7710380
7708304
7702784
7634504
7714260
7766124
7617340
7569772
7707708
7621572
7725012
9501584
7686932
7666736
7641688
7651636
7656944
7733612
7725828
8605020
7750192
7642652
7647228
7632084
7709992
7678612
7635200
7698944
7753156
7717572
7621400
7743024
7572756
7651480
7640344
7763028
7697352
7645972
7720256
7612448
7652356
7663784
7626984
7710104
7716388
7624172
7726188
7711948
7630076
7790928
7654792
7717916
7718440
7719660
7737124
7737244
7644876
7696292
10845528
7712896
7646668
7665612
7727116
7639620
7734240
7751688
7809816
7858144
7655208
7611912
7749104
7654660
7634076
7809792
7684540
7689588
7746692
7785468
7640976
7652384
7725280
7712368
7758344
7653516
7789324
7722716
7642852
7788856
7745336
7661816
7646264
7818424
7667888
7722236
7653928
7848988
7679980
7730980
7740400
7641112
7744432
7796556
7663760
7725656
7655708
7704176
11437260
11442276
7729640
7744044
7743504
7696568
7731748
7658972
7747068
7725572
7723096
7739892
11573400
7726608
7746336
7710812
7671192
7659348
7658612
7702800
7740488
7639992
7719916
7750996
7661768
7759424
7646516
7704616
7707416
7677744
7724360
7683480
7649020
7679016
7793436
7680732
7718504
7773664
7658136
7682144
7639896
7771668
7718020
7752844
7727816
7753456
7643928
7645048
7723760
7641196
7675980
7645764
8224928
7717572
7659276
7689804
7873608
7685248
7754140
8428344
7680448
7643192
7845100
7659076
7655488
7753836
7751532
7758564
7742404
7658400
8708516
7647972
7825536
7728288
7671428
7734064
8655544
7651412
7903048
7673060
7742120
7687788
7719912
7742404
7666616
7785636
7636360
7729508
7745504
7745188
7656024
7666188
7717656
7766420
7656532
7660224
7764400
7636148
7677768
7731836
7690100
7694204
7633964
7647072
7613000
7658940
7735580
7762768
7644256
7652296
7617924
7692776
7881512
7649292
7759380
7747608
7709140
7612448
7725428
7683472
8270744
7725864
7657220
7783500
7665840
7753020
7719552
7651692
7732304
7838328
7664996
7686396
7649740
7656228
7639708
7721348
7657392
7629404
7731296
7905128
7684724
7758376
7667092
7729888
7741992
7760856
7630276
7635060
7741268
7728964
7649904
7718536
7603508
7659448
7732628
7658404
7670572
7659308
7722664
7645652
7722064
7631428
7644336
7744704
7716728
7684168
7641752
7728552
7863492
7736740
7729680
7630888
7659612
7642188
7714828
7742692
7676940
7801288
7641676
7792540
7655176
7746952
7629544
7625340
7657900
7658884
7653496
7684644
7766468
7681860
7667952
7595420
7676652
7657960
7708936
7654316
7705164
7712128
7614680
7629540
7716540
7630888
7681248
7630724
7686108
7677472
7736976
7633536
7663096
7563600
7688428
8066668
7571348
7625664
7611120
7648796
7597668
7586508
11566132
7593364
7595560
7620676
7728052
7600844
7631788
7671096
7579992
7642372
7829656
7577992
7690528
7568900
7845544
7650916
7831064
7696864
7589824
7539720
7815208
7563556
7787480
7676716
7577984
7586744
7660252
7639180
7583012
7659428
7572404
7525680
7662904
7609132
7608704
7642264
7655328
7524128
7648444
7588392
7526044
7658676
7588092
7577436
7674904
7641320
7615496
7702336
7597812
7581084
7586888
7643004
7518028
7793112
 
7593176
7604436
7604904
7698276
7575108
7767968
7656236
7779684
7591892
7807708
7718332
7659700
7668064
7548452
7562664
7713996
7762832
7683208
7669228
7628468
7794816
7672180
7647280
7574904
7676852
7514936
7606172
7664440
7616568
7563660
7633268
11638300
7631508
7600376
7612220
7578224
7643956
7565164
7627128
7651892
7573612
7599316
7630576
7627460
7604772
7581640
7603968
7666492
7670432
7631920
7658956
7663200
7652708
7700476
7714988
7598316
7580604
7608248
7630864
7632552
7645164
7675488
7671632
7575076
7587036
7587352
7582708
7650508
7662972
7601184
7652692
7698376
11886600
7666152
7578648
7639844
7698936
7630920
7576952
7730964
7585992
7642292
7624664
7659900
7654972
7691204
7644480
7640024
7659824
7643264
7704152
7670648
7612096
7658740
7568484
7661388
7651380
7582632
7600232
7583548
7606888
7571916
7702592
7562396
7600792
7680020
7579724
7687260
7591136
7540376
7614644
7639720
7583816
7745716
7736400
7944124
7648556
7633936
7643080
7639828
7700704
7582784
7617704
7613916
7628320
7722164
7573300
7574792
7611384
7653200
7671788
7631368
7668464
7566648
7569068
7656124
7663380
7553436
7601264
7641024
7646680
7671824
7555588
7790744
7595940
7639528
7677324
7591760
7569828
7651092
7581756
7693284
7574980
7612172
7652372
7566532
7660876
7666980
7628332
7665440
7570332
7591828
7582140
7610920
7652856
7580144
7580876
7644160
7565588
7665368
7562908
7699596
7555804
7564080
8029388
7572560
7596568
7577336
7585844
7695644
7603500
7561196
7689812
7624328
7561616
7557420
7723984
7668848
7672748
7694788
7553960
7590932
7680020
7609564
7585500
7667020
7798676
7697816
7585708
7701624
7640624
7639128
12507124
7673508
7671384
7707208
7673856
7634104
7739008
7712876
7646772
7718012
7705116
7664640
7634304
7648040
7742480
7722456
7733704
7647104
7717276
7736924
7681732
7716576
7672532
7680200
7732280
7813840
7670524
7663700
7747528
7759760
7690588
7625040
7732984
7742760
7788332
7670020
7663780
7711264
7709348
7660232
7665768
7731676
7745592
7720784
7750692
7631644
7749024
7652656
7622856
7744112
7717656
7630236
7749032
7711068
7751276
7731028
7751852
7628636
7784672
7661884
7805252
7971480
7742576
7690844
7672052
7671268
7741880
7726108
8191488
7709396
7631148
7736852
7704840
7718552
7717728
7635092
7709880
7667072
7820720
7729712
7737816
7713564
7870552
7727096
7938808
7702764
7725036
7725620
7696484
7576120
7701508
7647852
7746024
7706104
8957388
7661596
7652756
7685416
7769716
7635348
7607280
7721776
7665436
7686276
7647592
7701408
7841632
7718316
7731824
7664196
7647756
7704420
7839812
7627560
7708528
7689136
7822476
7696348
7668208
7641012
7647576
7698296
7717660
7630624
7706440
7834360
7655820
7649188
7652628
10325100
7677388
7634208
7710904
7730884
7659480
7638792
7686568
7652924
7621728
7710940
7683552
7732212
7643528
7613112
7750340
7687032
7707012
7737396
7726944
7721996
7813636
7741580
7720028
7718744
7650236
7728716
7651648
7665828
7636648
7687656
7736056
7650868
7734224
7684096
7568092
7762416
7654824
7739124
7628856
7729644
7730684
7643328
7730240
7646576
7744800
7658768
7641340
7734236
8000780
7877688
7650968
7727600
7886916
7626508
7870456
7652356
7897984
7705904
7650696
7729392
7702960
7695156
7647180
7648060
7790036
7659848
7642008
7768812
7650072
7715016
7705868
7648344
7727220
7635252
7733492
7732644
7668404
7639960
7755576
7652608
7729064
7642012
7687580
7652204
7748672
7746052
7651412
7728380
7632712
7721464
7720520
7702528
7665404
7725468
7679184
7727476
7633744
7641292
7702664
7704704
7636580
7727396
7629148
7607252
7645336
7669000
7734964
7710112
7616392
7632888
7723376
7719832
7618872
7698316
7698432
7629204
7742272
7629300
7716588
7751160
7661216
7557676
7723232
7612356
7693696
7707856
7620396
7700424
7681560
7626380
7617696
7709828
7626592
7708880
7727188
7611892
7653104
7637796
7738512
7705728
7772852
7564132
7753888
7662340
7654248
7703836
7727940
7794844
7720732
7885312
7692784
7717124
7718160
7873824
7714268
7755012
7646808
7662848
7647552
7651368
7722004
7888200
7709424
7648696
7799424
9464148
7726776
7641376
11303496
11532048
10321308
7643428
7735452
7648752
7656052
7728040
7713564
7634928
7659040
7766608
7715444
7716448
7691496
7712956
7745280
7658144
7668452
7659324
7772568
7757664
8211140
7743408
7731012
7666028
7751496
7716948
7720284
7636760
7639768
7759788
7650336
7642968
7690084
7648944
7725812
7730660
7550268
7638876
7641420
7716912
7574172
7744208
7617824
7609108
7731344
7739616
7629436
7740812
10483756
7760432
7739736
7772852
7641120
7734164
7747940
7675920
7708816
7672088
7625188
7640676
7739696
7637508
7745684
7633356
7726788
7595184
7720896
7738212
7708520
7873072
7768660
7730412
7634496
7681192
7562684
7650876
7727316
7725780
7663184
7635436
7709620
7638652
7712112
7639252
7748976
7771072
7687984
7701536
7704696
7723232
7706880
7648544
7644660
7713904
7754076
7784864
7711684
7893904
7630428
7721196
7729516
7876792
7654820
7567972
7660500
7725452
7653156
7623440
7732884
7714260
7622268
7727132
7750620
7592684
7720452
7750240
7647164
7643656
7667132
7637416
7661380
9350680
7830628
7645064
7810256
7571676
7722376
7643416
7720116
7717012
7653188
7727600
7727528
7760784
7638504
7647228
7708404
7634424
7622192
7795768
7705984
7608132
7739956
7718368
7712172
8950768
7738116
7686856
7662300
7721120
7724804
7806456
7730972
7655328
7713644
7700648
7823828
7730320
7735156
7640264
7808784
7725112
7718252
7647732
7837612
7655036
7729592
7727556
7887760
7683556
7817976
7716356
7893140
7639200
7814660
7709684
7821836
7724132
7686836
7727700
7652660
7806696
7749072
7628352
7711752
7715700
7651836
7755232
7710868
7773688
7634236
7726108
7649168
7704452
7744368
7650320
7657232
7624796
7785912
7639800
7644728
7713552
7729460
7624836
7709548
7686924
7742448
7730440
7704716
7735328
7730476
7623680
7644900
7725744
7695308
8342448
7651808
7750388
7733184
7654508
11715572
7728620
7764724
7684272
7729848
7680280
7714360
7663916
7675304
7721632
7734744
7739500
7656044
7729808
7660892
7649248
7724636
7723872
7723088
7634932
7650324
7782500
7705708
7754268
7725960
7638032
7665240
7701048
7710108
7588988
7721624
7716308
7603104
7739312
7660468
7732084
7715312
7696168
7663816
7714680
7727564
7782948
7754512
7856544
7661004
7738104
7736616
11689420
7750792
7691888
7647724
7697528
7717964
7757536
7739968
7678320
7710200
7738512
7670692
7630644
7646336
7730904
7702524
7750484
7925624
7787492
7658380
7694408
7615312
7798868
7637368
7698048
7743056
7706716
7583448
7837032
7716500
7666640
7732372
7736408
7614720
7725516
7623564
7681008
7741856
7810840
7704516
7899416
7640512
7692748
7712712
7860456
7605476
7742316
7740792
7741444
7796028
7643632
7612228
7726908
7644540
7586212
7718480
7729312
7683976
7761976
7737564
7757380
7652756
7635636
7699644
9587300
7713036
7612012
7648816
7704980
7645672
7934580
7661128
7722868
7749128
7819996
7709584
7672100
7662440
7678396
7690952
7661116
7892416
7768596
7650392
7658664
7648808
7664824
7712996
7757420
7712444
7646884
7734516
7807568
7645512
7698676
7641016
7686228
7725308
7627408
7747704
7750672
7738828
7711448
7637556
7733312
7656004
7738676
7739780
7618520
7708020
7650680
7746048
7763972
7657744
7641008
7779704
7763720
7649552
7653240
7670968
7740768
7679508
7718328
7747352
7755796
7763604
7632588
7727520
11703104
7644156
7719648
7716292
7683268
7740288
7630248
7742136
7730052
7725288
7694940
7668020
7620264
7659756
7732120
12335612
7642584
7796208
7730564
7645512
7725392
7667560
7728344
7652932
7744036
7855084
7732184
7655068
7814896
7750812
7718756
7635296
7757260
7728612
7896528
7720156
7769328
7635476
7666392
7744044
7662556
7623316
7712456
7629056
7702136
7749808
7654032
7717800
7735916
7757892
7668256
7710084
7758692
7634124
7735272
11746520
7727100
7670260
7675744
7721336
7734024
7661028
7749928
7649288
7659600
7690096
7769500
7654796
7731192
7751856
7653956
7700880
7675256
7768732
7704200
7621132
7671064
7724788
7734128
7664340
7653432
7632640
7725428
7657560
7742320
7710488
7809040
7600424
7665244
7642860
7631776
7744068
7635068
7687380
7675924
7638976
7722796
7699780
7663560
7717432
11684896
7646812
7666236
 
7653596
7714508
7626888
7666436
7646524
7632928
7728324
8034300
7757796
7662636
7699196
7679088
7670672
7764816
7735344
7765808
7721148
7751800
7748632
7731800
7741820
7656632
7742328
7661672
7631376
7669364
7731660
7652884
7733804
7715636
7749972
7673728
7625396
7702204
7725532
7641048
7723524
7743400
7747396
7732128
7729616
7693816
7720424
7673284
7725208
7785044
8209596
7740324
7656244
7640536
7741980
7649356
7737812
7721224
7713500
7740280
7664576
7720752
7712740
7739876
7728916
7744876
7880728
7713084
7813696
7645708
7783480
7742280
7731276
7884080
7654932
7779304
7745588
7664188
7662884
7728800
7633592
7728704
7640240
7657624
7690884
7649760
7667380
7664080
7606620
7647756
7749028
7752792
7685936
7677500
7705568
7630172
7672276
7729564
7696700
7731196
7688732
7672636
7712684
7833664
7574564
7739112
7623892
11358192
11817156
7745580
7712652
7656036
7703876
7676580
7723916
7665712
11632536
7727580
7666212
7594716
7690028
7652920
7690300
7726236
7721568
7667448
7654244
7733312
7699132
7753140
7648616
7595624
7655604
7725008
7714328
7730708
7633964
7685764
7722752
7721480
7597948
7719424
7698264
7622076
7646336
7725172
7690896
7750980
7765988
7676276
7765752
7774392
7696000
7775588
7644316
7676428
7752484
7742300
7687892
7770340
11453156
7758680
7647464
7636048
7681092
8026340
7676948
7656260
7638304
7697124
7608960
7657664
7658208
7639880
7587764
7652980
7724732
7636648
7640708
7752460
7632024
7660308
7642864
7641980
7746700
7747136
7778436
7665540
7675312
7654392
7743940
7722732
7675364
7668548
7752472
7755968
7696812
7761380
7792108
7632692
7605644
7710612
7784152
7730992
7742512
7637808
7638128
7713188
7744508
7734468
7744920
7711888
11587668
7744252
7653532
7636656
7822220
7662532
11902460
7642136
7744620
7655088
7711476
7726848
7650336
7747968
7730028
7697792
7665152
7644684
7791116
7661688
7725996
7712536
7951024
7656956
7738492
7704428
7749004
7625784
7691956
7732380
7745380
7557068
7591496
7623792
7706532
7710184
7649340
7639296
7722496
7637848
7719792
7643808
7712832
7653104
7734020
7595564
7560548
7593224
7642604
7644516
7691708
7668644
7693224
7713000
7650112
7655280
7695968
7751956
7700280
7682772
7573512
7619652
7724792
7599184
7664596
7736000
7606856
7709712
7581028
7679320
7615156
7616444
7571828
7602056
7657380
7661624
7640696
7657784
7570344
7664892
7634656
7616492
7695724
7698476
7569412
7579252
7655628
7627304
7628276
7684260
7635624
7692552
7637904
7744208
7611548
7618116
7625576
7607836
7718304
7639024
7836308
7652424
7579924
7638004
7640236
7645292
7824656
7588884
7607124
7641528
7651944
7660000
7629764
7673080
7718364
7632328
7637064
7628316
7601772
7705704
7652196
7686192
7710948
7648480
7701584
7587872
7687208
7747860
7686264
7664280
7714184
7628192
7636556
7650624
7556840
7688140
7614932
7647368
7670240
7692852
7705944
7642392
7651400
7607964
7605632
7601080
7740700
7620068
7610936
7643192
7669728
8635548
7675008
7583680
7803764
7664616
7742232
7666500
9706384
7607692
7661656
7666464
7569032
7579800
7615116
7656040
7687052
7744292
7650636
7667968
7699456
7655828
7722620
7588224
7624192
7665928
7675828
7661808
7586164
7654352
7745392
7587884
7636712
7591752
7605116
7670500
7682528
7672728
7579556
7641748
7583892
7638000
7667736
7629564
7660416
7649324
7596120
7665300
7554684
7565092
7662168
7572772
7631484
7591504
7778824
7558168
7692468
7621384
7513524
7592696
7605620
7604436
7565176
7571884
7633528
7653512
7601708
7599744
7708668
7582800
7581988
7661568
11109440
7545092
7640548
7672400
7632504
7649068
7617256
7595828
7678080
7602780
7552716
7570200
7648064
7658132
7661028
7576092
7618672
7653500
7577828
7546072
7628188
7592436
7634384
7652576
7715844
7628280
7597672
7646404
7572988
7694828
7569628
7631344
7652544
7697740
7574932
7581004
7664060
7609052
7596488
7574396
7677056
7675988
7579664
7613652
7666628
7699408
7558704
7699472
7650436
7685396
7680432
7576608
7588688
7585108
7744512
7613428
7588632
7782224
7634816
7635752
7646656
7660304
7727900
11619944
7602976
7686376
7690880
7667496
7660656
7703656
7698416
7677944
7587088
7677524
7679960
7687988
7584360
7616004
7690360
7588548
7571072
7691240
7579040
7675492
7677800
7583252
7599060
7601444
7723372
7574632
7632848
7745152
7645216
7628688
7684940
7606940
7678276
7658492
7674192
7735484
7695116
7710968
7694172
7658008
7648920
7761668
7745260
7627248
7677036
7745516
7660732
7734740
7658588
11480248
7675824
7686868
7722652
7630312
7644524
7721392
7649460
7742820
7709184
7679624
7645732
7752020
7748440
7657620
7684768
7721092
7780968
7726756
7730016
7670484
7674348
7636208
7718496
7702748
7731764
7646356
7742960
7775036
7727564
7621956
7644700
7733056
7719128
7768388
7655520
7696584
7671496
7720588
7706256
7648492
7741692
8237720
7711396
7750524
7762780
7751948
7561712
7641892
7663036
7727140
7656132
7677144
7725756
7656700
7737156
7642924
7733068
7745812
7633888
7635692
7756440
7604532
7793592
7672144
7656004
7815204
7644832
7844488
7738120
7665668
7728872
7681776
7745792
7746520
7827460
7750440
7630368
7842012
7724556
7609256
7760988
7735288
7892824
7710992
7781884
7642336
7641740
7721672
7658564
7732668
11355676
11650192
7722528
7672276
7682120
7692752
7750472
7639840
7709740
7670280
7707564
7660208
7649760
7766744
7712084
7761288
7732600
7589332
7682620
7670652
7627088
7628336
7746056
7680108
7748896
7717420
7695300
7699804
7575764
7637116
7629692
7741592
7748064
7754900
7720072
7580360
7731616
7781520
7711200
7663244
7655212
7721580
7624392
7642800
7725384
7704676
7736612
8042696
7743908
7670476
7661548
7615160
7818480
7657164
7659760
7717436
7632808
7704148
7722244
7769280
7754420
7640856
7729940
7747504
7743300
7727584
7658376
7711076
7660096
7689000
7825920
7720664
7893056
7735104
7864316
7653176
7662864
7695312
7653604
7637004
7767028
7716376
7738816
7647496
7632700
7863328
7733344
7708400
7714696
7744892
7714620
7732064
7663716
7703756
7752444
7862516
11443036
7703460
7754044
7743820
7761116
7661528
7704712
7671720
7718908
7664848
7730708
7596168
11471044
7803780
7643836
7717724
7736732
7676072
7859576
7739492
7643076
7648208
7860248
7671040
7718360
7680472
7578844
7579844
7641616
7835948
7616636
7617716
7741472
7621732
7731232
7725304
7754012
7737972
7630848
7632884
7834532
7722696
7719816
7882536
7599012
7624872
7658596
7713240
7716852
7772156
7660952
7671004
7673240
7671856
7846980
7735720
7889780
7635012
7728936
7663180
7872084
7627556
7839788
7685884
11501436
7658804
7750428
7661420
7699672
7730760
7660520
7672028
7774864
7745392
7646288
7680568
7758908
7675360
7715824
7684368
7891720
7744180
7916600
7731508
7892952
7758328
7647720
7735552
7741528
7687584
7649848
7651108
7717632
7739400
7762428
7727664
7914188
7663336
7729560
7761448
7772252
7734224
7648164
7704816
7738880
7662916
7626208
7676752
7731596
7699276
7874568
7631124
7810440
7642484
7809264
7720872
7723788
7719428
7910936
7670128
7727700
7622072
11452404
7668788
7750560
7888432
7645800
7711512
7655616
7726536
7751868
7649216
7852188
7698180
7779892
7603744
7732448
7642740
7697340
7691308
7744472
7732660
7639576
7637540
7631604
7740232
7771228
7640672
7637496
7750592
7739216
7714892
7642552
7664160
7661776
7743452
7647904
7796836
7577552
7641504
7710676
7974024
7624224
8595464
8001616
7639336
7748652
7734180
7689392
7746168
7718312
7766692
7696888
7758768
7711524
7744528
7635724
7736080
7703528
7661192
7726520
7720080
7657652
7726660
7771788
7714432
7657388
7631956
7712100
7702564
7729620
7779256
7671972
7716300
7736944
7760076
7645412
7689840
7675208
7659364
7739660
7757960
7610032
7710808
7725036
7667088
7743888
7659220
7665836
7709804
7655172
7677832
7738572
7737996
7751176
7659636
7810296
7719096
7664220
7677448
7674720
7647860
10523628
7730972
7744828
7641968
7638624
7704032
7646772
7687416
7633012
7717216
7732684
7719080
7662540
7697080
7863912
7609568
11558832
7657812
7673152
7649684
7729020
7719228
7644492
7723012
7835724
7742680
7728212
7676300
7733448
7648196
7718296
7692372
7655472
7735508
7597484
7758528
7771476
7684316
7780744
7732972
7728780
7751416
7648820
7671316
7792380
7677284
7702968
7679312
 
7733936
7696836
7735172
7665188
7708836
7665832
7754892
7592396
7689376
7649164
7711380
7786712
7745904
7602176
7650192
7711124
7732496
7730080
7667632
7672248
7656960
7738064
7705756
7754248
7715660
7600108
7717720
7734084
7681760
7720620
7711328
7684972
7567472
7648596
7730492
7649036
7598120
7600784
7628368
7766448
7659412
7720232
7548800
7609440
7734156
7704712
7681544
7716024
7723468
7629836
7768228
7725652
7637620
7811384
7630196
7701860
7724108
7816168
7716228
10806788
7669176
7671612
7714536
7649392
7725224
7663796
7727336
7682316
7649768
7672556
7664896
7692188
7653956
7635756
7629112
7728636
9533036
7639404
7648860
7718780
7679316
7752692
7707628
7695072
7645804
7649052
7671468
7723520
7721372
7690836
7759536
7738412
7739424
7655808
7644008
7691528
7736164
7637100
7625684
7779744
7686972
7604732
7663176
7712664
7820376
7641020
7744452
7635112
7741956
7705504
7623352
7808052
8116216
7730460
7674952
7784772
7769232
7649092
7714248
7702940
7765244
7657140
7663940
7731012
7771904
7632216
7762864
7646024
7728016
7762608
7646528
11488636
7746544
7660292
7761684
7612204
7752080
7709148
7744568
7613324
7736688
7694340
7569052
7634580
7668600
7782444
7625660
7630416
7701720
7650692
7664504
7723116
7721496
7660452
7639828
7691888
7741272
7752656
7646764
7702796
7713636
7726288
7726800
7656644
7703720
7676044
7987812
7703788
7731072
7814728
7641056
7642436
7666428
7731972
7780348
7638036
7756720
7738600
7734468
7726408
7828972
7785764
7702652
7623148
7657648
7737572
7840380
7670868
7761272
7676632
7871964
7658600
7735500
7743620
7649888
7725848
7855172
7733096
7812764
7632728
7721472
7711088
7859964
7754072
7727684
7687556
7695652
7704400
7636952
7731160
11218188
7692572
7578916
7741420
7719400
8041100
7737540
7623616
7651420
7730180
7576776
7686152
7674672
7598360
7673384
7681156
7646620
7997376
7727436
7649388
7700672
7766724
7642408
7658032
8315368
7871048
7650724
7841316
7649028
7756156
7737400
7771380
7628416
7737540
7746020
7653428
7679208
7638928
7791924
7828272
7744732
7735480
7646976
7657824
7717448
7930612
7753620
7735828
7810852
7912272
7651464
7677948
7665816
7740736
7652260
7684552
7722764
7663196
7742824
7784328
7755608
7655700
7655884
7687432
7662712
7573876
7772904
7634428
7591364
7815560
7628576
7767324
7715332
7716824
7662844
7637684
7656104
7609332
7616612
7701876
7633636
7624432
7708728
7704724
7780320
7653112
7618880
7633992
7699820
7651908
7628544
7653088
7664268
7626520
7789272
7666284
7701132
7742344
7697912
7677432
7851552
7617788
7809012
7759776
7600944
7720316
7841604
7706724
7908272
7641272
7738388
7740528
7646844
7733612
7790076
7705500
7692668
7702240
7650456
7684324
7694620
7709512
7706804
7714576
7750936
7623856
7801464
7720348
7718284
7738328
7728008
7722696
7654852
7629504
7735208
7738880
7788064
7753820
7641188
7749776
7658744
7716860
7646116
7731552
7641696
7774148
7717920
7643272
7744796
7647304
7675400
7646380
7727928
7915084
7756948
7640024
7641032
7708596
7740208
7666120
7652496
8430776
7746912
7701592
7654228
7636992
7651356
7724108
7649936
7745164
7608700
7653304
7732744
7678880
7742072
7749128
7671440
7711268
7646804
8018736
7650548
7636332
7739588
7894340
7738036
7656500
7634516
7767032
7801460
7666748
7671488
7638380
7715864
7643692
7875128
7715096
7747264
7746640
7751236
7855892
7733408
7726836
7638904
7778240
7676496
11478608
7716644
7652856
7701660
7760852
7655304
7755404
7763392
7652232
7729992
7652360
7631504
7732620
7746552
7738216
7642316
7705388
7717920
7732580
7683396
7754140
7650672
7745476
11707428
7763888
7755624
7556036
7646656
7730972
7747932
7749088
7774192
7640932
7685332
7732708
7703648
7790596
7735604
7660420
7657604
7728952
7709276
7668648
7661192
7733252
7718756
7657248
7727748
7713316
7725704
7627028
7728996
7719956
7742960
7739428
7634128
7713152
7690496
7586168
7536820
7740632
7660008
7621584
7728564
7738868
7704840
7654912
7700764
7640240
7735240
7748640
7689632
7730432
7735032
7743668
7716800
7656080
7594872
7746468
7654968
7754888
7644448
7680192
7705516
7723780
7747336
7643840
7766088
7637104
7708148
7753832
7726020
7638904
7642088
7772656
7722592
7659264
7811260
7651608
7721580
7710416
12082340
7759184
7767984
7730272
7659136
7661452
7668632
7660292
7700892
7657328
7731212
7632488
7742648
7717388
7690640
7638196
7633912
7734708
7743888
7654844
7581776
7661836
9823776
7588304
7706468
7710464
7702672
7640884
7716480
7752384
7629344
7718892
7747664
7698436
7742316
7723404
7754068
7679872
7646192
7617944
7728044
7722296
7780924
7680796
7644888
7656624
7652584
7696164
7639332
7721584
7654292
7742436
7741728
7736252
7655068
7726516
7728816
7743744
7720312
7866664
7736724
7737872
7657948
7620924
7708360
7656092
7726728
7675716
7627568
7716872
7660884
7715352
7648308
7658196
7707816
7681364
7651580
7648700
7718376
7727596
7698068
7647700
7657456
7646724
7642476
7722492
7654380
7727992
7733884
7658560
7731592
7777348
7776228
7638700
7738668
7754168
7697416
8509224
7914188
7626416
7849880
7717492
7582944
7924616
7742684
7738128
7775460
7640768
7725576
7761340
7738552
7582516
7708996
7649164
7596832
7750584
7659876
7575356
7715704
7768052
7585080
7723592
7639800
7642124
7656476
10870660
7594368
7682060
7658260
7641132
7728824
7629752
7618564
7661592
7733244
7740412
7724248
7670884
7681272
7651296
7606480
7657292
7735980
7746188
7594688
7705084
7721308
7615656
7672536
7739376
7593204
7739648
7716292
7722392
7626140
7658292
7684508
7652296
7779396
7605088
7885164
7685152
7717376
7664716
7690192
7598752
7718572
7722372
7723992
7642800
7790424
7611284
7597228
7702488
7654424
7626648
7734760
12659416
7664692
7632688
7712848
7644876
7668716
7700360
7729480
7697484
7634508
7637272
7706216
7720252
7806464
7738900
7670824
7699244
7651484
10678744
7723012
7670272
7643588
7747132
7749448
11693972
7648936
7759228
7617720
7822764
7593312
7727388
7729612
7751404
7720888
7700648
7774864
7740644
7750732
7646836
7727500
7665516
7663424
7635244
7737356
7772236
7652924
7706000
7641656
7708796
7874008
7888032
7872792
7647484
7821560
7729328
7808696
7664500
7737216
7694760
7740328
7735920
7660716
7755288
7682780
7647524
7643932
7734816
7986664
7562764
7675916
7714528
7736532
7702008
7663060
7630148
7634792
7697476
7753284
7791448
7625764
7703124
7730648
7719532
7643240
7761452
7732512
7749460
7753828
7717124
7743892
7745100
7680168
7619808
7710896
7722340
7733652
7632012
7574940
7710680
7645824
7610312
7664892
7648436
7706452
7707708
7736408
7631204
7665288
7606992
7651184
7800308
7641312
7645884
7642208
7711808
7623604
7801232
11573740
7709664
7711612
7748260
7699912
7709192
7649624
7714084
7646000
7721380
7675096
7656640
7615688
7860148
7711476
7677272
7730924
7748964
7741208
7617888
7749336
7629400
7760384
7847948
7718388
7779432
7647272
7714800
7642084
7762540
7710140
7689504
7781092
7642692
7649236
7755860
7730336
7726640
7743768
7642408
7647888
7711440
7656832
7876360
7658424
7860788
7639316
7805516
7724356
7660612
7633852
7637856
7801636
7651336
7646164
7648056
7636836
7710484
7660492
7681108
7634852
7670344
7723768
7578128
7645928
7662384
7785280
7735980
7600756
7721820
7656848
7725700
7653592
7673608
7721384
7637060
7822420
7660564
7735836
7716172
7727780
7735720
7703972
7715780
7717672
7690964
7774312
7709608
7655544
7711840
7761920
7711772
7692764
7673784
7660536
7815932
7651004
7830232
7733576
7715744
7873524
7769604
8430632
7759064
7668224
7717604
7874748
7738776
7884668
7741180
7768744
7633972
7781868
7741676
7679420
7716380
7728340
7696320
7723640
7647668
7835388
7735064
7638248
7712228
7619020
7749060
7696408
7735224
7696000
7647408
7752832
7663836
7649716
7670488
7736280
11506060
7766440
7797856
7840072
7650572
7910544
7648868
7876712
7756100
7604172
7679352
7662716
9225500
7664952
7719116
7716116
7786504
7788404
7618568
7699112
7662532
7674428
7583848
7663572
7693928
7611232
7713036
7748624
7606080
7662544
7758084
7673660
7750576
7643576
7632700
7725808
7744600
7599820
7706876
7687908
7672944
7634128
7638692
7642316
7646172
7668924
7597804
7713152
11281628
7697744
7725224
7747072
11633668
8901220
7639228
 
