Procesando...
  Filtro             : sierpinski
  Implementación     : ASM
  Archivo de entrada : lena.1420x1200.bmp
42471108
39691024
39541936
39641928
39572892
39690168
39589508
39643008
40686116
39620700
39621996
39707128
39723864
39708968
39628152
39649028
45016240
39538496
39719540
39761600
39686304
39911668
40154740
39713760
39563692
39649412
43122660
39701940
39591372
39661248
39536196
39591100
39726728
39625432
39641812
39532916
39744248
39573848
39583200
43137144
39563088
39572620
39651368
39599476
39676228
39577932
40060676
39659476
39573060
39564152
39741036
39681500
46515324
39685004
39640220
39600268
39719104
39667068
39698224
39641196
39623836
39683688
39608168
39635152
39625728
39830900
52006356
39697092
39701952
39624824
39535388
39673696
39655032
39638024
39756904
39676512
39583184
39573620
40033812
39600696
39657596
39544956
39631024
39521544
39655576
39619768
39711088
39557368
39649632
39566340
39670132
39586216
39662212
39598560
41758496
39648568
39614776
39682660
39530544
39665892
39690188
39673224
39709940
39650540
39621172
42797312
39608168
39848668
44649184
39663196
39582660
39774844
39594544
39653168
39581748
39630728
39609876
39649508
39578356
39671552
45725992
39682952
43408112
39636836
39631124
39616416
39642040
39601584
39652656
39681752
39614972
39590136
39623860
39737936
39550756
39657640
39641324
39584508
39553016
39735216
39598528
39587160
39576652
39736592
39609184
39576940
42747148
39683528
39625200
39995856
39623564
39664828
39702680
39626048
39720404
39649848
39646972
39491032
39789288
39663060
39687444
39513880
39912460
39820112
39660204
39707044
40281268
40393400
40307848
40212860
43740008
42178352
39691700
39708368
39527632
40173940
39650956
39684700
39674200
39704092
39668956
39703212
42822188
43024068
39609264
39720008
39972284
39666376
39530012
39932008
39666256
39673120
39635400
39585132
39905924
40709596
39764968
39760708
39723252
39778640
40092916
39708312
39614168
39680816
39713668
39644900
39737436
39627192
39579876
39558216
39611112
39631920
39719576
39588244
39690040
39631748
39680980
39675224
39711844
39762352
39647684
39604360
43466424
39653112
39666240
39612696
39700584
39631488
39570804
39615804
39543644
39639352
43133168
39592184
39559536
39652088
39656024
40103920
39623468
39671508
39700488
39599812
39697248
39595600
39596884
39637648
39717280
39616888
39405640
39741984
39618556
39596104
39616332
39736048
39550120
39522888
39541820
39627552
39530024
39620016
39568916
49176932
39641416
39685028
39708996
39634764
39658388
39584004
39689488
39629960
39620572
39651180
39594124
39623408
39597808
42505232
39714800
39599808
39605324
39606296
39677240
39590180
39606980
39579428
39701712
39629604
39657172
39640376
39625068
43064064
39709064
39650736
39644048
39631324
39630920
48790136
39607556
39720596
39653524
39723660
39538716
39619908
39536156
39613616
39549012
39659072
39582152
39684596
39611508
39622508
39600776
39700464
39694672
39666256
39618832
39583284
39725588
39586784
39718920
39555184
39627872
40059612
39550600
39682672
39621720
39592732
39627548
39665744
39618104
39548544
43666344
39616336
39675876
39669608
39615244
39531292
39610220
39658976
39603404
39591024
39596348
39588692
39596256
39696016
39521320
39700864
39581340
39593948
39587492
39657880
39629644
39728868
39589812
39687316
39694300
39685112
39837972
39740944
39665644
39634156
39611520
39638216
39667804
39556240
39700080
39532104
39581100
39668420
40058968
39582500
39563644
39692172
39629228
39609848
39685584
39620956
39693340
39678468
39508308
39619176
39660972
39660244
39647236
39718148
39605624
39681868
39685464
39698188
39589928
39622172
39673984
39717496
39795984
39701648
39608380
39541768
39659456
39612476
39654268
39632320
39724984
39605896
39618736
40258108
39645980
39713784
39747716
39682684
39724344
39732520
39682212
39653276
39698356
39629900
39696964
42948964
39660848
39635772
39647060
39664764
39675008
39696108
39577888
39596776
39575420
39626480
39620344
39597852
39679660
39589756
43972756
39630740
39664240
39584972
48314484
39571880
39623952
39549044
39610432
39618976
39620112
39567020
39579676
39564560
39626080
39667552
39587300
39707632
39560512
39617984
39650700
39616848
39577052
39679132
39627988
39668332
39601564
39674020
39557356
39675176
39708072
39526380
39631144
39632984
39631356
39547228
39609348
42733376
39671604
39520472
39647220
46146336
39704332
39601664
39637880
39560680
39615392
39581472
39782636
39667360
39696576
39620832
39626588
39632336
43227032
39646112
39645816
39632088
39581576
39618468
39628720
39575456
42836632
39635092
39566348
39604952
39603036
39695536
39543492
39714360
39651516
39693716
39632672
39649216
39735208
39535388
39598612
39619356
39646788
39642496
39726872
39591072
39680384
39519512
39688040
39535804
48970284
39498656
39680344
39585304
39647376
39511188
39659388
39680656
39628608
39612660
39582424
39554292
39631360
39623988
39624472
39540444
39609436
39604252
39547968
39533420
39593068
39628036
39608452
39697920
39681936
39630916
39677972
39735944
43896584
39648820
39666580
39610496
39616988
39719372
39655912
39596820
39672352
39654180
39647024
39703288
39629840
39602644
40169384
39612300
39775888
39608636
44055872
39613796
39588608
39617212
39532620
39549796
39608524
39640132
39691480
39618420
39562344
39727532
39680420
39615804
39611572
39616228
39648280
39682040
42187024
39625116
39620976
39640876
39792668
40101960
39744332
39718540
39789796
39718548
39693164
39634968
39801540
39687888
50997124
39670612
39622816
42072700
39595132
39550944
39602928
39553140
39649604
39637784
39705136
39482356
45207188
39557264
39693324
39650568
51767164
39760012
39557484
39627528
39612716
39643180
39667928
39637840
40051152
39664888
39776704
39639728
39565688
39565448
39670928
39621032
39626644
39663012
39500152
39658256
39608336
39670392
39939532
39670260
40160252
39922372
39793968
39619496
39606484
39603340
39860264
39858788
39646764
39537680
39642756
39665696
39600488
39659684
39582348
39693592
39644368
42644652
39626144
39662512
39658696
48221256
39642500
39643856
39679172
39680068
39631132
39657696
39631440
39654908
39651044
39628580
39590660
39646052
39618660
39553956
39562936
39518368
39576388
39597988
39605048
39609620
39548556
39585184
39609312
39537016
39588860
39625544
39569356
39634948
39565620
39562292
39630524
39522972
39600900
39610028
39624664
39583932
39593824
39970776
39678512
39608928
39657700
39899008
40222356
40039780
40174352
39670300
39644432
39580788
39644340
39638324
39729680
39607592
39572108
39582452
39544196
39539548
39619008
39517056
39664316
39674284
39658424
39649668
39588784
39737288
39650056
39658816
39615596
39721360
40847716
39693424
40206812
39666600
39619880
39655304
39616420
39694280
39654528
39671268
39716060
39601632
39590568
39614516
39531668
39576428
39549928
39539028
39652688
39570064
39927744
39607096
39543236
39566704
43742416
39666868
39682980
40309560
39661108
39639812
39618508
39818888
39619668
39708508
39635204
39692552
39616684
39642656
39722016
39665912
39767144
51728680
39711920
39520552
39677724
39690288
39734196
39654652
39628728
39713008
39636124
51956264
39653672
39631620
39681184
40063444
39723312
39617112
39636912
39612660
39585612
39584272
39651020
39608148
39607028
39678152
39643640
39637408
39630632
43829580
39640492
39646640
39630808
39623308
39634796
39692372
40017380
43392936
39611212
39729368
39555100
39630780
39661084
39602708
39628284
39592696
41793464
43090120
39610004
39615400
39567220
39575048
43553604
39477924
39638428
39585120
40208596
40321000
39611240
39648308
39695332
39721776
39697824
39755760
39644448
42537924
39865972
39760460
39793648
39784676
39600364
39702420
39700344
39718272
39657516
39751068
39497540
39615748
39571796
39645412
39603040
39519588
39553876
39581360
39623800
49791680
39569228
39628876
39621948
39658916
39755164
39659496
39525252
39667996
39661888
39590444
39671220
39647144
39616044
39724924
39650004
39584984
39735004
41983352
39720064
39627552
39607824
39536180
39609268
39990636
39617736
39723692
39746352
39735956
39984736
41384836
39759336
39679560
39692268
39745388
39834540
41109944
39754108
39769704
39783744
39727740
39727816
39825420
39715648
39761876
39677888
39655932
39658936
39742004
39799532
39694304
39647876
39670952
39608500
39678900
39740972
39730632
39654356
40414164
39678056
40148172
39673176
39701164
39718432
39713092
39853272
39695752
39563112
39598872
39684412
39752092
44579848
39654016
39595988
39624840
39637064
39578184
46841612
39606676
39675340
39598324
40637740
40219624
39594504
40180240
39620960
39619004
39559052
39989056
39646404
39636788
39647700
39539556
39701988
39649836
39649644
39944524
39621540
39653340
39770296
39707616
39666008
39654496
39496024
39776308
39643028
39923484
39635392
39661424
39605068
39575268
39608272
39625748
39588000
39570172
39627544
42210536
39482024
39626560
39556268
39628668
39606216
39620152
39594992
39744296
39623592
39649440
39649872
39642500
39584392
44709408
39629580
39655680
39599108
39955404
39605016
39708872
39692668
51831748
39808984
39766436
39653028
39741840
39646320
40156728
40054068
39732764
39782452
39819112
39629760
39717200
 
40357836
40027864
39708756
39786056
39697100
39741536
39661908
39701932
39720940
39738128
39767828
39768772
39728344
39727688
40196964
39762536
39721948
39793576
39695492
39763896
39652836
39731648
39816828
39786240
39707432
39692468
39792064
39716104
39721144
39735880
39682640
39738248
39692208
39752236
39821740
39699072
39718308
39650364
39978776
39689444
39733968
39665068
39648340
39715272
39699304
39673096
39790604
39691220
39885452
44244820
39634624
39596872
39590844
39573688
39629316
39521100
39557760
39633564
39580588
39593268
39682964
39648648
39738364
40066556
39596648
39605340
39690472
39767644
39581544
39695644
39670088
39639128
39912144
39650704
39679368
40385104
39660016
39620412
39604472
39617712
39689112
39614776
39521364
39642336
39587200
39541280
39616404
39714724
39776136
39724592
39672516
39753320
39620440
39786100
39697568
39712296
39788172
39737088
39786928
39946068
41333244
39638060
39717696
44122880
39555020
39624200
39624352
39599528
39617524
39672444
39590356
39605360
39679720
39722424
39699544
39742416
39654256
39573092
39628496
39656220
39747748
39596112
39584796
49761368
39603512
39597812
40101520
39552048
39555736
39637888
39625544
39648616
39635332
39484248
39642672
39646876
39673416
39700628
39552584
39813028
51394832
39594744
39633392
39676608
39738480
39615688
39641468
39673780
39694160
39690632
39623848
39610524
39638352
40086412
39643632
39641700
39753588
39664852
39682556
39652084
39706056
39661288
39641432
39640800
39612980
39570516
39556872
39885136
39552084
39590540
39686888
39793164
39575088
39633932
39722272
39603836
39633276
39721696
40591120
39548560
39654772
39542664
39596368
39669652
39583400
39618228
39672224
39544412
39568792
39661472
39630792
40138056
39712052
39743288
39718192
39721852
39646816
39698016
39628616
39655760
39505572
51400776
39684940
39691832
48600364
39637140
39638856
39708672
39951704
40006952
39598792
39658320
39604844
40356808
39954952
39778208
51885788
39590812
39699320
39944752
39604080
39533748
39648176
39825476
39592892
39624236
39658672
39596220
41608136
39704148
39599660
39580632
39625952
39601040
39560404
39601416
39635968
39574052
39594996
39576172
39597492
39627432
39668740
39650748
39659148
39643364
39680700
39624088
39762216
39565992
39662144
39815252
39647656
39661952
39617644
39700928
39677376
39605920
39840324
39761380
39645888
39618276
39621956
39628672
39636840
39615688
39612796
39563416
39554992
39544588
39592032
39521296
39527588
40071248
39632976
39651760
39636408
39626112
39527556
39635024
39570936
39618372
39483908
39561960
39515036
39603148
39587904
39612520
39688436
39781664
39707464
39703972
39755104
39724172
42817112
40460644
39713536
39531112
39666632
39599732
39585848
39528152
39597700
39648852
39620984
39658480
39658956
39543408
39562784
43326492
39479456
39618164
39713060
39648528
39652384
39629244
39748708
39674868
39627280
39538004
40305160
39667564
39829332
43530804
39648796
39716828
39682832
39673236
39691716
39720136
39658900
39674536
39788368
39634196
39641216
39637428
39639904
39829932
39708120
39611024
39627056
39622180
39614384
39569896
40113828
40141600
39596028
39659396
40099228
39673360
39720424
39646440
39596320
39587664
39661908
39596708
39825840
39558780
39703588
39640600
43811752
39644248
39633704
39641440
39671172
39519520
42887912
39648928
39889024
39866116
39694824
39630392
39882420
39866580
39707344
39978700
39622780
39645320
39689284
39706856
39662580
52006676
40001312
39888432
39555648
39639164
40258100
39905632
39792920
39512120
39601428
39749184
39874240
40427132
40008296
39627296
39725544
40175068
39623804
39617236
39677896
39548156
39543716
39645088
39562496
39646760
39614824
39573028
39643908
39692820
40057076
39596492
39712152
39698704
39698516
39618052
39716472
39697600
39613020
39615344
39522504
39592484
39663896
39624856
39551468
39549232
39549952
39527796
39560388
40131168
39595540
39481760
39610424
39638792
39649176
39646060
39685048
39621128
39629908
39509944
39495552
39974448
41432288
39579536
39626496
39613276
39635028
39597912
39621524
44610792
39590984
39670560
39640428
39694160
51622828
39613988
39730256
39668984
39701920
39627584
39568428
39597116
39611700
39600568
39684668
43290088
39650796
39636144
39527420
39585288
39617408
39566448
40048252
39622584
39626272
39567256
39605700
42387924
39680256
39568988
39661640
39734724
39681720
39745644
39654100
39730880
39706040
39696416
39618276
39693852
39578352
39774816
39666556
39822824
39615548
39673880
39727732
40092740
39641872
39699756
39572796
39662384
39513212
39530564
39630536
39639844
39592524
39613844
39660060
39627660
39649456
47604468
39639812
39637832
39697536
39686244
39636996
39606388
39610120
39743268
39557756
39581168
39606552
40880752
39634128
39677268
39612844
39656476
39601624
39606508
39712844
39624408
39630960
39611660
39610788
39614336
39743228
52214396
39567292
39555972
39630384
39612272
39591352
39631612
39597072
39511488
39533904
39545584
39628724
39635344
39533816
42894540
39543744
39649520
39691220
39607088
39678444
39680064
39641928
39646500
39611048
39661340
39654756
39615264
40108872
50241376
39607540
39855428
39654320
39626816
39668344
39607460
39652692
39672836
39662412
39722608
39615800
39594792
39542756
51972056
39568144
39489948
39688880
39577652
39641112
39605976
39605032
39721028
39455424
39619688
39633284
39661992
39656208
39634984
39633756
39767768
39585376
39689512
39612088
39623504
39717504
39727240
39670100
39527712
39568128
39596312
39623728
39565976
39587148
39607528
39653700
39583640
39574024
39569396
39629988
40538336
39614280
40133884
39661980
39631768
39644604
39637512
39644176
39720176
39627584
39633628
39644472
39642392
39877980
39707192
39733636
50769908
39645184
39647536
39670748
39543064
39584764
39580340
39643784
39531272
39602084
39576416
39646068
39570412
39699252
42862700
39578120
39640168
39665236
39580008
39643656
39684260
39679748
39642052
39584772
39645276
39763412
39593796
39690372
39705096
39632980
39594336
39609144
39721392
39635164
39639340
39568296
39982432
39653104
39588236
39585720
51820624
39572224
39583476
39665044
39559224
39653084
39560984
39652320
39660128
39604584
39636848
39631620
39523696
39581888
39680632
39750792
39623308
39549472
39734308
43909844
39600444
39700796
39641112
39660052
39598544
39561432
39654404
39640712
39632736
39700604
44174796
39553988
39645656
39671420
39622300
39622032
39598576
39568000
39612488
39614204
39705284
49868480
39735972
39584236
39616408
39596916
39747884
39591804
39691864
39599580
39584276
39562480
39873176
39689480
39589060
39646532
39616944
39569680
39623796
39610568
39819460
39624124
39623684
39691520
39507860
39709768
39733496
39672000
39579268
39680808
39577552
39626096
39541744
39598568
39615612
39626124
39593172
39686428
39594596
39601428
39619136
39602076
39689084
39527732
39713684
39707164
39717128
39631300
39717028
39605476
39721892
39701552
39854960
39788412
39710836
39654636
39587752
39620496
39711948
51693916
39695260
39743884
39623932
39637428
39599424
39647072
39699800
39649100
39622116
39638728
39617980
39618444
39564284
39651744
39647496
39612316
39726208
39561380
39651176
39577932
39736564
39590732
51517356
39630644
43655876
39590100
39590120
39578924
39664636
39630420
39615012
39663300
39630524
39623620
39948200
39502296
39661468
44160848
39688784
39686632
39625332
39756580
39597680
39623332
39616728
39603488
39564648
39640156
39694888
39664624
40412980
39552876
39638104
39588324
39658912
39620988
39669232
39572500
39596876
39554552
39952848
51776716
39816540
39661536
39684816
39623420
39613072
39573268
39639640
39665412
39591796
41818136
39612928
39624524
39626092
39655596
39613968
39664768
39648692
39761824
39631048
39628388
39619360
39647444
46620516
39632768
39627184
39551068
39569564
39668316
39565292
39589960
39537824
39661932
39530404
46290584
39593656
39626424
39565624
39653964
39523392
39638596
39593840
39706296
39569740
39663236
39641952
39639708
39574956
39558288
39636948
39650588
39620292
39644724
39614012
39730116
39581880
39571224
39624232
49836904
39520952
39663884
39649036
39635444
39649496
39601964
39611712
39540292
39650616
39564688
39652392
39657352
39631124
39705640
39642732
39627908
39675780
39671720
39655064
39706968
39642112
39634508
39516500
39682232
39580504
39600972
39584292
39617284
39604308
39597220
39576188
39648600
39543440
39690212
39649064
39604888
39770584
39671740
39556424
39958568
39885452
39828200
39610052
39584064
39599152
39695824
40041260
39680740
39628696
39616016
39642332
39665608
39548592
39657176
39573236
39616736
39637640
39806124
39631028
39587824
39576452
39572904
39632252
39650532
39622968
39605176
39626072
39592336
39676872
39591796
51794956
39621344
39577984
39608720
39492200
39498128
39758016
51775168
39573984
39607912
39596744
39673224
39743492
42582252
39634752
39594900
39587480
39628808
39704016
51363804
39637732
39636288
39572420
39643248
39518280
39663828
39584212
39629408
39572848
39654212
44008424
39717332
39583888
39614256
39642544
39740484
51720804
39750004
39554692
 
39587264
39663080
39828716
39631396
39678664
39635504
39614736
39638204
39680200
39694468
39626104
39640308
39842252
39575440
39650656
39680600
39602752
39612372
39609944
39519304
46770888
39654484
39679820
39582884
39698596
51778672
39673648
39516664
39693904
39563084
39657236
39577628
39654632
39704960
39666944
39666260
39788188
39808448
39735204
39703760
39691244
39779852
39689000
39698928
39734248
39685572
41364524
39651052
39609164
39665000
51647748
39688652
39545316
39684132
39648452
39611680
39548896
39639696
39576176
42378608
39617492
39591748
47230772
39706636
39610104
39606580
39624768
39678360
39504484
39663536
39589296
44358568
39543596
39671996
39597084
39775480
39515836
39521904
39508628
39759332
39626704
39905220
41017204
42750084
43533856
39582424
39607020
39603444
39576188
39671968
39596880
39602924
39599536
39501684
39747416
39497024
39961624
39703828
39610628
39556616
39632240
39577484
39603856
39570116
39705080
40348304
39652436
39605144
39681584
39591720
39651392
39639180
39742632
39705852
39618060
39633776
39641852
39846792
39558028
39615812
39599668
39579988
39607760
39633148
39648932
39577124
39630020
39641608
39552644
39643040
39813364
39648604
39681004
39564340
39699536
39623972
39599404
39637692
39673900
39573832
41352668
39591952
39633592
39611424
39681260
39621992
39621516
39591940
39667068
42762684
39658064
39563924
39631548
39565264
39631984
39702680
39666388
39619252
39624500
39663608
39677300
39559200
39656008
39795732
39560436
39651964
39689756
39596132
39569240
39668124
39608580
39655464
39572000
42637188
39622136
39546348
39676364
39683128
39682360
39647112
39582820
39635208
39560012
39587080
39853392
39664520
39687672
39568852
39578808
39621368
39637396
39594420
39577236
39575348
39677284
39686728
39747808
39665312
39709352
40039672
39649892
39721584
39776856
39660492
39688396
39706908
39714260
39689880
46991048
39606076
39689408
39664344
43483228
39624136
39653536
39604996
39610012
39606608
39667540
39796376
39622004
39622780
39618744
39594456
39682372
39645056
39693572
39648144
39688556
39829668
39732752
49687548
39558836
39691052
39606776
39620740
39535676
39836492
39602536
39662320
51891976
40100564
39811840
39589216
39634180
39723092
40640020
39592228
39611296
39681396
39602792
39628400
39643380
39690588
39596392
39631352
39685160
39642392
39665432
39614144
39706540
39577044
39809960
51396052
39992544
39950324
39719328
39595108
39649124
39664860
40505508
40285872
40360768
39662488
43184964
39618232
40384772
40409604
39661364
39921804
40072932
51649692
39651284
39613956
39679016
39649796
39730240
39753064
39712916
39688988
39638896
39652480
39732700
39726404
39645556
39708152
39652876
39774796
39654684
39736620
39721436
39711704
39955776
40182420
40253280
39793096
39739188
39744280
39643872
40481596
39695944
39728460
39986652
39715292
39763300
39791256
39677232
39721800
39616204
40068292
39699316
39897840
39699832
39604012
39671580
40212548
39647832
39968504
51761216
39587188
39656972
39543900
39615076
39634260
39886860
39589784
39572708
39576024
39780368
39614068
39738688
39652076
39614872
39542260
39624668
39509156
39673444
39601260
39629376
39609180
39663360
39556708
39928936
39619580
39806072
39625800
39917876
40129836
39613800
39782084
39653736
40230228
39671768
39740508
39616712
39612232
39591136
39629980
39518160
39606728
39691560
39580852
39600828
39661948
40310660
39668652
40123184
39700496
39634868
39708248
39644556
39604248
39624348
39608572
39709116
39673192
39655640
39673292
39696444
40213580
39694504
39597516
39664624
39501672
39710236
39582116
39665784
39688504
39587736
39531812
39584296
39520912
39995976
39824108
39705812
39758584
41460112
39578632
39799892
39752816
39690512
39537488
39626176
39527256
39707196
39653056
39619712
39653664
39842928
39628184
39591732
39660804
39653672
39593816
39608804
39655056
39615752
39603272
39610692
39624120
39588608
39669060
39661760
39784812
39669240
39644460
39643224
40035644
39583132
39655920
39724196
43153144
39867000
39721256
39859904
39742104
40184664
39758152
39647928
39712804
39729256
39660812
39702636
39684168
39720176
39664264
39713144
39709304
39669788
39700144
39758932
39782492
39770316
39801144
39764232
43623276
39532252
39698496
39717864
39559520
39614292
39565468
39984312
39575356
39639288
39734696
39568412
39588576
39622280
39626412
39675744
39689016
40392172
39607872
39601276
39580832
42684544
39674920
39565644
39609800
39614208
39637504
39653004
39661768
39575176
43708600
39775088
40338136
39847588
39707816
52086516
39999624
39572428
39749416
40277384
39625900
39524824
39634784
43399216
39634884
39856860
39945188
39841224
39712544
39573760
39708788
40005580
39536548
39888128
40409824
39642920
39579956
39966592
39756736
39631620
39671124
39626992
39838648
39990256
39545716
39683736
39740736
39677476
39928428
39658740
39734484
39638508
39549488
39659660
39585636
39686248
39628612
39998812
39891444
39892000
39653676
41926976
39817468
39526764
39570968
39581036
39696300
39696000
39613044
39644900
39670688
39569592
39639964
39514852
40978336
39607976
39675868
39662420
39714316
39591880
39625888
39592540
39614560
39628132
39679928
39581540
39539112
39672108
39676264
39671336
39650816
39635096
39722008
39527576
39629052
39618312
39621952
39590844
39691348
45166632
39651776
39615088
39631016
39961920
39607936
39692700
39562512
39656860
39572900
39567252
39547032
39663412
39535592
39618368
39899076
39651124
39599368
39587664
39544392
39723336
39648900
39609556
39692160
39634884
39657164
40357764
39784628
39657876
39925408
39560344
39669008
39592808
39694836
39571440
39581640
43139624
39613344
39697856
39927968
39503304
39665196
39550092
39659192
39539520
39660672
39710900
39756584
39749600
39605380
39671460
39620688
39900920
39745512
39541840
39451892
39684388
39956644
39735616
39622184
39727396
39691312
39801096
39711812
39689580
39671020
39699892
39608100
39605036
39807360
39687904
39743012
39776512
39694660
39717772
39673720
39811096
39742868
39728740
39831164
39834064
51609232
39913496
39623180
43772248
39610864
39534880
39654352
39643708
39610128
39685604
39660824
39647972
39661848
39768668
39590068
39592332
43106420
39562588
39736684
39630828
39596844
39596020
39590152
39643336
39684944
39688924
39802204
39643860
39711728
39696988
39685744
39569240
39774624
39603384
42468648
39658740
39619772
39356684
39659728
39677400
39632712
39628712
39585356
39587600
39552772
39688140
40027356
39579340
39616616
39681360
39645068
39662544
39606948
39580160
39667936
39621216
39740076
39593976
39662924
39630892
39656292
39669212
39638376
39641288
39691604
39647364
39665032
39576280
39754076
39608396
40334264
39715308
39571160
39682684
39513140
39666864
39692744
39646180
39670908
39647116
39726660
39812900
39556480
39650468
39554440
39608300
39577024
39692928
39612100
43292904
39598884
39617876
39590668
39704092
39559020
39584152
39576884
39646820
39637300
39628304
43407300
39730084
39556392
39638348
39684476
42856236
39580308
39620092
39550220
39695872
40790984
39630996
39550664
39590952
39689860
39579316
39624492
39582968
40992732
39591936
39621536
39607972
39635508
39569788
39651728
39613264
39708580
39634272
39586084
39605884
39626716
40020844
39533676
39600140
39584740
40069884
39653264
39559308
39660436
39680988
39603728
39637788
39667792
39596384
39590856
39631912
39575508
39640232
39608656
39583744
39575636
39537352
39620632
39643112
39585020
39708212
39599556
39552164
39620636
39608740
39634916
39609600
39627860
39623204
39568704
39601800
39652044
39622600
39610812
39860604
39510212
39739064
39580396
39645352
39526904
39586664
39722588
39629260
49148400
39599732
39621428
39638804
39631816
39642048
39680696
39595572
39680464
39720916
39658064
39617004
39627804
51554864
39652952
39605648
39511252
39534840
39628752
39583388
39620748
39592572
39654800
39552680
39912672
39588236
39641476
39594620
39634228
39605008
39634636
39644440
39635732
39670936
39618992
39594580
39816392
39598992
39617992
39613916
39661708
39631568
39638564
39625856
39656164
39643388
39654144
39659168
39652588
39781976
39642032
39591324
39641628
39614924
39643720
39689912
39652888
39743172
39580988
39605552
39648252
39654084
39652108
39607108
39699508
39681016
39626396
39692772
39677780
39636260
39628216
39576636
39579592
39539712
39715900
39590284
39462088
39564284
39614516
39590316
39595212
39535848
39721528
39582284
39572716
39512320
39622152
39862476
39554192
39667748
39606016
39671388
39645476
39687404
39619836
39636316
39620228
39582652
40251792
39617916
39610288
39612616
39599916
39654556
39578132
39638284
39632068
39647068
39603352
39649712
41656728
39704264
39655700
51350800
39670160
39633724
39575640
39636312
39583868
39474832
39665712
39734332
39567972
51811812
39616072
39712744
39583584
39541788
39726412
39642116
39588552
39641016
39682996
39602792
39603220
39737740
44760032
39762520
39595460
51526384
39653052
39699324
39614140
39638792
39572880
39529212
39621132
39654156
39607256
39580104
39636212
39651448
39638888
39586052
39628824
39628260
39659848
 
39535696
39603688
42751396
39600940
39671548
39628000
39608844
39790592
39625812
39866316
39637644
40459012
39649488
39870052
39744524
43141600
39853596
39775440
39683232
39725052
40255580
40034424
39649000
39768560
39610432
39736500
39691032
40257768
39617240
39667516
39578700
39678520
39682012
39746804
39622524
39598304
39551792
39662552
39624024
39599484
47764984
39558236
39658132
39579844
39666520
39618476
43069680
39525428
39656332
39638332
39552704
39557900
39655968
39643972
39665944
39703544
39658516
39666892
39791244
39699308
39695632
42595208
43147320
39641960
39698124
39652024
39665136
39628932
39641764
39661424
39687292
39621260
39637324
39607668
43774716
39636516
39564964
39655644
39544708
39694576
39628160
40037872
39559340
39655364
39739872
39674316
39652092
39700320
39517864
39689016
39728936
39766172
39761160
39601460
39586644
39626852
39641488
39638492
39588548
39624224
39574536
39998116
39638308
39609864
39634848
39668544
39619872
39521276
39599712
39613668
40055956
39640356
39539108
39970712
39620100
39700864
39597652
39636684
39578784
39497248
39573716
39609980
39560276
39576464
39644084
39486548
39674780
39583124
39631624
39606716
39581940
39619052
39575932
39610312
39682472
39548836
39593884
39481540
39668092
39604496
39648088
39638564
39577796
39630140
39624168
39603228
39537212
39627260
39591272
39714392
39872188
39596584
39623708
39614964
39545960
39577852
39643804
39833804
39664524
39693940
39614388
39634208
39674372
39645204
40074948
39662120
39658760
39711724
39522464
39662300
39553336
39565848
39594788
39996720
40210508
39998640
39645360
39666676
39677248
39628316
39572408
39657616
39667256
39631964
39687684
39660760
39596948
40116632
39660168
39797160
39602212
39661136
39757220
40008928
39640636
39667660
39635140
44553272
39619280
39569076
39641308
39665780
39638792
39547424
39642860
39630044
39538924
39614660
39589788
39661996
39600388
39574180
39640148
39575592
39593784
40078956
39730348
39947816
39898664
39613512
39752860
39753824
39704272
39626392
39728888
39764800
39807460
39768004
39789260
40235832
39641896
39602868
39807504
39720120
39618756
39665420
39605592
51592068
39645600
39585676
39574220
39581300
39684040
39725508
39734664
39730956
39718736
39644636
39666328
39662392
39759592
39764052
39599264
39593300
39609412
39621516
39618736
39577536
39668112
39620452
39540796
39570024
39561964
39688924
39545464
39582432
39653220
39782916
39707412
39564244
39581208
39625636
39488304
39655880
39622824
39642164
39652728
39691736
39681056
39672636
39592396
39652808
39793820
39628120
39541012
39695516
39570816
39735156
39655232
43828524
39685420
39595004
39607720
39661692
39623292
40008940
43336240
39722496
39741424
39688048
51262928
39580404
39768600
39604780
39580316
39637512
40099468
39564428
39659316
39565876
39624836
51497956
39615672
39637628
39896776
39605668
39537436
39634672
39648480
39697348
39659180
42876240
39651264
39681720
39523884
39892996
39696996
39538264
39620300
39720856
39567996
39750652
39630408
39522188
39651832
39629628
39509284
39686272
39651160
39632636
39553400
39619592
39464532
39623192
39626852
39604136
39701892
39665708
39618452
39619104
39605916
39685432
39590336
42642544
43017548
39736612
39659404
39741316
39783624
39606432
39684608
39726964
39602976
40722852
42937772
39593592
39638772
39691660
39728476
39759120
39714852
39683740
39770460
52087548
39582948
39608948
39589452
39579784
39583376
39623920
39588448
39669028
39582480
39780424
43491428
39737828
39761860
39573472
39746140
39643116
39530016
39676568
39699436
39599712
39673396
39571488
39649880
39594260
39555204
39614304
39616088
39678788
39643956
39558244
39599320
39553532
39665032
39615664
39598316
39712232
39615644
39664400
39665184
39565364
39709484
39548496
39706280
39582372
39611412
39660964
39592448
39564908
39580140
39618956
40029628
39627968
39555716
39608408
39699008
39607652
39615868
39660072
39557984
39562312
39683868
39522824
39550836
39608388
39633220
39616180
39664304
39586720
39603124
39645440
39591652
39726940
39737464
39657552
39628804
39726680
39590972
39550976
39706868
39770976
42041368
39599604
43303868
39669104
39660012
39507696
39685752
39856952
39579816
42593200
41251860
39549684
39520924
39705060
39774712
39708828
39749008
39706324
39635044
39677272
39675824
39595364
39676852
39582476
39700752
39508292
39499616
39578440
39591956
39608292
39527000
39648348
40170828
39583540
39622108
39658428
39610804
39617840
39546604
39611464
39545832
39562356
39579148
43666936
39641624
39567140
39685828
39639352
39626000
39625320
39764352
41562296
39637760
39716344
39568532
39580340
39596564
39635428
39718072
42897032
40584952
39747916
39718124
39694276
39574680
39596084
39607076
39542868
39542020
39572280
39603616
39638448
39669448
39608332
39771368
43721420
39536472
39724844
39652888
40107688
39621252
39574220
39631292
39644644
39752564
39571384
39604324
39542912
39660980
39674704
39662024
39744384
39634400
39577208
39616692
39666568
39583916
39620704
39703320
39630892
51557716
39583896
39595316
39647644
39561904
39684392
39688428
39661500
39670012
39686248
39672432
39698904
39673132
39715432
39678320
39713632
39700012
39626808
39704464
39729688
42763948
39701904
39731056
39710288
39764804
39728808
39733424
39764004
39920556
39620792
39624092
44127160
39727456
39649164
39624776
39697576
39654160
39696892
39679044
39699808
39649840
39611448
39551008
39669232
39646944
39584216
39748984
39653092
39687420
39733712
39651852
43946868
39610160
39684740
39512548
39693260
39529480
39606108
39702580
39560728
39609124
42582824
39680408
39661128
39639276
39532540
39538724
39619216
39598492
39830660
39633352
39733060
42778068
39726180
39567192
39674748
39531672
39610144
39572172
39789160
39622308
39587108
39573708
39643968
39613668
39748780
39676232
39517416
39674432
39703532
39598024
39671648
39639092
39525532
39620328
40259972
39596272
39660376
39530780
39853604
39613704
39568280
39655008
39624268
39703936
39653504
40018824
39643996
39572764
39619096
39539756
39716832
39697948
39652564
39601352
43758108
39586708
39557472
39553460
39615028
39605260
39612992
39976760
39666620
40065872
40184044
39522744
39591320
39602256
39605332
39643852
39634360
39588964
39585656
40331644
39613336
39605968
39625040
39579280
39632928
39573156
39608324
39648684
39685744
39610760
39620396
39701188
39629968
39606464
39698416
39568304
39589188
39673136
39578976
39573452
52076656
39563016
39609884
40168752
39852200
39622268
39706576
39651668
39773252
39696620
39571972
39718212
39575352
39629816
39585420
39651012
39623428
39662036
39623544
51768776
39693512
39728192
39598260
39665400
39751824
51929136
39611360
39693772
39726728
50331052
39626076
39586960
39582884
39697500
39621576
39534452
39627304
39782280
39584024
39646104
39692208
39557184
39645824
39626992
39561304
39675524
39589768
39600044
39593748
39600400
39608732
39821708
39563804
39687460
39666836
39556416
39686492
39612456
39613904
39578868
39641580
39513224
39720608
39581316
39631152
39597064
39665108
39627936
39613184
39601896
39623164
39672052
39667536
39614912
39544336
39594564
39650024
39643632
39420432
41260944
39668460
39647412
39670228
39654600
39632404
39572524
39533548
39628060
39622268
39611992
39575852
39647628
39667360
39632984
39654544
39508920
39651752
39569544
39625496
39647808
39636792
39653080
39763460
39749320
39723248
39773356
39723904
39750796
39756992
39659396
39713464
40112044
43126648
39725816
39667268
39689216
39782204
39566872
39581836
39598188
39634252
39494544
39635724
39520312
39562056
39675988
39726040
39547472
39665744
39616320
40824796
42559108
39653888
39893996
39636468
39584268
39675596
39681192
39553908
39777436
39634208
39567748
39666308
39548968
39590504
39966420
40657908
39602244
39815080
39682640
39639088
39693624
39682768
39590336
39660656
39603712
39622452
39653696
39641780
39606100
39515256
39426564
39712396
39699876
39663528
39766012
39712832
39673344
39670732
39674492
39710512
39920488
39578040
39652352
39587200
39469944
39687408
39677608
39674308
39626504
39535736
39733164
39609408
39623632
39735884
39629284
39647156
39629592
39584296
39599024
39571804
39566672
39649504
39563536
39662812
39608140
39596960
39501352
39647424
39715452
39524456
40560896
39732836
39638356
39706896
39692504
39641796
39702152
39642832
39667872
39584248
39581308
39538016
39576428
39609032
39615820
39629772
39573792
51785156
39613464
39615328
39565924
39688428
39623836
39539592
39568828
39630524
39538872
39608124
39555216
40018620
39602400
39685156
39558236
39666732
39663936
39573060
39736508
39629492
39675448
39734920
39566340
39697312
39625548
39608528
39772104
39634144
39565376
39655264
39627608
39713276
39490572
39640600
39564428
39613988
39625312
39527216
39656796
39513224
39555544
39628388
39586032
39555488
39666124
39605984
39570860
39597852
39650096
39577604
39541032
39599104
39652784
39664560
39703384
39608096
39622588
39528536
39583396
39534464
39734432
40507404
39633520
39689608
39577872
39630372
39654336
39592696
39532028
39590396
39634376
39524924
 
39592872
39677252
39613496
40177200
39587748
39540208
39625792
39598604
39730988
39687196
39575392
39771608
39664604
39461656
39635312
39729820
39669228
39974792
39628216
39710192
39858952
39650644
43437016
39706932
39705356
39708892
39549752
39569208
39684280
39530844
39696000
39525876
39659836
40250912
40133052
40176464
39639328
39614456
39613228
39681256
39548628
39623744
39823020
39651024
39595584
39659480
39641028
39613828
39677348
39638164
39703136
39642260
39706236
51937240
39791512
39695128
39691600
39687492
39585184
39678320
39624252
39562916
39683532
45520444
39623092
39683872
39580664
39627540
39620720
39583064
39628488
39719028
39542020
51653236
39638900
39599948
39674232
39553960
39584292
39654120
39596400
39576260
39558148
39628680
39757884
39608780
39612388
39611396
39644988
39492912
39572688
39603472
39609520
39650140
39712440
39545080
42868736
39627100
39584152
39686392
39642756
39665864
39616440
39687784
39702616
39717076
39793188
39712656
39643928
39746660
39633732
39752596
39681236
39588376
39578216
39730316
39668236
39791032
39645348
39660616
39678124
39596980
39634300
39607376
39584464
39534568
39729176
39698912
39645628
39657324
39602280
39776848
42530076
51969416
39653488
39625504
39665300
39561144
39672764
39636660
39607844
39642808
39601020
39630496
39647944
44532836
39621076
39627732
39616436
39685304
39638224
39594000
39647832
39574920
39642288
39755676
39583608
39499568
39755480
39605324
39505912
39659012
39667008
39637772
39716732
40094500
39582116
39794496
39653432
39637612
39680672
39628344
39640760
39704136
39701536
39697396
39697052
39662972
39632136
39727340
39733900
39725732
39668308
39752540
39556048
51806016
39722708
39523920
39565968
39622504
39621260
39625716
39651476
39665808
39612456
39657204
39632788
39627332
39683812
39515620
39659308
39685636
39599816
39579812
39677376
39933872
40363292
39646492
39547736
39618608
39667284
39593440
39583796
39624924
39563812
39637484
39629104
39591488
39652008
39644068
39634584
39664280
41161304
39663880
40016000
39640084
39651460
39610256
39568148
39664288
39742016
39623972
39709240
39671200
39622892
39524144
39641856
39645612
39588616
39628384
39611820
39611940
39824560
39797596
39627424
39782920
39625984
39628676
39629988
39680164
39663868
39645672
39615008
40250020
39614604
39661824
39555772
39678024
39629720
39683008
39630912
39602976
39667148
39606516
39571512
39658816
39669084
39527644
39647728
40475764
39606840
39635144
39717208
39561064
39691992
41749036
39712204
39640912
39664136
39745716
39599108
39678464
39723696
39736176
39775752
51980924
39627600
39618156
39660352
39594784
39658192
39649672
39624028
39557860
39605248
39600224
39596964
39685240
39609084
39643676
39643272
39635696
39606276
39593564
39592528
39636508
42860672
43846088
42855812
42176980
39660668
39658316
39676060
39598904
39667900
39760660
39676180
39663288
39704844
39668832
39595628
39611424
39700520
39691732
39592864
39634216
39687056
39630208
51759728
39550412
39621308
39611748
39631296
39606152
39541732
39670492
39576580
39621280
39569892
39574476
39557276
39579316
39591436
39687804
39698848
39636268
39651576
39696852
39717088
43374492
39722932
39564624
39648528
39609212
39603192
39652212
39624756
39644988
39650184
42999072
39705168
39670736
39587232
39657308
39649796
39551068
39724656
39627184
39553088
39624256
39707428
39602448
39632436
39604424
39658392
39603556
39593340
39593720
43161196
42885196
39605828
39611768
39626696
39568392
39575780
39695568
39652124
39653224
39626788
42261052
43465644
39668252
39611888
39692552
39608432
39574624
39707072
39637716
39616852
39869536
43655216
39637056
39559332
39552780
39684348
39687500
39695004
39592540
39633484
39644300
39606388
39650748
39655176
39560372
39660312
39603668
39546804
39621984
42975376
39612864
39573608
39672600
39571808
39617276
39600420
39577604
39641696
39520052
39939216
43142660
39658112
39523344
39521412
39531928
39611252
39614876
39607192
39638776
40034980
39545520
39733516
39604776
39553488
40204688
39573072
39633656
39651568
39622272
39581436
39691848
39508724
39654000
39698232
39634060
39620504
39671972
39628520
40163876
51665080
39629040
39703024
39564104
39611608
39582072
39578700
39588352
39624804
39575876
39649796
39614528
39574244
39635236
39580976
39604900
40028148
39653000
39607836
43197552
39591388
39525528
39524576
39630612
39632544
39638064
39733292
44285264
39631364
39612472
39629856
39668708
39590040
39556644
39597668
39584780
39686796
39639028
39714224
39672224
39567444
39744300
39611156
39592000
39673836
39662896
39629828
39654700
39599232
39673780
39704904
39605304
39597940
39627024
39707336
39548872
39634836
39775268
39629096
39750028
39584428
39516772
39676856
39527764
39681760
39603692
39563360
39607876
39679904
39629072
39590404
39560384
39543020
39597684
39763284
39654468
39608696
39746672
39592888
39700296
39629524
39575236
39573444
39667428
39694824
39585236
39709832
39626780
39682656
39660444
39558780
39658344
39641356
39663832
39675576
39584216
39544792
39628252
39622656
39626276
39664260
39616692
39542152
39641440
39636184
39650264
39664180
39652960
39720824
39735420
39603520
39652344
39637884
39589992
40130548
51566108
39558236
40338976
39633560
39604996
39572480
39666148
39546716
39631116
39642132
39601688
39700732
40290168
39615696
39724820
39611160
39684280
39825376
39760744
39547680
39701508
40053460
40394972
39685392
39675856
39722000
39530588
39684444
39607064
39583540
39687764
39570960
39621112
40277692
39633096
39609576
39596896
39691712
39579512
39680308
39610436
39593752
43003552
40018452
39779604
39728984
39710700
39725324
39715820
39632888
39710052
39714492
39733288
39662348
39727360
39770436
40109824
45689824
39681516
39605164
39604912
39600792
39614772
47724452
39662272
39507680
39602296
39575888
45408848
39713800
39743764
39666956
39683132
39629560
39564240
39636460
39629196
39588860
51708564
39538004
39507648
39677616
39550864
39460896
39569584
39564860
39621052
39629428
39622296
39688568
39698480
39644144
39578260
39645720
39630976
39502564
39657636
39717920
45046024
39763816
39596516
39617212
39579232
39676508
39707128
39659148
39595244
39673700
39543200
39600988
39606128
39526116
39629884
39630812
39598248
39634136
39633232
39629340
39633984
39742004
39695648
39637728
39585816
39669144
39624728
39617112
39653656
39809580
39647236
39596316
39738500
39675620
39755472
39724956
39524436
39668116
39805708
48789348
39632888
39616572
39583984
39641724
39624124
39608032
39621044
39591176
39632212
39631768
39560320
39653288
39533044
39706712
39606152
39652772
39606224
39681516
39672304
39667664
39513288
39575404
39721948
39691080
39668136
39637852
39604972
39634232
39662748
52166628
39603060
39659180
39551284
39616728
39658792
39757768
39609996
39617252
39590628
39588772
39605924
39666968
39645360
39575360
39564544
39601052
39655992
39609436
39583512
39550392
39570460
39790952
39678844
39706268
39588644
39642424
39681264
39612412
39608160
39704968
51515552
39589412
39647812
39627144
39608052
39581480
39592656
39624568
39631492
39646568
42539784
39688868
39639136
39989856
43846424
39680868
39594228
39633768
39651796
39658792
51619376
39606948
39563256
39624684
39671844
39750144
39629644
39587804
39618940
39613444
39698800
39591736
39655776
39584512
39650764
39729320
39606976
39626024
39641060
39652328
43040908
39652324
39705948
39697480
39697204
39662676
39666380
39556204
39570408
39585196
39617656
39606444
39609840
39533916
39664412
50472796
39608552
39592668
39569688
39723364
39637808
39549556
39582964
39544296
39600140
39565460
39565112
39656108
39604240
39780872
39712896
39637908
39619108
39489520
39630076
39556320
39590924
40652000
39587728
39635584
39536644
39593600
44289172
39667508
39610196
39688656
39588544
39659612
39579472
39851768
39596148
39663124
39691652
39577508
39674188
39683560
43838352
39676272
39624792
39794196
39643596
39639104
39616964
39664728
39641184
39624912
39550140
39891848
39731592
39603064
39678916
39564600
39578880
51605700
39626624
39603908
39728636
39548848
39585780
39555808
39536256
39609820
39622372
39548140
39665752
44879044
39626428
39664016
39520004
39621480
51717780
39704856
39673856
39652728
39647584
39629824
39581028
39651204
39628968
39553564
39671828
39564608
39862252
39732980
39503432
39596032
39571824
39627900
39699676
39634936
39614796
39628692
39653228
39647212
39676388
39634088
39659928
39613740
39637356
39566856
39649776
39602640
39568972
39652056
39646880
39577420
40030660
39638156
39731540
39776732
39540088
39635772
39852296
39557888
39602804
39681152
39670500
39726516
39576444
52159368
39626296
39581964
39576180
39712640
39789968
39685896
39523536
39634348
39636184
39581212
39599496
39643900
39661348
39681884
39617668
39677196
39949804
39764464
39705472
39705884
39714700
39598216
39666964
39573012
39593104
39599796
39518840
39683204
39552756
39597808
39620584
39649044
39658548
51642532
39675320
39798504
39710276
39574372
39549300
39650612
39668016
39529472
39606712
39587064
39548436
39623560
39568252
39594784
39600848
 
39560876
39557432
39599612
39700344
39579332
39617132
39610252
39606224
39611768
39589360
39832228
39490060
39593812
39690464
39670916
39613740
39646268
39602664
39608784
39615152
39643904
39603176
39572952
39688192
39602080
39614452
39699628
39571000
39533056
39710788
39544992
39621636
39637148
39590272
39532012
39604208
39732896
39663056
39647180
39626660
39577732
39564404
39643364
39593560
39607700
50469400
39649688
39571332
39636032
39638896
39618996
39621936
39637908
39669712
39686400
39599384
39595592
39593080
39604112
39587652
39642220
39599880
39628604
39590792
39585484
39662432
45807392
39632884
39700172
39618348
39661888
39709796
39600328
39528092
39559112
39590132
39675336
39583884
39628656
39656724
39563536
39610532
39686648
39638536
39636788
39640996
39699960
39466796
39600508
39665680
39615388
39644052
39588900
39588564
39681912
39633724
39634784
39603000
39614624
39607336
39618548
39639236
39603640
39570936
39694560
39603672
39587200
39519184
39630756
40228768
39743480
51789784
39588180
39747452
39775076
39667180
39670020
39726288
39689036
39710096
39992968
39669972
39850908
39599912
39691984
39756264
39647404
39697128
39638876
39772052
39851632
39697624
39624652
39616596
39635496
39716764
39632076
39727980
39696968
39571612
39499056
39765748
39709148
39734400
39527428
39711860
39635852
39657796
39624180
46011656
39581400
39600176
39573268
39608204
39607820
39614064
39658300
39590584
39390140
40169708
39588148
39550256
39621540
39636924
39592612
39558296
39636796
39645896
45759296
39671356
39624600
39615428
39562584
39634204
39629552
39519332
39795132
39480056
39594932
39634552
39663720
39587788
39712700
39604736
39839604
39637428
40227628
39577496
39584324
39579536
39702792
39733620
39593924
39603696
39740652
39558820
39755484
39818452
39707392
39665012
39585304
39650624
39645236
43570144
39681136
39684760
39897444
39658416
39693624
39745668
39685016
39681916
39677408
40546700
39627592
39714896
39633316
39620964
39594500
39621856
39768900
39607720
39687700
39682404
39661444
39684852
39670112
39729744
39553852
39644752
39770148
43620648
42671020
39611092
39633112
39722252
39672600
39636020
39708816
39693472
39613176
39534312
39701388
39687396
39602272
39674788
39781376
39709196
39697412
39551112
39621248
39549672
43440056
39606456
39690608
39601856
39590444
39639068
39573352
39579512
39661444
39590952
39631308
39647280
39610448
39543052
39652944
39635124
39497532
39583132
40322644
39813336
39695404
39654788
39663632
39794476
39650440
39702572
39654832
39679700
39639508
43219544
39679768
42566688
39574108
39656000
39664760
39625996
39732532
39687616
39681752
39550528
39593100
39582436
39653132
39645796
39615364
39535952
39628152
39605396
39652852
39626532
39923424
39627756
39590244
40272492
39622172
39689020
39713136
39709640
39640588
39695880
39645660
39617764
39732636
39615696
39612668
39640188
39557860
45312232
39827236
39624000
39663368
39621260
39617736
39529372
39626572
39648056
39641240
39578312
39636184
39553508
39868756
39633016
39545744
39706456
39573704
39552280
39622320
39705408
39566812
39615400
39630740
39634616
39538040
39640864
39624620
39628072
39653040
39671532
39630188
39777516
39652512
39802668
39658460
48953596
39641604
39743420
39603756
39498612
39674900
39636484
39527988
39589128
39600524
39515888
39731300
39621308
39528124
39641868
39625820
39629560
39616012
39612764
39635240
39666628
39548432
39710792
39658876
39575588
39643548
39676948
39657420
39625404
39606968
39649776
39598248
39553392
39583144
39601328
39507416
39594448
39630716
39518900
39622140
39589648
39616228
39629028
39589772
39609256
39672044
39551548
39624460
39681140
39660648
39713072
39693224
39594356
39625596
39672644
39591788
39576284
39584436
39638916
39619880
39578824
39534828
39590828
39620292
39606860
39638544
39621348
39589016
39537460
39591004
39609240
39623408
39666780
39570180
39580632
39546676
39545648
39647596
39570024
39602072
39567856
39663736
39497396
39560160
39671732
39631536
39569592
39560436
39654256
39604232
39557352
39567816
39678860
39599932
39584484
39664136
39598772
39651912
39925444
39642084
42650456
39620252
39660052
39646940
39518432
39659500
39703540
39631560
39675412
39672876
39663252
39611108
39681808
39654552
39632924
39708356
39674448
45157228
39620820
39618068
39668832
43796844
39545704
39651000
39660240
39493224
39639568
39651664
39578776
39576864
39571416
39577828
39689352
40334948
39607892
39646724
40295596
39555528
39651028
39681876
39570332
39644560
39587804
39607256
39624160
39591032
39679220
39556700
39613008
40033160
39505460
39666960
39631308
39545048
40217136
39667068
39725164
39620252
39647028
39731032
39668136
39602192
39771696
39705764
39576048
42920232
39571216
39616436
39716428
39708064
39705332
39703452
39750184
39759464
39725456
39669732
39677264
39803692
39673276
39685932
39730728
39598740
39627288
39633316
39672752
39655048
39586556
41767544
39648712
39540400
39584688
39572212
39629600
39613628
39743164
39608556
39575680
39491180
39778672
39651712
39605676
39611772
39673060
39678220
42719796
39678416
39670684
39695776
39681316
39566836
39564344
39620840
39672196
39682264
39624728
39577744
39586812
39662060
39642556
48012124
39636496
39635020
39684880
39655852
39639640
39607508
39551136
39635580
39580372
42215960
39742348
39699864
39693348
39533072
39579624
39714096
46180856
39624876
39661672
39568972
39638860
39677680
39608896
39615400
39590384
39984312
39650500
39658528
39736648
39699052
39662824
39667320
39720312
39646344
39680992
39634624
39642440
39679676
39545724
39600676
39569068
39652752
39598396
39553408
40392416
39663000
39591648
39533960
39622480
39701948
39561016
39700144
39623632
39409284
39683492
39616824
39581544
39691232
39608980
39585260
39603956
39619724
39596232
39707272
39576680
39587620
39699184
39529472
39666952
39657524
39603548
39558536
39607604
39534044
39608072
39591880
39594672
39642916
39695384
39607224
39625728
39615580
39515060
39764936
39714700
51719704
39651904
39901200
39633740
39714564
39634336
39696392
39556760
44890440
39716180
39648088
39567328
39598068
39630332
39539764
39629484
39691200
39578484
39526560
39576896
39641344
39665320
39507016
39647800
39705836
52137896
39681448
39573656
39646380
39618292
39587856
39613656
39744008
39501352
39676052
39630860
39481972
39590736
39623912
39548016
39628968
39584948
39503284
39627284
39608276
39750448
39600508
39621840
39661284
39668480
39547968
39627336
39690292
39625748
39612884
39614768
39586372
39628172
41909308
39625348
39991048
39571616
39640500
39627960
39548248
39644432
39626768
39618672
39594264
39621220
39572876
39584452
39544460
39672612
42760088
39564816
39639576
39593984
39668440
39668460
39620944
39561152
39720612
39601816
39563064
39560288
42853392
39697996
40064184
39601724
39580448
39601588
39571244
40178428
39623176
39623072
39602436
39660148
39616536
39712616
39557148
39524820
39585164
39639564
39550376
39644936
39607356
39632920
39620344
39630460
39559724
39677368
39641188
39625164
39674040
39588488
39646404
39684708
39644184
39757468
39652736
39588560
39683416
39633488
39606484
39668116
39548452
39588416
40152916
39611188
39589936
39661216
39602120
39716708
39645272
39584808
39563348
39636052
39523864
39655560
39662704
39573984
39657640
39782072
39672312
39636672
39780352
39539216
39579920
39604788
39624264
39589924
39639016
39613280
39610896
39607508
39553776
39551252
39863900
39554624
39541980
39603228
39606336
39614508
39575812
39621744
39760736
39717672
39614528
39653420
39659288
42323284
39635616
39624192
39594236
39859340
39621148
39633124
39631884
39549548
39607144
39544816
39508936
39675956
39568264
42994916
39624740
40010552
39594112
39667884
39616256
39616728
39583716
39636516
39600552
39594848
39658632
39602348
39614184
39546232
39613604
39745184
39504528
39627060
40212920
39727532
39686208
39660512
39693468
39598044
39629140
39707592
39580476
39670668
39678444
39670188
39717640
39696160
39652608
39696888
39733380
39715924
39768740
39742616
39679676
39674388
39716452
39704932
39749176
39660944
39622696
39641320
39618104
39715300
39792500
39634412
39665080
40273092
40029660
39818948
39649276
39675084
39681496
39673424
39617532
39666452
39668340
39654996
39648732
39657600
39684424
39637456
39696600
39744904
42715844
39755896
42032356
39731480
39649472
39655504
39726856
39679704
39622600
39675404
39687020
39625048
39710060
39661376
39739348
39711332
39770024
39693124
39764892
39578060
39666544
39639744
39544980
39606132
39611392
39600024
39566612
39657928
39623332
39596360
39584528
39543544
39593316
39601920
39525948
42530856
39627012
39841932
39565060
39634484
39649424
39608832
39601740
39601012
39592852
39511204
39654200
39577300
39641368
39691872
39542984
39626012
39668192
39597772
42799092
39748444
39672632
39628448
39779276
39651652
39722464
39724260
39611996
39639256
39790548
39748104
39674068
39677452
39645064
39671012
40225304
39790572
39585052
40614760
39580668
39613260
39666656
39699440
39634128
39627740
39581356
39532032
39633980
39621648
39549836
39630892
 
39640992
39837588
39677632
39643808
39624488
39687820
39673228
39693128
39697680
39601064
39579012
39663376
39650916
39659288
39572976
39601652
39622088
39715980
39600172
39950312
39636860
39570192
39681356
39589740
39638424
39647028
39562612
39614488
39678704
39616524
39603084
39596680
39593820
39585064
39614640
39561728
39663636
39619168
39614728
39614612
39624196
39609044
39603568
39620424
39596124
39490204
39627068
39613220
39511076
39601516
39635328
39546636
39578048
39629664
39599248
39670820
39619248
39664668
39626232
39580876
39635080
39604744
39569188
51674560
39676456
39669156
39508252
39599164
39645492
39639736
39644656
39606172
39597472
39596308
39606968
39531456
39670516
39544248
39627980
39560040
39667828
39573624
39595412
51752264
39615312
39707724
39640852
39607912
39649752
39613892
39562888
51636248
39624900
39748716
39744228
39647520
39709692
39618240
39942860
39694880
39688900
39729836
39709608
39645684
39715240
39653016
39622488
47129884
39658808
39592596
39563892
39616252
39568836
39526880
39744248
39641372
39556312
39621812
39598032
39541280
39635388
39644384
47568696
39624996
39606808
39620468
39625180
39582596
39660876
39690460
39574724
39598088
39666232
39596748
39614748
39634684
39526904
42451740
39651408
39704148
39608492
39615584
39647628
39615888
39614256
39605744
39527000
39632296
39660824
39669092
39527076
39650704
42612112
39637664
39688968
39634268
39619060
39546744
39617572
39622304
39529168
39618016
52038696
39539220
39605140
39654576
39669476
39617444
40104984
39600644
39576664
39592112
39663736
39628076
39499352
39660452
39703156
39641172
39673884
39759000
39682736
39599088
39603916
39569456
41482480
39648888
39630588
39606796
39555488
39602828
39651032
39637060
39611072
39588584
39617780
39571520
39627932
39581476
39658464
39569104
43177588
39651868
39543620
39633172
39619684
39592472
39687912
39582476
39635840
39606112
39531780
39598536
39639704
39647412
39593108
39535292
39625116
39681580
39614396
39649776
39627916
39597016
39612436
39576068
39544320
39663936
39723724
39693444
39703492
39721640
39928452
39700540
39693136
39705612
39732384
39708900
39638792
39698600
39703240
39690048
39750004
39708260
39625644
39764324
39686028
39658580
41968224
39562668
39681536
43562352
39682308
39659968
39666384
39621648
39754756
39695192
39710232
39720048
39697556
39681112
39488564
39594964
39685748
39862112
46654208
39765988
39681936
39699136
39708996
39743456
39721388
39638964
39790252
39653812
39680256
39729816
51503556
39658164
39659164
39607376
39588276
39641692
39599444
39585784
39659608
39628044
39674064
39632496
39673828
39720068
39646296
39604768
39645384
39633648
40000444
39590060
39685176
39716148
39578092
39634588
39656016
39627304
39598172
39643244
39556196
39642704
39664608
40595932
39557848
39590108
39630180
39575104
39635216
39690184
39547716
39640476
39624760
39574924
39654928
39737528
39636504
39660796
39648184
39465284
39597992
39611652
39629844
39613604
39561096
39646220
39618144
39621796
39604240
39623984
39720608
39638424
39600548
39597876
39599528
39502548
39549156
39687828
39595364
39633080
39556512
39659876
39633140
39574996
39602076
39628992
39628940
39580712
39627776
39591732
39635196
39678544
39600556
39617748
39904900
39606828
39581164
39610656
39602520
39597724
39659408
39673596
39739284
39550388
39634660
39591632
39674720
40029628
39767056
39542356
39652760
39621228
39674328
39581516
39626280
39579980
39569624
39583880
39636752
39603784
39629160
39629272
39602704
39571224
39636192
39593624
43690740
39622632
39657844
39621164
39643196
39612252
39554012
39624272
39625920
39538004
39584772
39638792
39601116
39655992
39637688
40382264
39606840
39620380
39586952
39670256
39629268
39645556
39630944
39707196
39592156
39550664
39608860
39690636
39587620
39643396
39654900
39632520
39613912
39652356
39619092
39656272
39604976
39659224
39637576
39529008
39651364
39650056
39540892
39659752
39648124
39577864
39653228
39561140
39633476
39562040
39535000
39604356
42270972
39563960
39545856
39689296
39601032
39681784
39614988
39547748
39638452
39668300
39535804
39563712
39657492
40200748
39661240
39637616
39550032
39621924
39599244
39722176
39596800
39606492
39718448
43091568
39616140
39547868
39582536
39663628
39706628
39596348
39890052
39648080
39610912
39649820
39682620
39663200
39653088
39642508
39669528
39610600
48039612
39739284
39819036
39702760
39673828
39670232
39549408
39688536
39657624
39595908
39586540
39684744
39565888
39651556
39793576
39607448
39667216
39622208
40139908
39663360
39600820
39631492
39527976
39603052
39645076
39577792
40331480
39596036
39564416
39630740
39637648
39643700
39654956
42931664
39609944
40098104
39682200
39666888
39636484
39716472
39620184
42880172
39617376
39621136
39748980
39671804
39634412
39677196
39562796
39647960
39569988
39628816
39609556
39654704
39554780
39591664
39547356
39686932
39659944
39585152
39554668
39620616
39593068
39644940
39615320
39611624
39640028
39571892
39615964
39572216
39502684
39621280
39513168
40317932
39810224
39781032
40056136
39783352
39571188
39676736
39699332
39641264
39866552
39580064
39572980
39645700
39646820
39569400
39659344
39720928
39608552
39663772
39602060
39647692
43453200
39476732
39612916
39604132
39606556
40204672
39636040
39613152
39637192
39737496
39686656
39713164
39536648
39652448
39700364
51626156
39544176
39706628
39640768
42848496
39594568
39684844
39715016
39680556
39757908
39737980
39699212
39647032
39708744
39762384
39572856
39865632
39583928
49039968
39582196
39625876
39640160
39573400
39844768
39656924
39601364
39655556
39639756
39644880
51859640
39594620
39569236
39709040
39599476
39580392
39570000
39532152
39629484
39564524
39602584
39642408
39756228
39610164
39707628
39732620
39925208
39536656
39958696
39578652
39583476
39548708
39645096
39632016
39570664
39620164
39610596
39613828
39632372
39605420
39645284
39715692
52153940
39639504
39580856
39591992
39533568
39677320
39630944
39625100
39650872
39634320
39655280
39574468
39613104
39649496
39543244
39725836
39614772
39619204
52016616
39603136
39658368
39562296
39576592
39639224
39649944
39567608
39614980
39515400
39534216
39624648
39631104
39666728
40355580
39645332
39703236
39558772
39613072
39641236
39575380
39745260
39738484
39642720
39744292
39658180
39746988
39745024
39845300
39665900
40705512
39638428
39641776
39656852
39648968
39650144
39668812
39654140
39729020
39624052
39597468
39699404
39650112
39587188
39682452
39610648
39580196
39641692
39685700
39586856
39665676
39617332
39520228
39612592
39643548
39671184
39655568
39583904
39523168
39669000
39604200
39687148
43664964
39858176
44154588
39682200
39663632
39684892
39490688
39520672
39572772
39639620
39513160
39573536
39668256
39635936
39641500
39524940
40030112
39486212
39570108
39617404
39636996
39568916
39565352
39566188
39658188
39657056
39595208
42700468
39616020
39565496
39635824
39543544
39626712
39620212
45020204
39590672
39611104
39661108
39571340
39709036
39613104
39533192
39682812
39640396
39647884
39655772
39634800
39600024
39656252
39663100
39656752
39635528
39530464
39621460
39637440
39568200
39639980
39616748
39545028
39628848
39727824
39622752
39716772
39519992
39670144
39652028
39654640
39636164
39592300
39640456
39559376
39586008
39581096
39629476
39598628
40023672
39677928
40275964
39607904
39604156
39726028
39569552
39671176
39605056
39534516
39626692
39570884
39621324
39672836
39532844
39609212
39624780
39551620
39554832
41648032
39583368
39600224
39630272
43044732
39679364
40316580
39635572
39670332
39636356
39721884
39576508
39698972
39672032
39611508
39621592
42795420
39591184
39667956
39618168
39644080
39713336
39621048
39669196
39460508
39591184
39538756
39633416
39574348
40066400
39610304
39580164
39625868
39565348
39552564
39639372
43984584
39620176
39549076
39576512
39629000
39701420
39548840
39612520
39629532
39595168
39759772
39591996
39618004
39710996
39624896
39676404
39614736
39560604
39631096
39672604
39975252
39552776
40060448
39611436
39624932
39646656
39661488
39665200
39552188
39655864
39614436
40571036
39619348
39607052
39588204
39634876
40004308
39673960
40211080
39648364
39618140
39697784
39678820
39611916
42978016
39715516
40133852
39698080
39733440
39635404
39619572
39671884
40632280
39612592
39776640
39678380
39629904
39717044
39706980
39630896
39676348
40208172
39644492
39659936
39658276
39596532
39516152
40417072
39683532
39629428
39510908
39651752
39632620
39596028
39660076
39538844
39669436
39700376
40137808
39705584
39588172
39569872
39628856
39703752
40097316
39595288
39655352
39597596
39622532
39573084
39618872
39604768
39573876
39640416
39637492
39576924
39605636
39621168
39528700
39559168
39799768
40655608
39653116
39622756
39584496
39708660
39520684
39673428
39578580
39588024
39651140
39604984
39524004
43861872
39624136
39597604
39640080
39639296
39607600
39630360
39647792
39653664
39703112
39591452
39555356
39738444
39654828
39633276
39729076
39682628
48851208
39702508
39560476
39646180
39988228
39533412
39646076
39660440
 
39555660
39659944
39630296
39676660
39589124
39499984
39612412
39595640
39655388
39568152
39703384
39547520
39623728
39717056
39694400
39543984
39670012
39672796
39669692
39656500
39668268
39732192
39641036
39638124
39710292
39772072
42075228
42743512
43582644
39655308
39721824
39678592
39720792
39709260
39534196
39552284
39628124
39642056
39644256
39701864
39624584
40384592
39657936
39748124
46479816
39730056
39699672
39589912
39758876
39737600
39647732
39688492
39709904
39654992
39711192
39678760
39679896
40889704
39625348
40680240
39654468
39455264
39652888
39778300
39769880
39664584
39731576
39741856
39651260
39723604
39700756
39676744
39767816
39596776
39635500
40151648
39637556
39557696
39616872
39580320
39634372
39643020
39616644
39530236
39659808
39659368
39588092
39601060
39604780
39543444
39624912
40320632
39635404
39647076
39665068
39571876
39635640
39631000
39856428
39614860
39587308
39568004
39586536
39635156
39604572
39595716
39618284
39810208
43271624
39551480
39703324
39587760
39545608
39562728
39674796
39580644
39619688
39617544
39737304
39691660
39614756
39903188
39612312
39632296
39626148
39664304
39564308
39646388
39640548
39553608
39627832
39629468
39617600
39601688
39606812
39626380
39657188
39546232
39667736
41503848
39623148
39665016
39645108
39555756
39649592
39679968
39622576
39682812
39505976
39615400
39573876
39561652
42620444
39730340
39501508
39565312
39607048
39583376
39542220
39627832
39574012
39590188
39507716
39634520
39561332
39511320
39628944
39588056
39618732
40352476
39746984
39784668
39712556
39659508
39585548
39720748
39599988
39603736
39663108
39601580
39639524
39693312
39606120
45365848
39643664
39717528
39600236
40167688
39655576
39690756
39579960
39568400
39627212
39616312
39598712
39678204
39580984
39698068
41311252
39603844
39554896
39636056
39611596
39627344
39606016
39601640
39597808
39583800
39585084
39596572
39583424
39657060
39632108
39571428
39654332
39601624
39628796
39658012
39721776
39607592
39673884
39652388
39615240
39763320
39650644
39613304
39522736
39829520
39619140
39595048
39643364
39604820
39656624
39665908
39479060
39569808
39560648
39625060
39558708
39628012
39553348
39624464
41630832
39718404
39638028
39740740
39754804
39585124
47544984
39642688
39608588
39594260
39622464
39581448
39612308
39709556
40275576
39617384
39560328
39599456
39603920
39606824
39622176
39637804
39576916
39563324
39632564
39670724
39554708
39497148
41735032
39542096
39840392
39652536
39571000
39606548
39736316
40115384
39666076
40178844
39662972
39733176
39657228
39601776
39749804
39922448
43216900
39857832
40066656
39694576
39617904
39614096
39746972
40448500
39917916
39725464
39772028
39628316
42919280
39647168
40298864
39723708
39704432
39706644
39699296
40110972
39635476
39709068
39946840
40501928
39671476
39474412
39637160
39589848
39588152
39629740
39678848
40287136
39725780
39737152
39679608
39748160
39708496
39717900
39674768
39619184
39721440
39795388
39666464
40090860
39654456
39604296
39735928
39614936
45337160
39686184
39547940
39672808
39658388
39570368
39668988
39685088
39580536
39477716
39562880
39624712
39702812
52140344
39711180
39660852
39638516
39538244
42900540
39627596
39527700
39566700
39609364
39551796
39731352
39538568
39582816
39666876
39527992
39629532
39651836
39528800
39609596
39636028
39559588
45593920
39652196
39606508
39650168
39565652
39530608
39584148
39527548
40258732
39682932
39614476
39656272
39588532
39582232
39649056
39605344
39717972
39676780
39572816
39752784
39806416
39567672
39777472
39595296
39683392
40244480
39724256
39638096
39624668
39644388
39615756
39627240
39674160
39716712
39665472
39588000
39684648
39658532
39580616
39646672
39642412
39612252
44551492
39731484
41509676
39595248
39659212
39619724
39668316
39569496
39602596
39662648
39525212
39602212
39617576
39536648
39659404
39604692
42440376
39584872
39580968
39631788
39617408
39571292
39672064
39597088
39599096
39585516
39574148
39575576
39688644
39654900
39605016
39641444
39615200
39612056
39668372
39591800
39675836
39609252
39534676
39649548
39635080
39584936
39656164
39587224
39643932
39593708
39626232
42745348
39646724
39495952
39708368
39637204
39501864
39674620
39578340
39477888
39645324
39569372
39572912
39607152
39547684
39597436
39569864
39547500
39636152
39711996
42379904
39619820
39655112
39605616
39604796
39494864
39660860
39645960
39588864
39572620
39618584
39559856
39725312
39623552
41258192
39679376
54747984
39582692
39654208
39555408
39604760
39641248
39541484
39627136
39584484
39673076
39704792
39637664
39634452
39666956
39638664
39688936
39594352
39572964
39635888
39518116
39560256
39623316
39596084
39662708
39668220
39586544
39635488
39635284
39602332
39628480
39631448
39661052
39650232
39513820
39568720
39649704
39505916
39626716
39663296
39527720
39522736
39603812
39633652
39623760
39633412
39687216
39619144
39642692
39626616
50152016
39663196
47585528
39598616
39687516
39638228
39592200
39559360
39594776
39709752
39531680
39825728
39666632
39570280
39623360
39588032
39672796
39633216
40346748
39616100
39598064
39589468
39620904
39615336
39531984
39662640
39790048
39546320
39665348
39514760
39684256
39643792
39613680
40141040
42814724
39555636
54872472
39716356
39649112
39671296
39677508
39650916
39593624
39618424
39611940
39625456
39673684
39645688
39615344
39646436
41514012
39673312
39691144
39600220
39813480
39550472
39647392
39616588
39571612
39651372
39634756
39547020
39562796
42527688
39563560
39608440
39683232
42937740
39629124
39608908
39622416
39556360
39617256
39551432
39610732
39638488
42234848
39680548
41059716
39533456
39639192
40521752
39552764
39660204
39611260
39703312
39623868
39648360
39532472
39506884
39595556
51675088
39673376
39608944
39679160
39613472
52366504
39637548
39691932
39605312
39694204
39549908
39575076
39633064
39582896
39660252
39681504
39558572
42735436
39624096
39610532
39652816
39670768
39668512
39618480
39661640
39499936
39648300
39709276
39627392
39640168
39656088
39664884
39628932
39513912
39590356
39464264
39525608
39568424
39614916
39635576
39615556
39721000
39617268
39594916
39569924
39651220
39598088
39539248
39612604
39594380
39936944
39564912
47199608
39582912
39626108
39611636
39565356
39598808
39622568
39657444
39633408
39671924
39656016
39699900
39605636
39603348
42601584
39684632
39690948
39534676
39651644
39637240
39880436
39703816
39614056
39561712
39611596
39522812
39574336
39644116
39673312
39606528
39678960
39544292
39634228
39739160
39664236
39669888
40548112
39523508
39627304
39624360
39591164
39612412
39563764
39688620
39656196
39625796
51713728
39559116
39539692
39620200
39625492
39501464
39667600
39663012
39751508
45353096
39571352
39711672
39614820
39574452
39747228
39582952
39690580
39619068
39993260
39640780
39611404
39563128
39559284
39584064
39583200
39532400
39609692
39579716
39583788
39660032
39641596
39540968
39638300
40233540
39665100
51994868
39623448
39613196
39696480
39588660
39644416
39780872
39609956
39613220
39578824
39642548
39576632
39617580
39519408
39583304
39588448
39666832
39565376
39609832
39707036
39534656
39645796
39494260
39609568
39557804
39619716
39598572
39515960
39631608
39618108
39609200
39616452
39562844
39501908
39621892
39604484
39698084
39688000
39676888
39600804
39571524
39684312
39669284
39622512
39774312
39630308
39727180
39663080
39733676
39664296
39697844
39620880
39595288
39693224
44363604
39656468
39671536
39569892
39650044
39606324
47023648
39672288
39599216
39653096
39543112
39617304
39429652
39606536
45544336
39797588
39605812
39699952
39577796
39629708
40268184
39668328
39662540
39612032
39552400
39549424
39562984
39615184
51430080
39642236
39634776
39669692
39602616
39729756
43071616
39676660
39624816
39575400
39630876
39632684
39677704
39681892
39617020
39589360
39697352
41483140
39641952
39644952
39571964
39571688
43119424
39712688
39688636
39605836
39698060
39647428
39580448
39681724
39667808
39667380
43104720
39694868
39748624
39602284
42910452
39706156
40393248
39655520
39581552
39558012
39850384
39618612
39636228
39722196
39680676
39555492
39501984
44242984
39603768
39702100
39642604
39498060
39520484
39608308
39553488
39662968
39577196
39617116
39531532
43019780
39649528
40196120
39632872
39636048
41252392
39588016
39615636
39699632
39622800
39563772
39581404
39565676
42953184
39680100
40273684
39665064
39681404
39597724
39595392
39644016
39594432
39645572
39599308
39593820
39641584
39664432
39621312
39628548
39587816
39582900
43579876
39601240
39591868
48685696
39652644
39603776
39507524
39611552
39620024
39723836
39637408
39573164
39567736
39633456
39612756
40118840
39730428
39520512
39518196
39625960
39633740
39579664
39671600
39627520
39519044
39636652
39669328
39594836
39595224
39881836
39638204
39636944
40641316
39694676
39683256
39677320
39693460
39632900
39670676
39664740
39716524
39738968
39591348
39673064
39560720
42204096
39616512
46545508
39726328
39578020
39500404
39660652
39619324
39664536
39584604
39538548
39580116
39600040
39562508
39654532
 
39613460
39696848
39619248
39757664
39727980
39687896
39659512
39642644
39662096
39600988
39682192
39639444
39689528
39541696
39659332
39634744
39715820
39667108
39620008
39630000
39618252
39675628
39636788
39599224
39595468
39681628
39707104
39702416
39714252
39657088
39583876
39657956
39739664
39563004
39653880
39650892
39571796
39656116
39649900
39623960
39691752
39651336
39634340
39633372
39649692
39633996
39703096
41325460
39955644
39606496
39653072
39677140
39801520
39688860
39661320
39627436
39590376
39651592
39617436
39630792
42975108
39755868
39815768
39640540
40013296
39716364
39707832
39640468
39622240
39636684
39686664
39649608
39684056
39682524
39591204
39964600
51732692
39657540
39640104
46209548
39718008
39689884
39717776
39844952
39898140
39622240
39666956
39710492
39858764
40053872
39614772
39654408
43541004
39592840
39663596
39749516
39596256
39633932
39671820
39744080
39712808
39681052
39626596
39661068
39602800
39710020
39614256
39578008
39732448
39644160
39618144
39726712
39689616
39655636
39632468
39657028
49510148
39564128
39705016
39760948
39598652
39681108
39550876
39560888
39626396
39616176
39683084
39671540
39661932
42686032
39670420
39679608
39592704
39682100
39695908
39698956
39639952
39592528
39584500
39583868
39644184
39632776
39633136
39602392
39685004
45630300
39617604
39576444
39640444
39675856
39599224
39665196
39674776
39608372
39627776
39610196
39699080
39678488
39612968
39699832
39560016
39672936
39611852
39716508
39761352
39733812
39627340
39632968
40823760
39727252
39736216
39721112
39677332
39688288
39656812
39674996
39562608
39711988
39679056
39608880
40276428
39659536
39707260
39688556
39703596
39710988
39740536
39747884
39645900
39707420
39716420
39707584
39719184
39544632
39687068
39685508
39723448
39739124
39702300
39652272
39607796
39716076
39635784
39698492
39722524
39708884
39652352
39615568
39734484
39671488
39702604
39716244
39596500
41124820
39645568
39589144
39768812
39594472
40048296
40521896
39754636
39651508
39694332
39671072
39638076
39608300
39728456
39566572
39709648
39620560
39799760
39811972
39744788
39715084
39792792
39766344
39740396
39748636
39801236
39752012
39799676
39803128
39804932
39700392
39789628
39676544
39716480
39806236
39742608
39808376
39729856
39767464
39669812
39767400
39769748
39947840
39744164
40317376
39677120
39693680
39796808
39700980
39637892
39586592
39591228
39600620
39668868
39716948
39664652
39655480
39586128
39642528
39686272
40250184
39633252
39704784
40006084
39607292
39807344
39626224
39668556
39695868
39607008
39601984
39606796
39674136
43102216
39682576
40084044
39706104
39586952
39672920
39625416
39673996
39644240
39595284
39602684
39592884
39641960
39667120
39652268
39664924
39655232
39565228
39571376
39662372
39728948
39667480
39708240
39665204
39656104
39729332
39695740
39753788
39748940
39655760
45227128
39709812
40188604
39709340
39752568
39688012
39601856
39676748
39665352
39713252
39706340
39692528
39655972
39604884
39699144
43361056
39855380
39820388
39685600
39679352
39610684
39669868
39696564
39735656
39715544
39682800
39576688
39721436
39593524
39687788
39683824
40242076
39718820
39569260
39684972
39670832
39759728
39667900
39621116
39625724
39661332
39605892
39710472
39776736
39700180
41272724
39667404
39674064
39650852
39658088
39695224
39607724
39725224
39624500
39574264
39640248
39606572
39668904
39642056
39661320
40000236
51681584
39653712
39635736
39648328
39669360
39585916
39654512
39637236
39725564
39641568
39653788
39671956
39533984
39649024
39683628
39647576
39647648
39690028
39606172
39606904
39617436
39722404
39717456
39687336
39671820
39588224
39658076
39674088
39507596
39620484
39681780
39653952
39671228
39680504
39695468
39640336
39629008
39642740
39539800
39666376
50194096
39624572
39684060
39672516
39595500
39607432
39700288
39613036
39610900
39648952
39685508
39647596
39677404
39629236
51845108
39635300
51555924
39582124
39584592
39595808
39664164
39703332
39725884
39638276
39718292
39675576
39549636
39646308
39675772
39771392
40431188
39665140
39741280
39708864
39660280
39731816
39620844
39653804
39661940
39601524
39602080
39544264
39562740
39644752
39637992
39637084
43196520
39709516
39580756
52204612
39627620
39714584
39754872
39739644
39678948
39577684
39575476
39557292
39752808
39671840
39624976
40007376
39626572
39692592
39715944
39675096
39965848
39690640
39654476
39694000
39668524
39705736
39658224
39701040
39551928
39661088
39657128
39758528
51655808
39703792
39627112
39901492
39648148
50131140
39618372
39600140
39633072
39640920
39622964
39683284
39637300
39649408
39645472
40139048
39640252
39718812
39784052
39684116
51179260
39567304
39618532
39688264
39625036
39669916
39730356
39685296
39586016
39735004
39735100
51674004
39763176
39780504
39880196
39716392
39749592
39719600
39799696
39773496
39736648
39672880
39789408
39708648
39776548
39658256
39715568
52375912
39692044
39737612
39597424
39642612
44365600
39712028
39713920
39776408
39610128
39653648
39592832
39622280
39730108
39560168
39676708
40813548
39673064
39808248
39980296
39649376
40236844
51807260
39727664
39585576
39806620
39772752
41191740
39778156
43258108
42706464
41201504
41336404
40321496
40993528
40514380
39789464
39716792
39758896
39570932
39504400
39644452
39645648
40899460
39726360
39572208
39578064
52852052
42220564
41630800
40189888
40464124
39999260
41236668
40846436
40522448
40774108
43363132
42799376
42473648
45616060
47737488
42244336
42800720
42165340
43995992
43199168
43318948
43649284
43254404
43208640
43842936
43305448
43114840
43099324
43604100
43796716
40920224
43702804
43188068
43494392
43294572
43590196
43378196
42880304
43122360
43029412
43635108
43702564
43272088
43436300
43293896
43528900
43319044
43610092
40817932
41162992
43266212
42952608
43268436
43712392
43153548
42657312
40520132
40126804
43273912
40888044
43667744
43616524
43140480
40085760
40160276
43430972
40301652
43390316
43296748
43128548
42739776
43252352
42492232
43046424
43015952
42575352
43495804
43203624
42848004
52307492
52630552
52215992
52184952
52455568
52280092
52269300
52449192
52155464
52505312
52498000
51903604
52763588
53053724
52675796
52781840
52765260
52929240
52302084
52009280
52571652
51888140
52246784
43753260
42980884
43050100
43027668
43582648
44278376
41801096
43182084
40827852
41098388
42725836
43388660
43049144
43895904
42990284
43765628
43403692
42869412
43532396
43228044
43083944
43437088
43547840
43709644
43467312
44526192
44313880
41360468
43854304
43608032
44001480
43051568
42914812
43821744
43468460
43037220
43699576
43272332
43063744
43516036
43568652
43526380
43294084
40029076
40093080
40740000
40569408
40826288
40892288
40716776
40599216
40610776
40645288
40482892
40764332
40678044
40579172
40331112
41176384
40980584
40585952
40759268
40883384
40643732
40494800
40105392
40083044
40290808
40557116
40463864
40626020
40912388
40642048
40320140
40326852
39938076
39999520
40276460
39910048
39941064
40257464
39950620
39860252
39869588
40401964
40155000
39896056
40191420
39989584
40017264
39958344
39881940
40336704
40015320
40105172
40202892
40112136
39922652
40109188
40069240
39888828
40138808
39959364
40142056
40023616
40333292
40309648
40112392
40126772
40126228
40071796
40393040
40353964
40222588
40472800
40262916
52899368
53063676
53273360
53692564
53745064
53825964
54016484
54230696
54289812
54399092
51526244
51648268
51725916
52091944
52207292
52337876
52616568
53037896
53338720
53563404
53893992
54101964
40315096
54431784
54511420
54455512
54493196
54441460
54227620
54132016
50923432
50995864
51180940
51346516
51603864
51683360
52130856
52620680
41306864
52737724
52592528
53095264
53346968
54203896
53711300
53712168
53475024
51098100
39915424
51506936
50796668
51256216
53745228
52779068
53249744
41727664
41407756
40765936
40228256
39568880
39735892
39696772
39645780
39563368
39662032
39712440
39492492
39695100
40649852
39757744
39789276
39877772
39743852
39680084
39756660
39709992
39604256
39646120
39752904
39718292
39696312
39640980
39583196
39755616
39677960
39674424
39763080
39789388
39676708
39598592
39546240
39923068
39716152
39616652
40126380
39841008
40042304
40588744
39792600
39874692
39697600
39708528
39720644
39729228
39585932
39826688
39742640
40072708
39703620
39742900
39663336
39641428
39581456
39936848
39729112
39702048
39580340
39606948
39720872
39692648
39674376
39681244
39604416
39679000
39705224
39652936
39677184
39678188
39667480
39574780
39684132
39636640
39599060
39678024
39752400
39636860
39701100
39683068
39736828
39639980
39799244
39693084
39727212
39677260
39643376
39692120
39684284
39715652
39712444
39721596
39621044
39642972
39823936
39783088
39759388
39739196
39671860
39737612
39630588
39708672
39676168
39640264
39696044
39641560
39689900
39659936
39704660
39639316
39642164
39683928
39648500
39627272
39679996
39637384
39605884
39699796
39655896
39603092
39644248
39692584
39629632
39685388
39750440
39676868
39775180
39700452
39651012
39648788
39733248
39706940
39707704
39651444
39700400
 
39585572
39671356
39606156
39637056
39719672
39767236
39625832
39745976
39622864
39730244
39671076
39708204
39650552
39600068
39721240
39697900
39713520
39677876
39691836
39653480
39666648
39696964
39699368
39772572
39659624
39690792
39713684
39630596
39730328
39707364
39712708
39642108
39662280
39652060
39678924
39616412
39646560
39764920
39697492
39668068
39637500
39699948
39685016
39573500
39694772
39695408
39605540
39679684
39917668
39673212
39813416
39902096
39843500
39695100
39684708
41276212
39741428
39796696
39797668
39823400
39736228
39739580
39594828
39637988
39702272
39732384
39655884
39600604
39649324
39612680
39647328
39717096
39665404
39657096
39641668
39667664
39708632
39682792
39728228
39703844
39701192
39729280
39599276
39706308
39670556
39599416
39669436
39647832
39640812
39660612
39661044
39638108
39717836
39653136
39629396
39702228
39633564
39683484
39763292
39669516
39677996
39617308
39659332
39638844
39770804
39685924
39695924
39687828
39627648
39681008
39675964
39695988
39643272
39610876
39622280
39546356
39727684
39682632
39641392
39665108
39782960
39595104
39654180
39651504
39686992
39658976
39689520
39659264
39593428
39593584
39658100
39621508
39697824
39661056
39620704
39671540
39670072
39692592
39695716
39608556
39670032
39650408
39709756
39728512
39677724
39772432
39654332
39663004
39687452
39729208
39728424
39616192
39710860
39652988
39679636
39709100
39814720
39683468
39686424
39750860
39694352
39716148
39701340
39653460
39609676
39727508
39740960
39758580
39683904
39724060
39617548
39673868
39703632
39677052
39676996
39740620
39649264
39737788
39733332
39745036
39656112
39702224
39713700
39609660
39678596
39683104
39646568
39693436
39698188
39676536
39724704
39692052
39611184
39598788
39658280
39632824
39658468
39738272
39611248
39555732
39693496
39719352
39701024
39651056
39601224
39643020
39694248
39656616
39642164
39618388
39642336
39672924
39594760
39612776
39674120
39650896
39677716
39560960
39630644
39708280
39681172
39664688
39642004
39600908
39772200
39687012
39608096
39587612
39758732
39749920
39704532
39664540
39615240
39659716
39730420
39697180
39636256
39685784
39692412
39804104
39837332
39772812
39804500
39705148
39661440
39699176
39605548
39648700
39651168
39655336
39644400
39703128
39616932
39611820
39703852
39755188
39688532
39641424
39685680
39649936
39674192
39666188
39615124
39660120
39634840
39690500
39668828
39737272
39684312
39705940
39690620
39610360
39627600
39692732
39728692
39675664
39648124
39636832
39615776
39708624
39611528
39690664
39603364
39614592
39643088
39650056
39740884
39662920
39720248
39554012
39572408
39709488
39655576
39648504
39609072
39621636
39682160
39713016
39700252
39657044
39699924
39583176
39641612
39732468
39752732
39725136
39687776
39658236
39596048
39780440
39698384
39703116
39714552
39611960
39687588
39710756
39687540
39774548
39600696
39785916
39612404
39652548
39683524
39666172
39638888
39772968
39705688
39753248
39666840
39693764
39634540
39664640
39678380
39730032
39665948
39737928
39624684
39666376
39604188
39682676
39714280
39676112
39618684
39716060
39639260
39583132
39670084
39678796
39666036
39649844
39654152
39693600
39682724
39659408
39784952
39712444
39651632
39656436
39661448
39627460
39654060
39721272
39594792
39634076
39666268
39664256
39681960
39669552
39676188
39603116
39621500
39751020
39615008
39668836
39666208
39634164
39625460
39624532
39680580
39608644
39711416
39721228
39594040
39519160
39664916
39666000
39713096
39639624
39623172
39638772
39731592
39707176
39668384
39659456
39649800
39570148
39573124
39597648
39707552
39731252
39679588
39657376
39562648
39551964
39770448
39650484
39744044
39676444
39682708
39623300
39666132
39639928
39717312
39585108
39575892
39645324
39685660
39585108
39752148
39767796
39736972
39654724
39686412
39672248
39660492
39625080
39682948
39741704
39680732
39764976
39678276
39722052
39604744
39708560
39726488
39675104
39798944
39754088
39700948
39665000
39676276
39724496
39719176
39667004
39726608
39675904
39745344
39724548
39654992
39692508
39743476
39703500
39789436
39720392
39693036
39666244
39650828
39744620
39676524
39707432
39721328
39578144
39708576
39736696
39667580
39711240
39686144
39694216
39610004
39752052
39698392
39723144
39679608
39729732
39673012
39672216
39779876
39763476
39748680
39707716
39693656
39619788
39703348
39667000
39707788
39692080
39653768
39672876
39699036
39735056
39681996
39714176
39698824
39668288
39702980
39705168
39654844
39746284
39793756
39671604
39674500
39699780
39634804
39707460
39632924
39624396
39702616
39733800
39716560
39686344
39692968
39738528
39630584
39752820
39786996
39642856
39659576
39578944
39644184
39723132
39716704
39664552
39617888
39681100
39594932
39643348
39692832
39608908
39683556
39683992
39647336
39609828
39619344
39752084
39681460
39720672
39772604
39659144
39599940
39659708
39697760
39661036
39763768
39616740
39649100
39723548
39670392
39747876
39630588
39671676
39596940
39544640
39662004
39696568
39652336
39672384
39626532
39517780
39660372
39690372
39826208
39617004
39609900
39642360
39679548
39681172
39647708
39655880
39688900
39650240
39640584
39632996
39621120
39619520
39709304
39661520
39687628
39636120
39688116
39713028
39625456
39636980
39618492
39732572
39656352
39642080
39659752
39654480
39652552
39632896
39628276
39686268
39603724
39683780
39715660
39682372
39579696
39586644
39721196
39702508
39670620
39695028
39601072
39559556
39679980
39685212
39664280
39757360
39609936
39640164
39611024
39701748
39720768
39709856
39713832
39633956
39671564
39706112
39654584
39672252
39742592
39675644
39648680
39645648
39680592
39674308
39669744
39713332
39673812
39645728
39620528
39634080
39624588
39740508
39699928
39735324
39619448
39704204
39712824
39637848
39799788
39710320
39703844
39712704
39688564
39699856
39769236
39753284
39730052
39658640
39696176
39694164
39728928
39712220
39736136
39732332
39620132
39675580
39727500
39729808
39693884
39702088
39617980
39608616
39674632
39704316
39702564
39719704
39802556
39650504
39721336
39699980
39577892
39712480
39745860
39780732
39750776
39719412
39648368
39790912
39674976
39715704
39720196
39724012
39726664
39623248
39716268
39745584
39683276
39779472
39726728
39660708
39693692
39714400
39755072
39713224
39727244
39693860
39681372
39669536
39623772
39701664
39663620
39757904
39691560
39635616
39672464
39653468
39681796
39699732
39665472
39624604
39722832
39659568
39674764
39679080
39664628
39591464
39649388
39676828
39712580
39712008
39574780
39669944
39647108
39624992
39708824
39776876
39666188
39632220
39645812
39532760
39653772
39698576
39684048
39641284
39614284
39675120
39687688
39664488
39588544
39697108
39697412
39666032
39599484
39659320
39686404
39715832
39620468
39717036
39605012
39673476
39706700
39632360
39637468
39727384
39584212
39689712
39707116
39691700
39704516
39773856
39741468
39684872
39741488
39697876
39690132
39655812
39627316
39595436
39698740
39677600
39770896
39760376
39747040
39702652
39577984
39677088
39715788
39697808
39751128
39675284
39710904
39739516
39764944
39740708
39749756
39756764
39681936
39677864
39729628
39666688
39664880
39750424
39711748
39752008
39724288
39711700
39669460
39721576
39667028
39740628
39658744
39733824
39735884
39740548
39624500
39731320
39699876
39724420
39750228
39673724
39651364
39680972
39708580
39733576
39737720
39759184
39716656
39656436
39634440
39707668
39708516
39693356
39705380
39670224
39617040
39754084
39755624
39780928
39713620
39751860
39669792
39754732
39706216
39807780
39740936
39676216
39694152
39699640
39743676
39717392
39722512
39743004
39710776
39674416
39769000
39782864
39713240
39716600
39741960
39662092
39630708
39645500
39620612
39719372
39742804
39705508
39711036
39612712
39703980
39728884
39743748
39669956
39705328
39742072
39640112
39709156
39715904
39761000
39722872
39679080
39698620
39740916
39737036
39583148
39692864
39722828
39777000
39619788
39727112
39679176
39632476
39672260
39754956
39719336
39699312
39682384
39612332
39703856
39708868
39754708
39746488
39643884
39677528
39645728
39664656
39684068
39706820
39574304
39753824
39658364
39704736
39672244
39676604
39667460
39671576
39653740
39585768
39681896
39718608
39725792
39679392
39694840
39628336
39652744
39871512
39595352
39715796
39711384
39715288
39725532
39609772
39667784
39688116
39650528
39708348
39694300
39691556
39646768
39671712
39625072
39687460
39706356
39747348
39672952
39762696
39609316
39634804
39696236
39627188
39710752
39681988
39726968
39625576
39657432
39654576
39764328
39697032
39671456
39611192
39602844
39657596
39683172
39706604
39682108
39656580
39673184
39638208
39724408
39696236
39693904
39711804
39601212
39631600
39768300
39665576
39653484
39693516
39632812
39608168
39662604
39667008
39595228
39597848
39599852
39664220
39575776
39647716
39711892
39651472
39653960
39649296
39653340
39632584
39696744
39554380
39683340
39697808
39576700
39621604
39709536
39683908
39642300
39652496
39634792
39636440
39580976
39724596
39694836
 
