Procesando...
  Filtro             : sierpinski
  Implementación     : ASM
  Archivo de entrada : lena.512x512.bmp
6885932
6837308
6858712
7449256
6928476
6906884
6816772
6982444
6913456
6913476
6866884
6958860
6872860
6861904
6853780
6827704
6907676
6859812
6803216
6829020
6951448
6768932
6973008
6892164
6818912
6885764
6818416
6825016
6813692
6837344
6836312
6871176
6855184
6897204
6802764
6908732
6883108
6912740
6816472
6881812
6838432
6890092
6895412
6840412
6891528
6796060
6895668
6832464
6899872
6829552
6773748
6953784
6895736
6821424
6887928
6801208
6928028
6910180
6879068
6821288
6880584
6929552
6807736
6815468
6921240
6766288
6920332
6771496
6895316
6775432
6775312
6902276
6821524
6798520
6777124
6907164
6881180
6793616
6875856
6779352
6911212
6818580
6852948
6878312
6795188
6800576
6855292
6787412
6878656
6854144
6840844
6875608
6899964
6778024
6862704
6806012
6897292
6801524
6825048
6876752
6814652
6868896
6917708
6772468
6912600
6814756
6797148
6886796
6947072
6856428
6825404
6852684
6799624
6744972
6802524
6908876
6881780
7166572
9066608
7670748
6871524
6836080
6891828
7205124
7061576
6828096
6913664
6831420
8002460
9242000
6939404
6852228
6796536
6819356
6858180
6834308
6800252
6809116
6783160
6846156
6831220
6819516
6779168
6875272
6809480
6877276
6797312
6834620
6811032
6867440
6773484
6782208
6756360
6883992
6825392
6789712
6771404
6850644
6768740
6914924
6771496
6876144
6780460
6876884
6778352
6887844
6796348
6852412
6750308
6919252
6778480
6793260
6860172
6897864
6816772
6885312
6781648
6781336
6870700
6888860
6797360
6803080
6824244
6837060
6968396
6805508
6954532
6783020
6810256
6882752
6868324
6791496
6757048
6938508
6874616
6806396
6875660
6748800
6908644
6791592
6880728
6788476
6850324
6811144
6885336
6870444
6827296
6810396
6856260
6795056
6873496
6779572
6912252
6777856
6870876
6785564
7490800
9202052
6777032
6781488
6831776
6801616
6914928
6787432
6842688
6788564
6846628
6863224
6774648
6789068
6809024
6770644
6824416
6837900
6790500
6789996
6868204
6790912
6858280
6784272
6806952
6884064
6869384
6831304
6786988
6831936
6828792
6868108
6787124
6867768
6763756
6880844
6770648
6833072
6799624
6757464
6835092
6842132
6812360
6842528
6796752
6870896
6797592
6779168
6830812
6787256
6908452
6832376
6871240
6836964
6893808
6909680
6840060
6871268
6786996
6938964
6903320
6826960
6803936
6810748
6875572
6820172
6898272
6905640
6858564
6850916
6935768
6899384
6881696
6829988
6920176
6825688
6883564
6792580
6823136
6884236
6832472
6803396
6845296
6820828
6874812
6828392
6793824
6930496
6802988
6854068
6816224
6868504
6797368
6904108
6813472
6886872
6888312
6928512
7128876
6952464
6822476
6774268
6771692
6843900
6803040
6841388
6780036
6823068
6817108
6804988
6790384
6818236
6853468
6786992
6777080
6854632
6760092
6849904
6789136
6865044
6781144
6769396
6821540
6889784
6803308
6856576
6856564
6911052
6842052
6781860
6922792
6915588
6894596
6839744
6854196
6776944
6840144
6879572
6904684
6820740
6868260
6925380
6929712
6844344
6925104
6884904
6946252
6831540
6811920
6915900
6900384
6837432
6907792
6820368
6825228
6782380
6948192
6818224
6899116
6783816
6762988
6881356
6881556
6896900
6880848
6831756
6879472
6867016
6819308
6788228
6985428
6960552
6891952
7553992
6836904
6846884
6875064
6887120
6775896
6852480
6812716
8889108
7300436
6960852
6880368
6840580
6968156
6830936
6874336
6884236
6922956
6812144
6909828
6756680
6824968
6833344
6914524
6896908
6871060
6855716
6852760
6795820
6913004
6815208
6989412
6946224
6912688
6832556
6828788
6848928
6889112
6850188
6957656
6906284
6932032
6888044
6857628
6807592
6893368
6912084
6899076
6801056
6871792
6837800
6898628
6909660
6829380
6719372
6855616
6898604
6802544
6905232
6813576
6844452
6902656
6924400
6872052
6891264
6837472
6896040
6833556
6825188
6848664
6939176
6811144
6911636
6873556
6850348
6838636
6807908
6897888
6874536
6877852
6856372
6859972
6866288
6858596
6891708
6844684
6866676
6863560
6856368
6873520
6944088
6925144
6918116
6838536
6839784
6863940
6879932
6878660
6885836
6859836
6901376
6900580
6931760
6902756
6904192
6813756
6899152
6892036
6816596
6904788
6817532
6890804
6816712
6912296
6819880
6888000
6824452
6886400
6860024
6867548
6886532
6894664
6882764
6876908
6817692
6892904
6833708
6882756
6848072
6821352
6897844
6890120
6900580
6818668
6906044
6903456
6847060
6911508
6839464
6904848
6803504
6797604
6814996
6842304
6805724
6879316
6705444
6866780
6918532
6809780
6818320
6781064
6881836
6837944
6900936
6797560
6776148
6880196
6911200
6817772
6887596
6937408
6857048
6785352
6907116
6813084
6831784
6795952
6830292
6811972
6815820
6822360
6864156
6855844
6910236
6826148
6827020
6904712
6900748
6803372
6893008
6802512
6926728
6825348
6864644
6861484
6860780
6860532
6862240
6837880
6868136
6787776
6878896
9244132
9041920
8924372
6809380
6818960
6814496
6812364
6768428
6822764
6833860
6862480
6842664
6760108
6864248
6786012
6784992
6872620
6782972
6905132
6859476
6857172
6860956
6828820
6858280
6832748
6865900
6823636
6937280
6862800
6822172
6814848
6835672
6812324
6899728
6901380
6833756
6817976
6829976
6868884
6824052
6882760
6785892
6795464
6902940
6829152
6863684
6835160
6850844
6834600
6815904
6870576
6867452
6869576
6867916
6812756
6802664
6785380
6900476
6886296
6862292
6785360
6871316
6829696
6856368
6876840
6839192
6824256
6846732
6783504
6789016
6765132
6981856
6934672
6944640
6884104
6802224
6877580
6914564
6821268
6896388
6812384
6927428
6891692
6903624
6918240
8994856
8986400
6867156
6855532
6806524
6888676
6837808
6840328
6861936
6753420
6851548
6908120
6832808
6886520
6854088
6888552
6835100
6808228
6883472
6807268
6945468
6820532
6876968
6806004
6877356
6851764
6928284
6946852
6937348
6809000
6850028
6891956
6833376
6771728
6847864
6882148
6819848
6888440
6768168
6853460
6828340
6839140
6791084
6804896
6870076
6828152
6816436
6844620
6866436
6882108
6910716
6891232
6826584
6780324
6905940
6823496
6923024
6867976
6938084
6936552
6865760
6916892
6816416
6802904
6820536
6878332
6819044
6801864
6842592
7076012
6884460
6806616
6774584
6907996
6856232
6816500
8392868
7047776
7053060
6835208
6819400
6905184
7128012
6945556
6821156
6904680
6876224
6815368
6846752
6809040
6900000
6893208
6893744
6816960
6826844
6815804
6862492
6737864
6868712
6822912
6838156
6964216
6847100
6892160
6814752
6920424
6870180
6869744
6910776
6898912
6876184
6816532
6894780
8907664
7269156
7004628
6754356
6886520
6936156
6832172
6816092
6779024
6993928
6889556
6911112
6825976
6885424
6848756
6804944
6912316
6925984
6774468
6786176
6918944
6817420
6913344
6879228
6846828
6941828
6881184
6894892
6935672
6957100
6923360
6903216
6899928
6896984
6833308
6812220
6880588
6839340
6850256
6897776
6915752
6860676
6824272
6888260
6829500
6831712
6870640
6789552
6869116
6824380
6879580
6846596
6847548
6858304
6792940
6835128
6833812
6765448
6882244
6857188
6797784
6797232
6789648
6883580
6850748
6775392
6764796
6878552
6771852
6982972
6840020
6821536
6830424
6863100
6782256
8202924
6967892
6885584
6857416
6800412
6900256
6801236
6913784
6811392
6898684
6790744
6839612
6888392
6873804
6839932
6850920
6833032
6851432
6943056
6892752
6842184
6851564
6841196
6860144
6886452
6791172
8903652
7305784
6817568
6851068
6846376
6857124
6862128
6825228
6785640
6794792
6948720
6784160
8901840
8967756
9100892
8890752
6840468
6870844
6821024
6850328
6862660
6803980
6847824
6771268
6880440
6815748
6815604
6860472
6780756
6921328
6810572
6824476
6903456
6720572
6862952
6961928
6898332
6810796
6812684
6919516
6840860
6870292
6806768
6838116
6846704
6955492
6890592
6795824
6869364
6838212
6855556
6841652
6795060
6838132
6886064
6855604
6827396
6804548
6885536
6820172
6877340
6866888
6804536
6849124
6859408
6834720
6815908
6851312
6859564
6877744
6841332
6815892
6833256
6835376
6872188
6808896
6866852
6877056
6834564
6904996
6800804
6835700
6859612
6916920
6838816
6880756
6859088
6825528
6812328
6873524
6824956
6825084
6898516
6882604
6816276
6891504
6871524
7448500
6748940
6844752
6794812
6792524
6885164
6824540
6816560
6807940
6795096
6790172
6863532
6866160
6833152
6834300
6869272
6845684
6837780
6835868
6808888
6868864
6783848
 
6875328
6747848
6883440
6789080
6798556
6783944
6880048
6911088
6855144
6792300
6783216
6927212
6919496
6787900
6883748
7079212
7022636
6844852
6805244
6873020
6788876
6840420
6890412
6860740
6802836
6821664
6839948
6835508
6888608
6915912
6793816
6917908
6912952
6878156
6814256
6874964
6842504
6867664
6827768
6783340
6877140
6850772
6882372
6820556
6865212
6917220
6913488
6942868
6874144
6789804
6869732
6868012
6845800
6819516
6805428
6855392
6843952
6819308
6830596
8857376
7106864
7074572
6770760
6827100
6792384
6796824
6821216
6801616
6833980
6765464
6816336
6855320
6778272
6865304
6858200
6884044
6798668
6860084
6796492
6853340
6852468
6855868
6783412
6773320
6866448
6819268
9160800
6910368
6889604
6789308
6814720
6821360
6800000
7270624
6967868
6867832
6820732
6873432
6792672
6866236
6863468
6820252
6876900
6804504
6773888
6775612
6795020
6785620
6895392
6871144
6810072
6863696
6804856
6866776
6809344
6895624
6800404
6867216
6786396
6766488
6886956
6786740
6870188
6793160
6760952
6909612
6776496
6817356
6783384
6868876
6824356
6784192
6881660
6740676
6862308
6785544
6864356
6791436
6756864
6812420
6858500
6795260
6772864
6757948
6892340
6850000
6898920
6821304
6884828
6938648
6921552
6896060
9208148
9217316
6895188
6788000
6780560
6784484
6847188
6937568
6793164
6875716
6782288
6854248
6907128
6865048
6900792
6861520
6779376
6826552
6844972
6801104
6806532
6775524
6863120
6781292
6833864
6766780
6840280
6791704
6845036
6794520
6760016
6844992
6780720
6808796
6801076
6828664
9191140
9071128
6913472
6881168
6764948
6852616
6812948
6935892
6897188
6860000
6885292
6952860
6891464
6795200
6806116
6900328
6814860
6796652
6864912
6812068
6906936
6818128
6878076
6781752
6850740
6896628
6804508
6846856
6774516
6947556
6827388
6810616
6896512
6787748
6918112
6837056
6885236
6809116
6804524
6867312
7057128
6785844
6860120
6802748
6911992
9029508
9140580
6769952
6884820
6791664
6847572
6821648
6746460
6832456
6870776
6843408
6832076
6690600
6807936
6824244
6831512
6823288
6783656
6865120
6837992
6816272
6790168
6809720
6831852
6836376
6961240
6819660
6872900
6889228
6781480
6895092
6798284
6843220
6874224
9363748
6927080
6872444
6788268
6880472
6861292
6840948
6753488
6823400
6835380
6828092
6862008
6790144
6785756
6961288
6886688
6862364
6823260
6869064
6837824
6926668
6913900
6904980
6863208
6845308
6778720
6883544
6873724
6933984
6820752
6883332
6832704
7182240
6943184
6884972
6813044
6832972
6809352
6828792
6910460
6892432
7206748
9126380
7792432
6861060
6797760
6823776
6839948
6862280
6785948
6909940
6899224
6867132
6780788
6874584
6901820
6876232
6918336
6817056
6942668
6934100
6852856
6849408
6816568
6824932
6800004
6813292
6907448
9102348
8942584
6820904
6821248
6853132
6798416
6778424
6850772
6845016
6796752
6801696
6873120
6843732
6810556
6862268
6857796
6891900
6789268
6887636
6793924
6857460
6865104
6914424
6881852
6796652
6877064
6752956
6798136
6907892
6927176
6872160
6845184
6824596
6869744
6854444
6812736
6881304
6875404
6886824
6801224
6876680
6780444
6833732
6893896
6822180
6881016
6773660
6918868
6814852
6895304
6896332
6858880
6863984
6888684
8954968
8885600
6834060
6838152
6771384
6769440
6830168
6846664
6810344
6908188
6892956
6918996
6897728
6894900
6954844
6930332
6848568
6861116
6811588
6903920
6821884
6800560
6928436
6808132
6820344
6857760
7174348
9054804
8923880
6809780
6775504
6798532
6785184
6808704
6786924
6852300
6828812
6816488
6797696
6837280
6795772
6844960
6777760
6790668
6866464
6870488
6936884
6904932
6832008
6874544
6871040
6953664
6868956
6796000
6915724
6933644
6889656
6877484
6775788
6749412
6878504
6822620
6825032
6891752
6851540
6791292
6928912
6822856
6815272
6922884
6815032
6817852
6795824
6906948
6806656
6855660
6921196
6912304
6825888
6882492
6834328
6948904
6818520
6933592
6907712
6917132
6916572
6873112
6796960
6826076
6935544
6893980
6831024
6877852
6798312
6941320
6822968
7132012
6788264
6780652
6831196
6841224
6855440
6768172
6786756
9198156
9074288
6871640
6782012
6857464
6799588
6808956
6861184
6806356
6817004
6840764
6844500
6832120
6829732
6857320
6798012
6862676
6866444
6878136
6904016
6803880
6788480
6897540
6910408
6869700
6776640
6770652
6832080
6844248
6774732
6844356
6827676
6809888
6854372
6867424
6861884
6830720
6847024
6779256
6920536
6816824
6889424
6760032
6874712
6820416
6924624
6819416
6845968
6838684
6896256
6804588
6876788
6870020
6835536
6872608
6857472
8997372
9034408
6894340
6801372
6803272
6847628
6766376
6894492
6796980
6800132
6752588
6825760
6798676
6783520
6845908
6780632
6805960
6807608
6776836
6798252
6834996
6834468
6781756
6788292
6864980
6747836
6813464
6788880
6791808
6857360
6793764
9025088
9277104
6850656
6877172
6916008
6816196
6811876
6874316
6819092
6784136
6871776
6798492
6867156
6755848
6847276
6912604
6871244
6896884
6794964
6861212
6796968
6775792
6904748
6771028
6909460
6794984
6883644
6854504
6791372
6933792
6768844
6893060
6771676
6848508
6815644
6872084
6880884
6737676
6775632
6893724
6800444
6801696
6810864
6794192
6803920
6816952
6875040
6747628
6906408
6890756
6778180
6859084
6757396
6834452
6876260
6861632
6789448
6767220
6917272
6792872
6875512
6783032
6882680
6912676
6787804
6811444
6747956
7079640
7441536
7035232
6789780
6839832
6968592
6943152
6931816
6823484
6939640
6887112
6803576
6800972
6823356
6837464
6901912
6876984
6828084
6884196
6781236
6979060
7056004
6986004
6943024
6892844
6969372
6882052
6904544
6868776
6830844
6926052
6933272
6959828
6883504
6890148
6957656
6865108
6857492
6869224
6934792
6870516
6869524
6900936
6839044
6834688
6819976
6948520
6887956
6869400
6851896
6876152
6816112
7962836
6878568
6890324
6862100
6845156
6860540
7062424
7098388
6817548
6832480
6809240
7014688
6827480
6809220
6820108
6863296
6847140
6831760
6818996
6855744
6788868
6929600
6906968
6881888
6856456
6873800
6916652
6790016
6855064
6862740
6829264
6924856
8394972
7201164
6892252
6867100
6946784
6914156
6875444
6904988
6821052
6904424
6823008
6897896
6799148
6827172
6838300
6813468
6803736
6875240
6841436
6827032
6894272
6834356
6872576
6857456
6898368
6907252
6899180
6873084
6829160
6857096
6959204
6871056
6838776
6811744
6932864
6821780
6840656
6880108
6830600
6911532
6805876
6822320
6972884
6877752
6971720
6888120
7377940
6825712
6864476
6794796
6829472
6860060
6808424
6861608
6802280
6791304
7195740
7234664
6782164
6788968
6765040
6828556
6777440
6750340
6834276
6784640
6807568
6855328
6773480
6795264
6761312
9121572
6780604
6847232
6788548
6743388
6934932
6817724
6888948
6829576
8200844
7287116
6746884
6883540
6877508
6936468
6924556
6976864
6862064
6777796
6971576
6895512
6919108
6949572
6860472
6841956
6826164
6909844
6815364
6925608
6849252
6897716
6809424
6840328
6889608
6906380
6887512
6895272
6790552
6882228
6902928
6824924
6830040
6858096
6902356
6949556
6864612
6810956
6779904
6966604
6902064
6908184
8382780
6865424
6904008
6866176
6856344
6892672
6762720
6856528
8467884
7288728
6757920
6792540
6947196
6837084
6810736
6892196
6793052
6947848
6841544
6904100
6794464
6831144
6849820
6819968
6844344
6743024
6825868
6897268
6893436
6885320
6849864
7087816
7078712
6755396
6888236
6872536
6895260
6927148
6864456
6930684
6937220
6837108
6892636
6819444
6884008
6875248
6909852
6864432
6904084
6769180
6835180
6827084
6831956
6903076
6803860
6917776
6882916
6869756
6910312
6792216
6933540
6824320
6812180
6899408
6885188
6849116
6889812
6798560
6870320
6795412
6848676
6889168
6858340
6784696
6900888
6953472
6898460
6841124
6785760
6846320
6908472
6916460
6858128
6797976
7113480
7010652
6880408
6900264
6796168
6877284
6912796
6822572
6894184
6809304
6848120
6900536
6801328
6838660
6882164
6909676
6887616
6836420
6793488
6899036
6941700
6876664
6840092
6864076
6855252
6824256
6879572
6948536
6864056
6930068
6912628
6908944
6914336
6801916
6847556
6886084
6869536
6900012
6864796
6861032
6896756
6820852
6877092
6868932
6851720
6913528
6847592
6858788
6898064
6807824
6890056
6945712
6784356
6835320
6897376
6955048
6880928
6876572
6950396
6886520
6817932
6963188
 
6858328
6848420
6894456
6819244
6827928
6890676
7986832
7082432
6809352
6791912
6859612
6883652
6905980
6827440
6840996
6830828
6881800
6854360
6980200
6833092
6854760
6863968
7917020
7148844
7162520
6803980
6937488
6879268
6796260
6927676
6947864
6942252
7000008
6926176
6965684
6884864
6950032
6917124
6908228
7060784
6880284
6864340
6905168
6838212
6890556
6844624
6821560
6912004
6852280
6890160
6897200
6918148
6922416
6945224
6948276
6921192
6927796
8962884
9036312
6826156
6842528
6789132
6826964
6856460
6925324
6848152
6849516
6766520
6846404
6861780
6886408
8764176
6833760
6861008
6875344
6829744
6929636
6861304
6850364
6849620
6880640
6767908
6910808
6833032
6841728
6800936
6779312
6900480
6859760
6789700
6864900
6786664
6900240
6875888
6779552
6892572
6763260
6792444
6822780
6824332
6897160
6883512
6855200
6907888
6884732
6853108
6805880
6855340
6845560
6894224
6812988
6801284
6829776
6902060
6866176
6806520
6854972
6823660
6860868
7042492
8884628
6897716
6863772
6804352
6874544
6869808
6853572
6901464
7325600
7116444
6755244
6815352
6813564
6836764
6796612
6835056
6788628
6820004
6815796
6802532
6877484
6807096
6861408
6940832
6810356
6860756
6938476
6891596
6879280
6850952
6947696
6822348
6880448
6902744
6791208
6925948
6835724
6874592
6899620
6880584
6842908
6912312
6876180
6785112
6894852
6905924
6850708
6894936
6773960
6893524
6809632
6822664
6886736
6838512
6780732
6942044
6819628
6816324
6838724
6842664
6848500
6928716
6937660
6869400
6863200
6833204
6887100
6839784
6885896
6852480
6834460
6858660
6805356
6824136
6877964
6872480
6832896
6936868
6749076
6881736
6851544
6796988
6872032
6755020
7083132
7162256
6826832
6902596
6865832
6788924
6845740
6853840
6860048
6866440
6804064
6884096
6783836
7900724
9211060
6906156
6917208
6863660
6876764
6828508
6892268
6781084
6861648
6859180
6755696
6901328
6774576
6792332
6848040
6778880
6820640
6868000
6855904
6853560
6793640
6891040
6862160
6810980
6835740
6868836
6820168
6867512
6808680
6800708
6944832
6878716
6787540
6863704
6868796
6950116
6877176
6778800
6786224
6837284
6811600
6908780
6876216
6899100
6754560
6828244
6762664
6835720
6803884
6868264
6865120
6831056
6832616
6785408
6901612
6782212
6880796
6905208
6770180
6917084
6842084
6835164
9218972
7893992
6814960
6888032
6888408
6783800
6887432
6903204
6806288
9081492
9012612
6825544
6782148
6871992
6826020
6881512
6928316
6929080
6907076
6917028
6780988
6908116
6815156
6909528
6896316
6870668
6915944
6877088
6841568
6824596
6806692
6929992
6891768
6905240
6870000
6784136
6937384
6821536
6815292
6890252
6923908
6927064
6879516
6913752
6847544
6860772
6844700
6825740
6974112
6857808
6957268
6885396
6897324
6949780
6848276
6836788
6830264
6892664
6920476
6880292
6862692
6802392
6815592
6809816
6862416
6912792
6890068
7053420
9225412
7521064
6819196
6855424
6783956
6847364
6937188
6927228
6880748
9107932
8928168
6809716
6880428
6795316
6784092
6861916
6889400
6784184
6871436
6836692
6890640
6936160
6930336
6921008
6903312
6883852
6942580
6844728
6800176
6880628
6907824
6913804
6932868
6884464
6853384
6835636
6859116
6849312
6785676
6746456
6832712
6867408
6805708
6800244
6844500
6829456
6844276
6875692
6781868
6784664
6867408
6863036
6882044
6890388
6869360
6897264
6865496
6806924
6777352
6868708
6889844
6828824
6995456
6855144
7107716
9202460
6886668
6884076
6749088
6927740
6899044
6887336
6875764
6865668
6869512
7571688
7094732
6914736
6768056
6851076
6798012
6829980
6908840
6927276
6945084
6883804
6961004
6859188
6899548
6872572
6807712
6864956
6851552
6823436
6852960
6938520
6878392
6803772
6857160
6833772
6894264
6837620
6864136
6873424
6832496
6869192
6813716
6843608
6833564
6829952
6892364
6911756
6872456
6913896
6838412
6880920
6857180
6846028
6874852
6866560
6851320
6833348
6966808
6917052
6829764
6802784
6875872
6832072
6900600
6878036
6861976
6750932
6868116
6800804
6856260
6871800
6773544
6872000
9089908
8984628
6799500
6819148
6836188
6772936
6859784
6793588
6867284
6879972
6859864
6787992
6848696
6774484
6895284
6917272
6875124
6773424
6798108
6822780
6922596
6936992
6911852
6883152
6896240
6820988
6884828
6801484
6863400
6815684
6830952
6816912
6852828
6889368
6904736
6884724
6897688
6864308
6906600
6899312
6889596
6819368
6826872
6853400
6879044
6940108
6812456
6844280
6900468
6859484
6886264
6798200
6791208
6822880
6901872
6845412
6824688
6801020
6849904
6796488
6874140
6773424
6712216
9312396
6837964
6877776
6805248
6853820
6905748
6884240
6916032
6815416
8758180
9053344
9244368
6817212
6850408
6832020
6828692
6854312
6788740
6836032
6849792
6868496
6780368
6776668
6812144
6827856
6831540
6805280
6856828
6826928
6825252
6773444
6862448
6794568
6854196
6807604
6870360
6895768
6776260
6838172
6791584
6815084
6887192
6843940
6805416
6849792
6928396
6883200
6862804
6797468
6957880
6901900
6939264
6905040
6912408
6901224
6859464
6850108
6799484
6847200
6834368
6882384
6816816
6816220
6828680
6857804
6905460
6825392
6884812
6836608
6827004
6890228
6843852
6839120
6910424
6826328
6900140
6867476
6825040
6819592
7371416
6825944
6802768
6829552
6794256
6780116
6859264
6760888
6870576
6835380
6797912
6862836
6754360
6824412
6792280
6860268
6779780
6854460
6848440
6830072
6899060
6821844
6783468
6908900
6901836
6823636
6836460
6845572
6842644
6817668
6885140
6743832
6838616
6925972
6901028
6834000
6943024
6856300
6843400
6901044
6816416
6855680
6919736
6900280
6833576
6945156
6865860
6904368
6827656
6889096
6916336
6782604
6866368
6954860
6812768
6882484
6826480
6918648
6862144
6902204
6815064
6790112
6912052
6805740
6826776
6893840
6865600
7246188
6911940
6823924
6853680
9487344
6849712
6941896
6832012
6843948
6861020
6844664
6891052
6816000
6828768
6875692
6942420
6929828
6945580
6949776
6958716
6915988
6938316
6879508
6793140
6906376
6824092
6939624
6850768
6855360
6866012
6867572
6853272
6857688
6817588
6798216
6878620
6912656
6766944
6848076
6890624
6826212
6895768
6857292
6862784
6928048
6850168
6821816
6928212
6892796
6827000
6896680
6912336
6855752
6903868
7078224
6823500
6957056
6780500
6807616
6811372
6890296
8992220
9237344
6803172
6802176
6831528
6765300
6821308
6790508
6777084
6840208
6782024
6817456
6829160
6794828
6836868
6817424
6888024
6891136
6792744
6770260
6816972
6809144
6830728
6850216
6758556
6822536
6894960
6867560
6875472
6815248
6801988
6865536
6839024
6812952
6837664
6824004
6820616
6866784
6846416
6863336
6852856
6837980
6879248
6834484
6862792
6935288
6832312
6905384
6908224
6789116
6913640
6915400
6812740
6832632
6850400
6899824
6820592
6897944
6863804
6827328
6902284
6819456
6891696
6846520
6789644
6923676
6825384
6905064
6903892
6879784
6859544
6870376
6827632
6779608
6914528
6882956
6827888
6884404
6803788
9027268
7292228
7207032
6838740
6816660
6813412
6859768
6834676
6827940
6802456
6843252
6931648
6818088
6955416
6801076
6899744
6799128
6876712
6768264
6854728
6812360
6942644
6886140
6844784
6848460
6881936
6802016
6897768
6779996
6841628
6903868
6882492
6902436
6817236
6920304
6823248
6832956
6894016
6778016
6993864
6837904
6850432
6915416
6879068
6941804
6859184
6809896
6803008
6880076
6905428
6877612
6872920
6890600
6896068
6832668
6816432
6870444
6798060
6883304
6863796
6845700
8319716
9032232
8977520
6773160
6858700
6873348
6852100
6893936
6798128
6868184
6857204
6779664
6902092
6862092
6773188
6858832
6856576
6859608
6876064
6780084
6771440
6834920
6801144
6785148
6835240
6801784
6831220
6796496
6915396
6940756
6846692
6881724
6811708
6861160
6855392
6739516
6891424
6791252
6872564
6790152
6760324
6876304
6829408
6886700
6801728
6830712
6890124
6817324
6821632
6847332
6844676
6886772
6827040
6814636
6851204
6908784
6829908
6914088
6815780
6854244
6805724
6808960
6825072
6904104
6777596
6912744
6852832
6886464
6895364
6800656
6862324
7051680
6803512
6844760
6879408
6908344
6799836
6829692
6883156
6839988
9145312
8996040
6858940
6794952
6901512
6781920
6884400
6786932
6792908
6910580
6796296
6908280
7008516
6799048
6933444
6923604
6816692
6802456
6881808
6832344
6893264
6815324
6866240
6893412
 
6908300
6912088
6813128
6850996
6840912
6826740
6893440
6908568
6829156
6822400
6927848
6818504
6913752
6804304
6898880
6840424
6900572
6904520
6793904
6940512
6894884
6829956
6822596
6891828
6844864
6906340
6891956
6792548
6861712
6833304
6910936
6828268
6877588
6914964
6836448
6823132
6903012
6783812
6877396
6846836
6841864
6900344
6873712
6884196
6829368
6909484
6808888
6845144
6771908
6916068
6872684
6931476
6807328
6803204
6945880
9119044
6781328
6860256
6808008
6904132
6785452
6851216
6874288
6799868
9119484
7785880
6844244
6879364
6812336
6792920
6800504
6791540
6793328
6805112
6903432
6863152
6870460
6732448
6923852
6923432
6828212
6849888
6830896
6795720
6802384
6816864
6884288
6932540
6808596
6921988
6912624
6914376
6872248
6908640
6857084
6854232
6850016
6935344
6934272
6849836
6827340
6882840
6791600
6834456
6900612
6808484
6888332
6787100
6940112
6914880
6822180
6878528
6858668
6843212
6913376
6831092
6833468
6884848
6845356
6865124
6891760
6862140
6904028
6908608
6823268
6806952
6865404
6764948
6890376
6860808
6779248
6772668
6843268
6912664
6797764
6871148
6967136
9229588
9069608
6775480
6883752
6795988
6893168
6802336
6771216
6864656
6853900
6902744
6793936
6861320
6847588
6752232
6907028
6775172
6875244
6802128
6794824
6886200
6777876
6850888
6786200
6791772
6882432
6791532
6791160
6770648
6834892
6905796
6817692
6887212
6748180
6790700
6980476
6809672
6802744
6894380
6805424
6870384
6890552
6831808
6931608
6805484
6900852
6874392
6962496
6848720
6855004
6819984
6903020
6797932
6780936
6781524
6908856
6822576
6886152
6893852
6823380
6831900
6965024
6897272
6788952
6911340
6809180
6945680
6829408
6781608
6910936
6889460
6836928
6843544
6905800
6897160
6822448
6913088
6852808
6806072
6854924
6917012
6782392
6803396
9137024
7158368
6785696
6764100
6861840
6884580
6816852
6866712
6869228
6854804
6896964
6889000
6784720
6894640
6813080
6845424
6903332
6822568
6823340
6899156
6814792
6873824
6883616
6830044
6886380
6820740
6875016
6830496
6837100
6894316
6852160
6789820
6922584
6901984
6812824
6822336
6859736
6845696
6882976
6823216
6814344
6857048
6872840
6899084
6820484
6834024
6808960
6853696
6810140
6899528
6821148
6802040
6903052
6811864
6805968
6839820
6839744
6882092
6819900
6895164
6781132
6840572
6921108
6891220
6872372
6894004
6773044
6918060
6813456
6880020
6893980
6819752
6913552
6851492
6824044
7592184
6869224
6820440
6936720
6807684
6767828
6885180
6819068
8913188
6971416
6956516
6875600
6888716
6811864
6904720
6789180
6882000
6837516
6886456
6800836
6867644
6863752
6808944
6907028
6904184
6870696
6936856
6818896
6896868
6833016
6791092
6914484
6839296
6898904
6774184
6896776
6833456
6891344
6818780
6798472
6920336
6827972
6869136
6819944
6817356
6899300
6871036
6809396
6960744
6858080
6975804
6936024
6894748
6805644
6806764
6927748
6887164
6879432
6882644
6805240
6935072
6884480
6834732
6878712
6794496
6896492
6881680
6833256
6793836
6824448
6894564
6806872
6873812
6787752
6812660
6830164
6858688
6926484
6839352
6855376
6866240
6957504
6829180
6855588
7276204
8832580
7036308
6824140
6839496
6815736
6803552
6790888
6820916
6877508
6797864
6856192
6789808
6847796
6921132
6793104
6857652
6783936
6768032
6809856
6853912
6794932
6860544
6768428
6793312
6873044
6839680
6781848
6763264
6909720
6831404
6780324
6862424
6769932
6899084
6850420
6891532
6878316
6853588
6778456
6862332
6793620
6774352
6902116
6860036
6875200
6785012
6852392
6783144
6885700
6880472
6781444
6862044
6866408
6796900
6844880
6771104
6848560
6824016
6860160
6880952
6812740
6849468
6894100
6821780
6850668
6781660
6846768
6814496
6839712
6865396
6757704
6881352
6792932
6849776
6791008
6874748
6812312
6853264
6789588
6801560
6870568
6897060
6776228
7065680
7149280
6733132
6920980
6824404
6926272
6904072
6791664
6944252
6811708
6811292
6823848
6862252
6862824
6854360
6854232
6828488
6937584
6931460
6939688
6887264
6788656
6981128
6939172
6931804
6959404
6925148
6880676
6825480
6816140
6801280
6826864
6886616
6789952
6886840
6781920
6854156
6895528
6792608
6833780
6824132
6787236
6799492
6851992
6885328
6837452
6734188
6811928
6804084
6838428
6892836
6801236
6847352
6897960
6900852
6778840
6878844
6826144
6871684
6824088
6791540
6808296
6937300
6819636
6902660
6871544
6846800
6841424
6766072
6837800
6893464
6941692
6821112
6882424
6823888
6771268
6992312
6961052
6838072
6891736
6886716
6866704
6900040
6882084
6831732
6849256
6899464
6810052
6881480
6884480
6852412
6905588
6892328
6839652
6799788
6914272
6816676
6897536
6821408
6825096
6870184
6825352
6908168
6847456
6857404
6871960
6844304
6963164
6826028
6850620
6865848
6789860
6885900
6841140
6905400
6859224
6835040
6900916
6789980
6814084
6922644
6844412
6825440
6942032
6789952
6873620
6851980
6897568
6876644
6899656
6856148
6936952
6889984
6909216
6811804
6812696
6882940
6820180
6844784
6782444
6831324
6897800
6902912
6909496
6819060
6905264
6969752
6827888
6863236
6828608
6820240
6899296
6905320
9011904
6965968
6887852
6854828
6820312
6880740
6866012
6938096
6823284
8993064
7055408
6850140
6827256
6860868
6888100
6818872
6814632
6907236
6841220
6852752
6855108
6846664
6863236
6822304
6849260
6816148
6851892
6873924
6837712
6808764
6828284
6863364
6865532
6857788
6862364
6787020
6860444
6823936
6847236
6799136
6801816
6877120
6884160
6812232
6808256
6807744
6889000
6866588
6840432
6834204
6803880
6904636
6826316
6821552
6778900
6859536
6841140
6844416
6901696
6858072
6822588
6825704
6902328
6826408
6880904
6923708
6822880
6904640
6817628
6787964
6829148
6910116
6806464
6839244
6860492
6869108
6823992
6883208
6827968
6846324
6835072
6941264
6825884
6823500
6875820
6846012
6824240
6854344
7777720
7904228
7067776
6835156
6861776
6853404
6898564
6890480
6800316
6872664
7295440
7039208
6897356
6897476
6822328
6888588
6907664
6816940
6858224
6801132
6808632
6937224
6915136
6825764
6872544
6889904
6835980
6896080
6817264
6861272
6794104
6890804
6823876
6883812
6806308
6827092
6864492
6888548
6907256
6907996
6916692
6889256
6870368
6799140
6934240
6919672
6964280
6956504
6862876
6804616
6967976
6886260
6837240
6847720
6837236
6823188
6901200
6816508
6768836
6908848
6908092
6910424
6829308
6876296
6839948
6896556
6908376
6811108
6929712
6912352
6819340
6904240
6877988
6898040
6915872
6871828
7047632
6916040
6877292
6832572
6820696
6878852
6781008
6919572
8901232
8227960
6854476
6844788
6840152
6744060
6825196
6779704
6798844
6838992
6852576
6803600
6837068
6803616
6902276
6814336
6905264
6881740
6793104
6901336
6831440
6782656
6864008
6814224
6900192
6793688
6789192
6865828
6835536
6870816
6882988
6880192
6848656
6814484
6853724
6776936
6793000
6845028
6832056
6793836
6774684
6867144
6796364
6876156
6796100
6843212
6855100
6873788
6824424
6831832
6881308
6790164
6834064
6888484
6888720
6847520
6855988
6933836
6879928
6881184
6939312
6849132
6902120
9482028
6837936
6823488
6820524
6877448
6795192
6902336
6802504
6907860
6870572
6860404
6898888
6906600
6842364
6885152
6864272
6855988
6846044
6888032
6858508
6819964
6859268
6843564
6889332
6936148
6857212
6956328
6888720
6895488
6875596
6872824
6785148
6884260
6933204
6857324
6811164
6949872
6857956
6841248
6921028
6934216
6870864
6867280
6827652
6822048
6894916
6771676
6863328
6901744
6937356
8970956
6979684
6810900
6886928
6903672
6872156
6856900
6930160
6825800
6837720
6888616
6815312
6864332
6905912
6825560
6812296
6807952
6903076
6945024
6948044
6842804
6832932
6974108
6920716
6881076
6894900
6862980
6907900
6939300
6863352
6935852
6828408
6837236
6808948
6912756
6859624
6924104
6828296
6834448
6807800
6774188
6903276
6811400
6818024
6889156
6880936
6854268
6887792
6842720
6831312
6879700
6834576
6838904
6856808
6962232
6884300
7915072
6931512
6869580
7124324
7071932
6893076
6925940
6838904
6801328
6929076
6917324
6810904
7292560
6813512
6800780
6903132
6873456
6826984
6828856
6788584
6913244
8947472
9210900
7705884
6813532
6900316
6817812
6869684
6784060
6846516
6912684
6911832
6914432
6861488
6879292
6877180
6872068
6842440
6893544
6877284
6880180
6926804
6881752
 
6784956
6847200
6851084
6769656
6892328
6776484
6904260
6779820
6799888
6775208
6876672
6890888
6790612
6873724
6811452
6759164
6900036
6772896
6890488
6772064
6878868
6917404
6920628
7303700
6876172
6930932
6884040
6875952
6904956
6804708
6816528
9050024
6900720
6864484
6798368
6910944
6784236
6804152
6868444
6794564
6908616
6804640
6850184
6765936
6882344
6816608
6850576
6870356
6761632
6841292
6847324
9009600
6849140
6823956
6814780
6862848
6881648
6867212
6792884
6940628
6939532
6878208
6824496
6869740
6818084
6812388
6938140
6867196
6786772
6937524
6823336
6818352
6888676
6809580
6856908
6889876
6888184
6842464
6908156
6885728
6803912
6820508
6853680
6849044
6876908
6824536
6817880
6894740
6914220
6869620
6827404
6869904
6814920
6914428
6874248
6827432
6875900
6846852
6901284
6866340
6838016
7422436
7271808
6991328
6855700
6857932
6771512
6873200
6835152
6792116
6822248
6898412
6878404
6841972
6802540
6781880
6855188
6818460
6846244
6784216
8680988
7082272
7084764
6811676
6838344
6784188
6895568
6820676
6849696
6781744
6926780
6862096
6787484
6876368
6883180
6774632
6808708
6792116
6874408
6800012
6848280
6857424
6819600
6876352
6886248
6778580
6788668
6800684
6787176
6876776
6772064
6883468
6801884
6777604
6870564
6791840
6911184
6795048
6785184
6867632
6806156
6904700
6800136
6864460
6788628
6838392
6837560
6796592
6880880
6782268
6849208
6902132
6874388
6908008
6802004
6837024
6920288
6871868
6885388
6952044
9396240
6891008
6834856
6904560
6845136
6918448
6850576
6935288
6903940
6903196
6890560
6924116
6863760
6917776
6812612
6848872
6805548
6883216
6860716
6914480
6959596
6921092
6912408
7030380
6913948
6929676
6864412
6860100
6839532
6870868
6784432
6916812
6904036
6900220
6941840
6855076
6865972
6814312
6869052
6866316
6801952
6775460
6869556
6851240
6809676
6790048
6869052
6754832
6866304
6803920
6797140
6862568
6782768
6896336
6836116
6848000
6914144
6822492
6868304
6901264
6904016
6944040
6806920
6911528
6899564
6892776
6841292
6920320
6935396
6907196
6906348
6838688
6894732
6851632
6881004
6903328
6836004
6828596
6904076
6846336
6792452
6862188
6782056
7083088
8998388
6777372
6784316
6790016
6862088
6851540
6793244
6853196
6858632
6869816
6796100
6860676
6799696
6847744
6803488
6857104
6795036
6822952
6873856
6814952
6842040
6876972
6779604
6946988
6877424
6813516
6854504
6818020
6822360
6854996
6879632
6795968
6872328
6821580
6876284
6786028
6845872
6846996
6898728
6791360
6872300
6767620
6890704
6863684
6804084
6793204
6898668
6882776
6906176
6838560
6786388
6791388
6845176
6789224
6912564
6935180
6846040
6836152
6864004
6881940
6797204
6874860
6835928
6832300
6823628
6804424
6846648
6822152
6878272
6803800
6853016
6877156
6821364
6895072
9157860
8926072
6829004
6855480
6847628
6830904
6757716
6823528
6900508
6897716
6844304
6771784
6892020
6863428
6835148
6746340
6859464
6804356
6761060
6801764
6784472
6901120
6826236
6881252
6841952
6784384
6955452
6883020
6821788
6869268
6831992
6844376
6861068
6817656
6884476
6873336
6895144
6823432
6895072
6822840
6842808
6835576
6869656
6874964
6801424
6885812
6861624
6939248
6801896
6938628
6930800
6799124
6871412
6838788
6857576
6908340
6819928
6894164
6830756
6814860
6932456
6824512
6825528
6892736
6794964
6940616
6892784
6916908
6800524
6775292
6846524
6816012
6847740
6842336
6781560
6814680
6843260
6829368
6759692
6815556
6785204
6917940
6858412
6883548
6833848
6845900
6837840
6767300
6843288
6914168
6873952
6801124
6793804
6813688
6936236
6882736
6809420
6873432
6812296
6840704
6817964
6903508
6861388
6804548
6807276
6794632
6798756
6843804
6908444
6877112
6861072
6833096
6923208
6832164
6886444
6815880
6950572
6933072
6903172
6833032
6872964
6805092
6881104
6829984
6813084
9125732
9032900
6801684
6902856
6830908
6883792
6793064
6903056
6920384
6841292
6900832
6793384
6850188
6902972
6837424
6896700
6829188
6889104
6913108
7045808
6859220
6821504
6912128
6862164
6829564
6898844
9647184
8949976
8013232
6911872
6820352
6839532
6787500
6840816
6829468
6765208
6826300
6815064
6850404
6858128
6783800
6891156
6862528
6788016
6783376
6866044
6847240
6902372
6913712
6821504
6856136
6897332
6818568
6942116
6884756
6772500
6859212
6898392
6935288
6860216
6775180
6831120
6869992
6876556
6856968
6874060
6800164
6828796
6905948
6796956
6910944
6912376
6869844
6999648
6790576
6829432
6809548
6897956
6796016
6869964
6885900
6902304
6815804
6861484
6874156
6858508
6884648
6853988
6835040
6833092
6837980
6881756
6844652
6887056
6896692
6851772
6874328
6858472
6809272
6978448
6836976
6855916
6862036
6831724
6845280
7021028
6936620
6941800
6991196
6930272
6793768
6800552
6833184
6735124
6871528
6795628
6787312
6886480
6880252
6853272
6909476
6798600
6798496
6901104
6819364
6893608
6835944
6806736
6928620
6840560
6901760
6923148
6862764
6832512
7886668
8984368
9064900
6889268
6927452
6854108
6870024
6743192
6838776
6871696
6850996
6848604
6773736
6901916
6773164
6785120
6852720
6774044
6916232
6780288
6862960
6765660
6754720
6834224
6769176
6830788
6793908
6846888
6805376
6846968
6860364
6767964
6777936
6910872
6778436
6787272
6794388
6830784
6804828
6891756
6883324
6841128
6882432
6787088
6914164
6858256
6729256
6883208
6928608
6877048
6828260
6884408
6844296
6881008
6868060
6826836
6792592
6866000
6909712
6842068
6866060
6796216
6911760
6878896
6830452
6886488
6853976
6831496
6813304
6958116
7815612
6795376
6933420
6857812
6943552
6861284
6785064
6891676
6822500
6835324
6794572
6925532
6918080
6882620
6905324
6791444
6873448
6907672
6816864
6895464
6815284
6825848
6920504
6866548
6839044
6846048
6834060
6819348
6889960
6824940
6861892
6796020
6848848
6898708
6920700
6887360
6934920
6799848
6931456
6892980
6895064
6883604
6848608
6848524
6845592
6820052
6857984
9761304
9370324
8298000
6863008
6853180
6791724
6851884
6780984
6850256
6899332
6781716
6780140
6823344
6802188
6809776
6858944
6882376
6814092
6817572
6795408
6853180
6791476
6790476
6875704
6857944
6824484
6831696
6835324
9107352
6827524
6793632
6901600
6825812
6835716
6925200
6851804
6873008
6866560
6827204
6809016
6861684
6784776
6874604
6841188
6810984
6835332
6796056
6866164
6819748
6812980
6857452
6799184
6890104
6858472
6777896
6873388
6803716
6902928
6826264
6804048
6865792
6773548
6837380
6869832
6838788
6895364
6935668
6884808
6905116
7122080
6934796
6837984
6885840
6892392
6833216
6871476
6820232
6837468
6821728
6881896
6835172
6806928
6812280
6822296
6814180
6885928
6838456
6812316
6883948
6917704
6871796
6883576
6828288
6812844
6821304
6858176
6821592
6889204
6894208
6892448
6864168
6906292
6786432
6911892
6870660
6843108
6875020
6876252
6813680
6882060
6873416
6892516
6898048
6817276
6872356
6865640
6891232
6840248
6834172
6868864
6963388
6804924
6897200
6922508
6908312
6897272
6900628
6852280
6841144
6815608
6852412
6896516
6862532
6852136
6903364
6792316
6862768
6906260
6819648
6817440
6765620
6802940
6825084
6869108
6908076
7061744
7324636
6752456
6730060
6838236
6868216
6892856
6785316
6926064
6819288
6849588
6888924
6783972
6907684
6834200
6816204
6883872
6877236
6916840
6862084
6811260
6802764
6857532
6853408
6928572
6903420
6942432
6866088
6921096
6866760
6867416
6869656
6880648
6837520
6910636
6889832
6842936
6925760
6913952
6812500
6903436
6838276
6901748
6895700
6860148
6860936
6810180
6843716
6890896
6866296
6928648
6831856
6893420
6903956
6836904
6852344
6838004
6869608
6886064
6957492
6915220
6917532
6813800
6834064
6881408
6805860
6895664
6834920
6881016
7763340
7210416
7071524
6806980
6868412
6811468
6864588
6877800
6836256
6837292
6828236
6803648
6888552
6855992
6853064
6826960
6843628
6847412
6861952
6879260
7076200
7016936
6829532
6916012
6887592
6794932
6921244
6937972
6909428
6841272
6793788
6830144
6794760
6832280
6841284
6809144
6907344
6805504
6883432
6796360
6807576
6904928
6884620
6874404
6923836
6795384
6912284
6803436
6878292
6827356
6914932
6852196
6806816
6874412
6838420
6835856
6882084
6767832
6886356
6868880
6817096
6765412
6917104
6893744
6845144
6874264
6939480
6857552
6863684
6758672
6897128
6853196
 
6780240
6765372
6879484
9103976
9292256
6778444
6756352
6813660
6792608
6795376
6785804
6862472
6806860
6843476
6797252
6869356
6776368
6791044
6926988
6851472
6844980
9125488
8955512
6829308
6867836
6842572
6776876
6889484
6802120
6803216
6814284
6768360
6864356
6809448
6766052
6829040
6809396
6766776
6884176
6827780
6782144
6850840
6891640
6821412
6894708
6905188
6870936
6883992
6953856
6873840
6795692
6925264
6941500
6901612
6829456
6789140
6913372
6935860
6860520
6791840
6894272
6901856
6820740
6799856
6884776
6868216
6865492
6822156
6889940
6816008
6811692
6893192
6868432
6876120
6800268
6932076
6928224
6829448
6902744
6819180
6916304
6859224
8881888
6874508
6866636
6844144
6849216
6895680
6806380
6757612
6813216
6842840
6841860
6930428
6970008
6920848
9029144
6811384
6811040
6807140
6780576
6835576
6814528
6836492
6838972
6780528
6833112
6793524
6826296
6832064
6833064
6848508
6768604
6777012
6872648
6794352
6793116
6840248
6800692
6886384
6861108
6826164
6768532
6812216
6902660
6848756
6771820
6857480
6803316
6848516
6878304
6852236
6764060
6898328
6857252
6838764
6794944
6826724
6787012
6862048
6855360
6770488
6777480
6899884
6860040
6858188
6762764
7790772
6848852
6804264
6807200
6863560
6816260
6792388
6920136
6794304
6975256
6851472
6845436
6857328
6849628
6861568
6933060
6790340
6880324
6803664
6878656
6886336
6864220
6955936
7242384
6803504
6837080
6884188
6819576
6865104
6848112
6850548
6886056
6885920
6808848
6885808
6812892
6908888
6904536
6875068
6838024
6894992
6833452
6924712
6842804
6864136
6943884
6869816
6835488
6862272
6960624
6871812
6844768
6841352
6811352
6898204
6851796
6871264
6819100
6832940
6811668
6873136
6822644
6771872
6864016
6814692
6858664
6819660
6889188
6918152
6907520
6846352
6817280
6768308
8522548
6806036
6791752
6853768
6809724
6963460
6921440
6886776
6889568
6893288
6835704
6868540
6853540
6818436
6842108
6884876
6835928
6892396
6806572
6845604
8364068
7029280
6927488
6834496
6960272
6949460
6884640
6852940
6797052
6888128
6925680
6847268
6786496
6936996
6891380
6854796
6930024
6910012
6954640
6805616
6793476
6862608
6827304
6912076
6846728
6857312
6809488
6869948
6871728
6861028
6848780
6944608
6926744
6873972
6865904
6886260
6865020
6833968
6902756
6804368
6878984
6875320
6953760
6882740
6950128
6885052
8986904
7084864
6778700
6805388
6804236
6823200
6818168
6778192
6826652
6835636
6815168
9209392
6817596
6785380
6825172
6806024
6853656
6841872
6771440
6832316
6888504
7307048
6779516
6823676
6852096
6853156
6782092
6835440
6781000
6818304
6893904
6798492
6862684
6853948
6858292
6894772
6844660
6777968
6766264
6814548
6912068
6791056
6928168
6861380
6785464
6893444
6805764
6858312
6828948
6788320
6863032
6881120
6847876
6841776
6866356
6874840
6787948
6856388
6796548
6919140
6883044
6811740
6893016
6914604
6978496
6879836
6885780
6896032
6788640
6957328
6876852
6830436
6931340
6862244
6902524
6912428
6853236
6830332
6818704
6818336
6916096
6823432
6806984
6861864
8985684
8945048
6813176
6802756
6895244
6801676
6882820
6859096
6771696
6905564
6778260
9020668
9324228
7837364
6948580
6850452
6804672
6888352
6828220
6883716
6872112
6924328
6854472
6863792
6797404
6818520
6794036
6790472
6848776
6850848
6898592
6901132
6792740
6776152
6825384
6776864
6881448
6739372
6801912
6851192
6858396
6848300
6746900
6793380
6798056
6844024
6851928
6766696
6897080
6787344
6862788
6794100
6859256
6895448
6858396
6863108
6775800
6852044
6904060
6869344
6862956
6797588
6782364
6833432
6884228
6820200
6814100
6891024
6838944
6905420
6827768
6901712
6854232
6843292
6861744
6857944
6821356
6892372
6871072
6842652
6867196
6988640
7296116
6814696
6955808
6873124
6787416
6877104
6819128
6856356
6813596
6815768
6859096
6823768
6868876
6849720
6803472
6906164
6827156
6797284
6849936
6839988
6821332
6893520
6813732
6867108
6938652
6789756
6886876
6819712
6863936
6836952
6893492
6900756
6826788
6864668
6834084
6868096
6888756
6776872
6887032
6840316
6888740
6840648
6770272
6876412
6897028
6877740
6823492
6849212
6876540
6923720
6909676
6893076
6839596
6778516
6941756
6859628
6857208
6819500
6877856
6833640
6819976
6907920
6792120
6833592
6883920
6811924
6888720
6811692
6840372
6978296
6839172
6789396
6914600
6813848
6883720
6909988
6790020
6916224
8151084
6921468
6866132
6770448
6858504
6958684
6896828
6817028
6907928
6969688
6880440
6819768
6872804
6885376
6833908
6778300
6817476
6858668
6813868
6820212
6918984
6914844
6796492
6906532
6825316
6819856
6813720
6862996
6847676
6812480
6860484
6834616
6888096
6919984
6948120
6926984
6906620
6801616
6848980
6946492
6931216
6876204
6815104
6878744
6819560
6826928
6861436
6895960
6889248
6806936
6888148
6783492
6851312
6899056
6862440
6897916
6804068
6912584
6815532
6810480
6888804
6779792
6921684
6881132
6784948
6957968
6893500
6965800
6884616
6845140
6858212
7232788
6967136
7009628
6872868
6872376
6868020
6861576
6842604
6817096
6842616
6784020
6828152
6791108
6798824
6832476
6780204
6845736
6791560
6862636
6757796
6810668
6871820
6784940
6784732
6781328
6907292
6840568
6824736
6810192
6819924
6852264
6782108
6909260
6872732
6930352
6890572
6881592
6931620
6891840
6886196
6933396
6780636
6861232
6908356
6856380
6852952
6843420
6824944
6787748
6828272
6775580
6945812
6877672
8981156
6881172
6793624
6880364
6846272
6825164
6872808
6832056
6811428
7410352
7158380
6867736
6866280
6801640
6801764
6813676
6772708
6899760
6803980
6903908
6968492
6893172
6792996
6856996
6747804
6907920
6814216
6822076
6770604
6775984
6870064
6939128
6749328
6786200
6872396
6884376
6901508
6839924
6863116
6899804
6785280
6835172
6874092
6775068
6905716
6885076
6806480
6862484
6867316
6824808
6774508
6833276
6867540
6829272
6836180
6852776
6815824
6936164
6877028
6826672
6891040
6871196
6796264
6954256
6885940
6810648
6899516
6830220
6826392
6791296
6853008
6863468
6789176
6900120
6823848
6852136
6876268
6802996
6881852
6869744
6867720
6811996
6811144
6891768
6830452
6827880
9292864
8053368
6828600
6797980
6834392
6770284
6818356
6847252
6797552
6786284
6804576
6816324
6777260
6841696
6790928
6822416
6810348
6836220
6805348
6779876
6796456
6872988
6791660
6818704
6869004
6753280
6822092
6779536
6881580
6761488
6799596
6879156
6789708
6880192
6862640
6817092
6889536
6829580
6784908
6869364
6804884
6874476
6785988
6855628
6813080
6794008
6847360
6852156
6788628
6819184
6807652
6882892
6872712
6780904
6884656
6814068
6867116
6789652
6756064
6860224
6893748
6824636
6856192
6785956
6888928
6785680
6837364
6845668
6786948
6819464
6871404
6771736
6816244
6825364
6942736
6810256
6857112
6812736
6902320
7256564
6796908
8861752
6911940
6882668
6940792
6814292
6887216
6859332
6823156
6907340
6864804
6840236
6839724
6887144
6846216
6847616
6925392
6917252
6920192
6803768
6855088
6847436
6843272
6869984
6830196
6856532
6879956
6875272
6910160
6819064
6883700
6861620
6769852
6893756
6806736
6881264
6788268
6885008
6871404
6819488
6855284
6789020
6879136
6850736
6905020
6933768
6869348
6930540
6889712
6798584
6876908
6814016
6863652
6846440
6819048
6871204
6769312
6895172
6875616
6835952
6812316
6788732
6856012
6829340
6823472
8910148
6865436
6822672
6782220
6858064
6794056
6774168
6895324
8888660
6919252
6843524
6846352
6912244
6860208
6885432
6770916
6841512
6902684
6874932
6854128
6829532
6931568
6844608
6775880
6887812
6958828
6943020
6781292
6865376
6878424
6761824
6898432
6770956
6863464
6874144
6865076
6891612
6848192
6789220
6763468
6891512
6805156
6791468
6786772
6752540
6862464
6804132
6780088
6777844
6763068
6812240
6850304
6877984
6776056
6875228
6821296
6801176
6877260
6776484
6837508
6898296
6776280
6871444
6802872
6793860
6915776
6795252
6790300
6859916
6790988
6827384
6797812
6779812
6748852
6782212
6893564
6894168
6782032
6849552
6773900
6869688
6783092
6933864
6877924
6873116
9216252
6815764
6869832
6829296
6882444
6787328
6894648
6838624
6841148
6840024
6834828
6875980
6790104
6848480
6872784
6832316
6841896
6799272
6878228
6835000
6785148
6844336
6796344
6836892
6851880
6866656
6884216
6810880
6858416
6862512
 
6859624
6816576
6805332
6931784
6873632
6811616
6854116
6809116
6849592
6880752
6935080
6878800
6801008
6909552
6938936
6881656
6767932
6960000
6900144
6883012
6819000
6868400
6870404
6895792
6790420
6781096
6866384
6797380
6877464
6804360
6776952
6830168
6808916
6854788
6856596
6849008
6846872
6881868
6841592
6837000
6884060
6854312
6865152
6823176
6851524
6889216
6822300
6868972
6855692
6917336
6862872
6963928
6821264
6765948
6791376
6845632
6913336
6790748
6787812
6883232
6876972
6922792
6862356
6826696
6783756
6829964
6805852
6805580
6821372
6802356
6902024
6825596
6822676
6881248
6757496
6842920
6877412
6827928
6863348
6853948
6780780
6911244
6879280
6828592
6861084
6806736
6878504
6888064
6881012
6794284
6931504
6815824
6825112
6893176
6823080
6908408
6886868
6818568
6863288
6867708
6839416
6882748
6907308
6845780
6794656
6828420
6824600
6883640
6835968
6859892
6917772
6822864
6902004
6869736
6803304
6835004
6828460
6887156
6851420
6886664
6903636
6874452
6895360
6891492
6940688
6810396
6890952
6875380
6877440
6833568
6823932
7051800
9259228
6867708
6857144
6882688
6828132
6798776
6869476
6844356
6892336
6906072
6872620
6817948
6908344
6813952
6864424
6886060
6839204
6827432
6851348
6891980
6778212
6865952
6915800
6806996
6870028
6800588
6805720
6898404
6836924
6810088
6907228
6816612
6917756
6868504
6808672
6819728
6823888
6914928
6891048
6843348
6796792
6900964
6871808
6802148
6843720
6900780
6888652
6892984
6812920
6892500
6779396
6859484
6805408
6833536
6826028
6866076
6781980
6930564
6807268
6831748
6872304
6814148
6898048
6888208
6819576
6879780
6823532
6882732
6928208
6888080
6790864
6916252
6905348
6891388
6944720
6804368
6935824
6911196
6903384
6904124
6877560
6883732
6833852
6846232
6826328
6841148
6869748
6822912
6844844
6784528
6825668
6804744
6783196
6824000
6761144
6762988
6948572
6849084
6867364
6838260
6804224
6834544
6795128
6803172
6848860
6813984
6905576
6892424
6877160
6801216
6821764
6883228
6895056
6887432
6865636
6925000
6804808
6826004
6881456
6885152
6831012
6799324
6835548
6824124
6939016
6927012
6828580
6814856
8836892
6881012
6887364
6776000
6792832
6887936
6898724
6833420
6832912
6888100
6805540
6821920
6828812
6871636
6820784
6823940
6850228
6805556
6836568
6860008
6806212
6839624
6827344
6849220
6809620
6817328
6839508
6872932
6860620
6845984
6807140
6807488
6799872
6863088
6861624
6798528
6827552
6838952
6796620
6881568
6822888
6819376
6889784
6825608
6842640
6897112
6830828
6863712
6852300
6804656
6801620
6823080
6864564
6811680
6869448
6799360
6883404
6921120
6855856
6872968
6788516
6819116
6891916
6828188
6883864
6878948
6851164
6897680
6799952
6890200
6798840
6886456
6937224
6817064
6882188
6898128
6811116
7619256
6846896
8892700
9058768
9210688
6840680
6851508
6766868
6835928
6810984
6795124
6843008
6772760
6896424
6776464
6855660
6873308
6807992
6904700
6861848
6795508
6791564
6849008
6808264
6835432
6794728
6857296
6782592
6898632
6864380
6777760
6854712
6848772
6805312
6862712
6794568
6813856
6812228
6870556
6859428
6784584
6760992
6877080
6793920
6893640
6876436
6776216
6780376
6889212
6808136
6820948
6862080
6857268
6887428
6823244
6963336
6861428
6827400
6884368
6798364
6875656
6876944
6934960
6888868
6812512
6800016
6881084
6827280
6816636
6870704
6872280
6839688
6900528
6830260
6758900
6869928
6903680
6865452
6833688
6858452
6804692
6914092
6902908
6802532
6904068
6896296
6856940
6890280
6893800
6922300
6812856
6841204
6900724
6831024
6859184
6892392
6833860
6877916
7110856
9252084
6863412
6791144
6841956
6768736
6848104
6895112
6786856
6799024
6843236
6781544
6835868
6832552
6866868
6857224
6841312
6818124
6783428
6842956
6769352
6774404
6883804
6774048
6838864
6749256
6858968
6778816
6764704
6862868
6829052
6883344
6798996
6755468
6901284
6782176
6900504
6870332
6899656
6812532
6883528
6849972
6886272
6812480
6888768
6794032
6919392
6890916
6832456
6809156
6882596
6820276
6863176
6880908
6862860
6918264
6888832
6875632
6891664
6805240
6887876
6888788
6801168
6861172
6795360
6862480
6909492
6804976
6879612
6866872
6805408
6790344
6883996
6817164
6887424
6916384
6798068
6823308
6792444
6868812
6828364
6868100
6810872
6863720
6848020
9127424
6839312
6783008
6832752
6864940
6789916
6858036
6841680
6789904
6847216
6788740
6849680
6789052
6773444
6879820
6796088
6832884
6810784
6767220
6894616
6798144
6852056
6766200
6791584
6878284
6800676
6822216
6790692
6775716
6856528
6777108
6841556
6763152
6745608
6874224
6775420
6823868
6793336
6813888
6838828
6821012
6836388
6786824
6826888
6830112
6853616
6870052
6826780
6865904
6867468
6839256
6842676
6812744
6864076
6875872
6842192
6842300
6862864
6930924
6901308
6900696
6849988
6814592
6832024
6891624
6805864
6799256
6831248
8927348
6820244
6839312
6852536
6814428
6980732
6798256
6850220
6802084
6783872
6915216
6898116
6827052
6835792
6836196
6866236
6820896
6896536
6887144
6875344
6948208
6905264
6794016
6844240
6784344
6940916
6918272
6809260
6888108
6830864
6825844
6778408
6850620
6768556
6777104
6886580
6846712
6796320
6776548
6840832
6794892
6831600
6813440
6879316
6863744
6819144
6789720
6813892
6885200
6851364
6804392
6888920
6830872
6792188
6933728
6812708
6885892
6809800
6872712
6931488
6813624
6901972
6769432
6870128
6880992
6809140
6877408
6831520
6833456
6897824
6830824
6907784
6780164
9215676
7666092
6802120
6835488
6844760
6843980
6899392
6842620
6865456
6847364
6788428
6892836
6801156
6761032
6889164
6886244
6907952
6804732
6838164
6769588
6874244
6804232
6775272
6766216
6919844
6922068
6903532
6882268
6797216
6837788
6855224
6925468
6793848
6869312
6782816
6786628
6899228
6783668
6853148
6774876
6821576
6862184
6874552
6794200
6777472
6867036
6774476
6853260
6819032
6835976
6920292
6829380
6849440
6862580
6812464
6847616
6859720
6853504
6859668
6844240
6857180
7330056
6938508
6780836
6896460
6845600
6880424
6919604
6781124
7195988
9170984
8896580
6803524
6780208
6831088
6857920
6800684
6872440
6782152
6889964
6851532
6775864
6874056
6795480
6826096
6847528
8895580
7382812
9058476
6861356
6855520
6777480
6823720
6869848
6802028
6820332
6863132
6776148
6875828
6861360
6867020
6845132
6787892
6909932
6788816
6857508
6869380
6784572
6846540
6796120
6812892
6819228
6837992
6831220
6850560
6834560
6811780
6866344
6909048
6820816
6819568
6837892
6827872
6818072
6873396
6829148
6794812
6847628
6791588
6892628
6800680
6854016
6825412
6893592
6794576
6828408
6788752
6824656
6819296
6827216
6781972
9206040
8844892
9202580
6802956
6783532
6778996
7037872
6929028
6876872
6841904
6821360
6864188
6816788
6878452
7112920
6822256
6858776
6875140
6889576
6824144
6795548
6799868
6843608
6908316
6829204
6840412
6831584
6836416
6823192
6809900
6858308
6854368
6794736
6835348
6830568
6791212
6905564
6841368
6884592
6882532
6803480
6913736
6817788
6873044
6806724
6865892
6924900
6832008
6922444
6821632
6887044
6926868
6873484
6897032
6817956
6881624
6927784
6828720
6870056
6863552
6850052
6822500
6899516
6896520
6810244
6834032
6902584
6835048
6893688
6891396
6862996
6827788
6897764
8101056
6816036
6886560
6874248
6867748
6794792
6850576
6813384
6865212
7374060
6863180
6875752
6907156
6952588
6893220
6876888
6859204
6928172
6871060
6797296
6795000
6946816
6803492
9114948
6899624
6768724
6924788
6802552
6834612
6845080
6773536
6914556
6844504
6870852
6877028
6856332
6886168
6865408
6848888
6834556
6819772
6791248
6885764
6797652
6897144
6838152
6739336
6912448
6811988
6907740
6920072
6829224
6913060
6820164
6873364
6860284
6810512
6872316
6825712
6853664
6850324
6876180
6873560
6884564
6905604
6957556
6870132
6906072
6915232
6947200
6841720
6929940
6821440
6815888
6931624
6924124
7595240
6842324
6835592
6846236
6901928
6779744
6906572
6794404
6939656
6879136
6813868
6854796
6850612
6882072
6864008
6868880
6780016
6922116
6960836
6913056
6917132
6925456
6916788
6958540
6942236
6920740
6867028
6796032
6954736
6878320
6807236
6827652
6828868
6903712
6821676
6881728
6760344
6947824
6818196
6878340
6834404
6804044
6842740
6868748
6873464
6815592
6885288
6960824
6905284
 
6884468
6813896
6976272
7094072
6829224
6820356
6837308
6867140
6886688
6819808
6864160
6819488
6883372
6857344
6825804
6863756
6801100
6811348
6914356
6865324
6864004
6771172
6844476
6857720
6849240
6892720
6869480
6893572
6866800
6801688
6808256
6852920
6834064
8113564
6820492
6867984
6943620
6937244
6880788
6843884
9066076
7309032
6951168
6919440
6867752
6820188
6948432
6976476
6949448
6904984
6900288
6929092
6979204
6900156
6815004
6845424
6795288
6946096
6867740
6897264
6832408
6791416
6998504
6903716
6887856
6801852
6901632
6943512
6861160
6903232
6842280
6793580
6900520
6814200
6805436
6837844
6945156
6805544
6897256
7753328
7164740
7093672
6808828
6863100
6852664
6807984
6946528
6876280
6869464
6838320
6804172
6890956
6851632
6841592
6866320
6799340
6891844
6932436
6938224
6889364
6885028
6938544
6876976
6900588
6833412
6874400
6904192
6887252
6881392
6791948
6874188
6925704
6824888
6840940
7483560
7308516
6824228
6902640
6896672
6788076
6890316
6852856
6802792
6867576
6820336
6819912
6809144
6818460
6807820
6885972
6939792
6807228
6901044
6797816
6789592
6929148
6843068
6835300
6879724
6813216
6816668
6905332
6891264
6789036
6848036
6848084
6826872
6888156
6835532
6785512
6903356
6811172
6821700
6876376
6816272
6872784
6886036
6815156
11626168
9140080
8893928
6814516
6874692
6861880
6793720
6905324
6870664
6806588
6864064
6787484
6864296
6794680
6793360
6846936
6805884
6800444
6861052
6868160
6871832
6823628
6851220
6854980
6753956
6840912
6878456
6799396
6806320
6781784
6888956
6781364
6863284
8144040
6794748
6914796
6791868
6873712
6784020
6843472
6826008
7097112
7452808
9213940
6825476
6832352
6875904
6861000
6858720
6798968
6882684
6780212
6785748
6823984
6875812
6868488
6791712
6899704
6768820
6888116
6839520
6858920
6876484
6763196
6883304
6894652
6784168
6867428
6763004
6814360
6801092
6800516
6867864
6832108
6827288
6853320
6865536
6772212
6848036
6867492
6828096
6783240
8951104
7135660
6815984
6802392
6835636
6769928
6812016
6815584
6809192
6802236
6825748
6815872
6791156
6817128
6789924
6828560
6855728
6856480
6828076
6838856
6838844
6848740
6857932
6845916
6802852
6817748
6910152
6809188
6882832
6806252
6834608
6917872
6840660
6913228
6871748
6873504
6961244
6899160
7144296
7231216
6864332
6822636
6863588
6801616
6811904
6886516
6810012
6833600
6872388
6902500
6837672
6906392
6881336
6781604
6823396
6806120
6858096
6812596
6774900
6839968
6842796
6809048
6887104
6859848
6847136
6842064
6833728
9103184
6837248
6834556
6875552
6801240
6894204
6849512
6977664
9157708
9242528
6847060
6952816
6904852
6879068
6795872
7074952
6841960
6837008
6884188
6856240
6837656
6880344
6791816
6938128
6838700
6789420
6900920
6852152
6843356
6869372
6869524
6891508
6856992
6862176
6859344
6791576
6913084
6834680
6896608
6853528
6795892
6834460
6826576
6896128
6875204
6855000
6885032
6895076
6899892
6808440
6849348
6935476
6906304
6815252
6886548
8746976
6784868
6822936
6851112
6813340
6822036
7577048
7203472
7087032
6794988
6821976
6782256
6905600
6892852
6860772
6876492
6906636
6901204
6786596
6844500
6892040
6878156
6803216
6866996
6895032
6940204
6863136
6827296
6797880
6919552
6916372
6881512
6802028
6812004
6918952
6820352
6899248
6886140
6894484
6921180
6904572
6813156
6782504
6898212
6823752
6849164
6914200
6768744
9535728
6976764
6901064
6830592
6918704
6941804
6953352
6873080
6856580
6904856
6921284
6844876
6828348
6951096
6830652
6842688
6897772
6837616
6855728
6805832
6848876
6930148
6904084
8824544
7167360
7183016
6780636
6825580
6765752
6814388
6827764
6788132
6827872
6772916
6782816
6745280
6833116
6782476
6883540
6876632
6818416
6897160
6933896
6886088
6921336
6894196
6832140
6792628
6808636
6918116
6884456
6802676
6868132
6914480
6857260
6801748
6900212
6870684
6889180
6900812
6911908
6919080
6815844
6855160
6906560
6817252
6894552
6861324
6894604
6894204
6814300
6875936
6894816
6862316
6890712
7793472
6980620
6932344
6801176
6904384
6888436
6931460
6922920
6933744
6905080
6972516
6879424
6809940
6888092
6830692
6900376
6875368
6821812
6853216
6814012
6910496
6839220
6851704
9052548
6919848
6868900
6806380
6850912
6851672
6834276
6834096
6807140
6943136
6879156
6861200
6828248
6806396
6837624
6780724
6826556
6825000
6798592
6843584
6862000
6851572
6812188
6839612
6804788
6833504
6802656
6837240
6860696
6821104
6864576
6817916
6823096
6943768
6803804
6836776
6804116
6901588
6828180
6896328
6829620
6940588
6873104
6858660
6838584
6856816
6819428
6848376
6896112
6860620
6817460
7936912
6899324
6826412
6875764
6811168
6809616
6807548
6835844
6836376
6909276
6863468
6882892
6862644
6794576
6848696
6844692
6894348
6822396
6856896
6848840
6851688
6778356
6895792
6831104
6820672
6788712
6895244
8959872
8948036
6844400
6885504
6796008
6850108
6800808
6905144
6866768
6816796
6919936
6847900
6808140
6900852
6877476
6841996
6884784
6825896
6817024
6845580
6810236
6844264
6852104
6883432
6909792
6911268
6851988
6794272
6869484
6791500
6769012
6846384
6790876
6887464
6777584
6769212
6840520
6769848
6824552
6837956
7062524
6805184
6791860
6890776
6776788
7176068
7001792
6943644
6822400
6754592
6798140
6817628
6799616
6891828
6779688
6876716
6905120
6930816
6888492
6811060
6820812
6818844
6811868
6860276
6887332
6869568
6903976
6798304
6873236
6779784
6830820
6875040
6791788
6842420
6865628
6836176
6887148
6797212
6858952
6773248
6853400
6912288
6871136
6885248
6899968
6909996
6957828
6885800
6882976
6908272
6820640
6868652
6759284
7019052
6884544
6893048
6859400
6844096
6802892
6906576
6921320
6934288
6884576
6855392
6750048
6889256
6781856
9564720
9526980
8931568
6845368
6818404
6780132
6857916
6867752
6827236
6901832
6823580
6782524
6875796
6813268
6881768
6878024
6863808
6852080
6826096
6854396
6777620
6780108
6883744
6793412
8947376
9073056
6703308
6881748
6778576
6786240
6845576
6814180
6869032
6814688
6879064
6787976
6871500
6968148
6881960
6831344
6804568
6860216
6893496
6788096
6811420
6876532
6810044
6829160
6933412
6869812
6840688
6843316
6818168
6931304
6950336
6922064
6831892
6886136
6831652
6918096
6853744
6846432
6878820
6812748
6892912
6761600
6899292
6825840
6899268
6819992
6870324
6852160
6906088
6803656
9222284
9148288
8976000
6798060
6913536
6894424
6895552
6844400
6850208
6914272
6859504
6914980
6852972
6861000
6869300
6912380
6864376
6785524
6888212
6898724
6836144
8947116
6883808
6829972
6811828
6797792
6970428
6859924
6786640
6905756
6916176
6829472
6898780
6866888
6903788
6881580
6908360
6899700
6866772
6913664
6922584
6868960
6908564
6875160
6886792
6884692
6851832
6864116
6905336
6857248
6920144
6931672
6934964
6863124
6789880
6976224
6938372
6914508
6870476
6938936
6917804
7120856
6953456
6940480
6867092
6898700
6837616
6911840
9104424
9129552
6846612
6861200
6882612
6762900
6938128
6857620
6822744
6891988
6908076
6844784
6927316
6846012
6809492
6910828
6925460
6923564
6941328
6917136
6951028
6951520
6877184
6940776
6838264
6974064
6920136
6942056
6878924
6838128
6962996
6863804
6880832
6946764
6914004
6843352
6837184
6934124
6853924
6847648
6964508
6854644
6873492
6856272
6864136
6956796
6911540
6821148
6831300
6867216
6856488
6860016
6869360
6832720
6909428
6972920
6858916
6931836
6922724
6868536
6883268
6870596
6946424
6778240
6872560
6812308
6891284
6865236
6788200
6892156
6969388
6944476
6873092
6863580
6941600
6867148
6860364
6850720
6894620
6884204
6863140
6888520
6899848
6931336
7019252
6945016
6862604
6861876
6922600
6922404
6903864
6945356
6858816
6915612
6870284
6867796
6956444
9104980
7295424
6798184
6927632
6861252
6910936
6962976
6862752
6933844
6855284
6913248
6997612
6876960
6875260
6911844
6854140
6857624
6864812
6851752
6831504
7045584
6937628
6947652
6877752
6895880
6911004
7013328
6932168
6845456
6865760
6872216
6849452
6861364
6857228
6876236
6910052
6910788
6973312
6942112
6853120
6838136
6855680
6873084
6822220
6927012
6888536
6868936
6911484
6869172
6916352
6877964
7007556
6877540
7233208
9327944
6881084
6912172
6888060
6908692
6888148
6868844
6905616
6798432
6892948
6889808
6785968
6766392
6900304
 
6901080
6885112
6907024
6891552
6778288
6951768
6879740
6839136
6884260
6857876
6795472
6928808
6894900
6824828
6841952
6849436
6873712
6888652
6857856
6849128
6903536
6896524
6905468
6928500
6847908
6834760
6882968
6860252
6872024
6865684
6846020
6835048
6884768
6776112
6850316
6977688
6928180
6830712
6942872
6894180
6830976
6887784
6927824
6856568
6795488
6927812
6839572
6929600
6799136
6904068
6904924
6820472
6895236
6914304
8778760
6823372
6871584
6870324
6850176
6884804
6858720
6801492
6798076
8927524
7141616
6897092
6904876
6870108
6808660
6977824
6946492
6893744
6893868
6953612
6926704
6924472
6906124
6948284
6929536
6904136
6825864
6995316
6874876
6870920
6822232
6932896
6950976
6881360
6938008
6899944
6861752
6871448
6842528
6910744
6788924
6814716
6894332
6809672
6906960
6876572
6833896
6876084
6929188
6892196
6906784
6925104
6781948
6897996
6846324
6920260
6800956
6915392
9265340
6788508
6884264
6776812
6857892
6852808
6832144
6807720
6876032
6768028
7268764
6819224
6794232
6857168
6802920
6960536
10204356
7282948
6879260
6904292
6916292
6858832
6845596
6909760
6942192
6960460
6852328
6940672
6835856
6854592
6940968
6859592
6868016
6894232
6882936
6877772
6976788
6955272
6846960
6934788
6882124
6852420
6958020
6853340
6898532
6859224
6852476
6859304
6872520
6894320
6793704
6951620
6878968
6885968
6950724
6955712
6892200
6874460
6914924
6913716
6899532
6915676
6836864
6963680
6874400
6863956
6853280
6831388
6967292
6871360
6802100
6951432
6851224
6967180
6918636
7255820
6892320
6882084
6904168
6917872
6852924
6869572
6897484
6896392
6905100
6903576
6854280
6994732
6880792
6903528
6800872
6864296
9262968
9855264
6865176
6894308
6843884
6876492
6924628
6911432
6910676
6834320
6911788
6927156
6932932
6932060
6920880
6964084
6876588
6851624
6797840
6904928
6953160
6871532
6823976
6884736
6894072
6826396
6836880
6824280
6880392
6858592
6897596
6865304
6844752
6846544
6879536
6859912
6929556
6804316
6840340
6877044
6933148
6953760
6831780
6952752
6978340
6867420
6952536
6883664
6944184
6981084
6836080
6934240
6860760
6911396
6933232
6882344
6960268
6831892
6831396
6909340
6872276
6925036
6871860
6788576
6969524
6869748
6874296
6823020
6834156
6927556
6866128
6847948
6788020
6980936
6883216
6864404
6854132
6848656
6928732
6923464
6917300
6816648
6910340
6920824
6863400
6928472
6854320
6922308
6981164
6859492
6857608
6836540
6928096
6868448
6920644
6942448
6841440
6880120
6910868
6928336
6931412
6851684
6981432
6972288
6932996
6882260
6907920
6852116
6884388
6853800
6882880
6849460
6794556
6972176
6868488
6862824
6861436
6864408
6854512
6835672
6922160
6856396
6974076
6910112
6935636
6924640
6843648
6926696
6970164
6925800
9348804
9362324
6931992
6920544
6912904
6787944
6829808
6940112
6804984
6899052
6856772
6817492
6929976
6847568
6842540
6841016
6808236
9419036
6828300
6777240
6837792
6832400
6950176
6887144
6832520
6846416
6842540
6880516
6888356
6934992
6906316
6883920
6920016
6863108
6860832
6868768
6857364
6862180
6893736
6934504
6948588
6966632
6916032
6864780
6841772
6914752
6969416
6854036
6853572
6924292
6903988
6950448
6899660
6890908
6774156
6899064
6828432
6885752
6898552
6881444
6888432
6814944
6888268
6892808
6910020
6907768
6906940
7150236
7158840
6911356
6847820
6845748
6847148
6833548
6856532
6913928
6890712
6883920
6873532
7321192
7341688
7324892
6827124
6717492
6835016
6829672
6795708
6837936
6907076
6835832
6910372
6928156
6864148
6817056
6837468
6871764
6826712
6842020
6893880
6812068
6847500
6839916
6788164
6858584
6951912
6827968
6894052
6838972
6841256
6806324
6804936
6814328
6859224
6833056
6814376
6801212
6864924
6831568
6837232
6813884
6821456
6826384
6873088
6822168
6880496
6818856
6778888
6963424
6869632
6897276
6935172
6935424
6872292
8418132
6798856
6830232
6946592
6825952
6913456
6806092
6781480
6816444
6815652
6826108
7729644
8971900
6834304
6913624
6767392
6868408
6776376
6868636
6833308
6776232
6828940
6846484
6883784
6898236
6866692
6873776
6927764
6880736
6798052
6783284
6867476
6774560
6860772
6820044
6794640
6859840
6758828
6880352
6801976
6886592
6791036
6865964
6840492
6922728
6890308
6771324
6903056
6886588
6887356
6872240
6889524
6879436
6863432
6876496
6813252
6810540
6802608
6811376
6810404
6813116
6876964
6854556
6875316
6845540
6791164
6871224
6832840
6938368
6883692
6852784
6933280
6885740
6817800
6886108
6819708
6846616
6897056
6820684
6929896
6890512
6889784
6806516
6859112
6861576
6770520
6963236
6864060
6824876
6892096
6826324
6912816
6818424
6888152
6828340
6860140
6842664
6819084
6812980
6893436
6886560
6838808
6892376
6814540
6889536
6878140
6851884
6806192
6909216
6890024
6907348
6814436
6830276
6887316
6919148
6899316
6809564
6827732
6856176
6909320
6917436
6887976
6839612
6768276
6907284
6876184
6811112
6822260
6784108
6912716
6825428
6880684
6917696
6852620
6840128
6825160
6823292
6835028
6803216
6891248
6824528
6856412
6826904
6763248
6891136
6780500
6881616
6800264
6765600
6907624
6845384
6779712
6763132
6779264
6875180
6851816
6872192
6899832
6879464
6818164
6843760
6859496
6869900
6900468
6924616
6849044
6790896
6837888
6878416
6808808
6826400
6902508
6792844
6890444
6831040
6875944
6804436
6798132
6933344
6849060
6860076
6784600
6795540
6887944
6809404
6884572
6856212
6838056
6797124
6866320
6878992
6889968
6815868
6928736
6825052
6822968
6867284
6834748
6831200
6818560
6908972
6783588
6932768
6943404
6868804
6889944
6898536
6877484
6849384
6784996
6935404
6895452
6888456
6782308
6826268
6792040
6810364
6853216
6824496
6807048
6915956
6809096
6903628
6809656
6819220
6822452
6833624
6849324
7648580
8991724
6854484
6828444
6735120
6801408
6778064
6853236
6877124
6803804
6867064
6840240
6777896
6851112
6832480
6794652
6773348
6783940
6894152
6799968
6846656
6819752
6872948
6812132
6837436
6877248
6814588
6825320
6830416
6841768
6828456
6763428
6836064
6950800
6947072
6918432
6911872
6876912
6876844
6775728
6851112
6839912
6912196
6889992
6853780
6855408
6807024
6824336
6788872
6840224
6838536
6777400
6915172
6874032
6787448
6754412
6872976
6867248
6875944
6831096
6877124
6790064
6923072
6878388
6820904
6883668
6815152
9150216
9073724
6784656
6807812
6838224
6818668
6881768
6840832
6827320
6815864
6790824
6929240
6867616
6787100
6891644
6885828
6826052
6789492
6825784
6925992
6826460
6774076
6904492
6824636
6834676
6911976
6893428
6842084
6875544
6809592
6790940
6861368
6820196
6843448
6800744
6792496
6794660
6837724
6886688
6857000
6849012
6782532
6844420
6892552
6795940
6851680
6782708
6749956
6904480
6857152
6809852
6904188
6793204
6852076
6876376
6831556
6798396
6879896
6960400
6869344
6846212
6844080
6840720
6810372
6892368
6941756
6924476
6956728
6884464
6865592
6872524
6782560
6933080
6869460
6860900
6821816
6876252
6924004
6863152
6866072
6800140
6796220
6980492
6944528
6904916
6789072
6810728
6901048
6900816
6901156
6865328
6824448
6862396
6820132
6875932
6853356
6913560
6821516
6892172
6819484
6948540
6929500
6878876
6810228
6799424
6896412
6883848
6894616
6893384
6927480
6771620
6833668
6880372
6868496
6924728
6882012
6848448
6879488
6959268
6864500
6907680
6836256
6824452
6886116
6923836
6873556
6843480
6887444
6802680
6812868
6904880
6825488
6893184
6825780
6797136
8804904
6849116
6788004
6854928
6848868
6892008
6799280
6880576
8865640
7175872
7056548
6847996
6822596
6836804
6855304
6808272
6870688
6864452
6840888
6836692
6817956
6870144
6801564
6800432
6884748
6915120
6906824
6801780
6841452
6991640
6859584
6898300
6915704
6894208
6940152
6872424
6885544
6850388
6839128
6799132
6815912
6798980
6787872
6894956
6906300
6880332
6815516
6861916
6906624
6872420
6821272
6876808
6790400
6858040
6883496
6827696
6883484
6879172
6861720
6809020
6923056
6854604
6859788
6892936
6896408
6837248
6798736
6843776
6879952
6809596
6806220
6885976
6874408
6803680
6886108
6816420
6905136
6917268
6907616
6892280
6826188
6814116
6864516
7915212
9183880
6865084
6798104
6891740
6860708
6826820
6879196
6784152
6899536
6892364
6851796
6779776
6872132
6823828
6925792
6926080
6854056
6920408
6932340
 
6904020
6881760
6864140
6914468
6924608
6799072
6879868
6832744
6804460
6905904
6878760
6859096
6759836
6838304
6938456
6944516
6905696
6819112
6850868
6845128
6878904
6883412
6853656
6812552
6817504
6805608
6890408
6784040
6963496
6897912
6830252
6892956
6794232
6841120
6820928
6814164
6822640
6865708
6898376
6822236
6869676
6861900
6832056
6898292
6821716
6881156
6869824
6927260
6891808
6877372
8529732
6780476
6879176
6906420
6904644
6851588
6784356
6823756
6873864
6907600
6869208
6766564
6885924
6880728
6839756
6818080
6867780
6836348
6883580
6914364
6827088
6860988
6815756
6861620
6846216
6782360
6860644
6856468
6842996
6818828
6814268
6852548
6825904
6814788
6782744
6813864
6815360
6746456
6812932
6847664
6790428
6924436
6874144
6894512
6845148
6864236
6812808
6808860
6822828
6868296
6780000
6926764
6810472
6838392
6815372
6799180
6900944
6822156
6898228
6925644
6865944
6895608
6884052
6806848
6848712
6865672
6860488
7138536
7011332
6844184
6823960
6877280
6801760
6816272
6801648
6933336
6915676
6905664
6887812
6846884
6855388
6882844
6810560
6822704
6888956
6947668
6920700
6793948
6911120
6892892
6853664
6820184
6837548
6894292
6792708
6878868
6832568
6883180
6884464
6784680
6916000
6806956
6909072
6905436
6792908
6835588
6887732
6862432
6795424
6860308
6821180
6851068
6865496
6870268
6766560
6828040
6883608
6923688
6845744
6839832
6857120
6839216
6833436
6840772
6894100
6830656
6813404
6881324
6902492
6903244
6844656
6857392
7294228
9011804
6850644
6827088
6825296
6812224
6863052
7688408
7277960
6804964
6916680
6845096
6936052
6807652
6895728
6895604
6857012
6925048
6873908
6826880
6876316
6897300
6835272
6882600
6815232
6856524
6887976
6851756
6896312
6812184
6828336
6929868
6914740
6901852
6949704
6797124
6863112
6828564
6856980
6799028
6849808
6835880
6870088
6868392
6899768
6788868
6891148
6832892
6956204
6803572
6812688
6907052
6828104
6965424
6883760
6839304
6929612
6822284
6903180
6827672
6857628
6830084
6903728
8975268
7137728
6920800
6918100
6900008
6829452
6859188
6883084
6935352
6874068
6961424
6876372
8154016
6879444
6812328
6816712
6849720
6954448
6847380
6798488
7038208
6907672
6845464
6889288
6885508
6799972
6863720
6914616
6904148
6877184
6805324
6975896
6831516
6870116
6827688
6787584
6907176
6933412
6817296
6814380
6869480
6881280
6851188
6895848
6812092
6887028
6806084
6844184
6864484
6817284
6782516
6900776
6812176
6936880
6809732
6850844
6857216
6820676
6819132
6814784
6853168
6799260
6818820
6819096
6835200
6902564
6932720
6922000
6938904
6819028
6867000
6888436
6786380
6877652
6837628
6804804
6888972
6822948
6902880
6781516
6825408
6898672
6818028
6823876
6849720
6801136
6836940
6894220
6837580
6899080
6826648
6838288
6908764
6797156
6847628
6789964
8942680
9031692
6790240
6856076
6842416
6798332
6850788
6854184
6779552
6853840
6844540
6813324
6797972
6838316
6844204
6842244
6785520
6863488
6820148
6819900
6855008
6821144
6772272
6774560
6835940
6781540
6880352
6923300
6944072
6848296
6895264
6785640
6868416
6814944
6768412
6800404
6881776
6824760
6853280
6835916
6799640
6835500
6822820
8159376
7161408
6833140
6822420
6860196
6883468
6829860
6909436
6927144
6921376
7452092
6821856
6830752
6910520
6858036
9201620
6798852
6846180
6845116
6869908
6824528
6834248
6832304
6846832
6941512
6892112
6848176
6765848
6897864
6929612
6883344
6931380
6872728
6888368
6788616
6835968
6857560
6884320
6803380
6866504
6841752
6786700
6817068
6820704
6851480
6851096
6854128
6863628
6820508
6789700
6892860
6801452
6836960
6804320
6885172
6798652
6811180
6778880
6873896
6851812
6778944
6808700
6843268
6796456
6788736
6926740
6795336
9069512
8909832
6868140
6777336
6786576
6807608
6773140
6833264
6876064
6844820
6903460
6953952
6818808
6911992
6850260
6845400
6878900
6825268
6857148
8971760
7201988
6909700
6842632
6803664
6893576
6908720
6867740
6833712
6865800
6933176
6919192
6834784
6852728
6906896
6908352
6884320
6837952
6929572
6787876
6930272
6819340
6890420
6800296
6816240
6905576
6806780
6917824
6785188
6855948
6819932
6915792
6862668
6839180
6886156
6839536
6863244
6878636
6792132
6835032
6873876
6826548
6830740
6918120
6929776
6855488
6819512
6882580
6815720
6927728
6859916
6824660
6798232
6811928
6861100
6848692
9173372
9070604
6810256
6866388
6834772
6907484
6925856
6859500
6878392
6895744
6870084
6859196
6845436
6904852
6920504
6853408
9579952
9341828
7629476
6860268
6859308
6894940
6926480
6782000
6895388
6902852
6860272
6952608
6909416
6916196
6880128
6950244
6910240
6891292
6854888
6816780
6922204
6820892
6780928
6875908
6846256
6762376
6928988
6876892
6905848
6808088
6840228
6837456
6877220
6938844
6880976
6918900
6824576
6911944
6888088
6915240
6859880
6911612
6768296
6907964
6784860
6932116
6854604
6815524
6934284
6873920
6913052
6800160
6879084
6950524
6843956
7041544
9273636
6855904
6813568
6928052
6829884
6905084
6835232
6909584
6882544
6838756
6908328
6846788
6831184
6956900
6910552
6845284
6835504
6844436
6867088
6781480
6830016
6771108
8949872
7228648
6809584
6870596
6860064
6810652
6968912
6923148
6937508
6932080
6949924
6852396
6963320
6913356
6878508
6966468
6877664
6997496
6950644
6985048
6984712
6873416
6874608
6915292
6864848
6871624
6873092
6868828
6890796
6922048
6922644
6935648
6885416
6917252
6857604
6959464
6863132
6811000
6935096
6949496
6807572
6852040
6919492
6923608
6846988
6974124
6934344
6876880
8996108
6864644
6865156
6861976
6932924
6858128
6938248
6881224
6875276
6959124
6846412
6968852
6886240
6914416
7243016
6829416
6890448
6835316
6882568
6888980
6919744
7274208
7169172
6869068
6886760
6788624
6915340
6941504
6952732
6824652
6882496
6864272
6852064
6957312
6848300
6878768
6922124
6948616
6874128
6938384
6914564
6974028
6802788
6846304
6958940
6849536
6923168
6878896
6927396
6899448
6932516
6972472
6867360
6928980
6854852
6841580
6825424
6949204
6841324
6855948
6821680
6928196
6898232
6819576
6936012
6805476
6793456
6860456
6918544
6917532
6898548
6894476
6842684
6837144
6819024
6921356
6865312
6944968
6837700
6881084
6876708
6842844
6899416
6855056
6912828
6942516
6889048
6850872
6845832
6813492
6921256
6839820
6874240
6887224
6849684
6802020
6921784
6880100
6842712
6885140
6842788
6797952
6810732
6846336
6888804
6803088
6814576
6880088
6870136
6840512
6855368
6774108
6850212
6870084
6844868
9390980
6810232
6943604
6839368
6875124
6829996
6865616
6866192
6802596
6921956
6791428
6922764
6846292
6827440
6778624
6773872
6877220
6940964
6923840
6923012
6858256
6931656
6808380
6892972
9155412
9353844
6893360
6811440
6806256
6846980
6780616
6894332
6854292
6763640
6855652
6793172
6869024
6757880
6824772
6807492
6896980
6922380
6840836
6889212
6823256
6898408
6845908
6745812
6841052
6827016
6930808
6951488
6811636
6839504
6810648
6775944
6817384
6924192
6864304
6782448
6772208
6935384
6801804
6785744
6928240
6877256
6974436
8978472
9285748
6831848
6832796
6813420
6809112
6807376
6846076
6860732
6775816
6760472
6807092
6848780
6901012
6771832
6767084
6807612
6789312
6810672
6852716
6905516
6843432
6808636
6831228
6891876
6837316
6865596
6830240
6851800
6765400
6776592
6905576
6900260
6804256
6783976
6876064
6944040
6780272
6919156
6825112
6835416
6877032
6898548
6812688
6812948
6844204
6774168
6851936
6875400
6816512
6805360
6790184
6874780
6920552
6878112
6834916
6855548
6866352
6845224
6816376
6858280
6860488
6784572
6867488
6833824
6942088
6788432
6850384
6937184
6891624
6836560
6902228
6935380
6856560
6781440
6928056
6878536
6797580
6937320
6891092
6893504
6933748
6950324
6829896
6884168
6865640
6859976
6888316
6813408
6813392
6852976
6840692
6825612
6806692
6872688
6792908
6929556
6894172
6828920
8703076
6855668
6868708
6872064
6843412
6760876
8111692
7360640
7184588
6779588
6855692
6793980
6862368
6850776
6740772
6826448
6836980
6791704
6799668
6920580
6846148
6833092
6870132
6827256
6831392
6749636
6890112
6884344
6924192
6861772
6892132
6840840
6901016
6836792
6929852
6885572
6935864
6915872
6886796
6831660
6899248
7152796
7058820
6931488
6896816
6851132
6828980
6841744
6820648
6853284
6923536
 
