Procesando...
  Filtro             : sierpinski
  Implementación     : ASM
  Archivo de entrada : lena.256x256.bmp
938528
930136
999680
933660
947000
945600
959128
953852
961432
952428
929784
947860
933672
928468
928716
928280
929144
933148
933248
986512
929636
928296
932184
929192
928292
934060
973676
973272
1040772
950120
956768
930684
936680
997984
950720
934508
935220
938672
933052
932132
931900
931140
928100
976060
928212
931520
928032
954680
928204
938184
1002376
928576
931440
928316
930220
946344
935328
981764
949280
929508
938460
932536
934172
942732
935156
933068
935260
933224
966068
983480
987984
941008
973056
929816
948236
930812
935080
929792
931472
938072
947932
933736
934336
949808
934920
929352
934416
932784
1003476
966004
935976
954736
929284
937184
936388
933776
933344
930524
950404
934508
929112
935984
947508
931312
947024
934404
930200
934276
931948
951512
942168
965688
954832
934544
931612
934808
951284
1004836
944068
949032
930852
930924
934180
934688
947704
934212
943944
931444
975612
948464
958376
935672
940968
966856
934276
947896
933900
930300
934368
931468
948456
933736
933364
930632
947708
970160
948724
933928
933736
934100
936996
949276
934348
945040
942500
933352
957720
961076
940092
933480
934292
933520
934964
933772
933900
932952
955096
930808
977524
934432
934268
955524
954444
934524
969976
937856
948996
947236
934700
934608
980684
943332
930124
929852
935340
933612
934060
952216
1052040
944104
937260
934832
951216
950176
932800
962652
950544
930372
931632
929624
934220
948088
933504
935212
930124
934048
933232
948296
931800
948808
933316
934180
962720
946792
985704
933464
949152
950656
937416
933344
934760
933556
945116
929488
930112
934616
953620
933800
934224
948240
931288
992284
930968
934212
954716
936800
956476
949660
935652
937412
1104848
934764
933924
930532
972900
934364
933808
937704
935868
934184
930428
930588
929360
931876
933840
949868
932628
944020
969576
933240
934792
930272
934456
933932
949440
934860
945988
929544
933752
934864
935340
934252
948080
930732
947664
954444
958932
938272
1021004
944824
930064
934404
934276
934896
934328
931116
930140
945644
947904
933820
934432
934096
930324
930424
930872
929804
949080
929488
947116
946880
930016
931760
941092
930376
930152
929124
930160
932544
930824
929716
948600
978696
934648
933496
930616
943788
956128
953852
936236
951156
936060
933360
937800
947324
934092
934420
949372
937500
936240
930976
993572
948388
934216
934320
929432
935136
933564
1012508
935548
971044
944880
932996
930020
1591040
1570500
1597480
1528088
1572008
1507584
1539320
1536428
1532896
1555016
1575584
1569880
1524820
1546812
1452176
1161812
1049664
993840
982816
1091036
1001568
1629136
1573020
1569876
1098588
993092
989496
990336
1004000
930228
929540
930732
929508
947164
929440
953168
952948
934688
952240
935536
949416
942084
936376
965376
1008424
991912
1005300
963528
934196
1002776
936688
973596
934660
981600
936180
1018548
955700
959852
965632
951404
931920
937048
976716
930968
935592
934216
934936
934912
936676
973512
935028
934056
935108
934524
934940
937836
935224
960872
983864
948036
962736
951104
949100
931372
960012
936740
934692
935376
934380
949232
935092
938472
937188
935196
935404
935480
937472
945268
956636
977240
966132
934804
934760
934724
936204
934560
934616
932916
931888
948712
935412
934512
935516
934180
934564
932356
935996
932388
957312
954356
931500
1009200
948540
937052
934604
946592
933976
935440
935140
934472
975292
934940
945228
930888
934816
934708
933940
985920
935392
942696
954404
980952
967140
932588
935096
934336
935792
935844
1058144
933252
943248
934648
934872
932000
945436
934940
931624
934800
948584
961768
961488
1007228
951272
931156
930020
930688
930392
930428
931324
932332
974128
932904
930520
934792
935520
932976
993700
935360
946740
944652
950252
950444
958132
951924
936152
949488
935160
931796
933196
972008
931532
930772
932596
931740
930232
970772
930324
930420
930768
935104
934896
967604
931972
944764
951448
934204
930248
935832
931476
930664
930384
951932
948720
934188
934408
932500
934068
934772
972664
938208
948776
935092
951464
946480
947188
942764
936744
935276
930612
936676
934112
977436
934916
972536
936204
934568
934080
934692
933672
974832
952456
934444
960920
953860
933644
959276
936868
931072
937920
936840
978872
947720
934232
934792
934776
934108
934832
936892
978016
948300
936432
934528
935160
959200
959072
934268
951396
934576
933808
932224
949192
934856
934516
936848
937748
935740
934736
936564
935112
935660
934816
981688
935988
934364
948012
944244
954636
950512
935264
934544
934340
948900
934784
983296
933980
934388
935332
935456
934572
930748
934040
935756
937264
935192
934792
955776
934632
966652
951108
949648
934680
933668
934360
934920
934020
991996
930544
930668
965212
930664
929960
930076
929804
931920
931276
930784
950116
934200
948796
951072
936604
936516
934364
934688
933612
981852
935312
935004
934628
934908
933684
930684
930848
934216
930828
930608
938816
961536
952160
951108
930004
935584
934340
935112
935148
930448
930084
949384
948308
931636
934300
970308
934976
934220
934592
935504
933752
960268
951680
933088
948860
937712
935840
941700
936964
937136
949312
949180
948920
950532
934888
935064
977648
937528
983148
935464
949528
935032
964492
952424
936160
962020
935952
932948
948264
933032
934368
932732
934284
932804
948840
947068
930140
929056
950304
932668
931900
933888
933800
952224
938412
946464
959952
1068028
932028
934060
929692
990488
931416
954948
928828
932108
928988
931648
931332
930408
934268
1050764
929724
931224
995740
932792
957124
947184
944128
944424
930748
931000
952672
930984
929544
930404
929420
982916
929368
930360
930800
932016
929708
930384
955224
932960
952264
942432
933720
978352
930888
976944
929884
930916
932036
999828
930320
932056
943444
930164
951840
935372
997600
934356
934588
969356
933880
952644
952664
951300
935472
948008
934176
934532
935804
934220
931200
931676
931520
932960
934616
933564
935124
945208
934604
953296
956876
935556
956344
931940
930452
949120
955192
929868
944960
947920
981112
947664
934260
930168
935916
933440
931360
930820
948084
929748
953344
934560
1032816
950756
932916
948448
934204
955332
934788
934656
933540
931448
951292
933316
948088
938868
1571640
1560596
952480
954544
1566612
950192
933912
956588
951400
947164
934964
934396
1011144
934864
933544
996744
944500
934408
930856
933560
934436
931488
933764
933696
930636
959932
1024000
934412
952652
944104
929756
930276
950568
934796
945532
931820
935256
947588
933728
934448
933116
1044020
934736
934364
934104
934412
955840
953712
950152
958428
945436
931116
930512
948292
935192
939080
934440
930560
931120
929944
930908
932604
933140
930144
933808
930964
951584
974124
953500
1029156
980960
935580
938304
953888
935452
982148
933492
934996
991544
1003256
934760
931488
935884
991672
935336
934196
934428
931168
958800
955212
945504
952492
949368
935060
933592
934792
930720
930640
929852
930700
934308
934668
1044084
931044
930044
930396
929452
930764
929700
963264
1003488
946504
1006540
929888
930480
929484
931288
930428
929900
934392
955040
930008
934260
983184
949400
948260
930336
934348
933748
 
991324
967592
933468
944540
954364
934104
930192
930704
930148
930724
930612
929480
1000292
929980
930552
934668
930688
930508
929824
929068
929752
958328
978240
933492
1033804
951204
934264
933760
930580
930200
930612
930020
930880
929888
930920
930048
929592
945516
949464
934528
934612
935140
947676
975988
935976
945320
934196
933816
930428
931108
931856
933208
930892
930732
930244
929816
988344
932624
930476
930000
929412
930468
929864
1011996
935504
953824
945572
929972
930456
935128
934032
934216
935508
934256
930464
1598108
1586628
1588808
1586548
1614692
931680
929896
930204
965020
1005292
930260
941124
933796
1009996
930212
929172
930192
930028
930492
985108
929484
929296
930400
930660
929780
930512
1007780
929648
929784
949884
947536
939016
953680
931552
947152
989120
930772
929940
931948
947644
935056
954528
992188
935168
933964
934664
930440
945424
931020
936036
971908
1584876
1612988
973192
932876
930776
930960
998592
954504
1001292
934452
934476
934604
930076
935052
933492
934456
933796
935248
933928
940800
977132
935540
960228
943384
940104
938456
936356
933044
931012
932204
935804
931612
929992
949096
933560
965700
934284
934932
948924
934620
1036012
1023392
1525408
1670776
2282616
2154996
1534816
1546068
946684
937068
934532
934704
932972
933704
933604
930084
930148
929716
967700
929832
928668
969988
932276
944788
947984
985104
952880
953068
973376
934428
948616
935864
934732
931140
931116
930168
935428
929968
931476
932740
934676
941796
958160
941124
961080
937764
935168
935380
934684
932568
1008988
930988
930132
935208
948052
931344
930624
934196
934728
977300
935068
933640
955520
952308
944940
958160
934216
932216
929716
934864
934568
1086416
931000
935516
947784
934840
948924
934104
934396
945792
929968
935884
935228
946436
961880
938648
956672
931376
936008
934548
935480
932736
931304
949536
946356
934488
955412
934760
935472
935848
934932
973548
935808
939112
962964
945796
969260
946408
934200
930936
985992
933484
935164
945572
930520
934720
933812
934876
935004
932088
930272
934796
947944
932628
935184
972300
934636
959524
967068
931252
935300
947980
934652
948432
934764
933732
930184
929892
930608
929668
949220
934228
934700
987368
932344
979500
969028
944400
960012
947472
983796
934784
948456
933776
934508
931348
931460
946200
935452
934368
936184
932840
933724
932400
930812
948980
941504
973488
932448
947436
932692
935228
934892
933704
949840
934432
934724
982212
936368
977976
935564
934656
934136
934344
934288
934168
976416
951012
946600
929528
968536
931356
931608
935244
934536
934684
967928
930272
983800
952932
950048
934996
966820
936296
938712
944772
931980
935240
955212
937532
951620
966408
930940
947776
934872
934120
949680
933812
997276
931296
930592
929672
948988
933296
934744
929852
930860
957828
929692
947728
950192
930552
945348
935816
934696
942020
930444
1001728
948580
932404
930860
930244
933324
931088
930460
930032
930192
937136
965472
929324
948472
935692
977280
937936
937036
934980
935896
933216
934920
935936
949072
934540
933000
944900
948036
949160
930820
944900
969524
957120
932252
957204
1045096
932664
929800
935432
933480
1004752
933864
934780
933040
932396
1032692
931544
930336
989464
931036
933612
933848
946476
955940
992632
955264
934520
935540
931680
950184
932640
950748
991984
936700
947600
930904
947832
931584
929972
987244
934016
938656
935076
947444
943368
1028740
947160
954572
1070660
952172
932712
929392
931612
930128
946648
933332
935332
929032
935152
929556
949692
933840
935436
929724
956888
932392
947392
949940
936784
953596
932836
997364
929344
1058660
930452
930660
929812
930572
986656
944996
932568
935756
930640
931192
929632
957772
929072
947932
945708
936548
929980
929520
960768
933268
931176
929840
966840
947924
934600
959020
931468
991224
935664
934316
934136
962208
966644
934312
959304
934640
935884
933860
933912
931972
996172
946020
943920
930584
949136
945628
931748
935672
935276
933700
935496
934376
1014496
957232
936848
1024012
930800
930752
930188
930312
932612
930972
935360
1338376
1562376
1562176
1171536
1433796
1431908
937152
935040
930812
950748
962420
998780
968232
935788
931244
930456
929988
930904
934892
934628
929916
993124
930536
931904
930100
958796
945064
974436
935796
952200
950928
944568
951708
967948
935168
934684
934720
933852
948488
934152
934456
934360
934164
934172
930056
930568
930016
932604
930624
929924
929760
1017480
928612
945940
945832
931220
931588
929928
930908
929792
930156
929460
931180
929732
929932
993004
930212
930024
930776
929796
930444
985364
950192
928564
942532
943068
930152
994356
929788
929252
930424
930708
929684
997648
935164
941688
932080
929272
933744
934116
932580
931776
960516
968968
930996
1010508
938296
935116
933736
932472
946936
933972
932896
949708
935152
993360
935844
935564
934172
933760
930060
934084
949676
1009824
957164
938704
952560
935796
932192
947800
936492
931656
931560
995952
950192
934888
949736
933176
935912
957512
935532
932324
946288
932608
953708
937980
952984
966804
935132
948288
934100
930388
932716
948248
934108
934728
933980
929424
934080
932776
932556
930636
948604
933492
995716
954968
938360
946680
944072
950872
935440
930144
948572
996116
930444
934092
936008
934372
947984
934324
943984
933944
936340
936580
947832
938000
952156
929068
1002892
935776
1002196
930944
929628
933240
931320
935624
942772
929660
929544
934684
934004
1001364
983628
945768
930724
936120
1019728
953784
937380
955280
994092
949492
933812
929432
1208080
938796
933520
930268
934564
934284
933572
936248
933224
930932
929568
929264
931704
955684
956836
934612
954896
932436
948952
932352
931004
935632
934684
934792
931236
934148
1585032
1593980
1586644
938528
930084
930548
941608
955600
961972
927816
955672
1051328
933264
936860
1549340
1522700
1003424
989928
944200
931264
933248
955416
929672
948344
948468
935684
953468
935292
959216
932796
954988
967952
948332
935532
936880
936560
934972
934572
934680
935620
934236
1221472
1005524
933276
930372
929724
929676
930772
930344
959444
970532
953364
948360
934348
954684
934864
1049668
941456
948556
1087588
932372
948988
934792
935180
930104
931108
934224
933988
960740
959564
933440
947276
933424
929680
929648
933704
929956
945308
948540
948332
932624
936764
934412
934516
941744
934348
933696
933128
947884
964552
942672
956540
968080
988204
934716
933860
935548
949208
934064
933944
934896
935552
933992
933376
943936
952484
929936
930224
934372
978888
971524
943796
950420
955400
931400
950424
934968
935356
934732
931920
936096
979680
944396
948800
942748
935832
934980
973824
936428
935484
934844
977012
929824
957384
944732
932912
934816
937196
934440
936796
933436
948056
928868
949952
933328
935836
948176
945828
952032
935896
948404
950180
1012020
934900
960280
931516
929896
935052
933148
934336
929044
930140
929472
935776
942760
930632
943388
930236
933808
932964
934304
934108
955420
952444
934656
1010104
935172
934436
934616
936424
936240
934300
936384
936768
938072
947664
932280
935876
934080
933828
934392
934360
934200
1004872
949732
952836
944036
939556
958572
935412
 
985140
933676
933768
979336
934320
930136
929776
930304
929620
929700
929156
951568
929660
929332
973252
937308
964436
980092
940004
937452
934196
930700
935228
930820
943932
943908
943536
930204
930720
930392
931008
929844
929244
967168
934896
1018364
934192
945000
937352
981784
942368
929556
930664
929820
949640
938608
994992
932212
1563444
1576324
931320
930436
1054560
929520
936396
985768
995632
951448
949688
938932
933988
931628
1008468
931360
930376
952864
1387784
1661640
1623416
946400
947788
933836
933028
934376
933688
946680
1030084
932816
957624
932820
931232
932748
933172
930492
929836
1361040
1592268
1557336
959972
936552
933944
933824
933620
933744
931692
947956
979020
965424
937952
956160
955848
979116
947472
995196
930832
928496
929412
929260
929288
951032
928432
929096
929324
930880
948460
933028
980176
958832
971216
974304
961144
948136
934752
933988
930668
935600
947816
934980
931832
948604
933148
977496
947264
930804
933700
936072
933724
934780
965552
936124
961380
962708
935608
935188
933144
934748
933532
948860
934512
930876
934208
948012
933624
934704
931088
973216
948036
935908
976324
982372
950428
946280
950124
980996
947520
953736
929236
929740
933564
934680
933740
933520
932260
934708
952928
930296
928772
930216
934700
945252
983900
930352
955228
933932
934064
933472
980064
933996
930516
934592
933856
948524
947688
933940
947192
934748
979468
944204
948768
934808
958072
972692
932960
957708
938476
934452
933768
934220
934948
938068
934504
933720
933356
928804
932616
929908
933796
978248
947676
933536
933608
951276
963932
946064
958660
946952
929620
947664
933492
933772
934256
933032
933440
979248
951916
929560
948200
936476
933716
933928
947296
971352
950352
951360
945948
954808
938732
934572
967448
948084
933660
934508
934900
933760
948368
933804
936116
934360
982160
947660
934784
948256
934088
960192
935444
953192
964088
938652
948788
934124
933908
933928
934428
934120
933568
933616
934412
933432
933048
949072
972732
935080
934200
934240
960416
936180
960908
950680
938080
934976
934280
982620
934796
933904
935304
956360
949804
933820
935828
983504
934504
934996
933752
930368
959116
975724
977740
979392
935268
948024
935596
946920
977816
932756
947064
933144
950364
928652
929536
931784
929136
934976
934192
983012
933972
962680
961320
938232
949924
978184
932108
929008
931608
931348
963792
936320
934264
952916
929284
929352
928892
929660
929224
973568
936540
935976
959544
935296
949004
948960
957952
936684
933868
1611592
1530336
997572
937280
929980
928780
930152
929488
929888
929540
930180
953972
931296
975468
941156
972480
974800
934740
933544
932636
929344
929476
929840
929452
1579632
1550724
1547212
1548896
1545240
961572
932700
934960
933932
933852
971988
941548
957548
958500
937356
933936
930876
947924
995088
930256
934848
933964
934592
951900
1526740
962604
955096
1018220
937224
1036336
1006440
959908
965844
1021684
949332
934468
934452
934576
936276
948416
934748
935120
953808
935748
935848
935668
930136
948228
960452
934360
960748
978112
939448
965656
952796
935860
934056
934108
974520
929888
930100
929476
929836
929908
929788
930024
929528
1091784
930948
929796
929888
953116
973752
946152
1011408
958156
930804
930004
932804
947324
933240
930368
930780
934316
933980
933580
930748
930180
930320
929792
930504
932692
967428
932208
1112568
953204
933408
930352
929044
983400
931916
939312
929828
929904
929316
930668
932868
932076
928944
934992
946948
931336
933484
965576
1013296
957352
940140
933792
929740
930964
997200
932020
929776
1052820
929856
929984
932540
930188
929468
933184
928896
929432
987556
946884
960708
947340
971972
946888
935180
930180
934708
934200
933448
933632
934156
929624
929940
933096
994616
934348
934040
930360
934108
992884
953960
957972
938296
1008716
938620
934204
934044
930248
934140
933940
934032
935332
930816
930636
948560
933068
933484
997148
953008
930508
930692
943412
948948
940052
947368
935976
946348
935176
932812
935720
934964
930712
934516
992492
932176
930800
930172
930364
930204
948844
933656
934552
1032216
930900
949280
951932
930884
930200
928992
930616
929612
1083092
929864
929708
929032
943212
929132
929692
929064
934248
930072
934352
930920
987408
954596
962468
951480
933652
930608
929944
930568
930344
948092
933076
933324
934420
930140
935080
948660
933632
934144
933448
930836
956680
963552
933596
976084
935288
930708
930732
934780
934360
942572
1021492
937696
933488
934404
930912
930208
930332
1543568
1485400
1624552
1642412
1034592
929600
969144
948100
929948
929892
933900
934460
932588
929952
933580
933324
1009948
947648
933984
929416
929300
929632
985176
931884
970704
957924
1539204
1564000
1548032
1552212
1555200
1590820
1355112
953596
943636
935712
932404
930104
935760
948516
934836
932004
973944
953168
934824
978636
954564
957784
956504
935596
937100
990816
990344
991080
931140
930544
929596
931432
930440
975000
934840
934556
952092
930460
929724
940248
962012
967184
944428
939760
932256
930308
969704
935132
931008
930136
934504
934104
934008
935296
935768
931604
931976
930332
932656
948612
999164
967080
942644
960404
931936
948544
930704
937644
934744
935832
934604
952124
930076
971232
933900
930248
930064
930812
929144
930312
929768
953392
958108
933732
950588
937284
931560
930284
930452
948368
933604
934080
976564
936800
930292
930600
932600
932108
929972
929644
932884
929916
971288
946216
938636
949300
933576
931336
947504
934904
932496
933624
929420
932708
937012
936152
936280
936168
933916
934236
980780
930784
929304
1109916
992584
962328
953892
931028
930796
929592
938648
932148
974828
947328
949516
933496
944368
934788
931584
934588
971936
969448
948588
931112
968408
936332
943044
988128
934728
934120
933996
944524
934576
934072
972456
948344
934376
933812
933568
947632
933380
933616
1016764
971500
934052
968284
937608
950208
941504
930616
930320
934424
934808
934500
930248
929492
934812
1048584
944628
934568
936320
934072
934068
934836
949308
963492
963408
979716
966600
948296
934232
933204
930764
949476
934924
971012
937044
934828
930692
935636
934492
934352
950712
952916
930828
936000
962848
945592
957160
951424
938024
933188
930352
930356
929328
929984
929084
929740
929460
933128
930072
934580
974644
976080
935804
932348
988476
981600
949492
961720
938328
937520
990392
929600
929356
969360
932676
930748
932348
933432
933616
948460
969240
937736
948144
933840
933536
959472
942508
954916
963772
932120
931228
932292
932696
930596
930052
930804
930004
931472
930524
930308
929560
930656
930720
930196
931536
930624
966744
931404
947732
943544
930900
929972
929740
997884
929472
929480
962424
934612
933344
949444
931260
930952
930380
934892
933520
934092
949336
973820
935096
995284
951496
931412
949008
947940
934620
935020
933776
933836
949868
932256
948808
933752
945744
930216
931244
934768
934800
976256
970628
939604
958220
933872
975976
935260
934512
931708
934236
937076
948848
943668
935072
949472
949448
934724
935064
934848
977876
935456
978084
965868
954404
966988
934604
935812
936000
949104
949220
934196
932792
934908
936388
 
948536
935688
933484
932200
948200
934784
933796
948788
972404
939936
958196
998664
976004
948560
934848
934772
932756
948168
933768
948904
934764
978052
949328
973724
944504
935644
980980
935320
933516
963856
952192
950116
950552
974424
932964
934628
1008568
934200
934460
945220
935560
933444
936468
932336
949548
947796
974112
934220
935808
944384
962648
968068
963332
980764
934672
934316
947992
934068
930828
930836
929516
950096
934220
934240
934044
1080460
931156
931008
935296
938852
965452
930148
950684
951884
937308
1217924
1517536
1307620
1042528
946264
938180
934176
945680
947228
934832
948104
951040
931840
935332
934732
963624
968000
939060
1046960
933088
930812
930372
930608
933240
936024
931808
950652
958404
936952
960988
934964
968128
932484
934292
948720
986016
960416
933716
954840
953320
934844
931048
931660
935244
938740
936368
936404
935596
935172
950088
933824
937388
930564
931792
948876
935576
934364
955488
934112
947780
944964
933356
932972
948092
929756
935396
934696
934956
934616
935204
934824
932836
948864
932920
977248
949880
934384
944176
957792
945712
973816
934520
934732
948980
953468
930712
930656
931400
934760
952708
974468
934120
931192
930840
930744
938908
934540
935296
968576
967672
935612
955224
935064
991352
932928
948920
980528
946188
934812
948156
934236
942836
965628
930596
930636
945772
948476
934064
930428
954720
954472
955820
1013888
933744
949632
946148
931240
935028
934584
934428
937324
934256
934540
935684
947160
935704
931604
935552
934204
934168
1001424
933680
955256
950820
934160
944700
935380
950140
934140
949268
932176
976580
935220
948556
948720
932328
935148
934400
934540
934068
935332
953372
935200
970448
951988
936136
935420
935072
932360
1096700
946416
935160
974752
948512
935084
951736
933268
934708
936372
934636
934892
942980
957520
934332
996900
934868
931948
935384
934696
983576
934804
948432
933884
934888
936544
968908
973752
934004
929824
937596
936752
935612
961256
950760
948916
951804
936380
951212
950956
934464
997536
931356
949172
978668
933644
972984
934884
935108
934924
935708
977580
934116
934256
950788
985816
942748
951720
934708
976656
938172
934056
933320
929992
976372
930868
931168
934496
935040
934064
932988
930364
937628
948616
933940
972104
929656
954036
950232
936652
934888
932560
929668
935908
934536
955416
976028
930688
934824
935692
933516
934672
934372
934848
932972
990524
951772
931944
950664
931076
928944
930540
928896
930928
965368
1329796
1673712
1619412
1129436
991104
932056
978404
930684
948808
932572
930616
956576
954140
940152
984736
944492
929884
931996
930332
931988
930572
948512
929796
931172
930388
931456
929296
930400
929696
973872
934340
935436
962688
941448
963500
947032
934608
934708
984676
934884
935660
935504
929476
980100
944952
1002860
935224
930096
929736
930400
929612
930316
965872
958812
938688
951732
938772
930484
933112
935352
934468
991036
930140
937336
974240
935252
934048
930956
936156
934352
949872
948168
948280
959116
942780
960940
950168
936752
933460
935360
929568
930488
934428
931212
934848
935008
1001864
945728
934540
999060
934640
935380
933860
933668
980844
935356
952328
947260
933684
933596
948868
933580
944508
987816
935384
935164
934460
1007516
952152
1003180
935220
948220
934592
934800
940660
954608
928912
952152
940828
936112
936456
930524
935644
929476
936040
936556
936640
934300
945268
945420
949488
948092
934472
930028
957656
953028
980992
938480
958204
952488
938332
931684
932992
931528
948020
932232
934852
935280
934548
930692
945560
931140
930636
934952
934920
993788
1009516
955024
937612
951132
931392
937704
932548
934940
948120
930684
935032
934572
934616
948312
934676
930584
947212
930184
990616
934976
935436
966556
940800
947652
950188
930392
930948
929960
930728
929844
988704
933364
932476
944960
949100
934556
994012
934988
934948
931380
934544
934304
957248
945956
951232
957876
931772
934744
999804
930696
932528
934596
948364
995120
954692
948212
933680
930944
931104
930276
931156
929852
953196
948292
931192
965216
941276
935236
948220
934528
969420
935104
935948
934844
934380
957680
934716
934412
933696
953628
930828
930072
930272
954844
952372
943596
969420
947784
931524
934496
935888
940572
948408
953316
934696
934456
934812
949212
934628
935084
1519916
935596
935448
941440
961440
933904
950492
940808
933672
949628
945152
948156
929564
929848
932704
935740
946204
930884
946168
947740
933916
931000
934868
962524
954552
1003480
1125100
936792
1010004
936344
934620
934192
936212
938424
934584
932784
931980
948696
933936
934772
934664
930068
935644
933704
973132
948584
997740
964156
978696
934676
948464
933684
949576
934316
932220
948288
980376
954768
934572
933300
948384
934040
932168
948080
936072
982924
935436
983632
934048
931232
971064
933712
933240
930892
967628
933812
933624
933416
933700
947420
931492
930088
933300
932624
933188
944252
990100
933308
960224
933648
947808
932900
930436
944116
931184
928856
972800
947564
929240
929260
929356
929964
929688
929528
929572
929184
1026064
985864
932268
993728
935176
933568
958420
947804
933196
931348
929896
928912
934024
933076
976984
933568
1019932
929472
929132
943740
947252
969124
980376
949408
953344
934548
994300
929460
929276
928912
929636
929480
929316
978984
929380
928756
1107384
929568
928976
948696
928668
933164
954604
957868
937736
948912
931224
929436
930064
933392
933040
933680
933088
933132
930644
930408
929520
934012
935656
933884
933184
933328
965680
980060
931804
996328
944680
929672
931072
928948
973444
937408
933096
931540
933812
929480
947868
967444
934516
933284
933768
1005104
943972
962844
962984
935356
962852
989176
947956
933596
929560
930076
929824
930024
929484
934264
934268
931152
973364
947476
933688
933932
934244
930904
1001860
1004632
970448
950796
934668
935108
934440
966744
933920
933428
930040
934256
947492
974688
933388
942556
929072
947692
930456
934072
933884
961800
942400
957420
952896
1094948
931304
933900
934536
942000
985508
948568
934188
934232
933428
933340
975536
998652
952920
929476
929512
959648
985124
932936
959312
949136
934004
933020
933844
934072
970672
930048
929604
929832
929492
929592
929476
932144
934856
930692
931308
967560
970096
962788
937168
957536
935228
962424
949932
933516
969224
929240
933544
932660
930624
931220
949180
947136
934420
933692
979856
933596
944012
979636
969600
946272
955596
938496
933200
930692
936768
947780
933736
929832
929376
943880
934752
931408
929848
934168
942408
934456
933068
933568
980024
936660
947048
947448
944532
934088
935428
931376
928920
948092
933240
934208
980720
930388
929404
933880
932608
933768
932868
929900
930060
963980
936880
945972
939316
932492
933912
933612
929644
947596
968384
997776
929572
929380
933304
947532
932576
985932
942744
928648
928824
936044
1019820
936372
949712
938916
945584
947396
931160
929676
946996
933328
943892
929392
933892
946952
1090476
929716
930868
929736
930372
946852
966144
1006392
935040
959152
935532
933496
929352
929456
931044
934112
932580
979788
947472
933904
929512
929900
929744
929772
933292
 
933488
971396
973228
966344
943340
953108
935564
935664
1000724
948532
947312
933652
936696
932984
930520
949376
933508
933792
929988
949168
933780
934464
930612
961712
935288
1002176
947108
937536
936332
929880
932024
932808
963004
954216
971664
934088
934304
933104
934256
933380
933520
933200
934264
936052
969344
943248
945080
955080
981440
935596
934096
949088
933832
934076
955908
935688
933968
934656
933680
980548
933496
934724
933752
934680
997672
960228
940828
950788
951140
981812
935992
934460
935220
934440
934056
934252
933500
933996
932224
934572
964236
941792
937316
970660
973000
980644
959424
943640
930036
930656
930680
930220
963736
930792
966300
929828
929612
930240
929564
930012
929612
929680
929740
929732
951192
1025728
933620
945956
933652
929280
929664
929792
930032
930268
1122484
951608
929164
929568
929932
929668
929176
934156
933456
930232
933636
951680
952044
938688
974748
1098948
930440
930332
929152
929360
929180
930440
929572
930096
930148
974152
929200
931968
934428
937824
933980
934400
966580
1005584
949160
948156
932792
930744
933888
933824
930060
943232
934480
1060876
929972
935088
934356
934680
1047428
934284
948640
965712
943400
968776
936968
945948
952320
965268
965212
930660
929444
974356
935120
934520
933800
933828
930132
930372
973696
930216
943600
934992
933376
937092
961660
984980
976500
977548
944316
930560
981260
934084
934572
952144
944692
943348
930788
948268
934776
934692
1046836
930924
934192
933352
950364
962696
949300
966684
950560
933844
934648
934172
934220
935008
933060
936748
934612
935152
934112
968428
973336
934900
933984
932904
934668
959016
974188
934160
946224
935200
931016
935380
934028
931248
930248
939008
935360
932664
931364
935316
934472
978052
930180
930668
930552
935476
973288
991696
977924
993384
937468
936984
931236
930336
930436
930564
930620
945076
930828
948748
934216
932332
934192
934556
934332
935252
934188
974136
938036
941860
945076
933476
933436
929900
972320
929636
929756
929380
931768
930376
945024
930500
930300
930056
929952
929992
930668
945032
955732
932880
956668
954420
934720
930420
946324
930420
934680
934364
934808
935520
934308
982900
935272
934500
933592
934316
934416
931840
955580
958460
937136
949956
936252
937124
933016
933840
934636
933808
933336
949480
933712
934104
930080
934500
934324
978828
948508
934036
968880
956484
970472
937452
943308
951784
936548
947804
934772
934776
930608
934640
933960
937472
933744
947764
931992
934236
933544
934000
948564
933688
976868
1000388
951360
995972
938412
937428
930484
935108
933920
973024
931156
935336
934476
948000
933852
934760
934160
934172
1079392
931308
930304
972400
934876
940984
961836
938336
936832
933996
934068
932560
937664
933660
929856
930108
930488
929300
929312
930660
930880
929556
971200
947948
965132
935116
942352
940728
931536
960184
937620
935336
934736
934080
948324
935092
934004
949600
933980
980132
934308
930636
930088
929684
979720
962344
949032
950824
938380
937756
934944
971184
950632
961244
948572
933856
1022268
935656
949220
934568
934860
934856
934420
935140
947884
985404
994232
955744
950124
948748
937136
937272
972096
934648
949164
934752
935268
934888
934548
979360
934572
935576
949340
934064
934612
937800
969292
941404
949724
941208
938544
974568
934760
934208
934192
934432
934404
933764
976468
951356
935092
935096
934192
936444
948152
949436
959148
964248
991800
976316
952908
937260
933836
934088
982268
937376
987780
934832
947768
933172
935720
930864
948428
973840
933696
934068
933424
959516
979024
985160
969048
931540
937516
936712
934760
931492
935468
934644
933984
934424
933728
934276
935508
949012
948120
950264
929556
933540
974908
987880
953280
946840
937436
936720
933572
948564
948984
948648
934580
933648
933816
948520
978792
949672
934812
947652
934268
933684
946392
978328
938236
966412
937664
931168
936208
934020
983172
948364
933796
934408
933344
933964
933300
934016
932680
934732
933068
935520
933904
959016
966844
984488
955800
937092
936380
934520
934292
933540
934900
930716
1429936
1008704
935788
994100
934708
934284
930012
930268
929036
930360
964912
975916
938140
955640
940272
950892
934036
982376
934456
934256
933756
933492
930028
930868
929800
965400
929952
930224
930808
966616
930656
949268
948940
980468
990508
935236
934500
943000
930488
929744
929952
929908
930020
929800
930012
928924
929696
929212
949412
951292
930632
969420
964144
1000104
947156
945448
930332
930444
930192
929736
929884
929948
934884
952756
954072
969688
935108
948588
951692
935196
934832
934064
969256
979308
955916
944452
981808
932272
930408
936208
933768
929872
940476
936164
935360
934284
958204
1005212
1668988
1749508
1084680
950440
1678052
1735244
970764
944228
973280
938612
928628
947964
936448
964616
932780
933068
985024
992880
929000
929516
932500
937452
933288
945520
933620
933436
968220
958680
945684
948060
938656
930436
950716
929308
929748
933624
956168
953876
935060
934008
934248
934432
934140
929608
929936
934168
934392
971232
947080
953804
948236
935536
934312
948944
933032
980440
1003048
930580
929996
934676
933872
948944
974172
930380
929332
930108
950616
936116
968748
979308
949116
931612
933740
935024
978184
948476
933636
930896
954924
974400
934168
934308
934040
933984
985136
930116
933664
933960
965048
969092
932724
964968
935068
935288
948044
933256
934308
934344
929348
931780
930268
934120
933156
933604
929968
933684
931500
933868
933412
960696
962520
943500
970132
932364
944412
933740
931472
941844
934536
930020
934148
948240
978856
934312
934848
933232
948220
977332
983040
933732
1000676
954700
941484
956980
932968
952696
936728
949296
975100
946288
930028
948552
934812
944248
932196
970464
947020
929916
929792
934240
931800
990236
936820
957644
952248
935588
931748
933544
930420
930116
948004
934520
933808
934912
931280
935364
931820
931040
974228
931556
930012
939024
970852
979996
950276
931084
930920
934028
934032
933688
944024
929588
944936
934772
935664
935028
930288
948024
937004
934912
934344
948388
958336
972596
933672
953012
932464
934652
1038324
945160
934592
935032
947980
948624
933920
934192
947756
930536
935480
934280
980996
931264
943776
956964
1021024
941396
951932
935896
995548
930716
935500
944304
934884
948908
978236
930960
934016
1003084
949260
948340
933864
983392
934780
934516
967204
936448
964288
958388
933840
934336
934876
950632
934776
933836
949316
999332
1256156
1586072
1585208
1645848
1587504
1588584
1572488
1565472
1586960
965616
932124
950132
930712
934688
934528
934548
930340
934096
933948
980704
931432
948280
933408
994540
933892
949544
994456
935680
934564
972888
968392
1576100
975344
1708888
1570208
1017240
1057756
938136
934704
946160
933492
971048
934468
934512
930504
934304
931336
930912
933948
954908
983124
945676
957840
954780
939896
934360
969064
1009200
932648
929852
944540
948524
955820
948432
935468
934392
949844
934468
950804
929924
930416
955576
932860
945004
948336
930452
1124676
930944
930004
952028
948096
944640
934336
940520
934880
934628
934084
931160
934940
934728
977896
944100
958252
935024
 
944504
931676
930008
961300
930296
930344
931676
934820
936124
930472
969156
934484
933860
934188
934520
934072
934052
984532
957644
959160
951172
958560
934548
935104
933168
931400
1040852
931000
929084
930748
929240
930128
928588
974304
934736
934256
944364
934676
934088
961364
955564
940372
958248
935764
975380
949668
935788
954160
949532
937552
938196
979040
935408
934328
934240
934160
934152
934016
972988
934220
961384
938660
958644
955848
935232
935268
930160
930484
975056
932040
930348
931688
934188
934184
948264
935432
933848
934544
969748
935336
935400
977280
937228
962004
992492
934444
934892
933084
934032
933268
975464
929936
935840
933616
934652
963764
934612
933296
970508
933624
934428
959280
962656
933720
950208
935288
935420
935080
934592
934692
934564
935540
933904
933976
934480
930572
931140
930408
968688
948632
933636
937284
960500
962504
937936
966208
949172
934104
933704
930200
933636
934168
973448
934220
934940
943664
948160
935200
947688
934136
933716
933788
934556
955972
948604
951544
965744
934584
948164
933732
934256
933956
933984
933936
948528
934280
947696
933824
977812
934276
934156
939680
944388
929336
990432
934644
943536
948196
934376
934404
934368
954752
999496
930632
929548
929976
929888
931072
930244
930084
929588
930808
965936
945260
974844
969520
933380
962272
999868
937872
936240
933812
930756
932772
932540
930368
929920
943468
930268
934588
931200
930716
930988
930452
930648
956120
981848
948352
947800
982248
940840
949180
930856
930364
934960
934068
990888
934368
930688
929876
930272
966268
950608
935780
933932
985276
936476
944620
946056
949652
933400
934236
930320
934080
933456
934032
934192
933124
933572
933580
933620
930692
929776
930392
1029196
950248
959576
930476
958536
951828
935864
929528
929444
929176
929164
933420
932932
929000
928944
931572
931304
928804
928908
930060
971344
933772
950144
963252
950544
968680
947008
930600
977652
934304
934316
933504
931968
930008
934092
933852
930556
933748
934468
930384
934804
977896
934424
968496
955172
955388
951996
935912
933676
947108
933336
974464
931820
930932
929484
933560
933416
933604
933460
945256
947944
933876
942904
930932
1007632
936724
948040
951396
946928
948336
934232
949276
981020
947508
933152
933812
947736
951548
981712
929788
929440
931868
929056
936328
979312
961184
936576
962528
938492
948124
933580
929896
930272
929876
933692
1021676
933928
949268
947804
933740
933104
947528
947836
933680
947348
990092
931580
946200
942600
933276
933000
934456
933812
933288
931316
930568
929880
929620
936732
934016
934176
978536
934072
929544
934464
934428
966120
934600
946652
949164
1125944
932872
929672
948168
930816
930040
929852
930220
936512
934504
934036
975044
934080
933104
937516
938008
933764
970620
935200
965424
1640584
1573860
1565716
945180
931584
948624
949120
930244
934320
933240
930260
932568
948404
942328
948340
947908
934036
982700
996652
945524
992316
1540012
974288
937212
935320
934704
934420
931428
949924
934736
1004256
930644
934648
948712
973028
975832
933012
948712
1002664
964684
957628
991256
935436
938468
933208
934196
934228
979020
933724
929744
928900
969112
934976
933876
933340
933064
932988
933092
934084
964160
936288
982824
963712
935080
933852
934048
933492
933460
929572
932804
934240
947640
929328
933852
948096
929988
934332
936192
933124
934516
974968
935260
947372
976828
935216
933960
933864
1101100
930608
929956
930568
929416
932820
929960
929716
934896
933988
933808
934512
933764
952800
1016196
931692
963864
931260
929028
929268
928976
951112
947652
930408
929412
975672
928828
929344
929016
934704
933592
930668
929136
929552
989628
958520
932512
952184
934832
933952
934120
932708
934104
933012
934100
934160
962152
929120
930548
929876
929996
929040
930540
928892
930504
1002772
934704
951028
947060
929868
929508
929924
929256
1621152
933976
948008
933788
934080
947636
934200
933528
948576
1263536
1575244
1504632
1556696
1579560
1583564
1569712
1568304
961480
939560
934548
1006176
929944
929712
949308
933412
933864
934420
933588
933616
933944
934264
933948
973300
981720
949268
955336
999368
934040
948416
934112
980364
933784
933644
933232
934488
933100
930172
930004
947928
933376
933604
933308
933772
934124
975612
979340
961544
950160
937272
934444
930092
930372
934688
934216
979220
934220
934148
952252
936264
934732
934536
934024
937736
933588
937884
968012
931340
939364
934196
949296
934008
931024
934192
934744
936156
956084
929744
934400
946972
934180
934620
934348
934896
931976
974632
966352
970688
935788
955536
939476
950276
934536
934284
937644
930196
934152
937324
933832
931176
929740
930212
938120
974664
933724
934840
934144
958160
1610972
1567676
1621452
1576352
1010844
962284
934068
935528
932916
947880
934104
934856
934760
934300
933320
934524
932904
936340
947672
948544
980340
960712
982632
945144
932768
1539148
962676
932528
934516
931000
971448
929888
930836
931248
930608
934252
947692
930780
934044
934072
966940
1027272
934376
960364
936068
950912
933896
933792
948168
1032076
933820
1001324
929728
932656
931768
969804
933832
934128
933460
934396
933664
1000488
965360
935408
945564
933940
951660
929884
930160
1141256
930816
934340
934024
947668
932208
934004
948064
934304
934532
983840
935104
930620
960240
1035256
950084
946612
933908
937296
947840
930148
947464
933684
992816
929580
928972
930076
934460
930816
929468
954156
929468
930348
929548
969820
932760
941700
947592
931096
951172
931352
930564
929620
934096
933888
975988
947848
933428
933028
930720
929784
949600
929492
934724
936648
971168
936452
946636
939600
930312
929916
948824
933368
932892
929328
930220
935220
934256
933180
1545600
1626548
1621016
933696
935272
933696
992888
937468
942364
965292
934368
975036
933356
933772
929780
933748
934816
933960
933252
934004
934596
933728
1580780
1925720
1522608
1579732
963276
1243680
944152
972496
940616
935036
1019284
933324
1009196
937424
930068
930104
967456
929696
934324
969368
964824
936748
930580
947196
935708
976328
972700
971888
978100
939364
935188
934468
934404
943724
935124
931652
947800
934376
948160
934744
932196
949876
934820
948140
934068
930000
974320
979820
938600
955508
934248
951760
934492
973352
933828
936448
937404
934192
933348
980616
948336
935804
936280
934728
934772
934728
948024
966292
948868
973284
959252
937740
938056
934848
935188
931704
930376
931672
936868
949072
935276
933544
948404
975504
988788
932184
948000
929932
970804
936888
989136
1594956
1000548
934628
974732
933840
935200
930264
934700
947864
933744
933004
940632
1306776
942300
1563932
1566976
1567936
1606212
991524
958580
972736
973908
938260
1079972
933400
980992
1610888
943092
940908
934784
934720
945968
932536
956712
932372
983204
944408
984888
933396
946756
934044
951660
934652
933700
934008
934752
930840
977600
931220
930300
934068
934064
933568
934344
931400
930516
934132
960220
1031844
950460
967360
938536
933108
931924
929692
930040
934868
995520
931196
930492
930964
948556
944552
934268
932124
986624
934304
933608
952744
961556
954160
945112
1008488
932240
929684
929760
932348
929672
 
989964
930028
929276
930192
930528
928832
929788
929360
934548
933160
932108
957404
943768
954944
946764
937660
945876
988156
933312
930776
930940
947188
952172
930008
948460
933900
933612
947444
933332
929804
943148
947656
966344
936292
944584
945980
931952
933036
929168
930412
932268
934372
930224
934288
933488
933608
933536
933156
933712
930192
929328
1001676
979308
963312
936860
964788
934520
994392
948428
933108
933800
932600
929820
929260
929716
933860
970760
949880
937444
946892
933488
933504
933312
969916
948576
943540
976400
938180
948672
933548
933832
935636
931912
934296
933316
954604
934744
933944
1003072
972832
968840
934228
933832
933776
981244
936036
948324
954920
932632
930660
934292
934920
934804
943376
931008
933852
933812
933456
934244
933488
933428
933696
931844
934412
953948
960724
930204
970108
946756
982356
933976
947356
933628
931492
929716
933636
933980
995520
948000
933900
933216
934404
931160
933820
933948
945280
960308
953704
970392
935268
930052
930928
934684
934020
933596
975820
948004
930704
948600
934048
930600
933668
953880
929792
934128
934232
1011956
960940
933428
971840
934488
930748
934460
934296
933784
943804
930100
948672
947004
1568628
1564324
1607012
1487076
930124
934812
1582020
945248
990904
933864
995360
951012
933128
948064
934132
931932
947564
933344
929716
933532
933508
933948
933864
981976
969336
934096
933744
1592528
1548076
1676228
1556768
1570552
1004688
936856
935116
939532
976744
934504
934056
933936
949172
934560
933656
947412
934252
934224
933960
947500
933956
953776
987792
950600
968228
937344
935416
933980
934620
933620
930348
943992
948288
947416
934824
934252
949128
934940
934328
933452
934628
933696
964580
957680
950052
983060
936288
948780
933296
933480
933216
948532
933488
934204
932476
933456
947012
930328
929512
930808
929060
930004
935992
971212
935792
947500
950576
933968
930852
935116
976760
934000
932360
933612
933492
935616
935612
934576
949060
950440
935140
933852
934924
940708
968656
935180
966988
935964
979488
934772
936392
935508
934428
933744
933536
954272
934484
934416
933552
934464
933244
934004
933756
956460
968640
1311632
1643420
1028360
990652
989632
929312
933296
934716
931064
967084
934212
999636
933880
953224
934412
933984
944048
933584
933140
948112
971660
936500
995092
950328
934824
933996
933928
933972
934184
968068
934920
935664
931312
947144
943608
943140
930660
929312
933088
964704
938564
983176
983140
950780
944004
945364
934160
930636
934132
944032
931784
934164
948576
929692
949016
930304
931340
945580
934744
931016
934732
957944
975152
930580
997604
949324
933668
934620
929452
930236
928904
935136
933976
944640
941256
934820
947404
933276
977776
931348
967600
931176
960504
973712
985696
976552
931108
933200
936260
940912
933852
932860
932548
970556
936024
929256
929420
931664
947132
933496
947792
931624
930436
956744
959308
959296
948596
934676
974600
955740
928976
948104
929944
931240
954460
929832
929360
930216
931612
929452
958260
935084
933264
933624
971676
988436
959420
946664
933180
932232
930076
929856
967024
943536
929620
932148
947580
931812
930404
938076
947192
930704
934000
933556
958780
998612
952484
991524
931452
933656
933620
973808
934084
933772
933812
934068
934344
937044
937488
934176
973860
947596
957080
936916
935728
1013888
969180
930776
964444
976876
933464
934564
930396
948116
933488
934096
1544636
1066160
1492172
945720
942260
931348
933552
931368
930276
974220
940588
954348
996236
955296
935032
929408
930728
934244
934500
946372
933676
932508
930532
946900
933988
933016
933992
932704
933616
947056
973712
931500
949724
968276
935104
947204
947968
933080
934552
979628
930340
929240
930372
947252
933640
948812
933720
930944
931668
948208
939332
959216
931760
1023160
940112
932136
933900
933912
948064
933732
933524
933952
932888
933980
950044
929928
931992
931752
934180
933564
933920
960484
960716
948380
976280
932392
980384
947852
933320
934300
934504
951124
1003336
931176
935260
935344
930412
948420
945280
934232
948424
948592
986164
953056
936836
953232
934468
932768
948524
934032
935036
944588
930416
929388
930048
930160
929556
946204
931528
935300
934700
944304
963344
977780
974280
966732
935008
934764
948048
934668
931340
934496
930536
930412
935268
933712
931824
948176
934064
931324
929708
966068
934520
979316
981008
948780
947248
935420
930680
930408
930764
930764
934644
948892
934088
933556
934392
930152
931096
934372
933600
929808
931032
929996
958576
929424
943492
946004
932060
930340
950888
929684
930244
929788
931628
935944
934384
933232
930236
930324
1004328
931072
930144
930424
929724
961128
936856
954996
941800
944180
930112
982040
929912
929804
929864
930244
929952
929912
929528
929684
928748
930400
929516
944868
930140
1567608
1683144
1564992
1266756
985136
934612
930224
930060
930896
930880
929900
929440
950156
929932
948796
934340
935392
934068
980828
933472
946152
979580
945808
960768
998104
949808
1590792
1042308
1021120
932984
935076
934424
967536
937204
950576
934668
935936
947728
934888
936076
1000820
938552
1031400
931848
950792
935852
937192
934312
934356
934508
948192
933488
933488
947372
934120
936060
936344
934112
930028
929448
932808
929684
953476
994324
952592
963248
932816
930552
931724
949056
933440
934220
929004
934852
935108
937196
929032
930928
934244
935300
933264
930156
947156
956360
1004780
951124
952836
932176
932748
930804
930044
934012
937000
931580
936656
935808
948912
933664
982440
936332
934148
930196
930404
944936
956224
953872
945860
959384
948088
932868
933228
932724
933240
932500
934580
932308
933944
932028
1108540
928604
929712
927832
929108
932420
1008320
966856
932308
953596
934692
934392
947264
933032
933552
933420
932872
942780
935132
973976
933016
933192
935560
1014496
945680
1354292
1548084
1622052
1129632
999600
1591520
1445228
936084
929544
954788
947516
933252
933136
933304
929372
929024
929616
929072
929784
928888
929168
928816
928936
986096
959800
937896
951336
932008
950948
935876
933728
933832
972324
934892
947908
940524
933492
933856
933240
948536
930508
929672
932940
933172
1000420
946820
948288
954072
943168
951844
933588
934136
932952
978932
934300
930728
933412
933744
933476
950324
937332
976412
933820
932852
991964
969464
934896
943744
947320
932536
977900
933876
933676
932740
934492
932480
949040
975924
934484
946668
968160
947180
933448
933424
947556
933396
982944
993388
970404
947996
933660
933240
933752
981992
935036
947772
932928
950936
933412
933900
933152
933412
954740
948080
933336
933764
949908
951956
973584
960004
929348
929852
935880
930012
937644
933228
933236
933788
934736
933296
933212
933336
932684
933452
933140
933936
933004
972208
962444
933588
990352
954520
936364
947472
934400
943104
929696
972256
930944
930076
934072
975244
933444
932828
932800
970876
930520
930108
975424
962272
944576
946492
932916
930112
929152
930892
934592
966728
936268
930388
936224
933604
943148
933516
933108
929408
933036
933516
987956
970880
948968
955952
939380
934356
933496
979804
933668
956472
930180
947592
933884
933104
934220
933528
 
933660
933152
933732
1085396
931032
1002956
955100
933288
952120
935452
929844
944076
929908
929904
933564
933492
977400
933648
933568
967728
929628
929220
933060
934652
998356
934416
985772
935656
957868
948888
948720
934236
933944
933952
937228
929696
936548
933608
950660
933216
936340
934304
935652
933168
931628
933528
936212
992096
939368
949424
938108
930980
936520
934804
934132
933540
931132
933580
930280
933948
933900
947552
933412
954896
930996
934100
930560
977760
965732
939808
950044
931628
934408
934340
995136
933916
933864
931736
1588556
960748
954472
942052
949004
933820
936288
934600
935820
935056
985492
940120
981176
967444
949308
949044
947844
934116
934324
943052
929764
949676
948140
935000
947804
933556
934372
947936
934856
933772
939484
967296
952544
967828
938256
935260
935396
933548
933728
933180
933628
981160
933640
933664
948244
936368
934292
934808
930036
934388
933452
958168
967484
933820
959796
934432
936180
955200
936608
948788
948620
934240
948832
930660
929968
930116
948212
977620
934300
934208
934052
947920
971372
967072
955780
955464
931372
930088
948156
933508
934100
944552
934480
934044
934908
934176
934020
929644
930556
929784
936860
933792
935600
989364
946960
950436
989420
935388
933440
963360
930660
930308
929984
930876
943348
930128
930492
930820
929776
930012
933972
1013172
934432
947124
1003760
949184
950588
937880
947996
944396
934468
934356
935020
1071460
1035240
1351640
941504
961768
969720
951172
935104
930840
934392
934304
978408
990164
956396
953712
938436
934872
934364
930968
943592
934048
948072
944864
934044
934424
944028
934776
931736
934376
948148
951668
934920
1012040
942396
950528
952136
934632
930972
932232
931352
935576
947800
993484
934488
934628
944336
950520
930744
935068
933772
984528
933924
934168
1001460
936032
945236
951176
1003660
934264
930164
930240
930008
936724
944032
948252
934416
933936
932572
943276
946932
947632
934780
934044
976932
968640
942324
1022096
951552
933024
934712
930364
932036
933316
995440
953632
937736
931944
930536
934080
997332
933676
933960
933568
929712
975788
964288
948152
948516
934168
935064
996340
933948
948264
993844
934332
929724
930100
933844
930160
944280
965532
947652
933204
995504
934332
976712
938004
953708
950504
930208
1010196
933552
934024
933824
933660
933488
930640
929668
988580
930204
930032
929308
933900
987304
934108
929964
962076
943380
954272
944636
931464
930252
931080
944296
934432
942728
947504
930852
934240
968012
929972
943484
974644
934288
931484
929792
937732
963100
931876
1022432
935504
934380
943308
931064
947580
934244
933968
931256
933664
934456
930164
930592
934160
933996
979840
934832
930484
969364
966764
931104
965408
935400
951876
932088
930628
967676
930160
929372
936140
935472
934432
934932
934580
934588
948544
947900
979664
935060
1040816
934724
1019416
949364
948404
931548
934012
948216
940608
934620
929856
933972
942828
948420
929028
930632
929664
934856
965944
933684
940016
983648
947092
962408
939732
943800
932404
947752
957216
934156
933052
967540
934328
935792
935640
987108
933548
934080
931364
929584
931504
943200
969088
976316
950152
935256
937948
934460
952276
947904
948144
930528
971700
933404
931428
948396
947664
930112
933676
1000948
936192
933972
955224
940260
956792
952776
947544
977816
947456
933944
933952
954912
981408
933768
934824
962000
934184
932516
932740
932964
932800
978624
966176
977468
934344
949568
929932
929472
974484
930420
928960
929052
930364
929484
935040
975168
948188
947444
1164404
1027380
992524
929808
933428
980228
969664
1012768
960584
934664
929916
928688
929872
928636
933904
932720
1223396
999412
930180
932340
935088
933124
934412
943020
929768
929992
969400
946092
1023816
954932
929684
988496
933968
935168
933980
930364
929508
929464
984964
930312
929416
944040
934228
931880
943576
947824
930856
1077488
934160
963320
971752
937172
934276
933132
942872
933448
930452
986028
943488
947976
934636
934020
929716
947288
934396
942532
929772
933596
979968
935192
960088
1003220
931448
943776
947240
930124
947960
933652
932728
948132
942436
929712
929552
947004
993680
931576
986436
933808
954324
980500
938320
1020064
940164
949000
935168
948244
948160
933972
947704
933856
933312
929832
929816
930356
929748
990656
929756
930648
986088
979508
1052696
932884
985256
932420
943660
942336
931288
943640
931944
1102972
933852
943792
936536
930412
943844
929904
944080
930128
1606500
952024
971712
935876
993704
975876
935632
949424
960436
974432
938520
951152
935264
934632
948608
934380
991136
949008
936668
930080
933288
949460
944952
978764
968240
947056
930028
929960
982220
936080
936120
935916
954052
930580
936904
933964
934564
933792
932468
929860
929988
929556
1042616
954856
935788
1031344
955324
931364
934664
934528
933452
991144
938352
930692
930716
930284
929268
950432
932836
953904
950388
1000768
934452
970420
935044
950676
949492
949576
934560
934016
934180
933356
950168
929444
946324
929332
934696
933664
933912
929412
930528
929564
930556
929944
953180
931504
946860
941116
932548
935228
930160
967420
930380
947064
934368
933416
941488
947320
952252
949060
934896
992768
934652
933904
957752
951268
933988
949640
1006764
934760
929516
933100
942776
931796
928672
930500
951508
933124
936964
948772
946088
934648
961640
949032
934884
967204
933680
948144
945524
931428
930172
930104
930292
930596
929944
929768
950624
952760
929752
932512
930704
930248
930064
930484
931208
938384
951048
931032
953996
930028
997780
930052
930896
934880
934684
931028
952784
929244
930512
993452
931288
930208
931240
929824
931608
930328
961008
950652
928136
953244
929988
991964
930976
929736
930268
930488
932260
993176
944332
930396
930976
935168
991320
934656
934300
952636
930832
955840
954152
935736
973776
932028
930524
929900
934992
933772
998344
948260
933876
935060
949112
933884
948232
933508
934512
932876
932280
934708
952684
942768
958992
1568072
952252
993264
931780
935088
934768
931416
935568
935472
935552
935288
931520
993192
947820
933320
934244
930820
940292
958996
931400
950700
939316
934504
1002924
949408
955460
931260
1555452
950200
963776
931100
936184
935148
935276
935688
935372
935628
936304
966644
959604
939764
1020748
935524
929788
929488
930856
931792
948520
951032
950724
934368
930420
931876
930364
929424
948448
944068
934400
931556
963852
942068
955648
953140
946796
937964
934332
932376
932964
931052
931704
949372
932832
931312
944188
991892
936964
936580
951260
933120
937604
951820
931460
946624
939820
936996
935020
936124
935272
934720
934404
929736
947988
930956
995028
932516
930100
930908
929788
933204
932932
951736
957156
961352
962628
937608
974468
935704
950000
931980
948376
934724
931216
931728
931692
948284
935688
935312
931908
935024
1010164
945672
957552
935924
974336
952292
937564
937312
1241148
943804
959256
948640
934132
934532
934264
936260
933908
954584
933392
947880
934036
935044
933924
962624
970016
968520
966404
938120
937460
935836
934224
985688
934004
944192
929624
930708
930376
936800
933876
935880
933548
934584
933940
974784
953980
 
936104
948332
938892
938440
935920
934288
947624
934220
933908
933884
934424
933772
930036
930104
929732
936380
934136
935764
933604
957180
956976
931936
961188
934968
936344
951388
935944
948484
978620
935456
949024
931228
934380
948364
983940
934264
934712
934792
936492
935076
955208
953824
954276
956692
936544
949104
934032
934336
950716
934520
930592
948308
947828
949424
934724
948432
943340
936648
949192
935452
947916
969356
939428
961796
959244
935068
935180
934404
935008
948380
934916
934280
935392
953356
963264
931080
930156
935064
936708
934832
935032
935356
980920
931404
960608
951688
936960
948076
974552
947908
934932
934528
930832
949132
944200
930232
944272
931292
931544
930376
930892
938768
936988
961332
934764
963696
942872
935572
934992
933764
932216
1702304
1560924
938088
936284
934276
933656
933816
982044
948360
934548
949620
935196
1024976
987716
980856
964228
935596
934380
948332
958224
933916
936180
938524
954652
935992
934760
935028
935240
930828
955080
935500
933864
934628
970244
934188
956032
962980
948064
935440
935396
936292
934984
948984
934116
950488
966872
938464
934932
934880
934252
935436
949452
952984
952848
979224
933824
966708
935616
940072
935264
947944
936472
952860
934816
935500
943400
930332
930512
929816
930260
937544
935020
933512
935356
959856
959928
935100
956224
931528
935108
937920
934496
949024
933708
935520
934132
980316
934916
952228
930104
930816
930040
930112
929908
930504
957248
1027912
974236
956492
930956
935448
948632
933836
935076
933576
992456
931352
931312
934368
949272
932572
931140
934396
935696
933908
935356
961036
931016
955832
965572
946216
1807596
1039904
936956
938716
935092
951368
933892
935680
934956
935368
929952
936464
934200
937044
934992
949496
1019848
932752
955680
937152
935580
946132
935512
979452
935212
930816
931264
930720
933348
935712
989368
935524
948212
934520
948840
934460
998796
955652
927704
960272
948592
934124
933796
1102636
931444
1001236
934548
934036
933900
934516
930696
956536
934832
934704
938188
932184
929920
985356
971236
956800
966920
933076
980656
930896
934516
933672
930216
930276
950740
963524
930236
931308
929960
934200
934736
989952
948980
948568
989496
933024
970612
947456
948732
933928
935028
934356
931908
934640
948820
935252
946344
934156
934128
934148
935188
933848
934600
935316
949004
970308
950352
948108
988644
950068
932920
932204
929316
930096
929544
975712
947980
948188
933236
934512
934068
934376
935016
931492
955056
936248
963148
937024
950292
940288
933776
934188
947960
934176
930124
951920
934308
936380
933328
933812
929284
930200
934584
931036
932364
930792
952096
978488
935436
969168
938356
934172
931236
930612
991544
1019112
932004
930652
930704
930216
932448
930984
930712
934556
935424
930780
935116
951156
959068
962888
978844
935772
978988
935516
935552
933356
934820
947872
950028
947976
935924
935796
936560
970688
937508
946696
950476
951952
965464
937200
965772
935528
937776
970956
937760
948748
935672
949868
936640
934740
990096
949088
937660
934312
953596
937268
952660
963268
1027252
1260012
1011628
964952
935924
931320
929248
930288
951472
948320
947820
971576
935856
935648
934724
934876
933488
932236
945532
948908
933520
959644
933296
949832
957844
934876
958608
980524
1012612
930424
931812
929904
931952
930052
966456
929748
946176
930392
931560
934476
977708
961796
964816
946892
944296
939312
935704
934932
935912
934396
935996
930900
932604
932860
957496
932700
937052
944328
980260
957192
935968
935164
973540
967244
942760
979192
1528760
1516544
1289120
1019772
935788
950100
949224
932144
1003600
937556
935556
994816
930560
931984
931052
932200
931160
963828
952928
977524
963480
932600
932304
935896
931304
935616
936148
935148
931900
931100
931388
930992
949480
931288
932060
932988
930948
932960
963548
931992
940404
949848
946828
931288
931592
933620
949660
934764
1000084
949020
935716
934688
935488
934780
931372
930812
931620
931360
930956
961432
934908
944220
943152
932080
932024
931008
974132
932648
931528
935428
954924
949564
933880
944412
939780
934440
950420
979704
935860
952700
963452
931772
984976
932260
998260
931936
930688
931052
930456
931780
930504
945828
945228
932244
949448
935516
934456
936408
934684
931832
966244
962672
939832
959592
936316
938000
950368
934836
931464
940152
931352
930680
931972
938124
933968
936004
935224
980112
937012
948992
932612
953308
976608
988548
962724
946448
949064
932492
945548
935656
948012
935820
944620
931996
931200
948304
931336
931572
949400
935380
932988
935372
969324
991580
955388
956528
936176
935216
934340
940184
936864
935284
935420
982064
936072
935068
934844
935880
935492
935008
935348
935248
969316
983340
935564
976176
938688
935464
935640
934656
932028
935412
936260
931192
931864
930724
931792
930304
931756
931532
931884
930836
932096
947796
997016
940652
1000184
939152
948896
931440
932004
935484
943500
949072
948960
949036
930472
930684
929992
968248
930032
930760
929644
932992
974996
939904
998952
950884
1016192
948940
949672
931324
950576
931192
936340
949568
951104
937768
935748
983272
950576
935292
931112
935340
941904
956188
935528
948824
939920
934972
936768
935104
1018080
930280
936336
936128
936320
934956
935688
934832
949604
934652
935152
935036
936392
959492
1007516
948044
955692
949620
938148
935204
935476
973056
932004
931364
930024
934104
931236
938144
936396
950816
936644
942192
977216
936184
963840
933112
950660
950180
944912
938916
934748
950612
936636
974852
938920
935132
935036
935188
934952
955128
968244
931348
932056
931504
937680
1000324
933140
953608
954076
935432
935544
935808
935364
935020
936568
936200
935172
935468
936580
935824
938768
935148
935468
935440
935256
957612
973708
934792
964540
937924
952816
935968
990640
932192
931504
932004
931732
931520
931184
932672
932580
948484
951648
936232
935900
949208
961472
977428
942696
974856
937800
984048
950480
937372
980376
936208
950524
935668
949852
934676
935112
937720
935376
935388
949976
935644
935900
985124
958144
939552
958896
939456
934636
949900
934944
935764
937128
932684
931992
931672
931488
930248
930980
991920
993632
991520
990560
932088
970404
950856
960820
958508
934860
948096
932932
931840
931424
944800
932588
931000
946696
931872
946424
931548
945372
932140
931196
946164
930940
958120
931092
946016
993168
933588
931420
931492
931936
932820
933680
931160
933052
931052
932488
952368
945748
936040
936892
950004
937212
963072
958068
936984
1065720
938212
931960
935520
936272
983624
936596
934772
935764
931996
932312
931932
932436
931672
947956
931252
951424
936924
977432
942952
1062168
949108
937636
932744
937860
960524
946352
936428
939244
940752
937456
935784
937652
934864
936920
949392
986840
943660
962776
936712
956384
941732
938104
937080
937428
934544
933400
939184
933480
931520
933588
939156
950928
935592
980456
936724
935384
933456
960520
966592
939712
1023468
937608
935992
936824
932268
935804
938144
936556
935684
983528
937504
957796
933456
937216
937092
936860
937116
934964
961924
933576
951060
946780
933636
936720
949164
 
985972
952412
945808
935124
937076
936328
988880
936952
935576
936020
936748
988160
932208
958476
957756
929736
948852
933212
934144
933160
1113440
934036
933704
931148
936792
936308
935860
944916
936896
936804
934640
952532
935596
935500
952172
952460
937524
1007528
1115920
932200
932184
958404
932128
940312
935768
935780
932644
932060
932580
932492
932860
934392
933288
933852
935492
972880
937528
959820
953608
1033724
932580
930796
947788
982676
937440
935116
935576
935364
932280
1046820
937032
935080
935972
935248
935892
954444
956056
931920
945136
951620
935776
932724
944856
932404
930764
936440
934792
998636
931560
932188
965788
934232
931424
931780
935488
935116
963508
975792
957248
948196
936584
931552
933772
933004
933336
1026068
956312
931444
934208
931936
934044
945904
938992
937092
934900
936948
937700
973260
1004952
955288
951788
932100
934960
931960
931176
932112
934412
932132
932264
931912
930752
950032
935780
938772
932848
947352
936528
935604
1033524
936304
950348
950080
954416
1002324
932056
931368
930904
931840
930384
992032
930904
931788
1149460
932248
931012
987320
935304
935800
943836
951984
936152
954848
1080972
937392
937580
936992
950824
937452
935692
934156
932060
934176
932312
938684
935380
935856
1008360
932836
932040
959712
934360
955648
955588
1006404
949888
934692
933076
931884
938388
935164
936516
953612
933852
931072
947900
935736
934956
934120
939172
952464
963356
935904
974408
936292
933548
937324
953916
931996
932972
932632
933612
932704
933716
935976
934132
932988
933348
933020
932200
932992
962156
953456
929052
956052
937504
943996
933844
934724
1103376
935620
933960
940528
934580
937020
1002344
933188
932040
940232
936128
949620
932420
952780
958492
940376
950216
937680
938756
1021656
931628
931636
933584
933608
930864
932260
992292
932304
934568
931420
945344
945520
932920
934460
955392
937388
962044
963800
939516
939788
932992
950452
935772
937460
937356
934652
932220
931620
934908
993984
932704
933092
931528
933140
934048
957300
934300
1014948
959052
935700
940288
935064
954588
950904
937636
933276
951144
936044
1002624
934200
933124
932140
934876
933516
933208
936472
956420
931708
959692
940448
930424
935304
934792
931528
934768
935240
1006608
938468
935032
935276
934064
933092
930968
946584
930328
932404
951032
960524
933296
950664
934572
933492
931748
947024
931052
930496
933272
941472
931684
934524
948832
976556
934888
935180
930952
949536
957452
973524
937748
949708
965584
934716
935288
1003768
930792
948272
930352
931028
931264
930624
931816
929940
932504
987180
935164
933772
934228
930284
955120
930412
944264
977076
950208
935148
1060320
931576
930552
930376
948980
930772
999884
930892
952664
1001500
965668
980048
936596
973596
935384
934868
991204
934788
934184
957464
930432
935368
930632
988156
929404
929996
930472
930352
929384
929760
966680
950036
957684
929608
959408
937412
935064
930584
943604
935616
934496
936216
934776
935204
929284
931064
931204
931580
929896
988644
931168
937500
958384
933156
944316
934520
931300
932232
930004
931404
930704
930344
987448
931200
929648
930896
930552
931056
929868
931844
929592
931324
949036
952532
934932
964856
1011704
947572
950120
935080
933132
936096
949840
935532
935972
931508
932228
931168
976772
949768
933036
932652
931904
981536
1003440
947552
957420
947820
975288
935696
964356
935052
988348
936412
935324
931536
934924
935112
932072
933528
948564
931580
934788
934108
1024636
951044
941324
958768
935876
935228
931612
950612
934012
934796
930504
931064
930152
930268
930196
930796
929968
966960
930256
931736
930124
952772
938312
954580
968156
935036
934576
938156
933852
935008
935228
934480
934336
938704
933996
949872
934912
934396
936016
935300
930888
949584
962888
988104
962392
950376
936400
934964
935388
948752
982388
931736
930432
930980
932144
930512
930264
937072
936292
934316
952476
932628
940392
963868
935436
950624
941544
931036
936544
949120
934920
983504
933804
931660
949592
935120
934128
934704
935120
983436
957092
949644
935336
957760
953520
934208
957560
931836
931108
933260
935872
934756
934084
935804
933724
982548
931328
932700
930052
931440
933212
931368
946856
932432
951380
961100
985392
954704
948892
934440
948368
934508
980296
949832
984244
935428
1038952
944812
930616
930848
936000
931588
935564
1024296
931864
962736
960548
988816
950328
936940
935416
933660
949412
1562112
1554456
1544640
1605396
1555640
946420
938560
939440
935624
937200
947676
979976
959244
987020
1550492
1563516
1553324
1551012
1548660
1575608
1547628
1542796
1537560
1535912
1538476
1578900
1509816
1502816
1057100
937428
934968
937432
932252
962692
933744
954908
945752
935172
951336
948536
944876
930976
945416
949424
934824
975764
938620
931112
931112
930720
930596
930388
929616
937580
1132072
930312
958028
955032
946304
947324
933908
933512
931600
929336
930920
936008
936804
933384
938516
933408
934660
933772
930296
929156
956872
966832
957432
968272
934520
934972
949828
935108
934604
944584
934612
1532748
1593512
1585008
1545936
959036
1041472
932524
934640
949356
935212
1012640
1012168
973624
960288
936260
936220
935584
935136
934096
936652
936368
932060
948372
931124
944552
931000
975080
936136
934736
936140
949236
980372
986108
951996
946264
931264
931480
948928
934624
934360
949112
934820
939900
948636
931060
945132
955068
948772
978400
949352
935876
937028
1031088
932372
950080
956624
949312
1008548
930732
930180
930368
929936
977808
930084
930408
930076
935500
934944
934504
934116
934384
933824
954316
979244
939452
970840
995956
936356
936052
950476
954196
950264
962336
945268
969476
936816
948824
934204
931504
947184
935796
936492
934640
968624
968560
934732
984748
931632
935224
933516
935328
948268
935708
931108
931536
934912
934424
934020
935524
933044
932420
935668
935192
986008
960528
967376
940168
957524
935624
974992
932620
930168
930788
930988
929856
959208
935336
930932
930264
931292
930188
930704
949412
935012
931308
955908
964056
957604
955276
937020
935664
933600
938144
933964
932308
931364
931204
933060
930760
930476
962988
932016
950112
934364
935404
948768
962028
1040832
942960
948072
930676
931088
933408
930820
945608
935656
935872
935660
978820
935532
982628
951076
949632
935896
947780
935320
940408
992312
998648
953344
935912
931700
931252
931024
973488
931572
960132
963588
936696
935196
934052
932636
931484
931696
951284
938640
953416
985992
997748
953588
1006944
942872
953252
934568
945580
935236
936028
945476
949180
953364
937320
935316
955448
949640
949092
948624
978804
953988
944512
950628
937432
963504
934408
936112
950624
965364
949940
936280
936468
936416
934688
935740
975768
949328
934968
951888
953060
960716
948020
954556
935432
934928
934236
935492
935600
980492
936208
935240
931336
931792
930636
975212
933900
933224
931116
934608
934996
957840
1007896
936180
961816
1017276
1702324
1724976
1599348
945384
936004
937420
975992
935888
935692
989380
936792
934688
934308
934644
934356
934556
981624
955472
957384
951504
985364
938392
934708
937672
935128
935040
934304
934636
936700
931456
930384
931388
930460
930940
 
