Procesando...
  Filtro             : sierpinski
  Implementación     : ASM
  Archivo de entrada : lena.1420x1200.bmp
23796108
24444296
24582724
24448040
24583160
24568640
24695600
24785152
24629720
24496724
24514744
24905068
24562136
26090084
29466440
24420444
24692292
24422548
24521912
26475452
24612812
24609620
24467548
25837156
24434104
24566596
24455232
24623228
24420704
24531500
24420016
24488160
24686184
24852184
24669836
24645916
25182204
24819620
24672328
24445912
24595520
24423380
24616888
24415560
24571800
25113448
24720264
24834768
24393088
28158896
24458240
24735596
24539708
24826264
32218056
24524700
24660812
24496868
24605480
24685252
24409712
24654844
24412704
24407040
24686712
24602272
24455232
24579408
24591596
24535380
24615944
24445272
24392052
24467284
26177716
24490104
24550368
24480288
24557880
24371144
24485804
24605048
24474516
24618468
30660600
33532076
24523712
24487188
24716688
24600600
24522876
41687624
41937656
25429180
25162328
24707084
24666832
24750324
24781548
25113528
41259156
41818908
41818644
41793344
41842572
41809936
41817200
40961468
41799996
41975620
41832124
41824040
41780616
41799128
24767848
24697712
24665788
24664188
24673816
24789988
24554676
24445020
24754736
24434536
24499224
25057336
24662432
24581712
24600216
24780404
24491384
24667416
24530208
24560224
24551620
24528244
24844140
24751656
24618092
24498156
24448660
24744236
24598284
24795140
24687476
24535260
24603004
25066888
41393752
24420712
24832660
24533440
24514656
25449964
24409440
24824872
24568376
24620280
24717740
24788956
24701596
24720208
24683852
24778368
24547216
24605808
24735180
24609040
24424628
25122404
24674300
24530840
24625196
24495552
24788344
36008156
24568304
24646504
24590384
24649796
25481668
24584480
24694612
24544732
24645080
24584568
24802464
24619852
24585964
24525556
24772228
24727164
24810572
24626808
24803324
25011660
24716632
25070296
24739208
24744296
24954892
24733840
24751532
24674664
24880320
24847856
24607876
24757444
24775704
24749724
24478132
24488376
24562280
24611240
24697524
24747980
24831656
25072996
24768008
24852104
26221296
24683892
25004556
24758568
24498416
24848924
24571920
24433868
24700296
24753312
24697156
24630972
24788984
33450068
24530476
24447412
24786124
24817324
25083536
24680888
24638784
24720620
24810152
24687124
24715248
24635016
32386764
24795744
24730292
24574732
24592376
24909636
24708152
24740584
24771116
24974120
24812496
24771244
24731500
24538012
24717848
24486508
24465636
24932764
24680200
24466776
24935172
24646608
24961532
24758224
24492220
24836080
24527516
24744452
25573764
24609156
24811112
28256752
24781408
24633220
24602500
24531188
24498724
24445792
25124436
24662924
24656536
24709580
24732136
24863752
24547576
24434348
24517196
24649748
24719444
24673728
24581168
25049960
24679544
24471912
24808636
24918172
24653244
24768428
24827908
24368936
24847352
24538456
24674680
24594228
24849116
24675664
24782016
24714992
24864480
24723884
24762628
24717912
24868784
24724268
24853224
24672556
24655476
24936120
24722584
24727744
31998508
24741256
29365600
24811116
24654400
24935268
24488340
24797380
24819372
24496668
24690344
24582336
24712656
24634560
24766256
25187620
24908196
24810828
24748464
24572856
24835920
25252044
24793156
24683960
24778260
24598612
24607740
24551124
26184164
24653980
24650980
24982272
24804252
24601052
24556280
24708660
24691808
24745944
24686376
24742424
24587712
24705100
24479252
24678596
24801876
24453388
24598284
24863800
24720068
24768816
24689436
24570084
24687308
24663272
24517096
24624220
24550816
24693548
24654808
24607572
24460772
24532040
24718888
24538080
24756500
24598820
41840012
24857628
24681868
24951424
24700384
24752468
24459168
24714752
24677868
24792612
24566068
24563728
24549764
24925928
24802004
24555412
30789268
24473624
24626584
24560572
24541936
24692380
24786376
24530512
24649132
24614644
24502316
24554232
24702792
24874992
24493680
24563368
24809136
24473436
24706240
24747056
24387984
24500704
24802256
24561172
24652352
24423376
25375252
24580316
24548648
24730512
24704424
24840840
24376748
24691320
24486016
24480056
28624764
24924680
24566552
24591980
24464068
24626088
24584012
24930912
24503048
24572456
24803708
24595240
24816960
24875484
24853000
24766968
24553248
24653364
24905824
25712828
24774380
24733140
24608276
24643300
24585964
24743880
24971556
24696276
24598912
24569096
24486560
24590092
24456788
24619232
24502068
24593224
24429344
24674432
24568412
25171628
24544124
24528640
24675664
25006772
24450704
24702984
24506676
24557204
24783620
24505312
24529004
24961564
25033800
24824652
24680756
24698812
24543012
24586648
24852260
24649968
24468068
24729728
24852240
24608672
24835268
24551980
24550172
24599720
24415696
24774676
24529316
24639496
24616060
24811652
24588836
24732448
24539068
24537884
24989492
33376216
24784956
24673040
25091976
25047364
25090832
24842576
24763884
24820488
24492480
24717056
24558672
24883676
30007228
24509724
24473308
24568036
24694736
24626444
24535908
24561612
24474028
24770680
24723952
24723288
25005536
24845764
24488808
24826912
24762632
24683528
24740180
24686236
25072140
24711560
24829796
24737708
24795952
24547892
24606956
24824112
24508384
24737072
24626032
24644696
24803524
24659548
25927500
24609288
25028820
24367344
24627040
24671196
24687736
24702760
25585536
24675744
24594652
41195688
24430088
25013948
24565204
24745672
25359500
24341152
25091000
24355088
24617656
25222688
24662660
25207924
26314476
24646096
24493184
25254776
24610944
24668808
24818064
25180948
24630212
25136828
24779176
24642480
24660032
24545788
24749156
24431476
24625596
24557284
24519332
36532056
24422960
24409504
24606720
24638716
24691252
24778652
24810076
24760772
24843324
24787668
24514008
24419856
24491372
24631576
24440704
24508872
24684436
24583752
24506900
24671912
24747356
24605656
24686084
24607408
24467852
24680704
24435844
24600204
24646416
24615704
24614496
24674736
24632220
24503944
24688696
24800772
24674888
24594200
24446300
27006308
25013980
24740072
24508652
24573848
24538244
24823796
24479788
24424332
24579524
24473684
24418360
24726104
24774656
24665964
24537864
24499524
24618704
24734836
25323620
24587028
24965308
24602288
24558000
24550692
24506124
24544304
24546564
24734400
24871832
24699952
29133252
24708724
24546660
24732852
24646952
24500400
24659836
24674792
24554892
24731000
24500088
24671580
24572436
24843384
24539864
24521800
24559420
24690008
24664408
24430784
24525996
24835788
24725980
24743420
24594296
24588816
24644856
24540996
24392196
24464396
24595004
24563392
24594264
24523508
24441928
24694840
24585416
24510700
24695920
24500724
24719528
24619332
24709560
24785112
24520876
24533656
24648432
24581872
24656164
24636532
24357936
24526124
24504820
24458384
24712056
24614892
24461632
24425844
24600864
24612540
24502648
24490332
24485436
24449588
24530592
24700876
24927580
24542784
24517784
24843504
25796492
40843288
24458660
24720272
24553012
24756712
24418888
25783140
24628976
24831724
24574788
24945156
24631736
24648164
24550616
24706616
24552136
24727444
32411500
24558616
24494712
24624872
24505364
24624188
24599632
24503680
24753304
24624304
24706464
24560188
24599028
24540964
24560256
24934640
24954560
24781792
24757680
24637656
24516952
24697036
24616724
24718612
24641408
24545124
24557348
24543324
24593308
24954528
24751764
24832392
24819508
24945144
24744860
24591516
26024644
24792332
24764968
24502456
24726916
24464540
24626964
24737300
36755952
24575380
24581316
24742108
24902560
24531292
24586944
24508400
24566232
24695376
24484520
24722200
24567588
24968028
24638836
24655712
24786056
24522008
24619216
24723272
24730828
24519696
24709300
24595540
24716712
24610396
24638284
24730200
24591816
24650784
24591808
24609964
24660220
24607396
24464540
24962552
24795960
24541620
24808964
24844688
24485016
30765680
28282240
24500956
24563760
24759936
24666936
24842316
24708240
24802108
24830696
24743800
24624796
24850084
24454892
34041188
26224456
24496916
24753460
24782184
24514512
24658332
24653276
24619960
24677092
26195172
24540592
24477864
24542780
24495408
24602788
24612872
24476080
24901348
24610520
24657332
24845260
24507104
24622312
24640068
24510216
24461088
24501140
24617912
31188836
24651224
24668524
24567368
24638820
24491448
24575816
24448816
24635164
24527460
24452528
24745064
24734672
24642536
24595940
24585064
24573832
24519992
24497388
24595600
24703028
24669752
24662868
32977432
24682248
24574656
24603784
24640108
24689028
24751168
24855116
24627140
24877648
24698348
24589436
24649792
24439180
24590140
24612264
24773020
24577896
24715772
24600308
25477128
24606124
24683104
24708776
24582368
24642616
24824768
24737620
24498256
24693364
24695444
24581436
24757724
24888180
24820264
24609100
24968216
24544680
24633240
24678980
25766060
28043188
27343684
33052812
26575024
24437896
26932260
26331356
26796808
28510652
30192972
28499380
24408256
25719592
25415496
24672640
24538800
24781276
24477460
24443688
24569472
24911976
24640284
24532860
24648572
24893880
24565876
24445056
24631020
24584240
24627172
24532324
25098876
24886016
24816692
24897864
24854516
 
25865004
24889712
24777508
24806692
24656004
24973420
27483440
24589868
24757004
24846696
24620720
24511856
24500220
24654076
24565052
24801596
24533580
24656932
24703856
24498312
24671868
24740492
24635104
24763016
24740664
24826804
24587624
24511800
24529616
24520340
24493128
24501512
24510912
24479680
24922384
26086616
24596820
24498276
24549824
24545156
24547312
24454848
24548172
24585592
24677952
24581840
24496552
24803620
24517248
24673484
24506876
24496388
24473208
24559060
24471784
24654444
25117860
24485864
24534896
24668540
24531252
29564676
24664072
24538724
24670292
24460628
24719484
24540688
24498224
24598568
24713396
24625808
24404816
24606912
24727140
24750732
24438032
24512416
24556584
24573148
24626636
24724644
24728684
25672248
24439252
24781052
24542748
24773280
24710384
24632284
24714184
24578904
24491276
24878184
24519752
24545824
24796684
24490508
24668844
24702228
24770788
24576752
24639004
24497136
24640540
24553768
24532688
24772316
24531304
24695440
24723264
24511064
24794824
24559512
24735736
24535252
24772504
24462712
24664688
24826436
24534956
24698148
24630736
24664384
24629200
24657088
24559704
24549568
24839184
24534252
24685896
24614852
24719896
24589736
24603420
24869144
24615204
24548548
24572060
24581708
24860532
24385572
24493536
24758452
26047432
24476224
24823856
24597688
24648876
39670512
33073632
24888460
24692468
24549180
24928248
24776852
26744380
24547752
32999860
24816088
24774468
24694828
24861184
27196780
24748924
24976860
24771136
24824472
24631196
25432148
24825280
24886480
24518076
24716996
24877492
24688880
24535712
24630692
24926704
24713284
28319768
25992192
24962256
24682736
24582520
24603776
24603648
29496528
24577508
28847948
24758708
24612080
24690220
24958188
24520364
24513104
24666168
24717684
24936404
24605256
24678368
24519040
24458568
24444172
24557292
24601240
24564444
24571560
24621592
24499764
24605228
24637416
24608408
24538068
24570152
24569464
24898756
24880484
24769428
24471552
24629552
24736668
24551224
24651728
24482708
24665200
24791076
24632072
24766248
24913428
24780624
24693916
24673932
24584664
24724600
25982064
24655840
24607016
24643044
24634924
24550744
24564980
27166832
24620516
24473120
25111224
24711336
24479552
24613592
24477016
24776716
24451884
24478596
24642852
24862308
24560780
26307620
24750844
24679016
25490900
24657376
24721280
24715528
24540836
25598504
24651696
24729032
24652376
24578332
24700708
31758656
24576872
24682648
24646124
24566836
29773884
24867480
24595436
24691520
24605400
24556024
24673804
25020056
24841364
24651924
25199580
24378092
24577524
24856280
24639028
26063944
24786852
24571620
24505304
24527868
24781208
25001436
24617384
24893360
35256592
25575044
25140232
27033128
24433804
25167824
24564472
24742368
24497516
27229346
24782964
24852524
24690180
24869176
25765140
24603860
24435584
24461060
24589820
24498180
24667288
24876768
24416880
25008968
24632248
24532196
24680852
24544988
25856708
25490124
24544548
24514400
24450488
24458888
24486392
25279668
24596424
25003192
24709504
26034364
24540276
24765468
24531764
26987656
26193048
24767116
25923796
26079060
24520076
26482464
24450624
24655788
24705996
25752912
25192332
25002576
25052868
24618016
26942432
25674028
25015452
24827624
24810904
24769232
25307176
24756232
25244524
26737916
24797724
25288960
28987540
25211704
24825880
24761940
24668036
24589568
24958060
26175364
24869996
24929276
24605568
24750300
27820772
24719168
24930556
24708008
24853876
24682796
24787840
24584056
24528468
24701460
24639036
24590172
24816796
24648012
24699600
25114240
26180756
29189112
26736628
25162960
28128444
29485592
26891144
25580056
25490440
24812632
26080512
24837176
24701004
35030320
24795872
24515092
24691360
25020224
24964224
24953412
25906732
24680020
25088268
25121172
26683224
30538912
28187196
28339072
24559068
24841492
24610668
24556120
24801860
24440424
24725392
24874804
26504680
27027808
29397596
29721624
26341556
29254844
27859424
27910080
25586712
29506980
25052580
25418628
25211772
25200088
24611484
24719788
24740416
24744048
25194932
30569412
36805124
27924068
24694524
25673148
25335096
25597600
25019784
25004272
30659404
38441736
25111548
24773964
24608532
24564052
24642484
24758452
24487952
24717888
25506900
26453628
28007236
26145444
25613640
25747112
26097764
24587988
24863628
24692804
24558780
24699252
24604176
39635692
24622376
26417556
26864716
27803936
28123864
25816440
24851340
25212664
24626044
24716212
24709268
25809312
25376960
25607316
25587120
25524420
24859088
24793568
25622244
24556644
25736220
24900000
25302292
25026476
24690504
35785504
24875528
24542128
24625028
25764516
27116176
26009540
25709808
24560716
25065956
26162028
25476340
24503080
24649160
24562128
25516660
25422272
25579252
25485784
24699636
24662508
26733708
25098284
24788424
25181664
24717144
24856836
24735896
24896220
24482588
24554404
24520940
24723964
24602796
24617120
24616040
24535900
24951968
24517860
24752652
24688764
24656108
24610824
24758096
24748112
24616932
24703924
24517464
24556688
24522040
24652464
24591720
24638260
24775192
25079692
24766720
24753276
24905912
25028720
24676720
25413720
24968668
30104612
24541332
37018412
24571996
24436580
24418372
25199440
24715012
24812000
24689124
24545572
24538240
24551920
24655236
24862804
24838580
24557908
25840616
24421132
24538504
24442416
24687948
24644712
24595960
42665436
24711008
24573552
24575636
24784236
25833300
24472208
24690028
24574172
24648440
24591352
24914148
24603712
25082796
25387016
24823108
24694720
24636508
24656132
25026164
24456112
24661448
24525504
27297968
41694820
24801916
24647260
24610240
24676736
24771644
24852208
24592804
24859044
24482924
24822236
24610240
39407268
40951292
41129816
39707508
39486252
39487872
40928644
43873632
39922236
39915640
39890412
41374036
39913388
24544328
24482432
24565796
25079652
24903284
24897332
24739512
24717940
24736884
24759668
24674040
24606736
24486596
27957128
24859368
24651780
24772700
24837108
24578972
24639420
24664904
24631060
24673780
24482944
24742020
25121388
24628080
24693880
24893576
24657720
24637688
24715600
24555820
24826868
24589616
24739780
24576532
25827204
24470092
24587220
24746416
24756940
24870380
24679548
24755808
24730364
24944592
24707660
24498712
24740320
24678652
24688564
24736700
24444636
24532568
24725608
24764916
24497932
24573588
24666320
24695112
24637200
24804788
24805480
24594856
24575604
24673684
24638012
24738216
24640024
24728528
24723516
24789312
25014172
24688156
24610488
25003484
24546832
24595724
24773188
24670080
26087404
24653724
24809892
24699672
24642744
24645372
24618592
24562116
24827064
24613372
24835772
24660796
24552092
24571664
24780584
24466760
24712912
24576740
24724864
24482300
24831236
24868820
24559212
24807136
24792260
24711796
24775716
24865252
25016136
24640444
24641032
24763360
25467892
24648264
30487820
25737912
24612052
25095924
24490124
24837412
24597376
24582484
24595800
25169676
24736040
25150824
24785216
24736484
24666188
24567960
24811604
24638276
24695032
25010272
26469660
24826504
24587732
24787612
24651888
24583184
24602204
24613540
24612096
24752472
24888556
24801632
24731292
24781148
24595448
24726452
24913380
24673732
24793296
24732600
24600700
24526320
24798008
24650688
24559992
24659532
24533060
24707348
24855912
24581608
24569304
24632756
24661824
24518592
24886604
24729744
24553100
24706816
24554916
24649240
24609168
24487192
24693260
24768224
24798172
25278376
24700184
24723376
31149504
24657196
24815028
26792184
31718684
24934504
24621116
24813316
24684840
24660520
24903996
24840276
24709656
24589620
25876512
32323684
24797632
24540628
24628156
24932356
24591032
24922468
24877536
25478388
25581044
24854460
24951096
24685436
24870124
24557992
24484520
24522884
24520808
24577528
24607756
24687932
24922104
24810236
24969100
24863756
24645132
24602632
30173768
34645580
24601952
30560392
24801188
24602668
24878716
24640076
24725472
24857004
24517796
24413188
24860900
24814680
24608488
24948084
24788484
24623224
24528480
24688112
24955952
24907208
25013240
24795204
26069164
24639188
31005372
24726788
24840300
24801424
24611532
24593236
24962916
24629920
24623552
24614684
24768396
24627980
24891352
24737108
24581940
24868912
24717060
24847600
24849692
24622704
24633892
24495060
24562164
24632216
24611316
24533792
24759448
24634764
24726104
24902436
25011508
24646740
24862532
24683380
24779820
24527420
24785564
24629468
24659676
25139136
24709424
24763448
24858336
24865336
24465712
24815140
24794596
24861720
24441372
24866288
24799052
24777476
24840660
24629324
25328336
24898604
24531684
24653704
24724308
24580832
24642584
24635056
24643604
24702220
24824084
24745568
24610848
24622060
26015124
24631864
24799480
24531344
24888184
24858052
24867520
24787320
24733144
24769084
24656412
24641468
24734364
31485032
25621732
24692796
24733408
24881796
24766084
24819352
24851240
24857968
24671572
24826872
24713368
24721680
25466132
24675284
24718360
24630352
24817432
25618608
24757120
24827260
24785208
24711504
 
24516444
24717968
25116632
24534080
24831772
25105648
24557960
25371952
24518236
25138848
25927164
24565952
24777752
24605372
24790932
25063496
24634012
24682476
25102428
24684584
24895336
25361672
26054948
24826436
24610060
24581096
24764104
33099584
24558384
24756992
24809508
25029528
24524468
24704820
24807124
24687664
24634092
24761436
24604712
24851612
25251616
24709008
24716224
24712480
24591844
24737092
24640520
24678780
24638028
31044356
24647368
24721788
24568268
24512432
24557812
24840764
24539776
24620216
24627860
24636156
24668440
24567700
24642332
26050512
24620876
24539648
24760984
24759848
24647012
24734560
24703128
24608656
26656404
24577772
24634588
24963356
24619000
24640084
24622708
24613548
24763564
24486276
25372648
28174684
24918516
25330596
24620324
24514160
24541212
24645000
24572768
24720944
24409796
24680980
24512956
24489104
24782008
24630256
24831036
24591048
24486988
24622848
24867364
24719004
31849180
24929460
24829460
24748748
24572180
24575948
24820008
24782556
24763156
25616488
24481136
24692212
24980880
24626576
24581920
24382128
24820852
24664440
24647260
24851464
24600016
24826192
24672880
24672292
24806416
25352440
24583724
24720520
24858564
24643548
25058824
24554524
24706440
24790200
24653144
24843328
24514456
24851840
24525228
24496728
24828584
24598644
24321340
25126624
24641400
24629516
24528368
24632512
24520212
24559904
24880484
24613392
25125744
27097752
24770008
24802128
24573604
24669796
24887212
24570760
24597548
24949092
24700600
24453740
24752216
24645464
24680572
24697760
24636324
24616948
24771392
25036116
24763380
24725716
26252108
26050192
24984996
24542376
24538240
24813064
24473832
24525528
24490760
31246424
24529260
24796160
24560088
24717616
24696520
24856912
24692008
24671648
24558616
24546388
24714560
24731104
24660528
34749732
24822636
24525980
24897456
24650404
24776128
24636804
24458040
24825084
24472740
24981028
24572320
24507188
24896572
24654304
24579232
31593968
24699520
24619112
24503980
26635312
24702520
24575464
24665476
24627368
30733096
24785504
24737760
24648224
24908580
24552716
24694728
24540204
24558640
24703212
24543884
24599544
24952824
24598200
24576168
24587828
24595384
24623912
24739028
24850440
24562820
24496928
25059648
24518396
24561828
24640212
24648676
24613252
24401768
24510612
24729564
24691408
24586088
24515656
24635172
24721644
24871108
24633292
24539492
25175404
24541460
24692364
24554796
24483432
25018304
24688000
24599504
24631968
24675192
24568244
24681408
24473380
24870772
27471504
24767528
24596220
24564792
24593728
24745248
27005696
24658320
24508928
24809140
24800024
34245052
24512732
24582888
24818568
24614016
24716848
24478280
24616096
24734068
24702216
24582024
24641416
24616680
24916324
24753256
24726260
24783092
24613616
24574428
24728224
24504184
24917196
24579804
24679512
24599364
24544204
24552896
24661636
24569112
24866224
24530676
24551188
24611428
24536220
24562944
25552344
24965868
24803172
24650924
24558200
24676088
24927188
24686824
24870136
24613184
24528328
24600316
24635124
24698712
24555364
24676404
24813520
24616092
25091168
24607204
24952124
24525324
24795992
25250968
24567388
24811640
24854696
24482056
24877888
24665916
24905992
25263992
24679440
24782808
24681416
24531956
25700236
24532516
24604680
24553884
24673312
24563624
24742436
24761312
24791264
24582752
24702296
24629052
24737768
24697008
24805044
24817032
25142052
24626976
24905484
24625328
24494356
24649396
24682808
24660736
24598860
24677840
24674192
24737580
24568588
24610636
24611296
24717464
24854888
24933748
36685956
24857248
25160268
24572508
24536916
24487292
24575100
24544712
24786196
24646860
24771056
24736104
24535176
24709872
24644796
24750876
24505648
24436892
24791416
24571300
24705092
25020080
24578556
24808516
24968728
24569584
24604896
24492800
24691376
24442348
24702620
25091392
24754028
24717360
24832728
24894060
24664836
24665484
24831956
24816284
24722832
24605092
24924648
24925084
24687932
24737428
24486424
24571380
24551356
24924176
25016356
24579756
24611556
24624136
24636392
24841416
24624532
24827428
24807620
24829552
24823760
24808396
24680964
24615404
24685664
24571600
24978444
24441624
24633000
24607072
25334812
24777536
24879820
24712484
24713604
24720328
24730548
25074712
24567916
24768152
24437336
24801880
24559324
24710020
24573220
24631016
24971032
24744972
24578544
26168444
24783420
24787420
24674644
24664548
24770756
24694824
24647788
24446416
24603952
31247540
24725480
24657752
24701100
24608216
24534020
24755660
25734472
24700580
24863060
24708472
24788136
24898244
24490104
24888368
24685784
24690492
24725404
24607072
25320428
25868180
24886716
24845520
24595144
24873520
27009912
24609264
24783028
24828208
24650072
24621252
24637516
24617412
24700436
24842304
25950672
36456476
24994904
24815252
24887044
24711964
24816444
24538636
24723484
24660164
24755708
24613400
24818480
24745500
24905704
24614840
24818624
26098688
24886672
24657472
25071576
24870080
24494036
25007252
24691488
24672384
24565476
24709784
24782288
24775004
24570004
24594920
24555320
30649712
24638772
24652052
24598040
24739344
24597612
24769092
24793904
24551520
24730624
24806060
24621676
24605660
24799980
24685552
24837792
24757792
24712860
24598016
24865360
24740796
24600760
24849020
24782440
24859204
24640368
24952628
24638084
24622068
25055040
24857640
24716348
24988716
24839572
24771788
24819320
24700456
25001908
24982396
25005396
24526868
24824052
25532332
25129756
24779080
24778880
24589744
24927424
24755884
24667180
24963440
24890504
24765552
24568872
24753416
24919000
25593544
32684452
24874220
24634960
24666500
24628796
24686680
24658936
24633084
24922544
25101792
24632392
24614768
24545608
24974844
24728980
24592108
24920612
24764244
24651516
24795100
24631548
24754388
24605500
24655364
24530424
24783028
24588080
24710220
24804580
24591120
24834124
24831344
24805772
24673220
24733116
24524740
24584912
25410996
24800084
24652800
24856540
24639048
24568432
24639220
24840932
24751232
24735100
24691120
24705876
24712220
24592064
25078912
24740416
24751316
24706864
25166720
24545328
24823540
24668764
24580348
24610856
31067036
24681920
24549836
24786300
24696816
24630840
24666712
24812012
24673996
25017960
25636212
24676928
24718100
24838272
24798104
24616060
24635680
24626208
24745892
25036504
24482224
24762448
24766452
24699892
29640732
24584424
24832332
24867604
24744940
24696800
24622572
24721452
24857728
24550004
24908304
24573060
24745464
24625124
24870788
24834932
24644580
25000888
24582048
25431840
24725508
24799660
24530972
24668212
24771904
24637824
24814616
37511988
24712372
24573876
27375092
24547060
25086540
24563096
24720188
24801060
24844216
32014904
25406356
24679188
24580784
25004988
24764852
24926592
24741160
24720340
24776284
24494572
24596264
24999412
24732696
24665044
31804456
24823568
24727712
24878640
24557016
24933376
25068608
24774296
24681204
24730076
24675480
24618092
24909892
25031780
24788320
25051660
25181108
24545284
24790532
25796624
24688224
24566148
24623768
24484364
24454496
24736724
24599084
24793316
25018896
24986660
28269392
24838376
24659980
24720384
24519784
24876000
24510604
24715052
24579784
24584340
24700272
24637376
24768664
24929972
24736588
24788308
24744504
24621920
24831080
25087048
24616192
24697144
24728868
24580652
24581436
24873728
24787152
24541900
24815172
24682644
24723620
24681900
24619484
24548236
26619708
24787232
24879432
24756484
24639848
24668128
24735728
24776840
24608856
24604288
24651288
24954624
24560248
24819060
24583172
24735780
24765128
24711296
24557004
24628984
24715200
24637040
25910332
24554104
24643836
24634420
24842704
24761964
25093724
24491136
24700096
24790172
30869516
24718756
24689748
24668640
24616672
24772952
24726440
24677856
24807780
30381416
24747716
24747780
24775464
24742284
24679132
24755640
24597292
24701852
24781452
24707420
24845352
24895196
24663368
24705952
25125340
24877280
25103432
24659812
24811856
24770520
24812652
24669760
25213660
24716840
24653688
24984268
24719884
24555352
24580788
24551568
24688624
24871136
24632872
25010876
24672856
24628020
24745924
24594284
24997844
24961708
25302876
24743516
24539300
24678928
25022492
24946700
24661304
24847856
24757380
24825408
24566680
24863204
24895612
24688560
24537828
24962748
24795620
24756620
25929072
24803408
24578632
30254348
24563832
24599264
24900684
24818852
24739792
24956368
24611484
24671636
24766548
24902392
24525724
24740448
24751944
24751396
25141124
24661088
24633388
24642160
25004936
24671028
24701656
24770928
24651604
25012684
31446464
24639380
24734796
24688792
24965928
24868588
24628408
24998904
24662020
24902656
24590916
24910936
24823716
24701480
24768000
24631460
24902092
24881464
24740828
24652864
24891920
24763924
32480504
24773736
24668432
24648272
24406864
25009556
25105764
24845928
25218768
24993104
24775692
25211976
25184984
24985728
25921800
24552440
24755800
24687688
24775548
24539992
26089392
24645332
24638512
24692044
24761504
24779584
24787140
24630380
25047832
24673068
 
24848096
24477420
25059852
24705440
24793764
24964964
24752204
24729628
24617740
24845680
24756392
24695264
24919588
24675148
37340132
24787268
24575128
24640304
24730204
24923728
24843856
24698240
24626484
24815672
24794192
24596268
24843504
24828348
25080100
24693344
24848576
24888240
24660064
24783068
25032000
24816312
24829528
24898812
24596724
25009352
24946508
24787056
24830048
24926516
24795384
24668948
24687320
24674144
24811268
24787676
25418932
24504880
25080884
24809432
24752784
24781292
24783068
24521536
24673404
24633852
24797880
24562740
24660160
25033496
24737356
24575316
25602400
24419712
24573748
24810024
24928216
25127704
24789712
24645888
24982328
24792212
24578580
24702728
24687108
24795708
24594748
24692032
24566724
24754620
24620484
24550820
24751056
24597596
25855588
24615892
24742960
24633236
24457828
24647348
24625412
26066868
25260760
26127980
24969904
24582824
24608800
24586492
24640936
25018092
24555312
24699640
24782652
24739212
24620328
24680964
24669132
25133860
24508592
24578296
24729420
24631780
24742100
24599388
24815636
25536516
25647472
24852176
24801936
24689968
24780980
24713456
24809284
24767360
24731000
25577528
24722920
24846492
24629048
24690968
24713692
24726188
24659940
24594352
24695348
24856012
26021408
24775036
24676328
24622716
24908220
24816712
24546980
24703616
24773552
24636056
24698940
24616404
24587600
24610368
24497452
24611872
24516424
24645284
24886304
24489832
28849124
24674716
24719592
24753268
24897980
24566096
24590400
24875616
24780116
24778564
24880724
24626368
24591360
24768224
25389892
25043672
24806412
24562484
24831688
24633004
24825004
24725956
24805508
24634000
24726248
24765724
24516500
25602292
24974812
25743188
24651572
25733692
25477280
28087156
24793400
24875416
24825464
24630436
24735928
24832440
24809196
24769544
24944848
31045648
24882616
24519776
24610304
25096952
24642844
24815396
24696832
24804040
24562780
24673812
24929456
24988516
24751064
24661152
24594788
24681072
24668904
24763884
24982984
24704928
24718664
24667988
24664200
24875592
24857344
24806320
24757560
24630068
24694320
24601188
24856964
25018440
24745900
25243820
24941384
24800124
33941032
24722752
24770312
24781004
24750268
24785396
24608400
24764452
24704616
24696996
24843880
24665244
24685288
24895520
24900284
24742736
24632244
24740036
30722432
31172256
24692744
24726072
24691600
24603572
24704492
24548104
25004948
24578412
24619004
24962592
24791544
24930852
25132304
24793304
24870536
24902024
24773920
25174696
25394032
28399012
27169776
24657108
24730340
25099388
24773416
24744440
24624880
24879060
24723184
24874368
25105564
24987000
24732760
24768096
24555728
24580556
24695092
24742028
24588024
24642308
24713884
24813824
25124784
24606808
24753536
24838852
24710408
24646724
24647324
31754088
24911508
24676756
25941284
24658696
24617832
24804504
24937144
24753328
24725460
24735308
24773720
24910248
24667968
24623396
24752480
24557844
24931800
24552728
24627348
24741436
24635236
24864640
24701076
25045884
24749860
24527220
24584340
24630080
30504512
24730716
24710868
25175700
26153284
24866400
24534136
24875516
24576884
24535036
24705708
24587716
24791580
25216684
24433124
25097312
24826068
25177188
24553700
24605828
25857008
25183108
24765044
24751680
24733552
29604500
24718340
24663836
24571508
24764484
24690552
24623172
24658548
24497840
24768704
24802224
25412080
24878040
24603404
24678440
24893684
24688024
24769908
24655108
24843716
24601216
24624952
24652044
24693820
24729592
24657020
24626672
24907628
24849512
24622256
24479604
26346184
24662092
24957008
24593972
24832732
24742560
24709692
24727948
24877272
24844860
24852792
24470480
24592652
24929228
24805320
24666420
24692340
24702044
24743280
24917012
24683964
24934700
24649432
24805244
24535404
24613152
24706468
24698520
24923456
26409672
27808216
24491988
24486492
24583748
24676164
24616528
24551204
24650396
25706592
24737144
24598204
24695472
24655160
24776200
24883824
24711696
24790448
24692832
35858380
24612436
25248172
24796416
24667120
24745660
24736720
24490428
24597584
24677332
24841908
38517260
24725040
24534336
24884848
24952080
24712124
24755276
24762512
24547516
24884212
24569772
24980052
24751992
25127724
24832620
24637308
24595652
24543492
24572524
25086904
24612004
25194232
33560556
25050756
24796944
24976064
24721196
24645072
24775192
24726580
24860376
24868656
25787092
24780892
24836772
24738416
24834112
24478336
24564604
24673620
24801412
24830092
24830300
24905696
24593880
24546272
24939808
24566244
24726364
24729344
24547420
25168984
24800284
24894840
24575896
24588824
24846964
24508992
24645448
24708352
24736628
24951472
24621876
33287108
24598092
24508644
24830516
24617500
24675752
24650044
24613244
24615424
26140316
25925592
24860008
24884308
24881284
24882708
24970324
24675316
24949908
24667404
24846388
25139368
25222920
24776148
24816604
24663448
24521628
24712932
24890704
25013028
24721596
24619596
24574500
24559128
29941728
25875088
24846256
24746664
24784524
24758456
24866048
24904540
24614784
24734616
24814124
24624656
24664352
24687276
25031000
24656624
24688124
24797700
24661360
24977044
30896768
24609696
24530028
24909980
24692152
25082780
31827448
24679536
24628616
24475324
24768000
26154084
24562552
24573904
24705864
24660200
24953724
24523236
24735392
24686956
24573144
30079832
24737192
24745416
24551232
25063920
24633828
24634304
24647248
24578696
24679612
24717896
24785456
24710144
24837456
24827372
24730488
25288408
24577304
24829828
24832588
24700952
24843880
26149504
24861732
24777884
24687768
24857780
24905812
24754328
24637424
24670280
24822316
24675436
24726884
25093364
24760264
24625808
24879704
24766396
24814556
25037440
24773440
24936760
24923404
24706744
24802484
24842792
25206156
26221280
24905976
25012612
24765764
24714788
27901344
24727444
24918268
24914188
24912504
24900564
24692856
24835136
25000140
24775792
24860836
26343948
25821336
26089504
24689556
24786600
24870700
24725240
24779940
24731308
24742372
24694680
26427332
24903680
30548876
28079692
24808640
24879008
24856276
24925864
25065728
24990312
24926152
24635868
24823668
24794108
24899776
24923136
24692412
24668416
24901480
24677988
24888592
24742496
24716472
24660444
24712616
24611368
24672528
24754784
24932228
24642232
24701232
24736944
30705120
24967752
24727128
24711448
24589916
25447232
24649804
24725992
24701696
24709764
24953804
25039756
24745820
24946348
24705532
25046744
25091468
24761468
24973840
24986824
24854008
24882296
24784296
24863156
24786564
24811284
42659288
40534692
42294868
40606948
42357180
42028988
40907108
42199120
40433028
40624800
40870600
40685044
40598776
40446700
40644124
42099144
40639076
40640580
42333300
40814284
40721896
40643284
40527532
40724904
42230044
40636836
42226920
42375600
40386488
40463280
40352060
40573872
40567068
40322568
40660952
42041728
40378548
40313408
40182456
24739860
24582360
24523568
24401988
24771392
24645316
24833492
24625076
24530072
24700808
24624888
24684420
24872972
24551100
24678356
24920880
24689616
24703700
24477012
26330456
25028584
25091768
25120592
24436988
24717056
25245560
25338724
24525352
24491696
24480732
24630988
24626248
24451260
24647252
24536676
24483432
24510648
24888404
24672276
25915448
24475884
24539112
24701540
24571380
24524152
24726424
24473388
24700028
24659104
24712680
24783396
39548648
24897700
24649560
24616540
24465864
40209940
24795044
24835612
24558460
25362368
24763536
24493736
24814512
24545196
24567304
24746684
24669432
24620668
24675328
24699512
24767784
24599372
24818156
24636784
24493068
29125536
24591380
24440772
24786208
24524024
24876696
24594068
24661332
24660876
24666772
24450896
24536972
24624252
24642100
24539668
25027552
24487036
24523116
24603872
24657044
24748792
24599352
24445372
24486316
40515904
25406248
24649104
24764612
24689360
24556500
24656720
24628900
24718524
24721592
25910900
24807824
24475148
24668408
24719224
25708364
24605908
24813244
24653796
36192092
24731860
24579156
28374892
37721408
24802984
39080168
24521976
39201688
24708940
24821432
29942524
26693724
24552100
24713264
24726220
24607288
24587828
24537872
33640140
24966020
24466516
26076432
25170144
24656696
24705620
24585020
24559820
24682648
24646612
24497036
24675104
24896120
24633948
39994176
24630252
24505172
24716784
24532636
24605624
24683896
26366760
24525436
24584128
24642304
24757656
24534424
24615084
24783848
36272996
34784760
24650644
24659192
24555588
24816560
25043628
24794500
24744732
24899848
24726808
24677372
33530420
24759172
25361464
24639364
25031272
25009908
24760472
24699968
24801748
24588084
24671560
24657016
24736592
24793652
26566648
24857340
24489200
24826568
25183168
24867316
24615384
40005484
24509280
40006944
24526704
25964992
30108480
24836324
24713804
24736088
24754900
24724176
24842232
24645360
24521136
24564076
24761900
35098164
24661980
24581580
24821712
24713676
24571160
24639056
24600128
24852996
24611180
25270648
25031620
35036996
24602572
24519652
24561328
24503076
24747172
24805628
24944436
24636248
 
24620700
36159904
24798388
25238196
24830016
24680168
24794756
24704016
24832592
24692464
24736980
24783700
28739204
24602476
24601152
24648280
24610396
24489740
24466076
24784180
24813028
24811876
24472140
24611776
24649196
24591568
24944340
24843140
24658180
24859264
24776824
24665728
24430844
24706164
33269308
24880328
24547292
24667084
37640768
24549616
24512260
24535104
24652060
24553736
39974644
24642668
24504944
24505236
39951436
41532080
39941232
40006120
40096556
39912628
39943308
39873112
39865208
39857620
39929904
39903408
40033496
24671308
42055236
40532372
24444432
24433876
24644232
24748436
24595940
24537952
24568944
24640820
24487832
24606784
24584896
24407760
24673320
24623568
24568220
24676396
42395352
24812728
24784624
24961064
25001784
24773960
24991452
24943248
24940656
25136376
24947544
24943784
24958244
24918840
24905520
24911360
24810852
25385944
25013732
25059720
25155140
24988812
24948904
24752808
24770016
25213496
24824680
24894196
25010196
25090908
24972060
24997340
24897192
25032576
25033072
25011992
24944060
25010872
24873952
24900976
24927428
24885380
24874500
24819168
24829828
24891428
24792056
24875532
24877600
24970268
24867908
25003048
25250892
24833572
25311616
24861944
24767132
24717792
24944692
24926288
25447308
24827032
24802632
24782848
24799528
24808404
24803196
24926908
24754608
24918140
24927096
24948032
24996276
25021124
24792852
24741472
24694128
24780320
24897044
24908192
24956916
24946036
24870544
24882436
24831088
24777932
24875684
24741148
24990464
24680616
24616208
29752980
24879732
24746516
24894188
24952404
24853944
24815016
24953944
25065536
24880124
24856164
24893876
24803520
24930372
24768728
24797872
25111888
24793416
25017152
25049772
24827092
24842808
24883032
24898416
24919792
24644632
24808788
24955364
30098860
24910284
24735232
24856320
24748208
24674476
24658280
24767572
24822496
24778688
24751144
24692452
24781196
24702072
24643104
35662320
24656160
24697660
24702868
24601620
24770296
24787624
24726488
24697832
24669920
25285812
25030880
24785280
24915648
25077156
24878296
25111008
24924420
24898116
24997072
24899516
24761824
24758936
25722432
25194908
24987136
25589180
24928632
24773704
24942632
24829520
24775596
24813412
24818536
24827352
24777536
24953352
25077748
24887852
25012908
25048120
24767384
24770724
24829880
37675836
24904996
24731384
24780904
24884768
24728680
24783056
24816372
25159232
24818476
24867196
25100056
24722688
24791972
24679936
24864232
25941368
24947704
25007644
24699400
25144192
24838100
24914132
24767620
24879672
24813984
24843796
25048632
24932152
25115156
24826468
24833776
25033160
24890860
24788316
24857028
24744700
24822336
24858420
24752392
24950932
24885408
24988188
25004492
25050988
24925524
24865200
25097296
24870692
24914336
24728532
25172200
24823680
24771228
24938808
24817012
24989060
24813936
25002040
24852820
28839688
24928108
24758448
25006784
24900644
24760908
24806384
33717248
24936116
24966736
24925908
24722204
24764060
24596032
24779496
24648860
24876960
24738868
26221388
24955420
24790192
24755588
25075564
24665072
25062328
24846184
24888800
24686580
24880608
25166812
24677728
24793940
24773732
24886844
25077128
24848212
25164876
25010584
24684516
24737784
24896024
25071120
24815768
24936756
24701568
24791608
24797524
24921288
24918728
24892008
24839892
24984496
24833656
24998528
24936544
24968896
25024032
25342244
24858868
24978728
24808248
25085172
24895384
24855408
24759784
24902744
24967660
24573252
24889472
24924408
24951704
24879672
25043096
24917764
24769144
24870708
24796568
24938616
24710332
25017940
24617756
24917732
24756724
24723160
24921992
24916900
24765696
24688084
27227844
25045940
24838224
24890352
24857380
24947076
25036444
25002964
24904360
25454932
29545992
24958464
25599376
25438512
25108872
24643532
24868592
24838452
24902252
24830788
24813304
24721224
24802952
24752044
24963512
25073124
24738384
24864680
24884376
24840556
24762704
24975916
24824100
24992204
24904572
24762680
24735024
24766064
24773128
24813024
24812024
25018768
24882876
24812272
24742724
24696336
25513656
24779292
24763112
24811532
24895928
24841556
24725568
24843008
24889304
24933716
24668880
24803984
24978600
24807276
24865804
25165528
24887984
24771088
24938296
24900112
24608576
24740104
25009240
24806384
25123304
24726804
24770948
25302284
24772444
24687364
24808100
25136648
24752852
24979580
24696704
24697192
24604540
24999092
24692620
24708608
24899608
24804452
24644440
24872788
24917472
24905212
24974832
25106504
24830120
25891344
25079860
24931232
25448476
25685160
25037076
24677968
24762468
25010380
24854152
24735624
24786692
25016020
24574820
34372912
25332788
25172064
24763700
24963384
24817716
25025216
24839660
24881692
24738000
24926512
24933852
25089352
24810284
24873796
26306144
24773780
24780892
25022252
24998952
24935972
25800052
32573956
24859788
24709836
24849492
25065740
24835332
25347244
24898348
24994044
24837976
25053768
24937580
24675904
24712544
24718104
24835272
24733380
30831020
24653044
24711108
24712280
25012156
24691076
24718256
24885532
24640184
24674584
25103716
26362000
24870920
24662532
24677472
24587180
24734588
24679604
24736984
24645244
24720176
24739196
24729604
24941172
24772972
24799456
24908372
24991712
24809912
24935880
24736952
24640124
24700956
24667120
24649604
24824052
24598536
25134624
24913212
25843712
24791764
24952544
24932640
24684732
25293480
24943360
24795984
24960844
24754580
25533100
24805608
24636780
24934036
24801872
25238124
24766036
25522240
34098696
24936844
24769052
25071848
25042436
25058132
24748864
24836300
24838548
24881088
24839324
25940508
24696324
24780480
24747784
24719144
24905372
24938884
24886136
24931340
24850092
24748288
24816520
24856160
24932292
24977796
24781464
25114316
24727620
25415172
24804012
24831956
24893980
25213484
24776908
24766108
25016188
25027540
25036068
25048404
25102356
24838056
24769360
24920600
24897772
24665572
24958912
24802324
24763916
24876664
25059920
24724656
24883620
24742124
24978172
24629724
24733680
24827764
25560688
24758012
24670344
24736024
24793848
24906996
24643468
26267476
24883920
24713664
24806828
24745140
24679824
24723396
24645252
24817080
25000260
24786440
24633368
24991592
24754204
24666064
24983404
24759840
25013548
24938552
25142128
25011628
24777940
24824556
24677588
24800252
24900836
26264108
34524012
24768596
24767156
24906020
24732064
24802700
25127156
24804672
24857640
25121816
24909068
24899784
24843520
24901640
24845176
24766108
24785000
25043424
24907780
24733736
24786572
25708952
25043184
24778328
24783600
24966124
24919080
24755704
24584352
30868320
32982356
25184644
25173836
24858488
25122144
24857712
24741812
24820016
25109072
24657752
30503308
24590004
24709192
24910092
25015904
25277636
24980780
24755072
24932252
24792784
24954220
24760524
24694268
25143112
24676656
24894920
24803200
24810564
24648292
25416308
24780708
24643780
24917516
24901720
24666588
24961728
24805232
24742524
25113456
25076928
24799908
24840364
25140020
24758584
25032032
24872940
24703248
25230604
25272464
24814188
24800452
24691616
24898104
24803184
24831340
24777840
24991488
25007428
25739220
25259228
36805596
24720772
24817436
24660492
24736668
24712048
24844864
24623416
24673148
24999948
24860176
24901920
24784076
24651648
24808132
25022840
24702652
24685144
24870804
24892744
25569796
24718920
24761392
24772944
24824300
24833404
24833516
24980720
24885012
24865476
24820092
24852212
24758688
24997184
24914884
24866408
24709256
24740696
25022400
24884524
24788180
24765308
24720756
25272200
24654324
24933700
24865876
24786768
24717852
24916956
24883640
26365500
24577796
24742576
24719500
24653100
24665856
24890908
34292280
24696172
24874884
24778516
24690960
24827660
24832700
24846512
24656048
25198772
24653284
24823560
24839248
24744580
24780476
24966968
24849712
24952712
24885376
24791448
24768780
24811352
24797752
24925292
24797592
24775132
24717800
24666780
24663068
24682724
24719508
24588144
24819684
24946044
24685416
24837864
24704340
24831252
24895928
24819372
34222224
24828240
24767468
24595728
24674876
24781104
24718064
24651028
24839864
24625024
24706072
24708380
24781848
24727284
24816764
25035392
24883448
25034208
24895888
24701088
24549672
27212864
24818344
24884944
24750388
24850108
24856780
24928528
24794096
24645576
24800196
24922948
24743560
24935988
26100776
24919568
24670400
25057600
24818172
24803520
25096384
24797220
24728364
24858908
24739252
24971568
24830204
24739428
24992612
24783728
24647852
25343500
24708680
24721936
24817212
24740012
24747140
24841028
24802928
24749920
24810904
25013520
24944216
24761364
24986824
24762412
24881768
25070972
24896708
24874032
24992612
24876988
24684176
25079000
24987656
24773712
24840424
24991952
25254608
24877164
24806052
24911032
24736816
24922232
24652820
24800628
24783448
24889852
24758368
24857692
24704140
25083800
24675436
24912788
24661712
24636104
24743044
24714980
24983820
24883268
24829356
24857708
24743580
24662436
24867816
25150280
25078196
31766516
25008464
 
24691292
24874276
24881080
24771780
24876556
25110784
25019056
24988520
24893756
25033912
24870920
24955932
24716144
24792524
24793592
25128024
25319624
24916632
25075028
25253624
24864600
25007420
24794044
24744436
24789044
25024788
24988776
25832404
25323316
25059524
24797664
24873144
24828500
24879832
24926032
25208680
24633844
24680728
24652316
25011688
25119244
24928972
24919744
25306644
24778124
24874380
25164088
24818252
24951236
24711244
25019820
24639632
24557716
24915604
24817216
24878976
25124952
25166216
24729684
25027904
24661892
24792088
25020752
24739608
24673652
24917644
24605044
24837352
24970776
24803476
26178908
24941364
24610608
25193412
24834500
25066168
34368028
24881676
24770200
25023244
24669656
25003116
24716300
24819192
25048952
25359268
24740448
24763152
24944996
24869856
24783888
24916080
25148400
24706992
24706788
24752644
25106244
24779292
24806972
26131136
24641652
24876140
24944644
24789192
31214472
24766208
24829628
24829176
24906524
24821276
25042936
24863668
25196584
24883664
24599308
25045972
24649076
24783608
24890896
24989464
24751180
24776312
25061212
25563956
25142188
24818600
24787264
24950656
24973876
24733132
24874100
24687660
24610024
24476456
24730736
25241820
24754132
24630436
24812712
24654712
24959328
25206940
25027404
24678848
24881432
24655996
24685008
24756536
24867900
24772980
24769052
24817504
25033432
25084820
24814168
24710224
24740360
24672528
26028812
24618540
24843728
24754384
24756692
24597100
24551644
24907312
24685008
24791864
24578732
28934352
24927632
25586712
24684332
24698444
24491472
24676156
24996028
24955528
24928508
24906020
24622108
24842964
25133200
24803440
25799204
24814668
25068244
24853676
24683860
25206840
24816816
24709020
24716336
24749504
24916268
24717080
24718220
24638800
25181328
24733264
24804360
24781208
24861688
24812220
24691704
24973760
25016616
25020212
25318232
25156596
25308588
25619572
24613776
24705852
24853540
24723584
24678892
24652232
24610112
24638932
24821884
24699076
24752620
24921124
24771824
26246192
25106388
24868248
24712944
24816068
25043952
24822872
24738004
24804336
24908884
24851088
24836824
26078212
24616656
25004380
24568776
25562936
24944040
25773004
24840020
24641552
24972072
25025176
25085328
24766432
24881896
25419732
24669476
25175812
25505484
25256504
25039204
25223324
24998756
24639456
24923284
24844628
24745612
24853624
25179080
25868696
36123224
25038880
25307420
25090352
24883048
24841892
25116008
30198316
24672528
24894292
24831008
24765204
24909096
24645360
24695132
24641960
24456996
24789740
26140640
24758940
24725008
24625836
24765528
24489332
24853548
29225388
24858896
24623700
24871488
24744024
24706092
24645256
24931764
24767096
24920640
24777276
24967736
24689740
24736092
24805900
24859596
24836436
24825560
24967032
24737904
24683512
25163108
25323752
24809828
24760424
24795004
25024732
24682144
24607556
24938276
24662368
24890052
24793252
24766744
24775608
24935028
25085000
25175932
24727596
24887196
24888984
24792812
24728020
24768180
24868840
24875208
24730484
24864992
24964544
24811264
24696624
24822900
24938148
24619900
24724948
24737904
24775160
24597476
24765820
24821808
24920748
24766172
24635828
24911376
24905524
24706988
25245568
24927824
24819596
24683692
24844504
24951760
24709472
25029592
24806852
25217292
25228292
25121612
25322900
24982332
24702188
24904932
25215584
24879348
25199196
24921880
24910736
24832444
25392620
24847356
24935660
24872948
24976188
24629568
24815436
24926056
24744992
24749224
24657248
24682608
24813036
24864044
24732300
24848172
24689428
34918016
24600312
24907836
24635804
24966148
24571728
24625596
24648412
24671124
24631300
24788136
24699164
24787364
24723848
24789940
24585320
24907296
24558508
24726052
24791148
24710392
24680492
24765064
24894144
24638688
24579328
24815220
24968468
24708592
24689688
24625604
24879460
24721568
25631680
24799332
24834876
24799584
24991740
24682184
24835812
24986964
24761828
24940752
24782576
24745872
25011664
24994264
24797740
24918132
24869580
24773648
24759056
25041840
24750584
24864732
24754236
24844088
24928380
24890252
24925668
24929836
24895444
24924280
24760984
24850168
24902000
24705100
24757828
24816884
24924936
24925528
25058912
24731628
24645064
24836456
28376836
24906912
25077760
24838420
24632252
25466216
24644148
24985868
24844280
24777628
25012348
24517532
24712152
24846464
24906396
24641108
25152412
24709004
24638988
25091704
24817504
24807308
25287092
24812916
24593168
24749316
24816140
24685660
24984696
25939892
24831196
24745760
24915844
24768896
24803452
24694000
24962536
25511300
29359652
24845608
24702512
24627712
25071160
24644952
24817596
25028912
24873860
25094816
24741088
25060828
25051688
25114852
24629368
24912156
25004140
25030920
24649796
24690516
24903240
24645740
25004216
24749304
25707028
24814768
24632660
24645780
25204140
24608152
24611388
24757640
24910304
24610772
24980748
24732492
25824812
24596632
24715588
25584564
24589824
25623104
24771220
24653640
24619324
24699348
24918480
24732272
24676272
24917984
25121432
24786156
24784660
24943500
24837476
24618076
24756144
24668508
24627372
24615880
24781964
24688488
24995692
24910788
24689796
24722152
24640696
24839912
25408232
25038644
24781008
25968556
24971932
24790664
24896348
24869384
24952776
24734556
24910796
24794008
24795944
24673640
25582568
24918736
24612880
24667900
24695536
25089188
24690712
25203348
24810248
24860316
24860144
24684576
24879616
24837188
24576560
33540768
24602916
24739760
24875868
24750520
24668612
24644948
24657264
24940820
38260140
24863436
24863868
24743744
24623056
24568888
24734620
24764700
24670044
24846920
24659104
24936900
24576980
24724020
24631804
25153944
24756568
26409648
24955628
25120444
24998432
24859208
24899152
24760868
24952040
24660260
24500652
24962936
24715944
34916596
24594756
24745132
24749304
24615500
24758952
24832872
24768820
24887572
26148232
26187064
24814624
24656508
24856988
24820452
24717040
24555904
30222764
24623848
25198852
24824848
24600080
24809148
24737008
25109472
25714944
24743944
24689352
24687548
24645176
24704448
24591124
24840048
24765420
25265424
24750724
24788352
24769216
24712168
24668792
24692956
24622844
24559812
24755904
24785024
24872304
24716516
24744712
24487004
24812028
24758672
24712168
24686344
24840040
24754468
24630652
24845924
24754984
24734968
24663340
24845916
24683508
24860704
24791860
24931740
25349308
25402208
24649716
25332928
24603792
24864436
24657292
25113756
24614128
24885832
24712640
24690024
25717800
24972424
24554172
24789156
24689004
24828348
24587088
24902176
24750872
24613836
24688356
24786508
24530640
28253512
32668380
24790840
24827340
24654392
24654024
24654116
24503108
24610608
25454128
24806984
24656212
25498072
24562404
24655816
24940848
24826492
24606096
24666156
24819536
24695100
24703272
24835940
24714604
24614564
24907092
24838836
25815556
24669564
30263076
24702400
24721044
24812944
24672680
24673608
24564636
24786956
24615484
32527148
24574536
24605376
24832580
24604284
24563300
24752708
24639136
24738124
24614912
24568108
24518252
24660652
24879484
24863328
24634944
30505220
24891128
24922144
25024096
24877960
24841828
24697540
24610296
25348136
24735940
24725928
24909048
24709064
24612488
25003704
24640364
24582548
25429312
24680428
24697788
24661492
24842056
24741264
24627948
24807748
24656980
24717504
24895644
24594232
24668276
25143100
24895496
25166304
24750692
24735080
24593076
25163100
24580400
24793036
24803932
24603868
24577576
24575944
24869272
24883264
24624752
24789780
24787364
24675540
24859388
24631380
24641564
24855008
25304328
24766848
24567188
24614036
24579544
24613084
24817924
24683392
24807364
25089244
24685668
25156108
24539216
24754240
24634688
25258800
24629148
24687440
24657496
24780036
24709296
24554664
24904052
24859960
24679904
24841020
24547968
27159492
24821288
24630652
24622248
24870152
29773568
24597672
24797096
24543612
24837648
24915464
24574696
24746212
24778176
24757104
24574548
24644656
24696628
24656636
24760748
24680696
24847944
24659216
24800080
24558468
24848380
24643156
24706176
24649176
24703776
25770784
24791944
24549308
24658944
25434088
24648668
25367936
24969088
24608196
24640444
24549476
24564776
24741456
24609416
24576760
24946228
24551660
24706400
24765520
24590716
24853204
24948324
25531536
24774504
24688592
24827440
34241004
24595168
24632660
24847936
24673972
24720816
24933148
24732688
25190000
25069080
25148860
24486916
24738128
25991128
24795420
24913968
24621152
24655348
24599088
24781036
24803476
24673872
24894484
24564096
24990304
24641528
24576420
24599556
24910224
26247056
26062976
24708244
24626444
24808452
24764088
24785420
24984032
24681068
24698928
25003080
25255008
25217896
24815928
24831360
24580060
24711020
24616316
24782072
25300744
24842636
24793668
24729580
25027572
24694960
24809868
24791620
24736112
24989520
24638616
24864092
24762220
25011112
24857500
24956328
28821368
24733896
24985804
24800048
25073780
24732480
25019792
24901588
24689832
25046492
24782972
26481340
 
25164036
24933812
25043544
25048224
24857512
24658788
24825388
24945668
24872668
24856088
24926684
24849340
24809548
24831616
24831380
25122132
25040276
24794056
24912324
24859240
24799984
24831740
24948100
25171676
24855180
24845420
24951352
24828280
24741920
24854420
25727492
25597580
24957360
24846516
24771796
24861148
24838580
24993704
29079256
24853140
24903872
25216388
24690028
24822832
24956480
24737032
25820924
24936640
24826536
24864828
24747556
24710140
24727640
25156480
24837204
25049924
25109556
24853372
25190320
24900272
24948732
24966780
25674472
25114724
24921420
24817520
25449296
24742976
24890644
24927140
24928860
24960324
25003032
26397936
25938276
24810560
24747168
24761008
24857488
25117804
26687804
24824496
24722212
25104056
24776548
24709688
24831948
25628440
24962528
24941332
24849296
24712108
26451444
24831592
24742836
25222068
25123180
24830176
24942868
25022700
25058392
24910524
25025920
24917108
24921784
24866756
25005648
24831312
25015588
24888400
25087340
25160512
24848976
24970088
25088576
24921524
24832212
24931776
24960548
24841384
24850436
24847728
25016928
24950696
25148088
25012752
24915628
24882552
24935440
24846444
25095640
25053736
25230864
24887140
25295728
25055840
26246604
25980640
25087484
24998300
25016092
24931348
24898328
25092808
24817696
24660824
25261612
25165548
24921708
24961660
31129732
25102036
25097496
24787464
24989244
24760704
24715008
24614112
24847044
24907448
24971648
24889604
24849176
29117888
25117292
25237668
24851764
24902028
25851200
24676732
24787516
24865820
24902968
24944716
24857220
24708816
25064716
25376412
25169972
24972620
25137284
25082496
24799244
24899996
24951952
25030780
24799348
24922832
32653904
24847124
24885716
24750348
24932612
24745204
25088716
24665676
25002796
24850104
24831884
24911692
24924788
26575656
25171436
24736760
24909604
24900460
25023084
24862052
24843068
24731772
25072428
24967348
24964040
24930760
24844396
24963220
25003196
24750348
25806572
24956052
24822980
24634896
24695692
24897824
24651812
25687052
24722784
24958436
25216400
24824608
25048284
24820952
24845916
26451584
24970364
24842768
24767996
24937448
25246028
24922540
24856780
24765676
25078656
24947048
24730840
25754424
25147716
24742068
24735292
24928496
25184568
25652592
25327588
25455732
24837252
25170328
24959796
25280792
24984736
24785872
24745340
24860704
24949568
25121612
24938476
24996596
24821620
25317348
24833272
24918296
24739836
24817292
25195536
24735216
24905692
24799456
24819276
24865848
24945596
24919868
24702548
25023600
25268152
24861076
24857208
25037716
26444516
25121752
24769816
24771540
25159040
24786636
24807392
25128812
24919340
24816928
25014100
25564972
24981996
25480184
24860452
24991068
25096924
24856060
24948456
24758524
24823600
25624496
24799156
24922900
24829412
24815448
24864032
25285868
24855932
24924260
24997232
24895776
24630640
24667232
24723544
24778336
24786856
24831948
24819152
24975172
24835896
24907588
24903416
25080880
24969344
24904292
28728900
24717068
24744900
25040180
24687568
24966460
25025708
24694408
24931832
24622788
24714196
24615768
24669808
24726016
24594900
25534736
25376140
24805832
24751280
24674496
24842588
25020832
24861032
25400932
25043504
25016036
24828804
26087996
24865076
25217560
24957040
25568632
24787912
24913600
24866744
25124308
24949916
24939996
24805748
25261068
24768104
24966700
25179672
24628092
25194724
25029256
24753484
24948848
25968556
24958820
24918768
24804664
24974628
24701160
24799716
24725708
24706016
24829196
24693108
24744796
24856048
24750164
25509596
24809400
24788720
24649636
26381104
25176340
24885056
24771296
25025080
25029660
31966368
25380420
24761396
24806860
25025428
24782836
28068004
24944084
24870288
24822964
24891936
24919612
24746168
24788364
25406848
24928076
24999988
24980960
25163124
24820916
25121752
25474996
27056044
24785456
25010436
24897228
25439180
24994476
24937520
24950064
24690308
24841556
25004488
25171724
25245924
24692464
24711196
24572580
24650352
31008516
34351172
25347864
24863664
24822592
24883296
24629008
24800868
24879424
24679180
38144184
24988024
24799928
24655864
24666348
24745260
24794580
24722108
24838544
24910540
24897940
24656348
24711564
24708412
28393140
24654112
25135876
24728324
24766548
24714360
24744592
24780332
25110780
24998524
24780992
24979104
24612312
24770836
24718048
24783268
24786948
24737688
24865540
24886636
24754772
24797052
24751824
24775576
24819212
24711168
24693336
24900948
24749928
24916080
24663784
24789168
25230984
24748068
24803536
24879284
24867360
24747664
24845720
24935472
24613356
24690936
24700560
24748612
24733256
24699912
24794804
24977896
24941312
24924764
25145428
24725404
25001716
24828324
24671008
24777704
24811744
24796300
25033828
25188516
25097400
24969172
24787412
30730800
33010680
25134788
24521340
24672708
24779468
24865840
25565684
24776328
24759592
24818564
24857732
24843036
25162092
24724076
24839000
24904164
24686648
24789384
25001684
25048904
24864812
24993632
24821988
24724908
25141040
25008276
24778044
24803024
24846144
24714356
24948376
24871224
24900520
25200876
24746452
25302180
24958952
24850476
24739080
25094196
24925604
24635548
24786660
24932716
24894928
24570236
24682948
24729412
24682028
24789708
25415472
25209484
24943000
25013428
25083024
25012660
24804716
24845412
24666248
24726176
24846764
24814744
24752956
29046628
24693644
24579956
24724616
24878180
24973692
25014548
24635608
24984892
24747244
24608616
24901740
24782524
24825268
24677296
24842460
24945696
24785144
24910388
25039104
24651564
24836808
25206352
24696092
24655236
24857468
24758644
24670576
25022492
24633528
25043328
24707452
24720256
24882968
24726448
24747244
24750152
25009424
24777120
24854744
26093896
25153332
24941752
24758300
24685544
24819484
24668548
24925420
24865324
24928120
24839696
24714800
24748992
24896108
24741820
24753664
25571124
24766972
24706160
24666568
24982184
24681696
24716460
25322160
24722688
24650612
29383884
24769604
24626004
24882420
24605760
24629108
24848536
24570212
24725472
24727016
24516012
25237956
24648392
24942580
24759300
24890840
24983972
24849020
25086108
24806436
24894624
24924072
24874796
24949748
25325676
24791148
24648100
24486992
24656548
24660248
24731536
24788084
24748116
24872996
24636128
24632164
24626056
30440344
34349480
24856588
25271764
24675960
24829808
25653344
24638520
30584068
31501908
24805308
24705372
24790496
24548072
24821764
25344420
30401444
24919272
25221232
24946672
24727488
24738264
24877520
24854220
24958648
24698824
24743056
24632732
24931468
24828400
24822428
24624720
24888180
27061452
24791084
24924700
25122632
24543832
25154876
24705768
24957080
24849616
24918588
24588984
24591644
24827216
24606792
24923544
24881636
24742408
24663104
25200120
24740840
24676284
24813116
24549404
24584312
24836240
24994392
24795612
24699332
24788964
24804204
24831964
26325948
24585988
24772788
24788364
24795860
24721688
24877632
24650740
24771940
31732316
24845256
25277748
24667308
24707424
24879908
24735232
24785336
30795108
36073280
24657240
24799924
24639080
24662936
24951184
24600060
24614756
24712760
24851908
24787920
24894220
24815876
24608060
25127548
25232692
25836796
25165560
24703040
25356528
24909140
25165888
24597376
24638572
25823792
24802196
24774312
24729656
24720288
24710900
24666404
24868560
24787492
24736240
24882948
24629796
24726252
24844228
24751628
24653856
25183108
24995224
24728988
24879116
24804432
24763488
25113168
24819856
24593112
24785532
24794084
24913224
24878848
24862620
24526524
24674908
37883144
24839864
24807448
24871472
25188168
24594964
24789780
24894448
24633372
25034652
24692732
24604952
24838460
24757320
38508648
24799476
24670124
24689444
24634140
24743000
24622052
24811136
28967696
24730632
24778524
24953192
24645404
24697868
24834980
24620248
25691616
24873864
25836808
24823892
24708128
24777824
25904836
25176096
24757188
24691120
24846024
24678248
24749960
24597552
24870364
24655988
24704012
24551588
24636016
24642204
25177864
24747888
24812904
24652052
24765276
25258104
24841060
32248684
25115764
24797440
24955692
24814788
24918416
25092668
24590860
24520544
25610764
24763876
24862828
24750520
25047424
24913536
24616076
24697384
24862736
24507984
24584540
24641196
24848964
24579100
24762248
24891568
24633036
24490544
24622852
24936944
24869116
24574660
24889912
24650740
24613388
24598652
25075548
24623284
26180708
24586104
24616588
24647712
24805556
24876160
24607116
25049244
24589700
24667380
24915696
24796964
24614636
24602800
25756444
25151184
36448980
24913756
24694244
25482236
24732488
30003372
24744044
24721668
24610268
24746732
24685872
24691616
24589672
26032644
25421932
24978860
24534948
24822404
24766476
24900196
24926844
24849144
26223444
24654784
24644828
24823872
24730356
24622008
24641980
27242608
24581392
24909212
25703500
25293848
24767624
25349396
28136272
25079184
24728972
25295500
24536120
24609104
24524244
24995812
24642340
24618640
24680004
24798920
24655688
24524284
24696236
25078388
24645376
24781176
24800644
 
24643716
24539440
24725932
24576424
24529852
24643780
24996092
24867036
24652028
24590996
24509896
24661168
24810120
24823900
25104296
24831976
24863932
24922920
24765420
24601200
24955084
25712648
24751384
24580680
24647692
25089132
24885172
24858224
24860104
24729500
24665792
24734852
24565696
24722736
24722412
24707560
24611872
24750088
24620704
24769844
24586092
24632584
24594104
24781504
24667312
24568632
24621648
24594712
24672936
24669024
24618936
24654084
24613320
24880312
24610348
25470316
24676228
25311144
25289152
25395564
24671564
24700116
24826316
24607440
24661144
24700356
24713016
24637768
24767280
24837664
33386536
24652964
24646896
24554356
24682116
24558648
24753292
24812180
24704176
24805444
24586040
24772996
24719716
24674888
24685524
24667084
24857656
24777584
24724232
24700820
24909236
24854204
24913232
24746912
24700260
24809560
25127440
24628684
25061312
24897536
24528524
24653688
24595652
24641928
25109772
24975436
24707232
24870716
24736932
24906584
24750196
25594820
24597892
24801996
24882784
24897384
25247976
24796248
26302152
24893892
25539792
25394020
25194868
24856996
24628972
24678180
24728140
25681128
29880976
24910952
24512900
24900832
24728024
24685828
24898216
24731448
24939656
24713632
24598188
24629776
24840116
24719332
24779240
25163096
24672432
25316468
24855316
24848128
24642904
24650340
24769332
24718692
24882080
24656496
24771084
24871384
24796916
28142476
25010736
24933932
24820360
24856992
24525252
24539732
24749928
24757212
24916948
24787904
24779692
24715420
25251104
25237048
25168020
24657532
24763756
24996800
24828060
26135176
24785828
24792008
24799164
24740596
24565544
24952120
24725212
24896128
24868364
24733544
24748884
24576744
24719040
30830224
24671348
26032568
25544172
24870612
24764000
24716468
24640884
26176852
24629888
24609172
24605516
24711984
24927120
24924088
24639816
24624424
25015276
24864616
24722592
24547340
24671284
24908824
25083764
24630052
25106176
24819236
24625016
24823660
24942020
24772636
24790000
24903744
24964304
24792980
24513556
24818792
24653368
24624412
24702200
24719316
32077192
24837892
24683584
24690624
24965088
24758208
24837004
24710296
24688504
24711692
24872288
24793892
25121196
24559736
24709744
24730952
24965576
24732460
24620296
24574804
24609736
24632100
24888292
24712800
24665516
24568848
24737428
24681084
24503804
24496016
24567364
24584756
25286712
24436396
24522080
24531688
24590156
24611248
24594348
24566528
24777964
24625028
24612112
24700744
24810068
24861080
24571180
24590128
24501076
24693248
24659924
24577460
24865416
24654864
24687248
24637980
24783712
24612300
25642648
25083500
24583012
24787364
24633612
24761724
24614068
25041960
24610660
24959336
37413984
24756376
24981952
24807640
25520016
24821324
25024544
24760376
25116856
25023216
24661352
25393652
24821572
25328772
24569216
25857888
24641116
24673840
24856528
24748028
25259256
24734596
24754912
24762168
24776148
24730108
24862896
24836104
25237540
24992692
24627208
24780584
24675304
24652692
24993524
24898276
24840932
24825912
25279832
24672192
24775696
25148088
24752248
24849936
24880980
24776180
24849648
24744844
24871668
24730236
24808180
26807920
25083348
24890444
24910696
25060536
24928832
24702856
24639940
24688504
24879204
24781132
24754768
24746276
24965368
24925048
24845492
24582000
25049956
24822552
24724236
24778864
24584528
24775020
25388576
24891836
24687992
24731860
24782744
25981036
24639252
24780104
24898364
24898360
24854104
24558548
24623656
24831968
24769776
24838892
24608100
24644572
25141056
24717596
24625000
24842256
24752796
25252712
24687416
24712488
24674232
24901712
24699248
24976528
24728388
24626468
24860992
28307752
24704412
33272816
24652440
24864760
24826816
24735756
24555936
24589584
28393692
24834388
24604428
24866248
24648916
24778812
24733024
24741660
24812132
26925548
25247064
24663584
24603884
24635960
24701904
24974576
25338536
25195680
24739672
24779292
24816080
24633252
24770648
24839100
24662404
24593296
24662364
24740760
24638540
24647636
24697452
24719676
25084088
24907456
24667532
24928872
24691588
25236168
24583028
25035380
24585180
24741756
24712448
24894068
24631660
24778700
24674764
24697776
24644680
24792600
24688224
24610184
24576324
24936056
25818796
25081848
24789908
26485368
26764440
24702756
25177800
24721424
24544904
24716632
24527852
24726164
25124556
24543068
24839064
31564452
24920504
24845492
24699336
24933108
24589948
24866168
24670592
35527452
24701564
24617124
24763712
24821264
24725108
24722748
24769304
33729380
24762796
24692668
24781636
24632720
24804996
24627952
24614700
24751700
24760588
24567720
24736144
33903884
24779668
24636192
24660556
24780088
24834892
25064044
24756104
26136644
24664964
24675640
24950780
24933804
24736608
24859444
24976112
24705152
25366560
24689740
25160872
24791792
25713492
26899144
24863236
25755228
25435252
25326028
24857392
24774180
24573404
24744408
24633196
24991188
24712600
24450348
24565484
24617016
25066292
24957240
24610852
24834836
24551092
24912416
24790292
24700960
24628472
25749744
25423896
24649428
25637920
24808036
24682004
24664600
24850680
24666892
24558028
24781320
24701164
24765924
24675940
24691760
24676392
31586496
24545908
25786388
24949940
24546204
24855112
24568960
24803248
24635332
29699348
24798924
24654956
24594028
24870460
24542976
24471732
24437036
24569944
24481628
24591432
24691324
24604736
24486344
24606204
25938872
24524988
25019500
24548676
24888148
24719300
24496644
24485856
24878060
24942556
24636852
24780828
24695488
24547064
24847016
24687192
24601660
24966068
28514544
24839300
24747052
24630944
24628744
24627816
24694140
24718864
24875340
24821700
24906132
24863880
25010676
24546140
25230412
24723828
31967420
24849700
24541460
24658424
24551284
24818500
25074664
24733944
24965376
25028032
24857984
24647832
24626276
24755812
24838408
24757544
24864532
24740096
25029988
25083144
24548392
24551488
24892512
24936148
24797744
24544684
24811548
24582884
24642332
24587772
24727752
24749256
24985320
24624468
24546632
24958308
24582324
25063336
24591516
24802696
24788404
24485360
24701332
24735592
24662928
25314360
24717504
24744552
24761772
24624316
24680976
24755684
24766764
24836028
24680912
24578548
24892344
24576812
25019220
25037096
24562284
24559016
25001068
30092968
24828296
25045432
24866500
24984656
24836916
24731072
24849576
24786016
25064296
24792776
24666116
24794680
25027024
24706948
29143108
25143060
24769552
24892192
25411656
24728788
24870432
24858708
24751240
25433912
24538224
24923236
24769624
24633928
24707088
24854900
24523348
24610940
24659600
24789288
24656168
24811680
24741492
24753844
24900528
24852144
24568604
24975132
25356840
24708552
24648236
24744256
25101472
24727156
24787996
28720260
24660244
24791288
25038748
24925528
24438140
25154464
24890816
24809668
24589956
24893104
24536608
24711156
24897204
24982360
24817472
25357304
27462212
24856176
24536644
24948056
24582888
25080392
25363536
24836588
25055808
24883880
24888808
24744112
24641688
24545468
28944780
24865884
24545484
24586060
24466152
24807840
24738172
24582980
24614864
24598856
24814440
24520548
25088032
24721440
24603832
24922104
24806304
33786360
24680308
24721496
24732948
24532036
24641064
25940028
37615860
24620712
24875524
24690432
24486224
24717220
29562296
24648016
24621632
27179688
24773240
25340808
24497760
24782088
24733976
24595596
24708024
25998484
24625924
24676424
24712072
24716528
24585816
24643296
24785348
24797304
24876256
24740656
24801944
24946804
24719540
24546508
24706672
25155312
24771348
24694212
24732532
24492504
24711628
24657420
24782912
24952656
26048344
24852256
24572024
24573856
25392104
24521792
24718872
24935084
25410824
25140168
24711204
24654432
24869400
24827088
24796600
24759116
25308368
24674984
24689064
24858800
24951808
24985408
24565588
25033228
24646976
24590356
24780248
24873648
24572536
24813220
24827760
25133924
24725668
24828180
24695456
24636052
24522896
25068816
24770188
24645260
24996508
24804788
24701824
24607812
24808252
24784660
25383832
24778252
25841528
24564684
24738116
24708944
24855572
24794380
24653268
24756812
24647084
24765236
25576992
24733460
24642472
24873400
24813840
24567176
24529984
24805704
24895840
24745940
24511708
24523716
24975076
25115952
24566800
24571248
24610060
25133872
25534344
24764116
24738540
24671616
24706948
24614188
24562124
24651760
24708340
24885216
24625132
24752856
24533556
24893044
24670544
24765544
24517852
30234756
34317232
24721804
24701792
25787156
25424756
24947592
24816672
24639976
24490216
24613312
24570600
24491852
24760152
24710396
25018328
24557660
25007936
24524616
24675936
24612744
24521392
24595448
24738372
24598860
24872716
25350528
24718868
24827504
24533964
24648392
24603908
24541620
24789300
24535824
24615672
24576624
24691136
24615988
24506880
24739300
25728352
24534600
24792468
24754492
26479904
24953616
24596932
24655712
24488432
25490664
24810592
25180336
25567816
24779936
24630908
25341560
24636480
24658564
24673956
25095784
24724008
24563196
24655532
 
24659708
24646192
34600248
24637528
26011528
25772624
24592704
24885412
24757368
24760452
24745796
24633176
24650104
25152104
24630540
24735328
24800972
25573972
24833940
24673748
25140112
24825632
24908304
24769824
24617156
36981532
24645136
24572452
24702956
24641364
24850812
25025264
24594220
24793856
24665096
24905224
24613016
24766924
24862228
25120544
26372568
25642896
25968256
24506200
24763292
24809020
25474116
24949536
24676244
24825768
24805932
24580320
24860028
24651460
24694276
25908396
24942724
25323620
24566644
24754748
25295616
24649184
26000032
24635644
25084644
24917504
24532304
24759964
26086692
26019108
24673332
24736328
24601228
24670940
24602204
24784628
24607588
24889740
24456424
24504688
24592564
24818460
24816592
25085072
24831328
24535576
24541304
24880288
24799392
24548928
24871412
24738528
24535160
24803620
24695964
24596576
24640164
24807476
24619000
24769728
24593556
24924100
24475432
24788128
24538004
24759148
26337724
25957816
25610724
24815340
24771052
24943568
24662848
24575916
24762092
24581404
25989136
24733648
26221220
24527244
24704428
24507040
24560420
24782368
25255200
26241788
38755924
25486464
24925552
25079092
25167332
25117064
25829572
26131756
25119496
24662976
24645220
26237080
25515604
25542972
24583852
24624876
25636744
25116116
26128592
25542452
26039844
26184180
24860508
24566324
34803660
26057708
25985772
24593864
24495720
24665652
24642640
24501764
24695240
26292828
24508972
26111440
26088104
24519260
25398820
24911804
24608004
24458248
24535360
24678748
24671488
24606796
24610840
24638432
24452464
24690728
24766620
24725900
24710628
24849768
24810828
24643224
24590896
24641988
24672228
24698284
25116432
25005464
24984424
24830596
24660880
24752480
24680068
25024856
24770480
24822316
24823144
24769452
24654188
24648548
25393348
24511140
24703896
24860612
24698756
24797360
25422988
24661068
24591612
24591384
24608276
24726660
25989336
24689704
24449436
24538884
24715420
24599060
24707420
26266172
26041960
24478144
24681476
24537296
24804520
24740840
24614356
24774888
24598268
24792928
24626680
24868680
24508700
24804660
24645180
24887724
25012916
24630204
24848004
27697836
24767976
24528424
24653576
24591272
24513364
26228404
35156508
24794296
24862932
25044036
24510668
24687152
24541632
24700044
24644136
29291696
24987340
25522328
24778200
24605476
24693684
24718232
24728412
24522116
24524944
24742500
24541668
24625136
24594716
24517504
24641732
24531624
24794388
24654272
24574888
24756748
24495860
24903932
24806804
24513696
24617172
28005900
24649324
24585632
24985624
24902220
24801200
24749476
24570148
24818408
24341436
24683556
24566844
24606392
24523672
34968184
24598388
24550760
25346108
24695432
24569064
24651192
24768560
24634272
24835872
24583068
24623928
24688096
25107204
24755072
25015472
24553904
24896672
24660616
24769340
24919312
24571064
24754416
25211620
24652788
24551220
24592492
24481072
24516100
24648936
24613184
24711724
24454676
24712596
24693016
24745492
24687844
25952784
24804944
24586868
25121024
24650664
24602500
24572612
24678820
24658384
25992264
25003836
24710788
24747720
24862356
24614288
24813272
24532592
24934060
25103368
24844932
25033312
24850400
24818700
25001800
24766524
24777824
26113956
24412068
24757108
24555300
24691508
25537832
24797676
24769708
24683952
24678756
34705524
24847332
24679440
24634436
24583620
25618040
24729784
24637016
25031800
24540900
24659396
25051928
24351268
24529564
25008060
24828904
24788828
24517488
24486984
24583840
24658820
25316444
26301676
24931168
24556136
24601412
24693600
24797288
24658656
25512772
24907204
24834984
24655476
24583756
24578696
26131256
25016756
24632836
24698300
24676060
24759424
24570340
24558460
24581400
24605960
24537244
24628288
24712432
24694372
24734648
24634796
24642204
24786292
24828212
24687408
35416088
24652780
24596760
24594456
24781748
24525288
24534616
24677008
24610032
24580784
24811672
24601836
24805100
24595876
24854448
24542084
24778872
24602684
36335396
24573316
24587228
24556884
24988092
25174816
24803896
25346828
24738524
24657104
24705920
24800984
24840856
24709716
24654584
24459680
24558912
24638968
24836024
24658668
24592352
24779536
24826792
24724744
24517132
24782284
24867504
24738772
24708232
24923488
24603224
24498688
26059400
25553232
24846988
25019152
24583180
24660776
24795868
24985024
24645596
25181416
24815144
24588552
24608288
24802684
24634412
24698284
24627776
25211452
24553208
24723060
24967732
24670292
24719536
24861680
24510688
24514084
25750740
25028520
24765720
24725112
24789512
24928728
24657580
24632860
24553984
24707336
24752168
24614256
24761648
24895248
24738480
24665820
25525420
24653340
24697672
24604688
25108496
24895872
24830420
24742224
24857352
24637772
24896696
24619540
24782528
24721884
24844548
25991240
24989416
24835236
24768352
25006804
24636656
24990304
25154460
24579192
24809892
24722280
24878048
24726012
24665932
24620304
24599492
25167228
24520224
24631384
24867772
24720096
24517328
24730644
24644096
24571088
25161180
24936972
24787636
24835048
24851452
24465620
24566768
24689500
24533816
24835496
24766284
24612992
24547860
24502940
24756264
24907316
24861392
24652512
24691632
24802624
24841024
24611812
24660372
24733864
24530456
24662476
24639772
24863924
24678448
24701396
24708408
25037544
27268840
25080844
24621644
24511436
24635224
24905508
24604368
24768404
24804824
24709564
24517120
24708212
24504784
24598736
27360488
24813920
24545720
24575828
24729340
24585624
24796944
24772764
24696848
24819796
24556684
24794228
24695972
24602500
24699120
25214384
24732192
24801808
24810088
24937532
25133556
24905480
24677876
24550272
24815136
25092856
24838120
24573604
24904512
24623596
25075952
24463856
25131308
24613236
24646712
24476696
24626332
24727188
24965224
24576292
25084704
24789396
24540184
24918300
24622932
24566164
24733544
24672920
24714984
24824224
24724524
24840108
25134120
24978616
24863256
24653456
24712184
24714228
24686236
24707648
24636648
24612196
25033516
24759448
24845616
24725068
24653736
24820116
24609500
24744160
24921484
24822748
24524456
25869080
24985144
24731312
24581120
24536436
24469408
24540236
24965648
24672200
24529676
25101932
24559120
24734652
24585936
24730500
24609544
24522240
24687748
24748408
24622340
24998080
24723656
24626260
24541348
24512704
24791168
24746160
24905892
24694380
24708172
24715972
24817688
24560668
24472128
24836544
24740984
24836444
24807056
25289072
24614080
24978224
24528792
25070572
24903520
24575764
24520628
24706036
24635192
25332172
25097560
24620180
24581540
24687032
24629220
24645116
24604968
24677028
25084112
24718096
24781288
24976624
24811172
24845792
24807868
24705372
25218356
24823072
24728788
24767960
25039868
24601472
25707256
24699248
24781032
24629772
24837312
24708276
24982992
24673696
24529788
24691900
25410384
24660264
24926128
24676228
24747956
31582960
24506312
24745928
24618228
24572128
25009168
24787164
24559464
24797316
24754072
24572768
24763604
24718188
25046700
24603108
24890088
24575680
24703080
24710344
24538784
24624932
24892748
24829812
24621184
24673092
24542436
24612820
24587796
24670444
24923360
24795084
24680676
24673440
24481368
24772632
24793960
24614976
24719000
24569952
24948444
24664912
24788112
24897776
24967648
24757560
24410688
24718240
24725416
24823324
24618208
24648816
24786896
24683080
24498504
24602604
24884612
24642552
24959036
24737828
24768700
24870068
24818192
25574444
36425476
24791648
24624236
24625760
24717548
24808204
24687808
24685044
26389756
28808960
24722848
24694392
24734640
24596876
24774740
24578636
24908800
24870136
24864424
24965604
24607540
24941016
35075320
25448760
25046188
26123600
24457664
24838040
25106232
24922348
24853836
25538100
24744528
24722544
24559220
25132952
24817684
24681700
31857124
25040620
25662048
24668128
24884632
25025144
25056784
24620956
25896660
25422304
24746024
24805296
26246948
26338140
25166452
24879792
25071444
24949376
24467116
25114748
25002424
24558432
24699796
24726480
24699260
24688592
24767992
24761676
26280544
24609116
24645200
25053344
24674936
25461672
24736368
26180788
24725684
24769868
24607384
24794324
24759056
24569116
24799756
30536720
25169472
24733060
24665248
24830264
25227344
24668888
24463688
24624132
24738976
24658836
24976176
24527724
24729848
24751636
24609848
24515952
24774028
24966604
25674104
25186488
24782768
25526096
24694304
25210768
24848192
24519932
24559768
24559528
24778304
24554484
24728548
24595028
24777512
24695016
24602264
24793416
24552724
25033264
24805464
24644288
24816860
24679944
24750772
24897420
24735196
24508960
24735984
24555236
24831584
24878504
24463988
24608904
24583088
24629996
24732724
24561476
24594516
24710768
24543832
24714948
24668364
24841624
24836488
24648692
24453936
25182668
24862320
24996184
24811584
24739468
24708684
24778360
24828572
24534944
24815444
25037376
24649576
24687092
24819008
24802936
24473552
25251424
24554568
24639640
25158156
25108204
24735212
24918996
36952752
24623004
24886332
24569528
34251232
24749288
24643708
 
24821252
24661512
24613976
24643364
24602632
24699204
24558620
24862000
24642968
24567980
24724976
24646884
25355692
24716328
24663980
24694852
24542304
24543152
24642272
24483396
24596280
24586460
25182632
24526224
25507712
27197068
24612692
24674692
24593072
24586916
24588164
25840148
24683164
24773984
24877692
24676176
24680412
24565532
24582376
24562156
24779840
24540324
24571096
24729704
24693536
24727860
24576512
24795676
24709120
35033328
24787492
24890336
24740068
24859920
24805608
24651664
24828276
24817364
24889468
24981272
24952964
24697272
24998724
24991256
24577912
24542416
24715628
24695680
24649136
24641000
24670604
24654748
24571504
25285996
24770044
24625616
24898052
24600784
24810396
25107732
24815152
24584272
25079664
25167684
24671580
24824044
24982272
24749596
24848064
24749468
24610392
24983752
24716792
24904016
24636584
24889080
24772176
24850228
24744432
24565528
24568144
24713552
24596188
24796052
24501412
24551356
24724276
24791428
24437264
24682052
24868364
24884376
24896612
24984820
24846172
24823364
24654684
25012048
24758132
24567788
24988080
24728536
24609072
25144992
24733820
24740968
24987580
24673964
24805604
24840492
24779096
25107708
24897880
24685108
25259424
24924740
24677516
24941552
25660656
24794788
24693152
24554928
24568204
24827468
24662136
24858600
24928852
24746068
25276192
25005020
24552188
24772460
24575616
24626652
25256820
24625416
24696292
24551360
24635580
24825108
24622408
24723968
30535332
24608132
24847940
24597356
25885024
25035320
24599132
24566576
24947780
24967348
24568408
24508972
24568680
24818200
24792916
24556628
24573472
24671412
24902884
24796492
25051964
24739812
24750116
25443576
26185300
25461276
24945008
24886388
24673184
24779312
24868688
24844216
25357688
30521944
25107412
31206668
24762104
24663368
24709140
24820568
24621412
24782996
24705080
25052764
25639496
24960768
24612692
24573048
24854172
24866168
24694128
24558644
24812752
36505624
24848664
24712356
24632812
24549032
25184224
24646208
24684876
24568784
24995376
24727324
24651096
24522456
24783656
24856100
24770852
24682588
24558816
24577180
24573468
24553400
24557512
24681152
24604124
24526084
24526612
24892764
24908012
24553728
24625456
24809676
24734948
24861484
24605196
24517208
24830328
24855252
24753644
31713168
25509288
24509568
25059156
24669496
24624012
24777676
24703308
24657404
24576444
24628688
24593624
24592324
24938540
24734164
24683496
25393564
24768168
24772092
24777572
24734240
26148036
25112580
24727648
25470284
24699068
24636804
24827316
24674280
24702760
25729344
24773764
24645500
24662068
24548676
24557832
24583740
24637964
24541524
24905656
24666412
24652012
24837508
24836340
24815528
24602396
24921656
24785120
30132912
24952676
24663396
24782556
24676552
24689180
25256920
25264332
24657332
24692688
24890000
24772736
24560388
24559052
24815668
25363184
24655560
24934556
29300972
25397852
25031992
25035836
24909516
24844660
24869108
24630480
24782980
27014788
24599900
24688308
24894176
24590260
30207712
31670992
24507148
24520632
24792380
24759720
25389724
24563728
29675252
30411056
24798528
24588348
25005756
26218540
24612156
24969912
24536156
24672172
24501492
25852340
25292336
24578788
24586792
24908132
24554516
24676872
24712392
24763420
24667328
24565936
24685976
24566960
24793196
24603404
24491160
24523808
24554704
24532796
24653864
24530724
24852688
24745904
24847672
24743660
25066460
24775396
24693924
24734264
25445140
31486744
25612440
24865036
24676620
24727040
24745988
24680988
24839660
24793116
24621740
24954888
24660732
24680444
24689276
25020288
24828992
36206220
24746252
24694884
24568328
24777576
24845680
24762244
24687868
24889476
25006472
24956800
24792328
24882536
24683168
24883444
24832988
24666816
24613224
24920960
24666444
24903496
24797876
24745088
24765076
25099580
25265200
24646368
24723516
24804016
24717272
25444724
25001676
24735488
24528932
24674908
24788112
24586548
24684736
24750628
25024528
24637888
24735180
24796760
24655668
24610660
24821304
24819480
24562444
24585792
24655184
24774056
24709124
24596716
24541300
24608576
24817884
24736488
24860732
24824612
24873452
24996844
24772828
24695864
24648532
25171232
24830304
24753760
24800176
29103080
24759456
24669044
24680440
24725984
24950804
24792936
24596632
26000940
41543764
24797708
24655348
24801648
24945756
24913236
24625212
24621400
24820020
24766832
24892344
24620028
24821884
24729904
24700216
24804192
30745032
24774620
24955412
24682864
24939976
25025188
24544996
24910756
24641816
24690004
24854856
24866976
24618300
24763176
24602360
24587372
24670612
24763232
24655432
24674848
24849176
34834560
24739684
24820912
24580656
24868820
24883516
24601992
24752012
24783360
24700148
24621000
24899028
24589396
24501360
24730944
24662896
24764112
24650664
24636976
24832988
24768456
24698180
24743268
24876984
24616772
24811100
24814436
24794728
24654068
24948160
24640428
24625776
24763640
24934476
24536252
24595136
24900352
24701108
24759888
25123456
24722676
24901912
24918948
24696768
24826388
24819440
24607688
24692040
24879264
24858444
26014104
25010096
25076076
24544104
24867924
24985608
24649504
24604252
24635776
24790784
24723548
24679492
29475024
24680940
24768424
24721724
24561560
24585096
24608748
24549956
24677184
24671472
24727584
24663180
24662412
24636056
24729592
24589200
24725664
24739844
24568216
25080332
24948212
24597308
24752008
24659308
24594624
24617588
24507368
24820760
24647252
24768104
24832448
24769608
24550504
24724644
24716172
24695676
24698536
24807036
24856268
24819912
24650088
24697700
24947732
24670260
24820684
24673192
24580336
24754640
24688140
24643944
24584236
24724588
24749728
24478428
24759796
24887160
24663132
24671628
33072848
24601272
24563140
24935916
24866180
24808632
24659448
24723064
24794244
24537552
29754188
31369092
24548460
24894152
24761040
24669836
24831136
24696056
24635280
24971444
24828936
25401236
24633252
24820064
24699488
24782732
24576284
24632984
25044740
24802344
24696520
24828528
24623708
24885984
25026248
25104232
30371580
36194292
25731468
24855800
24600664
24654256
24898836
24636104
24591144
24727296
24801392
24585576
24759932
24825856
24645160
24820824
25018836
24553912
24582376
24799104
24922112
24744372
24566396
24605416
24711720
28952308
35338336
24654728
24516688
24563072
24828212
24871424
24645220
24566596
24757444
24543608
24520656
24570268
24781068
24614744
24754812
24909176
24767824
24862020
27627956
24802716
25017924
24922568
24690088
24835148
24944228
24646496
24702996
24727888
24766196
24749848
24836776
24531852
24541568
25459664
28818412
24733440
24708084
24815196
24630784
24725288
24530604
24809408
24567280
24573864
24480572
24725100
24609288
24756748
24785868
24741928
24667688
24680692
35396296
24705932
25021976
24685336
24573124
24912196
24702692
24897212
24681848
24618612
24800904
24691272
24615544
24939840
24607248
24711728
25049832
24838272
24670708
24612100
24624588
24622008
24882700
24822968
24716664
24651236
25109196
25695432
24769024
24776952
24727740
24685476
24948120
25549864
24814340
24539688
24721480
24956704
24612836
24620440
24513976
24806404
24811628
24585772
24882552
24466612
24968744
25243544
24636168
24775584
24670748
24703868
24926824
24588696
24649484
24708748
24579900
24761276
24894036
24605776
24736620
24702116
24954020
26381188
24747320
24900288
24600996
24883740
24796880
24887696
24627912
25899948
24706740
24640504
24753652
24922148
24711116
24803056
24692756
24714772
24876068
25069008
24791476
24906504
24691672
34025036
24830468
24728292
24743340
24615924
25098036
24523616
24605424
24780320
24754640
24705424
24819064
24950780
24662772
24814232
24759932
24867732
25017388
24989352
24734228
24664000
24851568
24634992
24687052
24704392
24771452
24731876
24599892
24689332
24781468
24858444
25568472
24942984
24917136
24827604
24863204
24630252
24615488
24603216
24744688
24677860
24762004
24846800
24600524
24823140
24667056
24422308
24604668
24666808
24722676
24498760
24522760
24751240
24634320
24531384
24802636
24832928
24718680
25085812
24662276
24826608
24821196
25255796
25106032
24788544
25100844
25038376
24938132
24835776
24861508
24605536
24880112
24681672
24637376
24713864
24782628
24692452
24777480
24691084
24558576
24867584
24706904
24806480
24653028
24693256
24998596
24786948
24614100
24552980
24601320
24647496
24837016
24905160
24737312
24530984
24647756
24734048
24836504
24830008
24578652
24886748
24908868
24645060
24787828
24630600
24805664
24506180
24582776
25027348
24741124
25335764
25011596
24663628
24774328
24716496
24786208
24541184
24783876
24698424
24697240
24734528
24722140
24705456
24685184
24696160
25241136
24642964
24716192
24807864
24871660
24677860
24962336
25585780
32148880
24638672
24925176
24606980
24510456
24602256
24660332
24649884
24913592
24768784
24638328
24923784
26108760
24769396
24748164
24817704
24882408
31255752
24891436
24792328
24936512
26376016
24759440
24705680
24563356
24680460
25184400
24956008
24648468
24569164
24871804
24647484
24656968
24683540
24828000
24760284
 
