Procesando...
  Filtro             : sierpinski
  Implementación     : ASM
  Archivo de entrada : lena.1240x756.bmp
14592980
13660432
13819232
13747836
13786956
13837380
13718484
13692868
13768296
13830996
13847660
13779948
14051584
13758596
13810320
14751716
13806132
13704972
13741028
13786080
14013480
13842220
13788880
13794324
13728224
13758564
13863656
14191640
14065076
14103900
13803240
13839628
13992188
13823416
13850808
13882236
13871368
13822900
13737624
13763320
13768276
14016008
13858432
13751188
13683756
13800112
14107020
14973516
14079116
22255544
14169152
14055992
13996092
14162128
14008596
14129248
14081336
14041588
14108272
14051472
14038720
13995572
14206544
14482728
14373964
14111516
14056416
14057628
13998180
14027340
14275220
14007880
13881516
14005932
14080640
13909312
13896756
14211820
13970472
13911048
13862272
13933828
14140656
13906412
14051172
14093216
14103728
14005472
14074992
13894740
14996040
13981024
14059392
13967476
14284000
13972028
14092660
13980220
13996400
13737192
13793692
13787264
13838652
14147648
14197212
14131572
13988712
14126712
14094620
14335944
14031788
14437660
14031384
14030348
22285332
14015960
14059024
14375532
14329340
14113732
14131160
14351156
13971436
13928552
22167668
14084644
13867944
13938400
13674616
13762092
13776604
13841792
14895576
13950160
13911656
13886044
13748872
13812444
13798460
13852312
13849248
13795880
13896368
13796680
13916164
13842412
14141364
13992052
14252752
13931892
13930732
14247784
14067864
13878980
14018088
13917552
13863768
13878208
14073616
13895184
14015584
13921160
14007480
14079008
13876448
13854248
14096836
13889036
13815912
13801512
13886036
13677652
13884436
13907764
13963124
13976924
13994316
13974420
13904044
14038700
13963460
13935096
13804632
13904264
13760940
13766792
13894240
13725920
13869408
13849844
13774736
13751224
13733408
13771368
13615308
14060232
13765172
13826840
13788632
13876756
13951136
13820944
13784296
13817812
13834080
13834500
13967832
13795128
13743044
13837164
13905040
13783496
13837904
13857700
13853068
13785832
13736524
13771304
13787300
14155708
13782876
13916540
13748564
17121684
13878252
13828828
13817256
13852760
13931112
13814960
13773380
14056780
13852632
13877400
13746560
14464784
13950600
13760700
13873284
13877628
13900172
13745868
13740208
13769040
13744372
13774912
13845960
13838496
13806928
13838272
13686516
13759408
13741236
13846560
13873908
13831020
13712500
13808568
14009024
13747688
13711904
13771560
13967012
13790408
13873120
13794912
13733672
13783916
13749264
13810096
13734344
13834232
13857252
13932740
14059284
13767456
13759768
13761016
13799716
13779352
13820756
13873352
13924648
13730384
13830632
13857280
13872804
13868072
13791084
13872908
13745192
13811768
13770644
13962688
13828820
13770024
14133668
13704316
13790888
13872356
13795332
13813544
13775148
13818944
13850908
13915640
13765520
13854484
13828244
13861616
13896808
13681404
13765236
13776468
13958620
13610368
13867784
13831320
13811844
13752976
13956736
13855980
13760012
13789716
13831760
13774984
13778376
13815288
13772820
13938668
14046976
13829504
13844400
13795364
23995660
13755568
13779612
13812716
13770116
14009876
13782480
13812724
13657996
13753552
13899844
13775056
13781588
13739580
13750528
13711508
13774868
14776148
16269368
14253832
14006884
13749596
13787024
14072400
13796388
13805704
13983580
13804812
13863732
13743144
13799836
13816448
13865952
13815064
14007128
13741400
13738780
13763208
13919656
13833972
13904740
14006396
14243584
13744256
13937532
13781832
13735908
13859372
13817512
14022732
13824720
13828436
13979748
13763444
13992224
13780104
13793508
13997496
14068412
13863704
13952732
13805972
13780444
13746420
14420932
13810580
13981536
13873992
13773784
13754032
13756508
13725236
13818132
13803804
13896840
14018492
13698572
13722812
13786768
13798092
13771112
14093292
13748112
14053036
14102560
13995752
14037828
14402016
14156524
13766288
13787780
13992728
13808904
13763052
13676272
13703576
13777456
13992696
13840908
13795708
13676224
13727320
13801580
14041624
13847032
13798212
13802960
13858760
14073384
13766492
13935992
14497500
13946872
13760684
14000708
13887584
13782152
13721780
13797664
13786480
14042988
13837772
13853656
13751956
13939248
13911072
13934032
13945788
13949936
13875608
13767916
13699828
13811424
13814852
14599212
13761708
13731048
13782908
13853996
13818344
14088292
13782644
13732800
13694284
13805144
13952124
13816740
14016252
13866476
13778700
13710604
13818636
13834292
14051620
14185136
13954560
13952364
13993856
14299996
13775212
13868052
13944668
14102804
14039508
14109408
14091804
14069424
14282232
14254700
14159824
13948868
13915720
13768632
13770280
13863380
14124652
13953200
13788440
13833784
14117932
14044984
13902380
14193648
14209888
14077112
13975420
14035552
13880448
13915884
19326684
14114044
14078536
14043492
14092436
14152532
14147012
14326352
14129516
14322856
14059292
13974816
14335996
14163144
14100644
14452168
14117012
14229816
14169692
14098980
14051144
14171052
14103312
14397232
14246264
14213860
14117588
14063776
14110040
14254600
14113152
14164724
13985652
13978456
14125720
14478892
14094404
14068824
14144288
14101696
14023040
14049064
14191716
14024408
14084348
14082348
14331008
14006108
14062516
14027028
13941120
14152848
13978620
13917792
14158600
14180088
13986720
14139356
14359916
14061928
14075312
14132868
14043148
14015168
14183996
14093696
14052360
14391056
14117660
14089244
14062872
14020268
14064372
14141808
14000172
14381524
13886056
13889696
14007580
14109348
13978828
14044676
13927368
14008772
13763916
13724332
13748284
13938124
13837148
13895948
13806656
13700692
13639380
13778748
13732596
14089008
13804412
13945796
13992708
13826760
13788776
13711436
13726484
13731628
13815248
13726572
13994760
13825916
13979912
13857132
13762500
13833828
14017548
14343004
13819504
13760688
13741060
13774364
13797228
13860876
13959544
13799604
13786708
13707868
13843820
14111188
13779584
13846524
13803240
13728644
13732812
13838476
13746260
18045320
13801020
13855692
14082372
13761968
13777508
13768644
13924052
13860088
14037124
13747652
13785712
13863680
13763456
13822696
14076828
13847012
14063124
13834204
13702588
13761052
13773996
13986520
13817716
13792324
13805244
13795224
13731360
13672600
13604260
13824440
13811316
13672608
13821924
13755400
13713512
13892760
13877264
13925164
13798136
13792880
13820292
13836164
13704964
13917496
14035552
13856564
13874028
13763184
13947032
13898112
13768832
13785860
13838840
13837656
13766372
13822856
13699988
13716652
13760192
13861184
13793680
14027128
13773468
13781588
13755700
13739412
13657860
13822400
13944892
13789328
13744804
13714084
13759108
13860808
13867880
13812968
13781456
13764420
13759444
13804048
13784476
13920952
13837984
13781200
13713184
14024208
13814972
13744624
13829484
13837556
13833296
13792756
15266216
13909540
13798952
13839040
13822944
13999512
13824612
13770888
13722712
13832360
13859440
13809492
13879684
13924548
13743336
13743428
13818156
13757424
13810632
13805468
13910164
14109336
13813656
13939624
13816104
13829260
13891940
13822100
13826908
13807588
13751404
13917712
13809404
13987368
13703160
13957360
18679168
13779344
14012828
13847704
13799836
13873248
13838352
13797596
13964156
13794020
13974108
13874068
13957932
13757032
13723976
13876452
14044512
13818704
13813892
13806884
14192720
13926052
13868008
13740176
14575504
13620320
13921464
13806780
13764480
13777804
13773968
13916892
13851988
13870940
13823616
13828388
13789308
13783924
13814324
13960768
13853796
13964404
20119980
13789368
13805528
13746344
13967776
13826500
14118832
13764612
13917428
15093612
13799100
13816632
13824508
13953452
14032952
13858204
13822508
13920348
13840784
13734732
13947600
13792008
13935392
13948772
14026388
13876832
15891560
13753260
13805548
13815516
13766584
13873196
13856228
13920812
13798316
16704604
13773964
13813716
13843240
13852324
13840736
13798364
13762432
13781836
13807280
13848896
13815884
13889432
13856872
13823888
13766600
13806072
13885636
13927972
13811480
13812816
13788868
13845328
13779452
13813104
13944868
13837484
13766676
13748212
13769416
13877268
13752192
13838428
13960152
13776848
13893912
13933272
13802100
13733936
13820200
13850688
13787716
13751724
14850792
13749860
13807420
13822760
13979108
13849252
13718768
14005504
13742144
13821916
21842748
13882644
14022040
13789220
13741444
13731392
13754276
13986300
13842744
13779936
13895572
14076864
13721080
13757736
13852560
13841792
13793032
13773276
13970636
13718268
13764848
14048420
13835628
14316992
13821412
13604952
13772580
13665316
13769680
14078856
13822696
13803136
13778160
13980608
13957792
13754864
13943900
13870956
14091584
13792004
13755936
13844728
13773572
13754596
13876284
13801924
13750188
13842336
13805252
13701876
13732568
13829108
13875696
13838608
13789072
13762068
13800228
13868196
13803912
13792584
13894832
13840664
13695760
13793152
14022560
20019916
14042044
13826252
13818264
13753288
13737424
13812680
13798080
13821420
13838372
13783896
14084276
13746596
14041412
13798836
13820344
13824136
13829428
13942124
13720836
 
13874224
13799656
13810488
13832032
13930792
13849668
13733756
13736320
13783996
14051268
13810704
13828908
13822020
13737724
13990848
13780792
13801956
13821800
13826444
13812008
13771520
13932664
13789016
13806884
13873696
13785300
13825260
14034728
13754452
13745912
13789712
13890536
13947092
13853404
13891188
13837996
13829412
13784596
13864988
13848988
13847184
13743084
13794936
13791264
13733144
13777684
13851268
13872260
13783124
13911664
13809052
13980676
13752384
14049940
13841228
13759884
13843604
13776644
13769112
14013776
13854944
13809864
13789488
13811692
13772868
13797524
13628720
13576532
14107588
13834844
14563508
13770412
13811724
13720668
13897368
13842348
14124600
13767300
13753984
13783616
14003260
13805640
13903848
14156492
13837596
13737880
13810104
13782572
13747312
13881968
13882408
13801508
13790276
13844056
13815304
13914368
14072628
16899520
13816288
13724348
13758660
13763640
13838952
13854340
13829064
13766348
14018964
13809760
13771020
14003648
13821584
13845636
13765104
13736452
13746820
13887860
13784980
13848236
13825148
13964540
13787168
13785692
13864364
13777228
13818040
13849840
13860416
13788848
13955652
13753752
13882120
13712256
13843348
13756308
14049084
14210420
14126768
13845816
13813460
13795740
13892972
13746168
13755356
14060052
13806060
13761324
13825044
13828304
13807820
13735492
17809128
13806036
13828924
13832396
14093492
13856232
13918996
13835928
13778848
13961928
13836804
13787460
13748848
13780588
13949056
13831532
13844976
13813112
13687068
13825100
13960464
13772644
13892544
13778256
13830524
13856808
13793024
13906340
13670716
13902756
14031936
13841080
13838440
13859392
14026344
13785784
13766484
13786676
13830524
14017268
13814712
14028472
13782436
13702232
13652344
13817192
13845840
13736592
13997280
14063068
14008328
15098292
13727836
13939428
14039888
13864952
14041224
13795600
13656148
13805116
13828080
13804712
13838096
13882944
13862276
13731564
13765632
13819808
13837180
13816952
14067452
13798712
13765936
13758792
13815728
13913784
13786212
13822836
13957936
13771080
13765216
13773168
13827792
13901116
14280284
13804340
13725432
13764508
13701748
13893608
13839964
13843032
13895660
13786592
13764636
13756308
13780844
13855564
13754876
14007904
13944400
14119392
13856396
13761396
14004528
13898076
14045988
13797740
13937940
14021320
13732952
13725584
14040176
13823356
13766972
13747492
13917292
13975688
13814304
13949556
13786392
13746108
13834804
14040864
13882608
13770776
13989364
13863060
13822396
13871984
13730016
14099904
13770236
13822668
13804160
13883880
13800284
13772624
13794316
19582316
14064944
13830248
13812748
13806820
13809152
13804216
13824288
13868036
13845296
13853304
13865168
13926480
13744392
13770444
13829264
14113472
13810792
13776692
13886712
13705796
13757384
13970064
13857852
14033624
13807976
18555380
13708048
13977096
13785540
13901052
13779652
14142880
13921252
13732676
13569576
13855136
13885636
13611800
13733408
13813740
13816812
13833444
13808956
14000252
13836724
13717240
13770920
13812488
14061920
18078948
13808436
13821028
13756344
13722196
13910016
13856376
13842720
13783512
13987020
13808760
13718220
13768824
13836108
13891940
13807324
13841424
13881628
13755840
13781652
13797652
13824412
13779756
13788588
13866432
13759356
13864884
13898248
13870936
14035996
13765580
13601468
13808932
13743204
13755436
14067584
13856664
13813000
13768692
13722088
13832736
14061552
13818480
13799064
13700504
13819920
13778796
18003720
13786860
14076124
14049052
13816836
13837228
13887520
13959100
13788036
13725184
13917572
13842388
13889852
14055580
13705276
13766536
13851772
13892820
13803616
14063976
13763816
13973308
13787812
14267828
13830256
13755956
13817072
14029100
13777540
13925180
13810624
13823012
13817804
14073360
13953324
14016036
13829872
13761940
13888408
13855844
13816124
13818564
14040008
13755600
13913968
13810712
13894648
13816836
13822120
13827060
13780884
13738604
14020400
13874988
13801740
13949140
14058792
13826640
13766248
13900784
13827944
13841264
13882644
13960536
13737104
13786964
13832880
13651684
13939800
13790672
13855088
13877736
13749432
13848724
13798348
13758268
13828124
13885692
13839052
13770212
13936016
14053612
14073104
13737836
13857940
13832800
13831804
13756668
13887924
13783504
13818512
13858000
13867380
13975184
13744104
14080124
13867252
13781628
13791296
13867464
14044492
13758056
13759052
13763016
13721236
14747732
13902096
13830244
13877940
13801312
13802632
13791376
13759952
14111156
13859744
13834332
13819832
13793156
13743720
13753040
13897704
14060040
13875800
13769596
13789984
13774196
13812440
13727516
13811700
13878652
13794132
14822800
13738900
13805864
13785860
13886576
13870492
14071468
13806808
13816568
13827404
13782968
13901112
13875508
13897256
14018032
13770204
13813164
13860864
13821736
13963124
13816808
13917160
14141440
13827604
13791520
13789456
14139040
13899316
13872232
13869392
14051972
13794556
13780720
13916292
13864004
13813124
14077416
13811384
13824076
13838940
13805912
13855812
13804260
14051920
13736372
13749420
13864056
13848628
13806532
14131904
13834636
13774072
13732536
13767084
25627296
13884364
13884360
13842048
13722504
13719464
13943412
13996280
14010520
13683952
13693000
13784680
13913660
13754100
13747960
13805828
13852292
14080712
13799500
13736124
13906940
14756904
14035956
13800828
13905148
13786504
13789192
13777052
13843344
13849940
13977196
14011432
13824736
13775640
13800264
13846704
13841100
13843724
14076024
13773420
13712352
13887560
13780044
13762748
13801936
13785172
13888356
14148720
13952308
14066024
14373784
13672508
13793456
13849848
13892608
13828768
13925556
13825460
13833512
13734860
13869844
13847372
14047872
13776284
13834704
13722652
13785968
14059544
14080456
13876180
13787104
13785700
13939796
13817624
13812648
13858040
14121464
13784080
13940396
13774988
13828448
13792980
13850028
13859664
14048676
13794268
13769120
13786636
13777552
13955268
13852348
13863832
14011704
13816732
13773544
13749072
13818768
13899280
13851552
13785764
13827756
13827252
13816832
13726092
13808464
14150068
13906808
13772956
13792844
13789628
13765484
13878540
13840252
14070592
13767784
13727612
13802308
13750868
13834684
13845908
13852996
13774508
13760684
14017152
13826684
13832636
13833640
13833284
13760608
13765688
13858968
13769440
13761736
13949248
13847612
13749012
13873600
13739844
13782060
13639900
13792992
13720592
14019568
13759200
13760612
13655336
13854052
13842688
13754124
13701992
14438860
13769584
13876712
13984712
13842252
13833116
13803232
13802480
13754352
13999764
13815204
13858032
13992792
14073532
13905292
13798080
13759308
13852504
13678848
13817028
13784628
13981088
13710620
13988716
13827856
13850904
13796944
13853932
13806732
13733884
13753396
13987792
13840620
13823528
13771560
14077268
13848616
13752528
13753108
13852920
13850852
13856640
13752912
13986952
13862984
14013268
13834580
13778860
13978412
13786488
13757900
13805952
14331488
13777968
13878248
13990144
13765664
13957652
14093200
13741724
14000440
13841928
13854984
13753000
13878072
13768552
13862316
13843420
13702644
13801044
13840696
13998300
13866476
14027348
13716328
13753588
13981604
13816596
13878800
14526680
13823808
13770948
13788652
13809964
13748604
14035052
13799132
13761092
13934560
13972392
13836820
13773292
13734308
14027772
13838652
13722488
13758192
13739396
13853248
13759984
13896900
13780912
13797884
13802504
13993276
13806076
15414612
13755324
13751364
13764704
13849904
13862336
13783736
13760236
13715868
13660872
13714780
13795876
13849368
13778132
22264428
14634852
13833240
13999092
13794788
13823376
13749760
13645392
13770176
14105784
13822672
13816956
13779320
13952580
13777352
13886172
13844344
13844172
13887304
13794828
14499392
13950316
13764076
13798252
14456024
13818308
13780068
13779480
13799608
13962772
21329500
13858184
13845992
14010492
13810580
13738088
13865452
13994520
13836212
13826488
13893700
13836656
13697596
13749004
13782260
13795384
13826992
13846508
13829292
14889176
13717964
13877360
14026044
14009936
13788828
13779612
13868056
13952884
14090936
13844516
13863112
13862884
13804048
13964912
13995720
13706264
13786988
13897284
13857804
13815536
14025140
13835164
14885372
13765804
13895520
13658344
13837388
13904580
14030696
13820444
14000716
13792784
13843168
14759520
13772656
13808040
13760816
13795768
13756560
13811408
13872680
13790036
13771976
13792800
13778488
13745056
13902128
13878284
13842176
13812852
13864960
13621756
13816240
13822776
13850128
13905344
13847720
13764616
13785504
19045820
13644344
13695256
13886412
14056212
13687912
13759384
13836116
14048288
13839240
13819480
13851160
13991476
13800324
13839424
13793436
13826852
13844244
13868900
13799636
13785408
15845160
13916652
13839384
13807400
13843368
14047816
13735272
13946364
13816472
13974992
13916004
14037928
13779560
18294080
13786712
13790584
19408580
13985956
14109720
13844772
13803160
13787160
14031068
13755448
13921540
14035916
20441964
13766620
14004912
 
13785996
13731296
13799324
13890392
13796136
13771712
13803988
13875664
13780568
13880284
13881700
13881912
13777980
13748116
13749944
13933000
14072516
13819112
13863368
13883560
13792752
13939248
13765004
19073868
13816584
14018476
13886216
13829668
13720656
13761468
13810320
13894576
13848200
13847320
13838308
13797228
13768756
13850624
13817544
13516588
13872752
13861656
13790248
13765196
13806832
13761324
13880548
14159524
13926328
13709300
13790080
13792068
13795288
13818256
13775584
14019880
13840740
13742720
13717676
13792640
13789648
14048096
13787824
13816492
13823204
13724012
13770076
13921888
14061692
13831508
13778484
13829028
13695916
13747564
13809836
13741060
13678412
13827860
13870444
13970960
13814140
13924016
13990696
14106860
13983292
13783144
13832956
14029616
13737460
13828248
13881040
13945036
13927064
13799720
13911148
13866472
13869920
13957184
13757160
13737608
13970288
13919920
13822488
14098376
13823012
13819456
13742240
13875188
14164892
13781932
13813272
13892952
13826284
13785968
13713356
13846560
13755136
13841704
13920220
19578360
14094380
13873020
13767736
13784188
13814600
14132904
14114568
13809244
13732084
13756520
13799400
13770748
18941972
13813336
13914132
13796344
13725020
13904072
13781032
13823420
14032248
13809000
13780408
13740520
13925248
13855412
13824156
13833384
13971224
13833316
13963392
13817212
13805264
13925564
13772428
13720188
13978780
13803508
13702684
13770988
13887612
13874576
14122076
13774196
13766220
13874668
13763852
14083296
13884688
14135844
13763516
13836092
16144724
14134916
13729036
13849124
13940700
13840468
13806636
13819380
13901584
13994888
13660488
13836748
13983056
13817240
13829928
13830884
13905212
13887484
13861632
13853064
13983968
13799228
13720272
13886144
13764564
13842624
13863952
13810652
13820628
13796072
13851244
14023900
13936132
13886100
13754644
13748916
13966336
13853544
13775608
13756412
13819008
13897764
13853192
13771104
13815588
13803588
13835740
13748716
13856136
13878504
13865620
13804020
13650636
13841016
13809324
13853704
14036976
13797212
13755860
13799472
13862736
13838568
13792972
13809952
13848416
13761628
13736784
13819856
13889252
13775652
13853280
13834636
13818516
13688580
13769720
13824404
14091036
13795072
13829312
13744052
13753304
13757028
13775308
13976020
13809404
13666192
13846088
17801384
13773672
13873032
14084596
13803172
13798432
13813960
13799240
13763260
13734104
13968048
13752236
13790936
13869580
13805284
13716096
13957244
13819044
22059868
13837340
13754016
13929768
13728224
13738336
13855084
13855084
13819404
13780112
13841328
13737600
13751148
13964540
13816520
13735312
13817872
13827336
13879484
13795848
13747916
13729508
13798512
13869780
14494208
13836156
13847028
13732716
13722032
13988152
13772292
13841208
13821072
13812768
13864388
13816704
13776764
13779972
13988712
13784784
13778952
13853472
13915852
13775588
13809592
13788416
13924084
13804316
13828616
13817908
13821852
13971512
13786020
13934000
13736300
16254244
13808228
13843284
13776544
14137504
13887192
13940212
13701696
13726252
13837752
13813852
13834664
14006984
13825712
13906980
13777928
13807740
14066912
14123280
13911008
13974152
13763644
13732876
20432888
13937704
13862740
14000836
13771132
13732552
13785208
13937896
13739416
13850552
13912424
13875476
13748604
13734992
13793292
13745728
13882268
14023808
13813284
13771324
13730900
13815972
13774468
13838332
13851372
13843712
13801988
13829056
13791756
13833184
13849416
13826588
13901520
14064900
13799656
13848544
13892932
13828204
13854748
13816152
13873364
14030736
13953896
13788136
13827072
13864240
13788908
13909832
13870468
15184748
13799560
14039424
14243284
13943160
13959424
13783248
13887496
14074156
13760736
13907776
13838828
14098276
14067932
13846252
13841384
13797068
13993924
13817964
13910836
13856876
13964320
13742944
13769936
13866116
13669184
13776056
14035188
14029108
13807412
13908072
13836152
17719872
13734884
13842528
13868680
13762668
13787320
13790780
13866524
13847556
13932660
13813412
13820940
13673388
13856824
13789116
13806796
13850768
13820744
15792776
13914964
13865612
13909960
13765956
13971108
13861932
13834620
13864152
13857568
13741088
13778464
13870828
13808948
13742356
13754532
14768128
13898384
13817112
13774732
13832536
13765144
13788320
13740888
13807140
13736620
13838652
13830984
13810420
13934588
13805292
13807708
13878156
13697644
13845212
13923960
13882932
13839932
13779408
13869564
13833276
14052952
13774452
13790980
13816732
13788000
13751892
13860584
13840340
13753436
13805036
13838120
13867740
13797864
13828164
13773008
13812500
13841316
13791668
13815360
13765956
13743768
13761696
13823288
13800252
13977364
13754844
13750416
13776848
13869724
13828656
13761568
13753052
13778860
14017960
13942424
13910336
14000276
13817972
13790984
13885476
13829400
13895808
14009608
13843872
14020532
13913720
13811436
13748812
13695244
13773768
13988188
13831000
13766728
13723524
14037420
13962068
13820360
13715256
13721060
13708872
13741568
13758452
13805108
14004488
13732744
13787644
13777156
13900680
13980176
13848188
13754052
13735304
13786720
13900924
13898608
13850916
13856348
13877308
13813048
13718980
13804232
13882940
13876180
13738044
13731168
13909448
13937840
13791156
13868176
13780436
13768420
13795484
14059972
13806888
13777080
13779876
13825456
13792100
13805652
13677368
13777480
13760896
13744860
13963996
14014968
13753356
13701880
14101464
13855132
13802620
13764672
13833228
13942952
13769500
13947176
13897804
13809360
13760160
13885672
13851492
13857056
13748904
13787476
13773304
13698312
13648872
13896304
13798796
13942800
13759452
13997640
13844864
13772968
13967792
13767400
13793112
13811300
13828164
13837528
13690660
13774944
13761000
13898632
13762024
13778584
13874548
13871336
13812360
13787868
13817128
13798528
13811916
13855904
13893444
13976228
13796944
13955392
13878984
13838008
13967364
13782144
13698540
13809248
13928816
13833404
13840892
20196900
13978184
13850128
13801264
13759140
13826952
13844724
13920512
13851636
13737528
14044984
13863604
13749324
13797584
13745116
13851864
13843592
14007148
13809012
21616036
13786296
13817228
13806992
13807172
13818904
13913536
13782216
13793968
13794180
13842400
13811232
13953284
13723756
13784744
13858696
13876928
14073808
13873304
13735640
14094892
13806200
13812320
14069172
13815924
13784680
13821752
13822956
13826200
13748332
13803744
13813564
13816116
14031344
13931188
13805340
13790792
13790812
13828592
13878352
13807764
14012924
13656764
13928428
13747692
13830804
13794324
13783928
13771688
13914868
13813976
13761864
13781912
13825848
13753876
13816240
13788364
13816664
13777956
13791856
13876724
13908192
13736888
13662072
13776436
13863352
13919100
13789888
13826908
13791068
13776596
13816928
13874816
13930624
13719748
13813276
14055680
14069664
13773992
13770024
13835616
13759880
13827516
13880540
22112420
13747116
13805908
14183856
13891780
13798512
13749260
13756776
13686620
13611440
13636548
13834080
13804324
13741340
13761864
13760880
13852816
13792696
13843772
14188508
13834976
13764280
15296004
13840952
13803176
13929820
13858732
13796972
13928688
13794128
13873208
13853664
13736044
13786628
13817632
14115932
13879488
13902600
13756744
14031304
13837876
13879852
13825032
13670604
13928684
13834516
13996916
13904548
13815240
15302900
13865620
13832832
13850876
13828716
13731212
13752448
14050472
13857484
13831160
13791596
13973212
13861972
13877092
14056128
13736412
13832084
13814168
14060288
13650724
13766096
13843832
13904008
13866292
13778784
14132508
13931936
13723212
13795020
13855172
13788488
13772420
14120624
13725616
13759400
13862120
13855256
13782296
13741992
13833704
13856632
14126128
13645552
13840492
13739712
13729176
13850476
13904620
15618480
13756432
14013720
13864252
13990380
13731244
13959196
13974184
13844364
13767116
13978980
13769784
13752480
14044876
13922680
13879936
13776396
13726396
21333612
13884276
13907368
13992000
14002432
13818444
13722368
20055020
13930960
13759316
13749236
13830260
13921132
13698344
13632360
13790204
13892864
13704784
13793688
14118396
13794976
13848920
13938272
18213936
13754932
13754516
13839632
14008948
13714332
13821916
15098188
13853840
13782600
14000740
13892852
13860152
13857592
13820788
13802728
13727372
14108384
14095876
13724760
13741824
21070084
13749740
13817804
13800496
13806400
13985704
13902380
13831836
13882108
13753748
13766804
13828112
13882856
13819780
13839016
13752540
13723856
13808924
13915176
15881324
13734696
13920640
13984984
13839232
13825144
13764256
14068468
13797404
13920664
13835860
16949744
13925560
13781524
13815772
13874108
13998988
13806508
13761852
13770764
13977076
13937916
13853176
13730524
13867784
13855276
14021540
14062864
13850788
13840404
13765148
13860340
13909236
13870052
13822984
13923336
15787404
13855668
13858916
13844824
13841952
14127760
13958360
13859796
14066104
13747552
13791876
13852800
13771096
14080308
13840760
13724896
13792724
13828196
13902668
13804796
13719356
14244472
 
13828484
13776100
14074644
13851972
13772500
13743332
13667832
13865728
13752544
13784744
13763552
13784264
14018024
13780728
13832352
13845612
14015672
13779924
13967040
13791696
14049088
13823952
14635564
13748240
17657796
13865028
13968432
13765220
13724640
13819796
13782168
13715492
13807280
13877432
13835404
13815172
13780300
13956384
13768560
13844208
13899704
13794596
13723512
13828820
13748728
14033400
13778676
13774640
13870032
13807064
13899008
14179456
13818280
13981248
13888380
13843164
14024636
14062288
13745424
13941316
13911096
13797220
13784264
14096844
13812524
13764268
13758784
13848564
13878836
13774340
13601124
13925680
13799196
13857288
13875320
13807020
13785924
13833148
14051952
14038412
14026032
13770628
13850616
13867096
14040324
13891744
14019992
13719648
13876668
13873392
13872140
13824068
13841112
13810376
13831064
13861084
13872056
13743696
13913084
14003568
13881192
14002388
13774132
13791024
13924840
13834356
14884500
13791972
13844852
13853192
13859860
13817200
14113152
13820352
13774716
13847992
13831636
13852280
13831212
13809372
14033876
13654248
13839736
14192364
13903976
13900656
14127480
13957640
13809740
13837600
14027180
13868220
13789812
13850108
13854948
13787956
13813972
13853608
13882384
13921468
16035896
13915796
13950780
13815636
13739832
14138320
14018548
13835872
13790016
15633032
13789308
13947320
13841956
13831896
13756768
13827276
13811124
14155128
13760080
13763400
13759384
13857504
13826872
14103768
13787804
14026720
13807732
13941860
13853868
13811364
13977740
13768600
13840992
13898336
13945368
15408356
13740496
13843384
13827156
13845000
13763928
13782896
13956196
13889292
13850868
13871256
13798348
13967708
13961540
13822004
13909108
13986684
13824124
13884848
13797276
13943576
13832880
13740472
13697208
15345088
13866436
13779564
13843580
13757852
13957372
13989356
13788888
13777204
13790664
13816012
13885496
13829800
13849724
26614004
13739820
13789084
13799920
14033300
13799668
13790552
13813124
13803072
13805180
13875256
13754748
13926952
13762396
13869704
13799700
13842260
13733684
13840652
13905564
13818896
13847884
13732244
13780216
13777132
13696308
13743376
13838452
13938524
13873584
13811112
13706700
13791060
13885852
13824568
13722692
14057428
13971032
13836668
13786552
13818688
13783152
13787784
13819676
13836120
13795812
13769252
13824536
13982960
13745556
13768620
13859268
14169444
13741392
13772936
13825228
13858304
14002100
13764568
13801360
13745552
13756096
13795548
13834480
13784188
13702800
13932400
13956168
14414520
13712504
13844008
13813156
14027944
13770192
13850476
14089560
22979492
13823996
13847804
13920232
13779244
13963348
13991184
13904804
13863276
13661136
13777280
13716304
14032808
14031916
14150120
13721684
13758588
14023732
13920212
13873700
13792508
13762316
13849148
13842456
13748068
13882932
13833092
13807208
13775768
13995736
13820980
13804080
13790616
13914240
14152140
13794768
13819404
13805960
14065148
13811880
13831364
13918560
13935188
13747856
13841980
14150436
13794968
13854920
14106360
13780904
13869684
14083724
14025644
13721360
13860608
13907352
13899860
13759412
13864356
13764840
13866452
13862224
13787408
13608328
13813656
13739068
13816936
14587260
13838096
13776364
13860688
13906868
13932984
13796608
13903268
13945176
13790072
13765292
13827516
13998276
13926524
13737468
13835584
13788744
14053212
13902452
13906032
13826724
14138756
13769628
14006828
13786852
13775544
13771208
20398632
13806168
13803540
13806648
13773932
13769780
13790852
14071224
13863620
13956772
13794836
13840464
13819404
13805840
13836764
13765204
13757380
13794256
18170220
13849476
13750908
13875280
13814572
13801676
13844756
14064340
13796620
13720492
13812016
13829808
13829732
13809508
13952236
13813100
14223240
13849024
13744428
13771936
14071936
14079100
13895516
13825224
14022380
13913124
13878964
13881312
13826788
13783248
13752976
13877392
14030748
13847168
13764468
13789588
13847792
13920428
13857864
13797072
13922400
13731172
13884748
13853300
13861536
13788224
13807892
13937152
13895260
13841600
14024688
13756752
13752780
13919772
13820024
18254608
13853384
13773624
13761672
13849908
13951396
13825836
13778672
13848972
13968840
13863328
13880312
13784784
13718712
13863148
13635844
17511356
13973028
13894400
13819672
18555692
13932860
13959236
13903040
13750776
13924280
13803864
13789428
13837268
13755128
13827668
13800296
13824720
14005416
13786884
13975820
13975732
14012648
13796980
13778424
13950080
13838096
13770888
17708588
13833424
13797640
13786716
13831240
13833300
14033436
13783876
13829872
13863768
13822592
13888528
13860900
13783912
14026260
13803128
13790736
13930532
13772676
13902608
13864832
13971596
13741176
13978176
13886508
14903932
13822312
13753720
13856500
13827048
13821196
13985572
13770600
13758900
13809460
14157920
13863980
13743696
13805880
14001880
14125372
13829644
13912092
13833628
13790200
13859364
13804188
13861464
13850508
14152860
13784828
13864592
13872520
13816168
13751628
13990376
13860988
13901840
13768472
13765064
13911528
13908192
13847220
13826836
13856172
13850452
13784016
13811272
13882548
13820692
13784168
13804604
13903128
16956916
13849300
13843636
13944084
13716736
13779332
13895668
13777076
13793632
13821044
13959200
13851164
13914344
14021256
13786108
13669688
13690280
13953196
13766740
14759552
13822208
21969008
13748852
13810728
13995412
13768584
13802680
13849956
13943880
13849996
13806328
13729428
13929424
13762196
13890956
13965652
13716916
13843340
13969224
13759468
13899404
13843540
13917956
13786544
13748092
13910912
13794048
13823788
13825448
13854780
13743764
13960216
13840336
13838824
14001500
13734952
13885340
13914780
13894532
13759308
13754708
13806876
13852540
14092688
13781520
13852556
13774784
14068000
13804992
13875512
13736380
13950544
13917020
13946212
13828452
13693064
13833444
13858360
13748208
13845944
13888980
13742368
14043212
13830268
14001104
13938516
13784240
13820356
13772628
13774552
13842900
13908928
13810556
14086320
13819888
13828112
13859160
13777036
13807880
13810012
13794432
14016600
13828196
13752256
13713704
13905956
13821696
13811016
13803756
13954160
13869244
13717296
13793624
14049428
13858048
13781804
13816160
13728984
13798384
13857488
13895148
13756204
13774880
13801572
13914516
13793572
13755992
13779976
13812832
13761312
13969608
13799736
14073104
13653888
13615784
13848448
13779196
13757880
14058452
14056532
13842476
13959580
13724856
13793776
13801504
13826616
13794040
13737516
13799692
13830496
13875468
13742336
13742196
13797944
13821576
13850108
13775340
13798468
13885068
13706932
13726620
13883944
13814140
13803480
13803792
13873548
13740028
13778976
14232888
13894316
14005660
13761732
13841396
13895940
13847120
13786652
13790360
14134680
13829840
13799912
14113124
13794148
14243228
13801708
13920920
13892796
13785372
13729472
13865968
13787888
13817948
14095424
13746936
13755012
13890920
13917860
13855112
13955884
13728732
13972076
13874940
14155436
13896892
19065648
13816388
13766984
13748204
13924724
13775472
14038436
13889916
13887052
13837416
13760692
13815292
13743992
13791916
13821124
13878516
13870340
13818628
13895216
13872824
13813780
13783832
14692008
13789936
13825736
13814444
13868908
13747048
13743504
13817232
13846588
13780824
13770704
14055352
13837760
13731364
13797036
13876960
13836624
13762528
14033380
13957452
13664488
13895828
13859552
14126788
13807024
13833852
13805608
13849552
13985572
13739896
13761296
13786252
13756656
13848776
14045844
13837464
14100796
13910624
13786388
13766516
14052644
13922240
13787228
13775588
13810592
14190388
14012324
13830680
14123804
13884308
14090700
13844560
13854372
13856936
13878100
13739340
13862988
13865464
14034744
13771208
13754328
13852152
13878948
13820308
13757192
13792752
14340664
14086796
13885284
13954172
13935028
13830720
14053208
20006792
13813040
13954416
13934932
13871196
13809068
13828324
13925688
13825516
13754508
13801556
14039404
13968064
13754464
13800496
13824064
13857724
13967212
13841220
13762824
13856488
13819632
13874804
13788548
13737308
22041088
13824704
13877424
13970400
13774636
13839964
13864640
13945592
13934716
13772636
13756080
13799432
13853848
13835872
14024388
13765164
13753296
13798048
13828152
13835248
13847824
13823108
13781020
13805772
13868652
14174272
13816200
13774396
13760112
13938252
13874092
13831184
13947316
13807440
13901364
13784176
13642696
13777992
13860304
14018572
13815928
13751028
14098120
13882352
14018368
13792080
20939924
13872004
13884960
13805672
13853572
13907980
13787172
13778140
13891900
13859116
13858944
13835572
13800120
13797384
13875168
15092676
13798112
13753940
13748048
13875568
13871504
13861624
13736220
13853680
13831316
13820440
14049924
13842636
13763852
13724444
13858408
13844708
13821948
13761928
13809676
13798984
13793408
13922128
13925924
13721160
13749588
14047052
14033048
13974496
13834572
13795856
13776312
13918456
13874172
13865012
16638092
13774288
14025724
13886448
13838504
13792456
14039500
13797940
13788408
 
13852328
13798504
13820504
13765952
13756456
13847744
13813004
13820776
13751752
13808700
13809796
13785916
13756892
13847544
13839364
13840172
13770456
13796344
13683788
13818228
13800000
13811372
13958564
13782656
13872536
13887540
14122408
13783156
13766148
13802700
13889752
13831668
13748048
13769220
13765344
13842420
13846088
13845528
13782416
13767244
13858344
13828148
13843064
13802712
13822052
13930308
13765980
13592352
13730016
13784768
13840488
13871356
13801872
13746200
13740100
13737472
13859592
13788820
13770980
13948932
13819812
13830524
13937784
13854700
14053500
13746092
13811852
13966428
14003144
14015064
13864656
13807744
13734260
13802328
13887056
13848712
13752156
13765052
13894060
15447488
13828380
13816016
13787500
13742096
14010492
13921004
13957844
13775192
13725524
13818708
13869072
13803588
14072904
17402980
13812176
13761788
13789504
13856800
13903540
13757000
13860108
14118156
13807480
13837408
22010780
13786988
14116208
13840680
13813488
13817916
13731164
13902560
13894432
14178664
13739120
14507808
13883432
13811784
14056308
13853324
13758204
13906208
13970220
13898128
13910056
13781048
13776688
14148556
13882700
17569380
13755896
13746072
13747404
13817220
13861164
13730084
13931916
13895024
13771528
14090320
13859540
13801784
13778604
13813176
13787944
13961272
13827880
13834084
13917740
13866008
13821604
13977408
15002328
13742580
13741868
13834560
13957288
13780180
13662644
14020416
13792448
13751528
13811520
13979448
14084720
13796644
13844108
13993200
13904200
13775828
15368588
13764032
14052388
13810384
13849060
13801772
14030876
13951432
14041088
13814872
13829780
13842348
13884960
14022760
14067828
13938892
13836192
13886088
13847416
13865460
13725308
13748700
14070984
13878956
13831396
13763636
13774524
13875440
13996916
14265756
13917356
14008292
13955740
13765660
13950696
13840628
13782184
13846824
13843320
14002248
13760772
13811652
13820800
13840160
14015436
13772668
13752964
14035108
13856444
13917188
13852752
13989000
13774824
13900172
13854612
13817072
14945908
13794712
13825996
13706956
13824640
13835984
13778948
13747492
13912328
13849192
13749024
13801096
13892492
13760228
21961880
13860668
13816908
13817844
13793888
13834104
13884184
13758596
13747940
13988920
21602388
13800488
13822644
14063152
13816688
13822860
13874212
13847328
13844692
13824884
13979188
13696476
13772216
13759984
13832576
14067636
13793152
13628696
13665188
13893596
13763708
13874428
13990356
13814356
13852216
13762200
13745176
14164464
13795540
13865428
13851876
13841528
13722200
13875664
14131044
13879344
13830700
14118952
13829928
13750652
13757808
13853964
13936400
13824020
14044336
13830504
13873140
14113464
14149936
13752400
13714812
13991276
13854532
13874284
13831364
13754884
13797856
13671976
13874296
13846772
13907712
13903444
13722108
13806448
14154624
13859548
13756108
13880408
13636100
13795020
13836040
13847408
13901056
13805064
13820236
13988176
13829196
13845752
13803180
13794360
13825836
13864936
13873224
13985208
13927712
16157796
13989356
13905224
13792636
13788224
13843540
13997300
13825168
13827448
13753508
13772480
13858044
13859188
13766120
13889408
13788256
14014084
14084056
13807908
13773588
13817156
13822796
13957604
13859964
14069260
14186156
13801848
13818164
13943356
13804456
13751820
14005804
13911500
13958636
13750468
13944772
13738648
13710708
14071996
13869732
13766292
13741368
13803356
14045092
13825040
13775736
13981720
13919748
13743180
14081288
21697532
13665576
13831432
13835836
14132448
13784684
13780276
13995944
13854740
13791604
13759708
13996520
13857748
13808076
13799356
14000812
13753320
13816604
13842636
13895428
13759740
13823796
21687596
13895024
13823536
13786220
13840732
13936616
13895756
13758020
13880648
14040208
13925068
13827292
13813424
13928436
13910024
13855904
13895612
13807792
13854340
13857676
13803548
13784468
13851924
13807108
13556624
13775156
14081604
13903132
18124156
13710664
13787812
13977088
14043924
13956692
13744012
13941524
13786484
13825920
14107680
13863652
13715540
13825372
14070860
14015440
13750852
13778776
14069800
13841740
13810052
13662704
21913108
13723972
13793208
13914284
13813424
13800296
13899696
13870752
13821476
13851020
13763708
13800700
13730756
13824088
13810588
13883652
13799200
13706888
13777208
13899028
13873312
13969476
13722708
13823468
13775120
20276696
13865088
13919128
14034884
13812992
13820004
13798552
13836396
14126856
13869832
13756236
13828892
13867696
13898284
13815304
13737020
13883968
13890396
13865060
13846888
13844904
13649432
13689240
14108484
13887044
13928856
13791092
14001404
14007692
13971368
13935348
13830212
14039420
13918580
13817028
13887432
13842356
13751012
13990620
13914040
13735900
13792656
13744352
13820920
13782220
13824524
13794472
13762176
13749472
13814264
13947480
13998324
13754428
13895952
13781368
13957392
13818976
13812632
13853464
13843344
13789524
13757120
13929460
13840360
13737552
13752616
14033344
13760884
13844992
13756128
13954024
13748360
13867280
13877576
14040644
13777852
13746264
13814704
13978100
14069636
13776136
13774372
13816596
13775976
13866732
14063676
13774700
13768536
13811436
13923860
13855156
13775156
13849728
13858368
14089648
13751644
13794728
13725908
18238928
13891444
18705800
13754596
13780684
14029020
13775120
13797768
13837840
13773260
13884516
13773924
13801268
14171152
13944132
13797232
13822476
13898136
13890136
13772676
13797716
14009952
13759192
13865880
13861704
13763228
13707580
13780572
14160116
13850164
13748476
13798252
13867532
13805840
13899584
13845392
13896032
13791820
13804492
13895408
13992580
13774328
13808452
13867964
13813380
13611396
13824160
13825792
13838132
14048748
13789032
14017528
13826220
13752052
13900120
13837300
13847004
13783480
13824376
13881264
14066676
13841956
13829452
13819440
13802112
14002348
13884176
13880900
13713196
14053524
14347468
14083312
13967032
13769080
14045564
13918380
13943940
13784024
13795480
13820684
13961080
13976516
13781516
13900168
13835392
13914900
13790604
14013576
13950940
13869252
13865980
13886340
13797232
14110208
14254064
13828848
13924444
13818876
13748200
13752676
13857412
13776412
13798100
13849184
13709212
13811944
13900180
13864896
13832524
13892176
13832432
13787828
17759308
14102584
13949644
13710168
13852888
13945692
14126348
13775652
13749816
14066276
13769084
13932288
13856068
13899292
13712832
13841808
13857356
14138920
13780204
13729280
13806712
13912256
14020728
13894680
14067900
13791764
13782416
19921804
13890484
14023692
13854912
13798016
13759036
13714012
13762244
13857284
13836760
13747976
13754132
13785812
14064308
13947428
14095092
13753876
13878668
13658256
13661348
13763284
13870564
13871556
13767524
13729248
13977188
13924928
13813112
13986504
13921788
13704596
13784324
13908568
13882712
13811816
14062436
13805784
13813316
13891052
13794256
13849252
13808112
13848652
14027184
13800140
13830004
19002800
14099376
13803596
13800712
15476216
13988068
13983452
13798160
14084132
13805056
13770160
13816040
13979136
13792016
13777828
13873448
13824684
13887304
13788344
13837484
13776480
13757440
13907608
13665096
21598044
13741636
14114548
13903312
13970812
13875808
13586588
13996048
13805616
13869908
13819444
13780608
13847104
13790052
14203372
13897716
13761552
13732348
14112936
14190716
13916728
13828668
13883280
13759616
13905632
13852484
13872364
13759296
13786320
13879288
21793920
13987260
13788952
13888272
13764736
14010616
14066068
13857820
13756840
13725328
13978320
14022392
13875556
13736868
13745956
13862416
14581868
14065608
13941976
14091420
13734596
14012732
14036576
13882524
13932476
13882360
13972264
13877176
13809076
13787260
13775016
14012064
13870080
13855676
13875012
14091276
13885104
13837904
13786296
13696724
13656368
13836772
14190420
13781376
13851620
13816108
13824492
13813660
13763440
13829344
13835304
13773704
13950568
13787184
13819188
13758356
13795036
13831940
13860500
13751684
13765388
13791612
13888744
13836316
13873708
14008212
13737788
13799552
13899856
13867500
13839304
13746136
13928696
13909764
13877080
13823312
13778280
13740220
13881192
13785060
13798632
13781252
13938816
13781060
13857808
14156120
13894120
13767096
13901568
13904624
13856604
13781092
13782600
13980144
14595440
13855756
15198328
13820764
13758388
14028028
13964668
13971132
13791864
13849628
13786488
13876200
13864184
14024504
13824772
13742432
13802720
13832436
13932032
13806728
13946332
13867164
13840324
13937452
14820460
13836220
13891136
13871928
13820248
13860888
14113400
13943752
13800196
14146660
14043324
14074148
13757576
13777184
14120572
13790828
13826008
13886032
13807648
14053536
13820200
13850764
13827016
13971592
13862640
13823944
13890332
13824716
13737068
13885316
13867520
13658860
13602800
13765852
16534464
13944632
13765880
13940000
13889612
13828412
13814320
13952252
14044608
13730148
13741492
13878072
13873228
14016720
13873300
13940224
13793500
14048072
13856168
13817560
13959464
13790248
13995740
14060528
13977352
13823672
13934720
14136300
13932888
 
13838244
13770060
13814176
13798288
13944984
13874764
13763528
13746956
13829016
14024712
13788484
13961412
13802228
14838380
14061948
13833264
14159732
14011180
13877116
13799072
14023232
14013940
13869344
13777660
13727008
13795156
14086804
14009132
13757160
13783908
13836396
13769924
14098740
13806512
13858496
13866292
13817236
13818212
13829376
13689768
14009360
13793760
13852772
13784420
13749264
13782964
13790928
14080792
13796964
14008576
13877344
13693052
13791164
13906416
13846204
13787060
13988832
13823064
13863188
13742556
13827532
14608316
13807984
13715108
13771932
13928188
13896064
13735896
13900028
13847092
13885636
13818244
13910696
13776464
13754736
13822292
13894716
13805804
13772824
13750260
13838452
13808664
14034044
13678800
15532672
13824740
13779816
14008480
13933720
13818176
13827648
13951384
13963460
13827912
14400900
13820764
13807640
13800164
13853400
13937884
13780900
13915668
13903484
13890708
13925312
13917432
13752728
13890024
20571640
13933064
13776544
13784768
13722376
13799252
14080156
13893192
14075060
13732468
13912508
13923800
13870780
14469984
13727852
13836388
13809652
13867608
13865756
13803864
14021932
13773960
14037656
13919148
13804700
13765196
13895228
13809696
13908372
13754952
13813044
13747488
13743772
13984180
13886348
14027392
13746404
13760788
14004832
13814204
13911004
13762980
13855056
14052436
14017816
13746840
13873024
13785496
13774396
13795236
13930676
13954016
13782112
13875608
13890072
13822244
13908128
13830248
13893436
14017620
13836804
13983536
16927200
13979308
13792116
13886556
13877576
13785784
13801012
13773484
14750744
13894968
13810304
13979992
13764736
13774760
13907876
13859532
14056000
13748264
13999028
13882024
13896668
13929332
13823148
13768892
13771320
16238032
13811852
13839468
13717936
13762736
13905460
13595820
13699888
13807120
14091776
13766032
13754504
13816244
13784828
13761928
13766920
13971520
13753164
13828696
13867580
16433612
13733748
13763152
14064932
13929796
13761360
13657352
13782252
13841948
13860328
21416112
13810548
13938012
13722976
13773680
13813816
13795152
14054860
13799156
13833736
13798596
13833104
13768040
13992068
13829224
13752692
13801256
14067208
13828872
13988828
13838224
13737796
13970140
13791444
13897320
13986980
13929348
13795792
13901976
13854448
13874288
13823608
13800268
13847876
13843880
13966280
13926744
13818128
13931048
13897740
13875388
13986056
13989020
13763088
14041900
13899456
13825012
13839288
13786112
13770548
13835836
13918300
13761828
13829536
13977180
13830140
13883368
13856188
13753968
13882920
13818096
13800592
14097240
22625752
13918620
13735540
13872756
13811828
13929604
13789000
13817040
13754340
13867596
13878444
13893292
13752016
13745620
14018968
13897392
13933964
13767268
14024660
13894744
13852708
13844524
13821492
13730080
13808864
19482348
14058312
13774384
13795676
13845456
13679476
13774960
13859084
13858120
13941048
13795960
13747272
13875272
13939324
13764484
13770220
13918020
13790704
13832856
13860632
13849520
13737792
13772160
13906424
13954364
13786676
21368924
13869060
13930680
13881148
13779836
13861468
14277324
13935808
13726480
13779940
13874912
13799976
13913420
14046712
13766008
13788060
13889988
19814576
13892240
13726104
14199796
13886024
13879544
13868788
14020820
13741312
14083204
13872924
13957840
13817100
13714988
14129108
13897148
13866756
13735924
13968772
13758136
13790628
13723220
14243904
13841076
13777904
15873384
13992072
13844732
13858204
13842104
13868424
13794644
13931804
13889752
13984480
13784980
14033628
13844876
14267916
13854276
13816556
13813096
13934420
13855964
13920576
13954736
14014820
13776036
13888256
21348256
14105004
13848736
13794664
13933232
18551052
13924200
13922500
14146772
13742636
13816720
14007124
13837988
13769476
13943224
13898264
13824332
14020044
14014084
13992196
13951316
13852196
13970452
13843260
13778680
13951856
13934080
13843208
13952116
13896736
14167376
13719780
13826424
13865252
13982280
13771836
14028504
14156052
14015288
13787928
13747820
13938904
13963964
13824028
13898760
13830984
13969708
14061796
13809064
13717572
13891920
14056548
13790228
13916880
13770288
13966208
13821364
13944036
13797352
13768212
13961888
13851980
13852580
13706528
13926296
13726232
13842224
13935256
13905012
18549552
13795512
13799800
14341716
14105268
13767856
13795312
13990260
13857948
13810204
13770928
13887432
13810208
13814560
14022312
13842276
13783768
13804092
13981948
13858004
13856672
14643220
14135696
16047340
15576712
13815540
13919288
13805116
13889900
13924780
13876780
13982000
13814144
14098652
14015236
13840864
13929560
13972632
13773080
13753100
13854344
13966416
13869684
13757684
13736188
13950720
14001488
13894016
13889256
13785680
13987264
13803656
14017336
13870588
13783332
13891316
14024612
14198960
13834316
13920072
13847140
13796104
13928600
14150864
13810208
13898724
13820464
13972304
13843668
13878640
13779228
13968508
13670848
13634116
14017712
13909036
13955940
13832176
13880916
13813484
13726500
13772044
13851680
13781120
14094052
13959820
13784392
13838160
13871904
14181244
13993392
15825840
14196472
13871132
14073136
16018288
14291212
13926676
14001424
13930152
14166604
13993020
13962664
14032696
13941500
13997728
13936348
14319312
13923676
14057500
13896320
13988196
14059440
13993772
13938100
14089124
14008528
13863340
13995916
13985800
14014120
14148744
14076800
13910332
13921532
13997112
14063840
13890204
13920104
13988500
14025488
13914928
13854532
13928596
14179136
13951012
13866752
13876268
14193332
13823344
14136664
13952704
14031972
13839472
13931772
14194672
14204320
13990796
13920472
13945692
13814072
14113580
14016320
14183684
13858976
14009980
13897460
14159348
13911616
13897576
13948800
13862812
13920520
13980036
13999500
13869880
13817844
13875300
14055760
13898168
14089856
13809760
14092452
13830068
13860312
13973484
13829264
13942428
14000000
14140424
14193980
13970092
13938368
14127060
14157528
13987572
14097724
13942096
13904660
13998280
13999344
13963580
13946752
13842128
13990424
14025152
14097444
13956528
14121280
13966396
13912224
13846676
14243244
14136808
13832192
13825848
13971276
13908668
13973308
13955644
13831772
13881992
14053152
13922104
13734820
13875952
13950256
13865520
13935640
14033320
14069276
13827976
13967752
14025384
14011284
13835860
13867160
13925436
14008844
13895444
13934536
13915604
13941536
13871284
14076808
13993276
14132120
13833024
13818508
14003892
16766324
13920180
13898956
13824924
14281588
14023436
13967820
13840660
14103960
13790876
13977136
14236536
13860376
13846312
13932072
13952664
13915412
13938756
13945188
13928296
13922512
14050072
14221472
13966440
18354268
13868404
14073832
13881028
25627152
13979684
13932644
13892284
13911888
14068772
13833268
13829096
14040852
14022684
13890800
13850884
14099224
13945884
14138104
13910392
14012280
13966540
13878768
13897240
14019540
14058380
14047424
13989560
13950884
16427200
13887552
13947084
13958648
13934368
13908004
13962796
14023172
13971356
14039500
13821748
14082428
13871104
13944352
14054316
14132328
13870328
13729616
14152568
13940084
13972124
14008972
13940872
13972564
13942588
14022256
14010980
13903396
13869428
13845948
14016940
13965600
13976776
13830472
14018864
13917280
17363332
13958036
13818716
14192920
14248288
14062932
13871100
13847992
13885336
14061236
13988648
13829564
13857908
14314304
14112776
13947076
13931508
13987004
13850768
13976956
14005700
14014608
13921996
14018944
13973544
13910860
13945532
13929072
14104892
13980404
13814668
14129000
13885824
14020812
13926140
13960756
14155788
14228248
14290804
14381420
14138852
14237948
14490796
14523900
14197148
14176496
14471072
14327508
14274168
14543924
13801872
13949152
14121464
14306184
14030952
13866832
14388020
13671344
14318676
13888448
17392752
13914792
14240396
14135688
14253248
14240660
14376956
13888552
13877892
14209904
14194880
13859736
13862620
13949868
13835556
13987228
13992032
14486484
13818208
13977740
14113028
13886524
13910872
14017896
13848944
17299764
14167296
14222612
13839396
14332904
14207348
14390800
14322796
14113164
14104132
14299576
14279584
14223476
13929516
13751572
13678820
13937024
14109360
13933256
13897704
13810656
14178896
13896160
13865816
13977192
14094780
13972104
13915836
13971908
14008264
13839128
13957424
14050544
14161748
14041400
14171732
14121988
14484664
21664652
14470448
14386688
14073056
13822576
14129160
13953968
13962796
13856868
14156488
14322236
14542328
14230176
14236756
14369160
14343484
13956632
13912900
14435828
13972248
13806424
13910232
13834124
13898292
13848372
14225596
13842464
13863592
13918192
14063776
13835176
13812960
13872464
14181192
13926352
13835628
13953020
13827308
13873292
14082088
14066496
14066788
14261200
14004992
14027900
14204648
13840252
13898020
19210936
14406784
14228540
13833396
14674780
14151540
14298660
14383620
14178164
14175480
22357380
14137932
14238784
13953860
13861124
13974944
13859564
13902100
14109268
13941164
14155840
13937852
14030412
14195612
19814736
13836116
 
13944116
13679740
13896192
14102180
13874624
13933240
13894012
13978848
13929432
13933332
13880852
13959268
13910668
14007820
14007844
14328192
14165784
14244380
14384368
14271656
13728880
14060416
14202600
14225532
14536368
14288164
14155128
14538320
14595496
14206456
14023456
22121548
14393160
14738552
13834068
13918020
14026376
14399432
14230076
14183736
14185084
14201148
14124004
14305332
22827980
14157152
14203380
14497984
14274888
14112048
14253916
14366292
14441404
13925608
13872192
14059636
14287104
13864332
13853240
13906432
13972932
13799376
13852572
14127824
14030432
13942328
14103672
14175868
16304196
13870528
14270048
14050024
13836936
13869864
13940208
14027072
13852140
13861124
13927652
14137060
16435324
14058756
14377652
14357048
14412904
14178288
14200720
14566568
14138072
14245016
14531536
13964244
20560744
13846372
13926516
14264000
14158044
13902960
13872832
14166036
13838332
14171036
14230516
13998340
13809032
22417100
14109172
14326564
13853536
13843284
13911652
13860156
13997376
14355476
14393236
14130200
14143708
14649524
14323768
13862660
14157100
14444024
14465584
14348700
14159988
14588648
14018196
13898080
13911892
13999644
13936892
13788144
13921124
14337348
14003024
14154104
13885156
13942716
13915788
13750304
13995804
13984792
13917176
13875556
14045740
13935464
14109080
13854404
14074340
13955684
13892872
13847312
13997268
22402984
14137668
13901580
14039196
13852908
14147920
14177748
14130556
13889128
13878984
14459080
14085632
14125868
14274556
14062988
13874972
13852292
14400588
14068472
14208500
14057384
13958328
14006788
13919168
13927952
14043168
14071096
13978716
14449100
14366896
14263548
14158860
13871464
14257436
16396588
14270124
14273860
14259620
14205532
14129252
14256188
14613788
14106920
14171668
14291100
14299448
14228040
14251444
14298724
14407716
14282100
14057376
14032108
13867200
13880264
13924552
14125896
13945960
13838816
13911104
13892532
13872860
13968372
13962524
14062320
14131380
14338296
14621028
14247236
14160608
14137352
14286504
14035016
13994084
15757816
14028656
14135896
14252624
14420212
14442896
14069628
13962388
13859452
14037876
14177892
13833100
13961376
14172652
14481912
14294048
14163904
14431700
14541208
14163340
14190460
14341816
14422204
14199436
13887136
14797896
14425412
14054096
13961420
13813784
14150860
13715256
13990740
13845052
13867180
14233804
13990884
14223824
14160140
14148048
14038620
14137676
14462368
15652908
14190564
16272480
14241852
14151592
14498264
14146492
14102244
22267712
14045680
13845904
13841736
14046320
13979780
13834964
13867064
13985068
14056004
13962880
14224976
14485552
14226468
14075688
13907788
13855148
13916496
13851476
14200208
13981604
13857220
13842764
13850280
14024216
14017108
13967668
14062400
13934492
13859956
13957716
14169936
13959292
13817388
13758952
14079276
14280276
13921540
14131912
14454768
14312620
19574136
14150324
14163972
13911560
13855532
14221088
14203536
13920720
13897288
14058040
14007984
14095796
14005884
13987188
14145628
14245016
13921772
14039036
14043856
13805336
13809120
13995260
14119648
13958072
13945068
14153908
14083028
14129712
13963900
17582172
13875592
14156816
13986112
14031380
14136180
13868920
13851532
13945956
14097820
13943812
14123972
14151140
13869492
13877856
13898808
14055324
14163576
14167644
14140344
14336104
14201808
13905500
13928972
13929840
13942728
13946636
13867404
13914212
14062356
13977844
13851936
13860288
13941868
13991880
13925228
14001976
13896364
13821556
13840936
13928280
22226716
13940000
13858312
13885800
14019160
14180680
13878308
13922412
14047692
13968172
13869736
13988568
14123628
13926464
13962496
14003644
13866448
13865096
13959608
14047400
13913048
13830024
14158228
14001648
22517204
13888924
14251464
13849528
13839108
14018988
14017704
13827472
13830672
13870388
13996840
14129916
13897608
13903720
13928876
14069248
13931256
13916516
13951328
13990144
13890928
14026304
14132756
14561408
13894400
13948784
14250256
14208604
13952252
17006076
13874120
13837496
14004044
14031272
13923196
13832988
13833552
14037648
13903792
13990116
13893712
14061228
13919492
13948168
14029372
13858516
13871492
13843624
13931164
13930740
23066740
13880088
13894800
14024104
13923560
14082608
14152008
13853676
13863772
14126152
13928484
13948040
14012772
13987940
13898804
14186640
13929576
13993292
13809912
13881116
14063936
13983916
14076000
14126168
13924432
14590344
13955852
13963260
14106496
13851376
13957708
13894752
14026732
14079796
13947804
14040132
14222376
13852764
13881872
13840784
13981036
13834640
13881772
14041944
14062376
13862596
13844856
13968452
13874880
13939676
14001664
13974280
13837368
13976060
13980724
14094168
13990676
13852172
13888896
14129096
13813828
14173096
13977676
13877960
13859740
13902836
14153096
13945704
13817836
13979240
13981360
13943500
13835468
13946480
13881028
14030716
13913252
13998276
13858440
13876104
13843964
13994776
13920004
14165704
13858572
13947020
13919352
14113500
13918052
13937072
15373724
13882424
13992308
14242528
14007496
14004308
14015868
13859832
13922124
14154968
13972768
13894528
13835384
13807656
13992256
13905860
14023660
14070824
13855672
13766308
14127544
13977988
14054936
14102136
13925580
14123384
14071120
15824116
13836732
13995952
13910356
14037912
13859216
13977008
13867504
13920988
14013600
14047572
13822236
13818312
13960880
13938524
14003928
13826404
13940040
13887824
13922564
14023632
13975872
13917284
13872680
14186216
14076720
13729460
13829956
14040228
13806672
13896248
13916940
14058512
13836192
13931072
14007204
13980864
13860448
13986796
14119012
13938612
13845948
14073480
13868084
13989668
13896560
13923820
13927752
13879408
13885336
13892168
13995872
13917956
13934576
13848352
13917396
13881724
13904072
13922124
14149080
13831984
13816540
13957552
14272748
14025532
14056752
13932692
13838668
13890996
13892992
13957920
14017936
13947744
13903160
14146788
13851732
13849564
13824240
14200972
13894660
14010864
13963400
13843072
13860248
13905268
14021760
13840152
13837672
13785996
13989680
16823336
14995476
13837452
14229724
13920648
13990892
13921432
13988828
13819380
13865300
13982196
14229200
14090688
14000868
13835968
14054612
13895536
14158284
13957000
13865988
13885924
13931584
14199420
13838956
13850304
14011116
14152308
19542316
14053072
13999384
14037316
13883244
13959244
14046500
13879332
14052428
14072488
14166220
13886892
14048504
13865180
13928948
13946104
13902624
14031824
13823504
13804788
13858312
14021984
14040332
13938260
13721188
13940712
13865936
13833332
13944424
14157336
13924376
13991140
13953904
14170928
13923636
13864532
14006548
13936228
14073308
13944160
13966520
14061292
14013716
18987940
14034024
13874708
13817400
13893456
14008304
13852100
13885648
13940112
14022092
13981896
13843552
13904744
14032100
13900068
13853248
13851260
13971728
13885976
14153088
13959872
13936100
13806580
14086556
18040192
14029416
13825544
14016256
22046504
13912104
13880668
13957996
13948280
13836212
14182148
14007396
13906488
14112424
14028284
14153272
13896048
13871076
13838604
13978008
13850460
13852148
13970912
14137976
17726844
13819624
13877348
14073664
13941224
21606068
13829064
13970772
13876804
13901824
14093600
13829712
13871736
14095148
13988240
13964192
13845508
13822152
13969204
13999364
13958032
14039252
13985232
13861212
13889912
13998336
13896820
13977276
14101084
14041164
13851592
13901936
13857396
14028492
13866576
13861152
13898924
14198812
13896220
13906288
13943480
13831856
13867900
13913524
13995808
13853552
13836388
13840952
15751968
13886232
13766688
13848588
14287832
13793108
13956556
14140004
14168804
13933172
13846116
13991812
13956068
13898268
13906268
13988432
13819376
13856424
13927952
14013620
15017288
13805984
13766576
14086776
13881368
14009332
13975368
13816288
19107068
13915788
14270480
13858036
13791520
13843948
14143968
14026776
13885212
13807944
13886440
13987220
13879056
14019140
13887464
13814872
13874604
14020172
13918816
14064284
13887752
13903636
13880340
13904628
14057088
13828856
14307488
13895984
14021084
14037856
13839232
13826700
14039252
13926944
13892052
13851040
13959316
13802156
14061844
13919580
14054820
13831836
21537672
13968616
14035440
13944580
13865984
14480812
14013052
13850076
13899116
14234988
13800016
13846432
13861916
14192904
13852116
13863540
14010624
13946584
13870144
14000668
13936840
13912360
14340480
14137912
14027408
14051156
14130672
13906424
13864740
14065684
14045840
14057868
21573888
13987524
13855664
13951344
13914340
13830004
13884844
13789188
13882300
13886504
13971340
14158208
13802004
13877544
14045008
13869576
14002552
13911708
13821004
13702112
13878656
14092256
14024360
13898200
13893108
13930872
14003952
13857752
14000112
13924636
14037964
14148616
13978340
13902076
13954300
20042024
13878004
13810592
13968240
14041936
14016420
13982456
13797016
14022372
22431348
14332956
13849032
13834692
13814208
14152116
13876184
13954752
13930964
14198364
13882664
13805600
13947972
14188080
14156088
13980316
13978868
13875792
 
13854828
13886084
14036696
13845588
20837072
13854844
14118872
13876784
13817948
13816416
13939084
13890848
14095968
13913320
14045788
14059316
14034400
13931304
20292552
13812440
13787828
13965252
13991796
13886204
13832000
13946536
13807868
14009764
13906128
16616120
13842992
13905084
13889480
14105748
14022756
13930756
13869392
13910796
13874160
13864164
13900944
13980740
13880228
13859376
13913940
14052724
13990980
13827596
13911188
13884516
14063268
13899616
14391972
13851824
13980840
13900772
14043824
13844304
14089928
13865844
14277336
13981900
14056804
13815356
13824692
13897256
15367068
13853672
13693420
13949200
14077292
13824304
13873016
13854472
13996612
14002460
14159964
13934136
13988620
13892816
13903492
14129336
13848292
13825152
13864464
13973692
14007520
13889100
13985824
13930888
13868876
13937916
13968152
13937420
13846784
13804020
13990828
13993328
13875896
14066420
13964748
14072224
14044540
14030496
13953560
14008548
13988496
13929352
14018764
13848332
13963552
13897848
14057112
13880656
13861924
14023812
13890744
13849456
13846688
13924848
13852220
14038080
13920208
14031220
13852468
14283548
13883756
13930356
13807636
13682856
13954700
14043632
13873904
13848340
13946280
13891780
14145056
13879100
13999948
13843604
13859524
13901336
14047240
13836148
13972044
13986072
13924112
13872284
13972060
13881036
13809684
13875060
13996056
14015272
13889920
13906280
14208956
14190624
13998748
13850576
13955148
13826872
13830776
14001444
13924740
13830020
13818472
14096272
14162524
13890464
13958860
14053680
13817508
13862224
14337320
13699488
13884928
13908100
14143472
13845012
13800336
13920536
14052388
14249116
13989592
13939796
13935160
13949472
13694856
14008620
14277892
14131360
14069872
13906252
14207092
13940384
13912412
14914992
13888784
13874768
13905828
13965120
14185544
13792132
13856736
14005024
14527384
13839168
13813612
13974016
13887192
13957896
14080468
13841224
13825736
13848676
13874436
13957596
13868512
13817912
13997256
14024884
13895920
13889848
13912976
14005560
13890384
13986144
13867800
13853076
14015500
13968536
13987796
13915192
14024884
13923864
13917152
14792408
13912612
14027168
13822016
14077484
13881496
14191212
13917592
13848920
14020812
13873204
13916760
14217496
13947912
13923076
13831684
14075252
13961140
14005524
13903132
14039632
13958676
13916392
13910464
14176788
13967724
13859248
13754280
13872420
14008408
13913432
13854008
14818104
13833312
13985672
14125492
13960696
13848096
13857936
13911396
13954696
14030100
13940932
13830368
13986836
13927244
13911684
13993352
14078992
14112960
14071600
14029604
20299916
13835456
13959748
13993460
14023876
13824972
13866936
13928280
14112796
14072728
13869468
13873568
13827552
14014492
13911888
13946756
13851152
13809520
13905848
13942364
13899572
13913972
13923260
14380524
14003452
13858492
13914376
14007880
14032832
13835228
13970976
13867640
13911744
14118384
13922284
13897876
13917020
13962696
13902056
13848380
13901872
14122772
13905872
14094472
14087276
13854084
14035740
13943992
13834796
13951196
13938348
14468044
13894076
15106868
13819144
13861964
13897580
14159716
13854284
13854200
13956936
14089248
14095592
13912988
14213456
14066728
13834756
13890656
14004104
13840280
13814380
13929976
19792308
13918912
13855332
13824816
13917728
21884848
14018936
13913200
14179916
13829688
13891816
14003480
13908292
13833424
13882460
13924364
13855496
13968860
13952576
14125168
13827384
13888676
13891828
14014556
13847512
22052184
13839812
14252336
14061820
17148852
13838056
13911128
13871560
13882992
13997864
14014164
13889972
13866884
14296164
14155276
13865996
13832396
14020564
13883456
13872968
13909580
14025900
13940588
13852064
13923412
14014860
13851496
14021680
13971800
14072264
13912320
13958940
13937372
13757292
13928644
13920184
14160408
13877372
13856068
13898900
14127452
13947452
13909780
13831272
14019600
13917880
13981556
13999800
14166976
13872244
13874432
14086952
14135304
13892116
14039788
13901112
14024744
13959768
13862420
13857008
14055420
13889084
13906160
13970296
13945808
14047728
13927396
14015760
14282044
14128272
14152868
13986100
14020744
13885928
14085324
14380740
14026648
14094396
14048488
14027312
13858936
13905356
13923524
13965660
14046776
13798124
13972396
14027436
13854372
13890428
14042124
14225036
14006660
13803512
13990592
14107120
14115892
14161836
14020304
13956032
14000188
14132532
13884168
13929988
13869104
13907552
13667884
13974336
13982236
14029176
13868356
13810688
13845204
14039612
13957200
13839220
13842456
13912640
14085480
13958880
14200068
14157776
13780600
13993404
14001820
13935684
13843196
13946756
13990004
13923956
14010196
13853116
13942904
13832284
13888032
13908700
14032296
13987840
13851412
13990752
14224644
14089148
13849876
13907324
13962416
14025788
13922360
13935000
13862844
13727212
13703476
14035800
13917584
13850648
14176040
14068664
13833832
13889404
14000476
15104276
13897820
13831604
13918512
13782008
14071100
13873648
13918484
13847576
13939988
14131640
14040944
13932596
14148744
13892584
13886308
13917328
13969052
13814140
13826944
13976536
13897700
13871572
13968532
14400556
13908680
13893528
14117880
13979148
13834780
14092292
14112832
13977856
14096272
13820392
13832556
13950840
13927036
13910052
13974420
13811196
13893624
13896140
13993852
14088440
13827232
13860900
13979040
13885144
13961804
13861892
14868104
13870384
13892064
14023384
13834720
13787376
13680344
14101036
13932756
13947396
13848684
13986684
13852632
13918332
13904492
13901196
13790912
13901584
14153956
13979224
13840004
13848300
14202428
13895376
13870164
13876204
13970956
13852432
13907284
13879712
14066868
13989820
13840652
13841984
13782952
13881672
13939612
13874868
13858172
13882216
13928012
13893132
14026056
13849240
13889816
14081572
13818156
14136032
13853880
13788556
14013140
13985852
13931464
13693500
13727852
14037424
13939084
13882476
13932184
14122424
13868600
13865304
14163272
14008076
13829600
13894452
13917152
14197072
13852164
14039468
13940508
13936172
13900940
13969576
13958972
13833768
13873804
14070484
13920932
13949620
14049052
13943912
13955884
13792808
13846908
13937388
14188128
13810972
13808588
13831952
13965184
13884640
13836200
14065060
13808948
21822912
13876348
13972280
13855552
13843320
13805608
13933200
13930840
13989888
13830152
14075572
13872940
13884824
13951784
13845284
14015684
13839856
13914020
13982176
13955452
13890940
13812672
13891432
13979376
14930416
13837860
13859860
13950184
13899948
14144720
13865864
13930836
13895652
13952000
13949728
14080732
14078788
13841336
13944100
13982328
14033136
13857904
13939560
13899228
14260812
13971176
13970904
13991936
20924672
13874484
14009112
13919000
13925492
13810408
13947172
13941096
13913564
13935552
13732328
13925408
13854964
14041720
13835072
13852068
14109600
13955092
13780056
13958136
14072676
13925848
13869684
13940412
14099140
13959896
13891396
13834592
13843064
13739996
13959412
14025068
13971344
13923396
14170096
13869264
14015912
13957200
13914448
14066908
13867600
14074056
13934860
14184172
22254392
13871520
13855260
13927188
13951668
13931444
13828584
13937876
13902580
13984040
13862092
13997988
13911956
14030992
13893456
13985632
13819496
13907864
14002636
13763128
14045176
14023940
13973520
13925236
14244456
20343040
13898552
13922596
13905696
14098596
14047836
14065816
14025260
14104496
14092744
13923340
14097540
13941548
13876864
13891572
14003872
13943164
13854164
13795668
13877440
14118308
13865116
13808636
13821264
13963076
24847428
14029760
13852860
13946444
13918236
13963876
14060912
14117080
13917408
13853328
13887636
14159264
14005460
13867720
14039004
14113812
13929572
14048032
13980844
21760632
13876276
13869824
14124536
14019700
14180688
17276388
13849820
14023988
13909288
13852892
13917688
13956564
13920800
13939276
13965080
13908364
13827824
13833768
13939504
13874192
13851732
13883868
14151248
13867172
13809772
13848356
14044204
14184336
13709180
13895624
14275128
13985840
13916484
13823664
13997644
13678984
13850344
14170680
13842844
14001268
13913884
14001200
13854348
13842264
13895088
13931860
13840460
14064604
14001572
14115164
13911260
13789804
14002812
13947440
13915928
13892160
13931832
14073760
14050816
14106828
13868484
13865864
13965856
13989540
13886544
13978012
14015392
13937580
13944452
13891564
13922960
14733788
13830848
13787200
13902788
14009696
14087272
13836572
13775012
14244036
14109836
14045732
13937852
13895860
13862696
13860584
14039996
14033700
13823760
13831824
14102848
13915368
13910588
13848916
13963580
13880940
13888668
13919836
13957484
13794648
14002440
13923176
14034700
13852580
13881864
13895252
14160712
13907960
13889472
13962344
13841164
13879468
13866420
13985716
14634692
13965628
13803512
14044792
14120616
13721040
13837624
13829192
13893544
13892544
14200348
13881872
13856920
14065584
14140168
14013488
13897900
13937756
13857832
13839428
13910024
14023828
13863892
13707836
13731512
14194460
14013824
13891220
14097820
13975248
13803348
13859140
14010604
 
13917924
13820692
14105812
13881452
14131968
13915788
13933532
13968792
13859240
13903480
13979944
13997204
13852440
13856292
13856448
13847388
13829112
13977912
14156388
13867556
14078224
14042084
16888776
14142616
13915792
13956492
13797604
13993376
13838848
14002860
13865744
13850796
13907896
13863608
14034772
13964660
13940136
13956032
13866384
13783740
14113964
13850560
13867516
14073192
13961136
13903656
13922456
13928224
13810340
14150476
13900656
13995772
14087008
14009740
13815936
14211916
13816568
13831136
13887432
13828756
13884940
13892928
14172148
13835936
14047308
13981036
14016796
14135552
13843972
13918412
13823300
13898508
13909460
14016488
13829368
13804252
13846144
14033036
13866748
13839100
13827628
13853760
13967760
13883820
14185808
13815184
13826088
20991852
14069408
13913800
13850844
13804184
14006548
13690884
13742628
13829848
13989760
13971200
14051920
14025552
14161620
13929004
13889100
14019424
13881804
13830100
13960172
14134996
13949712
13814528
14180804
14002788
13843036
13817592
14212180
13952304
13868896
13902680
14277976
13843428
13848612
13932340
14055756
14004060
13850352
13880692
13895004
14199400
13836420
13933364
13814976
13910924
13890176
13840856
13848252
13923808
13986120
13868040
13934704
13966724
13844380
13874332
13864864
14069236
13850652
14046608
13888412
13887108
13920212
14997184
13897096
13778664
13889088
14045452
13879320
13858904
13837612
13922268
13857864
13866504
13926420
13934512
13811276
13828232
13928452
14040292
13839436
13830236
13787848
13950644
13853000
13836040
13969364
13763284
13872108
13892540
13969280
13840740
13836336
13834940
13995212
13913752
13863216
13801108
14127228
14137784
13868304
13980876
13831248
13807580
13927192
14030928
13914508
13961792
13822784
13919104
14097504
13848704
14016996
22394864
13983128
13839056
13944064
14028076
13821160
13870136
14037004
13872640
14050624
13849604
14178412
13716252
13712128
13998736
13982344
13825344
13878064
14104296
13985340
13935448
13839804
13913016
15679520
13823012
14075716
13922084
13834596
13831968
13820036
14167796
13822352
13838348
13921164
14039076
13822308
13820608
13928868
14155816
13838792
13895336
14239920
13822468
13842800
13798156
13851472
13960784
13893712
14034868
13990732
13814712
13880996
13930364
14014428
13987180
13820200
13893876
13971732
13917108
13833556
13884960
14012164
13866644
13903512
13949516
14044648
13814496
13891216
14003880
14362028
13821636
13893996
13863532
13832240
13915748
14039852
13873040
13823416
14199980
14056568
13922436
14114000
13954668
13800700
13904748
14353548
13974032
13877328
13927480
13834660
14033056
20809204
13855456
13818700
13936512
14037172
13894768
14155796
13982256
13902176
13858824
14008536
13892808
14024860
13977332
14044772
13925592
14129684
13965728
13897408
14138964
13862640
18153064
13853508
13833444
21536188
13953020
13872232
13893672
13819544
13904600
13935416
13696596
14004852
13945168
13827452
13895388
13855328
13916276
13825068
13844968
14102540
13928316
14850880
13850760
13828812
13990468
13836668
13853576
13805072
13928052
13864080
13882788
13897728
13824428
13907664
13915928
14052176
13834744
14023460
13927604
13845736
13944972
13898408
13953552
13906072
13806008
13902992
13965140
13767376
13908328
14189268
14107924
13893156
13866208
13943308
13829252
13862728
13994460
14034444
13820508
13834972
13882352
13961368
14000076
13790568
13942416
13831704
13844344
13885752
14022124
14074588
13838844
14100396
14050964
13886240
13677160
13910140
14058320
13977772
13802792
13829848
13943004
13916444
13883988
13851896
14103800
13857772
13888280
13972780
14069960
13985608
13953756
14050588
13902980
13938640
13845344
14182864
13851892
13878200
13935484
13954932
13814640
13819432
13983084
14009384
14124996
14038164
13960648
13841092
13944564
13926696
13926820
13809944
13866672
13903116
13823124
13796920
13801884
14416928
13845248
13854512
13854360
13994168
13775060
13830136
13894080
14048220
13802860
13689088
14128756
13904048
14052684
14072528
13986852
13919848
14003416
13873224
13917180
13785936
13816364
13958168
13905188
13972064
13854072
13930252
13997036
13898488
14196212
13955260
14074984
14031420
13843244
13929740
13843292
14130352
13856232
13929360
13885824
13993356
14050724
14005904
13904384
13820976
13929316
13878888
14169700
14131752
14019840
13819800
14067704
13860116
14003940
13925024
13840952
13830412
13977148
13891084
14015868
13843032
13902536
13852332
13850316
13852324
13739016
13818972
13954228
13817700
13869460
13992704
14752200
13844088
13840652
13927144
13917820
13840856
14172688
13979460
13812828
13945404
13970892
13952796
14027316
13876576
13940312
13809540
13887708
13905768
14119516
13779184
13888324
14032904
13891948
13854048
13865172
13870508
14097928
13871828
13941620
13843820
14140636
13846280
13780928
13830852
13907952
13893296
13810872
13943264
13897844
14097968
13880352
14025776
13826828
13774016
13825368
13986860
13862628
13832052
13872012
13997104
13898416
14112716
13911976
13907288
13788556
13676104
13704724
14037888
13903428
14068048
13905344
13924544
13889648
13836164
14000236
13920472
13882008
13913732
13933328
14753108
13899824
13846808
13764752
13899456
14005736
13874796
13960600
13929224
13855048
13965612
13897296
13897540
13827768
13981944
13860772
13792896
13836440
14022360
13943960
13794868
13978848
14210292
13826956
13776064
13987920
14089968
13785440
13875536
14115872
13793184
13814848
13799224
13986808
13789616
13883500
14022396
13825832
14003868
13943384
13963264
13858092
14051596
14020416
13938356
13765752
13873500
13856328
13810068
13782656
20449108
14003124
13829212
13844476
14118680
13967244
14035192
13907252
13946048
13955696
13848728
13890340
13971976
13832512
13850164
13935760
13933156
14131092
14140668
13856948
13875324
13833532
14061908
13938980
13887372
13950432
13867924
14075920
13827300
13897980
13923848
13816204
13904660
13924908
13924980
13851764
13868664
13865080
14063428
13912656
13668692
13654360
13969316
13870968
13948716
13802916
13939680
13930680
13883660
13993200
14169120
13917420
13861068
13907316
13953588
13807848
14090420
14121292
13837640
13853356
13929036
13925324
13817796
13794284
13945280
13917620
13909048
13903476
13852408
14212912
13905100
13820476
13804500
13966912
13886412
13792496
13926368
13924104
13832808
13836756
14107132
14105776
13802192
14004044
13926580
13952700
13861884
17161732
13934256
13810672
13907648
13918016
13925696
14079172
13888264
13808644
13911188
13904452
13922780
13840972
13945600
13902420
13808024
13793316
13918776
14104468
13832608
13974340
13970800
13829572
13987424
14088268
13876444
13858084
13933180
14018064
13811984
13889336
13948868
14363504
13799388
13798788
13894508
13971192
13824752
14150716
14052648
14167148
13805864
13712244
13890724
14187300
13835156
13840188
13864660
17133864
13813540
13949996
13911008
13857260
13862788
13890500
13984288
13849596
14154752
13823540
13884492
14024984
13925468
13832604
13816940
13939960
13897356
13842608
13901852
13824224
13930968
13672812
13697380
13932432
13804896
13759844
13896104
13988844
13813320
13811028
13919548
13931184
13874636
16581772
14058804
13879052
13930516
13963532
13906092
13903816
13894460
14243604
13899244
13767972
13894240
13973736
13820016
13715644
13991856
13879668
13834640
13807620
14042368
13843084
13838292
13831528
14008468
14157324
13787360
16269068
14243412
13814780
13869796
13943008
21246100
13913172
13854812
13894316
14136640
13821664
13867004
14125272
13795428
13859192
13913116
13919280
13881796
13893100
13822088
13857504
13706424
13886492
13946076
13940920
13876728
13812256
14141176
13838208
13875952
13856700
13996476
13884544
13899520
13796804
14134368
13963072
13812476
14149620
13963676
13806096
13821588
14163468
13902544
14034044
13783964
14015280
13896624
13810340
13852556
14015728
13842856
13788600
14020548
13858120
13841384
13870856
14185540
13872472
13864432
14030596
14130212
13787000
13958832
13817988
13987500
13987060
13930536
13848104
14208692
13797896
13918444
14050552
13887400
13852816
13986476
13960100
13691860
13874912
13910228
13945136
13804724
13962740
13927864
13920564
13836344
13864548
14023640
13873136
13857788
13884456
13844396
13940132
14067676
13816076
13713732
13891704
13801336
13854008
16178024
13885932
13780892
13862944
14164740
13895520
13755600
13858588
14047616
13890672
13903048
13883348
13859744
13886152
13858328
13842584
13944556
13783348
13701516
13820836
14198416
13846120
13867352
13831860
14125224
13871704
13818212
14083128
14021372
13891748
13848616
14085712
20494768
13910188
13935768
13926536
13844028
14067084
13966336
13950768
13882160
14133308
13826728
14127992
13882328
13813264
13802020
14059288
13892556
13850704
14238532
13880320
13804512
13826284
13982900
13918848
13819412
14015364
14037012
13962136
13781644
13939528
13937556
13859064
13946936
13941636
13909112
13891828
13857508
13911304
13912168
13872080
13841184
13957860
13869364
14037264
13954944
13872720
13908412
13810320
13946912
13907584
13905768
13931660
13855496
13887100
13829636
13959304
 
13661420
13857588
13793132
14004476
13845188
13787256
14057576
14003732
13834092
13887672
13894112
15563668
13862572
13842812
13922384
13900356
13938552
13896076
13894704
13827532
13863112
13920820
16496176
13846448
13899684
13847608
13944388
13861140
13760476
13872408
14049236
13838924
13817864
13911592
13855288
13942308
13838508
14138724
13890308
13821584
13808492
13954984
18382552
14030492
13949584
14145008
13803032
13841780
13967240
13860948
13972652
13836112
13997760
13812144
13790552
14084756
13971340
13835984
13983024
13909356
14029788
13822752
14008684
13898076
13907628
13803712
13874920
14020824
13832932
13854280
13905348
13958496
13845064
13903732
13912000
13916100
14056668
13874000
13826452
13946048
13976148
13905984
14052092
13838520
13947008
14015584
13907004
13837128
14001712
13884584
13879968
13868340
13796880
13808344
13927036
13994456
13798572
13826620
13802020
13689800
13783476
13908060
13823876
13814184
13934452
13891912
13793812
14101528
13938332
13835284
13763380
13895540
14169816
13832796
14031972
13945328
13815700
13826004
13896020
13971112
13851428
13817492
13888032
13892880
13911620
13945968
14034528
13778112
13801540
14031124
14037680
13779292
14798760
13904076
13887760
13784840
13851012
14084852
14007340
13806260
13880196
13799428
13914716
13868492
14042536
13921020
14047548
13933212
13806844
13921832
14023224
15651188
13955524
13932900
13861408
13837036
13851984
13931616
14183480
13826444
13974144
13984548
13909092
13818072
13835032
14112780
13853376
13847656
14087780
14016580
13801508
13917508
14003320
13841400
13752660
17842496
14059084
13783508
13874652
13898728
13960068
13780460
13834268
13998280
13933656
13826556
13976872
13884700
14112996
13908992
13870428
13931552
13812304
13929332
13931200
13893532
13873752
13888860
13938912
13881712
13866872
13901488
13932744
13841500
13910192
13840080
13962168
13855108
14093816
13854028
13792884
13680020
13811488
13852316
13928472
13907176
14038824
13848896
13947396
13870928
14029128
13793792
14169780
13814492
13754096
13977580
13767652
13832228
13974076
13950256
13818908
13939060
13884340
13870120
13764828
13825688
13936252
13959592
13833072
13907736
14002792
13938948
13800080
14350816
14052692
13820472
14020972
13942712
13889936
14005076
13926264
13894708
13910136
13811664
13977852
13841440
13951196
13881928
13991280
13865824
13780892
13857924
14010660
13806264
13838236
13893596
13947672
13723264
13876440
21299096
13769508
13779856
13695068
14031444
13754488
13866468
13853320
13989368
14004536
13857992
13839904
13872780
13847172
13886888
13843628
13861280
13880820
13800244
13790744
13947340
13872284
13808548
13827804
22085308
13971092
13789264
13955744
13998552
13793348
13874632
13974464
14059812
14007376
13904784
13865684
13820404
13831732
14011304
13809912
13789688
13839312
13981052
13848944
13862348
14064744
19000240
13824556
13875300
14269704
13799936
13787912
13972208
13896192
13783924
13843404
13994312
14203768
13879156
13875844
13932492
13936532
13862264
13870596
13839496
13968164
14067384
13845440
13900896
13962616
13833036
13886412
13906712
13898728
13914520
13838752
13837444
13964144
13802684
14087572
14014296
13965700
13799816
13823712
13973940
13896808
13874312
14020536
14255476
14214832
13898856
14039056
13859656
13812272
13843648
13930864
13931092
13886208
13903852
13903460
13830496
14162640
13872928
14129112
13794644
13910068
14017124
13822312
13896660
13874236
13908140
13826804
13983452
13809136
14047132
13840768
13878016
13917816
14011444
14013332
14095056
13915172
13819496
14074992
13857516
13926920
13786344
13962008
13868244
13903504
13911920
13859528
13839924
14189964
14760468
13860880
13923156
14041368
14155176
13833932
13981484
13892468
13823604
14063160
13849056
13887828
13911412
14055928
13893900
13846044
13807368
14128660
13940180
13941660
14001060
15277508
13797492
13860340
13983232
14236016
13891512
13885620
13882428
13871948
13899824
14129184
14039048
13849744
13946752
13634128
13703192
14090872
14168696
13841920
14023952
13941548
13825128
14158780
13837056
13880656
14617696
14221488
13956204
14117912
13871012
13806172
13967616
13981156
13862264
13833968
13829992
14006808
13869212
13766848
13866948
13967264
13836804
14034584
13948240
14128508
13829928
13889320
18784592
14151612
13816072
14159300
13918452
14342508
13938636
13838980
13975752
13897036
13850804
13876492
13878164
14004560
13937556
13764392
14145600
13928672
14082884
13924920
14064960
15067708
13808776
13851216
14082844
14085484
13989808
13895692
14083388
13861352
13789152
13820952
14005532
13819468
13823208
13973468
13841260
13790804
13892828
13986608
14102256
13893516
13803388
14148616
13806480
13881616
13979392
13768448
13847700
13862168
13942840
13794276
13796908
14081580
13939008
13783868
13835644
13873480
13898084
13992824
13893776
13909700
13897720
14053908
13838416
13912916
13850612
13940012
14146600
13937008
13807440
14884356
13822576
13897100
14915048
13866448
13883216
13927920
14123500
13835528
13847676
14035480
13704784
13681264
14046244
14039004
13774444
13795408
13830100
13965264
13870580
14073868
21307080
13932948
13810800
13924312
13976924
13950852
13636652
14155948
14226128
14055688
13853348
13880256
13871076
13979564
13984216
13789264
13976048
16979404
14065916
13790404
14133916
13920108
13805336
13843324
14123908
14149908
13837948
14008832
14205540
13992144
14126372
13991164
13924520
13925792
13876812
13904828
13865708
13846548
14019964
14616160
13839796
13838156
14027376
13938560
14136904
13931580
13905836
13819912
13831684
15231556
13873872
14079056
13863020
13935640
13825888
13839204
13933020
13893704
13826908
13859164
14012324
13814184
13834960
13838956
13888228
13865040
13929008
14116000
13838440
13848500
14742024
14084472
13879268
14227440
14019464
13804888
13856232
13915200
14071324
13762832
13836304
13873396
13881272
13904060
14051256
13810440
13880184
13800152
13970192
13916208
13827784
14165076
13985900
13889324
13834296
13854904
14000892
13913876
13883984
14044556
13750248
13779868
13919180
13857700
13834356
13992804
13942804
13782968
13908856
14127356
13962388
13987952
14091768
13916324
13813372
13810652
13931616
13792520
21005976
13923880
14088340
13770680
13824700
13891836
13988524
14029496
13829972
13899656
13986424
13837064
14028788
13932636
13924260
13873256
14192372
13952508
13842864
13883348
13839580
14078172
14546212
13912052
13946732
13753832
13859256
13937056
13927676
13890736
13869256
13780944
13871696
14101832
13895028
13936736
13794060
13907484
13853592
13905536
13952820
13883348
13881760
13927084
13916100
13868376
13848792
14048204
13881984
13945240
13892908
14034536
14146912
13849444
13990744
13893100
13816888
14032520
13832116
13891072
13882652
14082672
14143192
13797740
14078244
13961844
13875100
13848348
13911108
13988744
13777216
13841500
14029736
14162372
13811884
13826888
14137072
13965036
13839868
13863428
13868312
13901340
13776532
13954240
14099284
13820068
15112976
13897236
14160060
13800132
13912204
14123880
14136208
14036532
14688332
13841188
14184320
13820724
13636296
13889744
13981540
13880852
13967940
14069716
13971404
13910420
14917700
13914376
13712292
13769524
14131280
13921348
13812356
14061392
13881912
13795612
13915752
13813336
13931332
13924820
14080784
13822472
13949472
13837512
13826032
13819336
13911732
13862528
13795560
13838848
18168404
13856888
13887256
13852396
13950488
13862456
13964060
14017208
13981652
13806196
13813840
13898432
14015584
13824780
13921784
14154592
14094364
13782624
13853208
13926836
14246388
13770360
13829336
13907904
13822016
13880288
13976408
13811512
13864380
13958220
13864176
14127676
18718828
13859716
13776828
13971500
13899060
13898344
13909948
13804280
13895412
14614660
13881528
14040204
13901452
13815968
13842964
13838240
13905608
13928188
13942548
13855416
13943904
13829316
14213572
13681712
13943960
13905096
13867548
13826340
13837620
13938236
13867100
13805692
13854392
14402900
13779356
13898236
14072148
14076452
13986856
13904952
13886572
13936396
13774292
13816956
13904436
14066692
13964056
13709200
13895708
13899540
13885612
13867344
13932896
13931312
13792180
13897812
13973336
13922092
13843948
14302792
14566932
13980752
13865872
13939128
13897760
13937196
13873860
13852396
14046308
13880596
13924224
13919728
13818644
14052800
13873700
13943664
13875692
13890408
13917848
13899888
14175492
13801432
13765996
13941568
13950776
13494608
14237964
13910480
13876364
13841532
13963772
13891792
13860092
13986280
13951816
14660688
13800744
13865716
14063188
13844948
13732552
13852388
13975608
13784844
13972404
13992100
14042196
13804712
13887236
13960508
13808236
13819288
13857760
13994536
13835528
13848808
13904816
13908792
13893460
14023760
13893376
13861948
13865452
13964628
13921668
13945668
14114216
13814716
13970404
13860588
13825168
13791440
14277720
13928788
13733300
13754384
14146860
13785076
13787672
13910228
13921328
13822064
13847028
14240888
14027680
13830712
13825504
14192888
13777476
13826008
14010764
13923048
13923928
13842104
14280212
15610188
15752852
 
