Procesando...
  Filtro             : sierpinski
  Implementación     : ASM
  Archivo de entrada : lena.512x512.bmp
3866472
3999068
4020660
4001496
3964656
4064728
4290812
4021144
4030692
4099592
4028748
4047648
4024392
4020216
4121632
4306540
4105056
4121532
4037204
3932600
3965772
3963080
4020700
4042916
3958048
3998928
3939484
3995792
4048276
3967224
4035248
4055732
4008072
4135676
4091552
4000352
4002044
4038144
3964400
3995088
4000972
3993620
4089272
3995636
3937940
3977744
3948824
4252240
4081684
3986240
4025276
3964948
4186736
4005500
4082584
3961888
4039312
4118284
4050756
3872800
4043244
3958232
4051780
3974644
3968832
4048260
3968504
3941068
3987952
4002404
3951464
4023992
4012780
4065456
3950316
4096288
3967164
3957056
3957536
3975292
3927560
3984344
4092764
3975432
3967440
4031856
4199828
3954636
4043656
3964572
4021664
3991684
3991304
3966212
3967992
4037708
3956348
4068968
4023204
3922224
4191396
4022548
3986296
4048500
3946412
3978288
4001452
4133328
4100156
3993884
4017804
4065588
4019704
4043136
4066992
4054308
3996888
4111972
4034328
4039088
3930476
4222232
4042364
3968896
3966036
4120528
4235472
4097480
3972716
4031940
3967508
4028192
4020180
3982064
3962168
4180044
3999284
4028196
4030116
4016560
4026344
3971088
3988200
4018824
4015768
4005256
3944056
4022664
3957632
4059436
3997252
4013800
3939260
4027144
4009900
3983688
4023260
4046072
4022516
3966792
3970648
4038108
3968296
4030344
4018156
3976652
3975784
3961328
3991688
3963360
3948616
3982020
4024648
3953260
3957416
4022468
4043088
3976460
3961148
4133700
4015500
4018084
3937916
4045460
4114388
4008364
4023792
3952496
4035896
3992932
4031800
3965184
3869820
3886808
4009924
4010720
3974844
4014088
4055140
3980300
3971384
3953084
4017128
3995956
4082536
3956208
3966492
4003776
4010320
4031008
4019036
3987864
4022072
4020220
3967760
4043164
4005356
3991304
4036504
3962836
4102688
4047280
4088184
4056624
4099964
3993464
4044340
3936168
4134812
3981452
4003280
3907800
4003708
4027120
4017684
3995468
3972336
3966960
3924672
3972460
4065360
3967360
3943168
4066748
3965408
3997448
3945220
4069352
4078172
4051140
3919096
3953608
3928148
4088132
6502520
3858904
3916236
3908696
3895760
3958584
3931668
3850472
3874932
3882124
6682836
3962180
3978048
4069220
4055060
3978192
4025528
3923164
4000856
3973080
3965496
3955456
3958832
3935716
3975412
4063140
3958428
6710944
3915488
3948780
3875532
3887100
3862136
3980856
3887200
3963864
3907924
3901772
3912452
3909572
3956588
3928464
4081872
3912984
3962804
3923572
3946144
4034540
3914220
3914748
3885504
3947704
4076776
4038272
3979404
3972640
4020044
3964228
4020504
4004680
4191220
3939224
4003156
3943160
3980772
3961564
3958204
4014760
3951780
3971736
3954148
4127344
3982080
4044024
3922308
4064188
4104088
4033936
4067844
4027016
3982084
4047932
3996476
4008160
3949948
3853364
4024364
3980076
3917316
4009416
4030944
4073704
4055624
4015904
4016956
3987916
3996364
4030684
4023324
3948776
3916956
6144652
3950344
3971616
4231300
3936528
3897012
3922364
3866260
3912904
4090944
3923288
3995552
3842572
3938728
4151380
4009732
4007360
3958708
3993064
4003324
4058180
3998752
3933036
4012932
4010200
4030228
3942864
4011304
3928404
3978296
4019988
3989088
3919352
4041288
4039048
3956556
3988316
3957208
4077020
4100720
4025588
3984068
4083540
3905716
4043016
3956564
4022792
3961504
3973432
4021272
3976556
4049724
3979424
4087300
4014080
3975516
3956092
3938780
4026304
4048836
3958852
4053072
3981956
4084452
3999944
4020504
6268884
3997072
4014768
3971344
3958952
4019480
4025928
3993588
3970276
3950992
3955532
4062896
3976700
4009292
4014352
3959956
4052304
3985236
4187116
3964380
3973740
4074340
3970152
4061604
3966456
3950108
4101372
4087396
7147636
4063884
3944000
4026456
3962964
3984028
4028708
3997648
3962408
4022928
3977904
4023664
4032188
4024020
4030344
4030276
3939100
4012808
3969436
3956516
4027112
4006764
4218436
4042396
3951608
3956540
3911872
3973060
3963376
4179472
3951800
4062208
3961348
4038684
3941216
3931396
3968980
4013936
3940172
4020088
3906724
3914544
4107860
3869992
3875328
3908912
3885760
3910844
3920256
3987696
3872804
3986064
3893000
3953368
3870844
3944176
3908608
3869108
3944904
3863916
3881412
3879096
3916680
3998068
3858260
4003936
3887068
3937356
4044368
4191052
3916712
3886256
3880252
3921956
3923120
3898260
3890632
3969972
3953300
3953512
3954680
3987976
4337944
3978224
3951464
3908080
3891900
3938568
3933128
3961832
3949080
4034464
3972624
3939852
3857800
3953456
3933472
3865984
3877504
3874680
3877036
3910844
3971572
3901408
3920732
3905680
3887356
3865668
3957308
3997916
3980356
3951028
3945400
3868316
3905356
3902512
3941840
3973308
3968324
3994568
4021244
4011672
3935564
4040488
4007368
4038580
3971968
4063608
4009888
3976156
4007672
4176556
4090408
3916792
4071960
3974332
4027328
3972944
3940304
4010092
3906316
4043468
3965568
4014632
4039996
3975512
4070740
3975756
4068140
3942752
4093836
3970348
3971080
3971752
6662296
3980912
4117212
4058644
3978384
4106516
4041156
4064376
4052120
4047740
3874000
4018988
4196272
4067496
3958768
3969484
3982240
4044372
3966268
3947264
3950596
4062236
3967732
5115488
4122632
4524436
3950476
4000876
3947536
4022228
4043504
4052500
3983816
3924080
3881032
4058792
4062216
3935516
3983904
3944712
4057580
3995752
3958628
3977828
3956968
4010032
4037576
4004116
3889516
3941088
3983120
4028916
3980172
3991652
4049640
4002700
3968240
3997452
3975704
4089316
3961180
3960184
3985940
3972424
4027748
4028684
4030376
3891484
3946936
4053900
4019116
3975440
3978468
3878028
4078048
4048908
3959432
3984292
3982904
4030260
4042980
5922876
4009356
4033816
3948236
3923904
3979660
3998788
4091576
4081168
3977996
3947664
3981444
4014380
3987456
4037432
4084520
3993588
4080860
4026556
3966964
4047100
3962484
4019244
4448012
3973600
3979044
4026396
3955496
3976860
3963008
4019776
4052368
3967480
3947284
3955592
4035584
4046544
3883604
3995460
3927504
3938752
4015424
4154596
3974992
3928392
4027216
4055684
4061324
3918320
3963884
3945972
3945144
4136932
3942800
4042832
3968920
3970968
3975756
4074992
3968176
4220660
3906748
3999272
3929736
4034832
4034100
4002420
3971756
3988876
3956228
3989404
3976716
3933900
4028768
3932656
4050212
3968036
4044116
4153060
3970772
4022016
4336972
3900524
3969344
3961924
4246932
4038812
4012796
4002684
4012604
4045444
4039924
3982392
3990320
3952832
4071112
4007200
3982788
3946004
4137380
3974272
3965000
4055580
3979808
4052140
3931952
3900456
4069880
3975676
4022748
3979256
3926184
3964360
4017168
5425192
3901336
4066648
3967224
4013080
4000676
4100652
4028772
3923328
4053932
3968832
4034880
4001100
3968440
4003312
4065164
3981200
3991216
4010472
4169092
3928244
4098900
4014548
4002700
4129364
4007712
4043632
3953328
4004116
4000852
3993708
4020860
3938608
3898120
3976200
3975180
4041908
3996756
3974020
3970712
3987232
3999064
3961048
4064724
4058652
4036672
3838912
3845832
3947252
3996352
3835548
3853584
6270120
4037348
3949228
3879684
3862088
3840400
3894716
3958800
3946964
3841376
3838860
3888748
3934348
3937272
3840732
3906920
3885592
3929508
3868088
4001632
3965224
3948428
3942368
3922568
3927612
3968696
3875728
3930664
3914768
3874640
6386656
3891800
4006016
3878804
3884680
3922804
3886304
3945488
3954312
3980312
3884244
3982676
3896996
3943296
3915412
3902272
3963016
3919252
3970856
3915956
4045328
3977512
3990148
4040128
4081000
4022872
3943064
4056568
3949264
4040812
4174012
4024068
4001060
3952904
4002864
4031376
4007144
3963620
3975176
4065128
4031768
3953816
4014824
4077044
4000164
4027952
4112196
3983232
4115056
4170316
4010100
3956252
3991864
6340952
3961072
4020460
3972988
3978444
4139056
4015252
3997512
4092864
4052492
4002488
3977980
4052244
4043060
4074352
4007028
4006012
3975700
3957960
4079996
4037040
4089160
4048044
4015188
4064252
4261212
3993788
3962980
4090756
4007468
4057892
4134268
4157296
4045980
4037816
3952180
3959320
4053460
4027956
3989716
4042900
4028928
3959360
3947556
4143820
4040256
4067132
3986116
4023972
3907396
4101192
3963960
3964980
3962756
3943420
3967416
3974412
3985068
4047000
4049600
3962920
4050884
3963080
4079736
4095200
4070976
3950092
 
6285184
4048868
4009196
3988092
3949836
3970964
4218560
4013660
4018936
3946104
3987156
4014704
4060272
3931996
3977064
4065988
4046076
4094352
4007312
3944124
3934704
3973012
4018088
3870804
4076252
4017704
4126044
4114740
4076212
4027724
3969188
3947656
4067368
3961024
4014696
3988012
3981204
4083508
4023836
3962868
4003660
4012492
3983772
3966092
4027632
4074712
4005188
3969684
3970096
4042832
3985348
4019440
3966308
3966580
4055456
8851420
3879316
3968608
3904636
3953320
3952648
3960860
3958444
3954680
3879936
3923728
3907868
3955092
3929120
3918748
4054144
3995748
3865444
3982644
3916680
3945996
3895420
3940368
3941040
3878228
3881256
6427036
3923308
3928664
3925196
3998004
3980068
3868296
4022004
3932052
3930248
3828360
3865004
3961044
3937120
3865244
3908096
3848908
3979912
4046528
3848696
3890884
3936112
4008092
3936524
3927696
3880396
3889456
3896748
3969828
3897376
3845700
4027840
3927620
3956692
3829708
3833024
4015280
3981816
3935012
3928836
3926608
4074776
4030316
3981868
3868672
3943576
4015272
3971168
3905652
4061220
4697148
4077176
3940968
3992004
3943096
3988688
4017796
4013804
4054012
3972388
3977544
6066308
3920988
3923476
3927676
4002848
3915572
3932860
3867136
3890532
3948848
3939232
3896644
3899184
3871816
3915080
4016408
3861992
3877660
3896748
3891192
3890056
3936784
4230500
4006892
4024704
4017892
3952740
3977140
4073024
3975644
4033508
3928768
6205888
4005948
4053400
4000204
4033444
3960564
4043156
4053556
4008252
4188692
3991392
3966100
3967500
4003256
3943828
4021212
3988516
4008720
4021248
3942152
4137900
4031208
4037012
3958104
4045168
4034920
4039308
4036508
4016236
4170212
3956496
3982760
3998252
3971644
3942880
4037272
4019984
4023800
3989104
4043904
4060840
3961212
4029724
3948184
3962348
3994568
4025768
3970620
3973504
3980248
3896340
4065388
4156992
4023824
3965972
6075420
3973076
3897484
3919840
3924792
3937540
3894312
6322480
7841956
4002720
3877520
3918696
3898928
3869396
3963180
3941612
3884256
3926264
3863084
4020044
3877004
3869412
3919028
3864824
3913324
4157512
4026188
4017776
3955164
4050216
3977432
4241416
3980520
4109744
3977080
4016208
3972604
3975180
4017676
4007808
4013320
4003024
4027720
3957088
3987924
3978036
3983356
3957976
4058608
3977732
3943564
4040804
3954880
4033624
4022456
3988348
3982788
3902720
3943024
4021848
4023984
3947636
3962920
4034084
4104864
4059068
3905516
3977040
4007228
4053900
3966320
4064828
3966356
4021332
3948564
4037232
4009564
4041608
4005104
3962908
3965824
3969704
4034260
3988084
4189364
3965996
3954800
4278636
3879420
3893760
3961788
3939564
3928300
3895288
3928312
3943488
6401420
6458080
3975660
4006664
3923272
3979108
4049984
4054040
4003264
3952688
4159796
4135900
4051084
4008460
5261132
4608632
3867764
3998620
3962748
3920588
3964408
4039392
4063412
3971504
7440424
4028988
3981640
3946468
3842356
3904184
3966792
3998416
3961712
3895972
3867724
3948164
3971792
3957572
3946448
3851476
3994376
3968908
3930448
3912696
3946900
4036284
4005324
3955744
4011256
4177464
4113472
4004664
3950936
3988480
4189820
4100584
4066892
3998700
3918292
3956088
6510136
4363940
3920536
3877548
3959016
3904492
3888996
4000296
3965984
4030980
5380020
3965252
3940100
3880496
3998408
3984156
3901052
3856316
3862476
3998268
4063700
3981012
3987108
4002428
4032524
3947852
3976840
4003812
3996200
3998528
3960172
4115612
4031516
4110588
4042776
4073476
3955952
6246132
4081592
3911340
3861288
3925440
3922708
3948728
3932116
3873300
3968720
4013296
4026048
4089112
3935628
4057344
3918564
4022868
4069836
3974376
3956380
4043324
4052992
3995160
4010996
3955120
4073592
4141508
3987128
4018904
4022064
4062556
3987564
4058296
3969200
3988768
3912220
3937916
4078660
4000648
3967676
4126056
4021456
3936260
3938912
3968608
4058720
3999924
3952012
4338856
3943948
4090352
3874484
3862508
3941524
3936392
3901224
3927324
3891916
3901120
6491052
4027888
3979524
3880036
3881812
4056844
3898012
3952028
4005040
3990080
4056120
3947736
4091584
3921460
4035436
3995916
4053228
3947236
3912044
3952124
3982100
4014576
4026304
3962728
3979596
3948372
3943356
4165596
4032516
3888712
4060112
4021080
3979600
3960056
4083852
4041124
3978544
4042684
3970512
4010088
3945288
3904444
3869192
3963172
3857692
3991648
3884724
3868768
4123168
3858300
3937084
3867312
3875616
3849104
3979772
4050024
3933324
3893888
3944552
3895300
3971820
3889840
3875020
3905752
3898624
3985548
3887364
3896784
3899428
3891576
3901340
3905804
3972308
3832764
4038480
3943816
3980756
3866784
3920064
3951768
3894580
3886724
3846936
3910568
3948720
3923832
3884496
3859900
3895368
4054196
3927596
3932084
3908452
3861900
3942644
6407224
3885524
3860272
3896460
3926800
3988980
3857604
3853416
3975140
3939948
3924084
3861132
3883876
3974980
4050912
3950032
3860248
4050944
4071200
3986500
3843864
3906396
3840952
4017892
4030232
4088760
3953328
3948084
3985688
4020780
3965636
4112004
3971152
4013668
4042080
4010044
4027232
4048700
3966576
3988044
3918424
3947376
4034316
3957524
3931496
3953772
4029552
4024788
4002652
3938580
4007408
3907552
4047396
4023816
3982296
3950912
3973196
3982736
3992140
4014176
4052128
4078344
3966836
3970280
4027448
4011596
4053784
3998536
3958636
4092788
4049040
4167732
3968224
4017236
3926212
4028216
3981360
3944052
3981844
3918024
3855516
3904308
3882308
3970808
3847696
3945484
3969196
3982352
3914040
6314756
4120028
4019448
3981752
3992540
4037652
4045036
3970192
3982972
3949116
3958856
4028032
4094248
4028360
3913940
4030500
4120664
4044004
4225636
4019008
3953280
4030896
3984264
4025632
3949008
4036056
3985188
4015004
3959236
4006484
4120668
4060784
4002616
3936688
3976528
4036428
3968348
3935224
3991816
3922180
4044188
4001692
4014280
3948136
3917852
4009580
4031288
3943388
4024144
4001092
3988532
4026928
4038984
3940384
4008960
3998460
4080016
4026360
3930796
4044016
3955068
3992576
5045808
4006488
3999892
3971748
4000652
3942696
3928596
4081096
3984048
3965376
3923044
4649896
4023100
3936624
4030088
3905688
3932268
3899748
3901736
3854420
3998648
3989604
3923156
3871252
3920620
3841940
4162852
3911692
3895600
4014420
4028452
4090504
3970264
3997200
3957452
3919572
5180272
4091756
4206332
3963712
4061552
4039980
4111084
3987564
3989996
4006540
4055524
3956944
3994964
3943928
4077248
4052896
4054772
4019268
3978420
3988492
4013872
3980968
3949608
3934472
4097240
4064824
4103216
4024912
4042316
4209524
4084868
4095368
4075232
4317440
3942880
3875120
3974056
3929576
4016504
4037948
3913304
3898720
3905648
3852364
3917008
3938432
3958416
3849292
3838384
3946420
3951152
3876544
3889224
4177472
3911232
3889972
3865196
3845872
3962600
3977688
3934472
3938400
4433328
3990968
3978172
3889656
3890264
3949012
3925184
3960380
3854972
3914876
3965420
3990644
4055060
4129944
3872784
4033328
3928836
3947432
3858684
3864336
3977480
3882236
3930228
3948288
3877784
3997652
3907180
3906524
3873688
3872728
3983132
4009516
3878992
3929444
3878196
3932208
3924344
3873032
3876872
3929400
3916796
4003200
3874844
4049724
4159780
4007916
3995268
4036440
3959640
4118616
3957272
4037636
3985840
3965988
4045368
4001532
4015616
4004628
3952808
4071460
3869284
3968824
3894628
3889288
3909644
3896872
5632832
4048192
4038280
4058212
4096868
3971512
3967364
4129028
3964332
4053864
3935444
3945396
4084544
3996900
4034744
3996248
4059372
4110704
4076292
4023116
4048644
3962048
3981372
4067364
3966604
3990844
3961708
3992588
4124204
3990688
3958300
3993084
3989344
4024744
3882076
3987592
4134756
4108772
4029992
3936312
3949492
4077616
3997772
3942260
3950436
4031028
4074660
3977052
3959216
4062952
4074896
3997464
3982116
4047228
3945400
3990880
4001224
3960828
3860180
3866812
3972708
3845436
3869968
3902404
3866276
3977868
3897508
3863304
3880332
3882260
3949276
3906152
3940548
3858216
3938596
3989336
3880024
3976696
3930380
3849284
3897240
3874504
4637844
3879872
3976500
3943120
3901824
3907180
3860848
4021588
3878612
3953756
6493280
3978164
4203924
4017000
3980232
3983980
4102904
3985592
4260776
4015796
4003176
4008220
4118228
4044616
3972864
3930496
4008240
 
4007700
4014248
3944284
6393848
3957040
4004168
3889136
3985564
3859804
3899960
3999736
3910908
3902764
3939120
3933956
3936764
3887956
3870240
3883244
3956672
3953764
3953944
3905844
3916640
4005112
3955408
3859036
3853660
3954776
3955652
3971328
3938928
3995900
3875868
3919180
3972820
3876996
3861044
3953284
4049692
4010836
4025948
3973064
3966732
4043904
4043564
4002452
4004148
4017648
3968780
4002288
4074392
3932492
4084564
4019356
3969400
3978168
3949432
4088456
4030380
4052968
3963280
3956468
3872244
3991176
4017920
3964392
6458400
3930224
4034972
3880036
3853336
3872436
4020076
4099552
3977296
4058908
4040832
3959756
4010928
4028168
3970204
4075544
4065916
3969224
3972724
3953096
4079912
4050176
4024188
5547044
4032792
4007148
4024292
3985624
3969116
3934940
3988868
4098224
3992992
4067836
4088240
4047764
3983508
4062032
4010280
4103672
3964532
3964528
4005252
3945680
4054824
3971464
3989196
3941996
3983412
3995292
4014544
3982468
3948928
4042156
4046844
4012688
4055776
3945700
4023100
4046016
4059956
3955620
3998232
3957132
4049608
4054748
3914800
4053388
4091624
3978772
3991408
4018532
5293136
3977552
4007560
4021124
4043160
3992268
4200652
4077424
3948384
7421036
4002188
4051240
3957284
4238272
4088352
4036864
4034932
3991064
3962148
4023148
3942008
3989088
4069656
3996968
4011660
3909932
4028076
4108016
3989032
4009720
4095192
4030352
3953992
3978440
3969100
4027192
4061516
4044584
4060300
4008420
3881672
3982396
4048136
4012128
3937088
4035304
4028456
3996724
4031204
3948488
4038780
4084344
3964148
4057104
4085856
4145464
4010880
4009552
4056236
3924980
4128284
4082836
3970708
3967116
3924516
4021952
4125812
4004392
3989768
3930308
4112452
4144240
4009744
3958016
4011768
3998464
3918708
3997548
3991848
4171420
3968084
4065200
4087904
4023516
3908524
4113384
3975164
4001000
3989160
4064296
4036264
3959724
3981804
3992144
3979744
4159104
4121752
4023652
3925016
4028408
4044344
4046208
3963668
3936388
3999088
4041208
3964560
3941344
3971300
4141140
3952400
3975984
3981932
3971564
4108928
4048340
4019512
4001504
4024808
4014688
4054940
3929316
3956932
3939616
4049564
4032600
4027372
4000272
4017116
4008900
4066248
4021172
3943008
3995920
3989796
3981184
4082752
4001592
4127420
4089092
4043268
3955864
4004400
3937448
3930928
4010652
4035240
3957732
4063448
4041916
3991896
3997832
3937676
4038124
4015636
3944736
4051204
3948396
4028024
4003552
5964568
3918380
3907096
3936904
3923388
3938764
3917140
4015792
3943352
3984276
6385192
6428356
4151636
3979220
3928680
4226464
3965376
3864580
3886748
3839784
3848716
4037564
3887928
3856096
3927280
4167212
4064396
4009440
4111932
3975316
4172220
4003800
3982524
4117916
4101832
4070220
3996088
3959800
4017096
4030008
4100964
4065300
4049604
4056580
3936328
4158360
4115492
4083500
4004536
4108792
4009080
3944616
4031620
4008892
3948576
4013948
4034376
4027516
3971644
4078160
4070844
4015080
4077048
3979868
4071148
3971332
4031576
4021732
4044428
4129756
4054880
3967880
4003576
4031080
4105824
4035228
4001016
4006312
3979860
4087332
4022144
4025152
4001620
3938528
4171380
4110564
4031244
4028744
4131612
4126404
4153808
3999720
4072260
4060732
4108296
4063712
4002016
4197932
3997036
4200140
5932748
3952940
4025464
4036220
4166932
3956800
4056804
4040112
4032112
6033720
4041496
3888300
3984492
4010996
3927244
3873676
3949016
3855332
4008004
4003320
3931584
3848836
3855152
4033868
3986104
3854424
3944492
4024680
4059172
4164664
4013496
4128028
4111124
4084516
4038600
4135172
4064232
4057164
4181344
4064932
3961492
3957472
4197512
4048564
3959792
4097072
4022148
4145528
3975580
4022456
3958160
3983032
4016100
4016196
4129980
4078548
4097828
4105632
4023224
4095880
4013392
3949348
4110296
4115788
4034200
4116656
4022700
4041028
4036300
4030296
4091500
4057272
3980940
4021396
4015508
4019324
7042984
3998524
4078944
3967164
3877480
3991296
4022644
3874208
3991656
3957228
4050696
3958984
3983388
3900128
4219348
4064572
4100652
3956520
4104696
4034524
4043976
4095920
4045576
4184144
4123956
4049892
4115520
4082668
4082016
4063768
4095824
4057056
4069344
4095960
4066732
3975948
4095840
3951284
3967168
4123584
4022056
4029768
4020888
4068940
4138492
4137396
4031212
4035304
4199820
4053384
4069420
4004856
3939876
3977852
3974776
4047864
4038124
3995132
4068624
4022484
3919480
3954456
3936012
4096992
4131536
4190236
3918568
4085748
4053784
4024704
3959768
3958064
4061284
4067048
4083420
3975084
4022536
4118052
4055748
4041124
4094048
4235076
4084256
4121904
4070172
4061336
3951972
4059932
4143368
4300960
3977972
4868452
4162388
3951516
3935404
4046028
4091312
3969884
4102116
4080480
4030476
4308004
4077632
5571556
4144140
3904280
4054336
4039416
3912908
4003780
4180536
4081272
4019104
3866716
4162444
3861704
4080236
4021112
4013684
3999368
3863128
3931980
3975524
3853364
3933952
3938640
3975572
3960628
3927444
3916324
4168280
3879928
3929208
3869232
3852272
3993948
3970400
3965412
3966088
3905916
4014980
3999432
3883648
3842780
3838196
3972672
3876752
3958152
3947532
4061948
3957732
4103220
3969144
4083776
3980376
4037212
4059424
3975580
4068180
4051152
4012424
3967444
4245672
4025252
4179604
5382424
6172832
5574268
3892132
4009220
3950256
3904872
3859220
3867032
5309940
3964876
3985768
4085160
4033780
4073184
4074240
3931240
4021680
4019184
3993636
4061436
4008792
3983920
4031632
3993564
4009752
3962260
4015232
3986876
4044060
4053316
3979124
3982000
4134380
4024596
4022900
3941820
4020512
4112104
3986408
4043232
3951664
4013068
4241576
3998372
4045904
4124396
4009520
4046480
4098064
3969256
4008004
3940680
3969436
4007772
4010280
3991044
3981452
3923572
3973176
3950460
4000444
4097516
3990720
3986008
4047760
3929804
4007988
3986040
4013612
3969916
3957184
4057812
3969196
4053156
4060708
3989732
4033304
3970328
4047456
7245360
4516792
4099752
4061756
3958380
3960928
3998064
6200208
4028932
4265636
4267804
4050332
3980564
3995416
4026036
3957204
4037264
4155216
3972588
3971788
4127980
4041920
4146844
4020040
3954132
3980928
4047012
4070620
4077320
3946352
4002516
4055272
4081280
4002664
3962752
4007996
4008932
4049952
4092232
4058672
4074668
4088208
3923976
3996644
4007852
4065380
4139488
4080108
4068936
3963728
4083144
3950960
4188864
4070496
3932744
4123752
4173680
4110920
3962560
4022768
3969608
4040832
4108448
4016400
4022724
4016060
4126112
4110504
3987376
4165248
4031976
4041004
3965040
4153632
4020000
4140208
4752304
4278180
4018128
4034912
3994180
3982332
4000728
4048556
3963588
4057800
3939084
3993972
3939864
4168884
4140096
3957524
3930000
4028196
4038716
4068876
4045300
3993240
4143052
4165508
4046260
4074296
4054512
4066204
4149336
4088052
4056328
4106608
4128800
4020052
4030820
4015204
4003980
4030036
4161168
3954756
4004620
4048768
4147720
3972660
3970872
3983456
4036848
4063264
4215576
4065000
3968056
3939700
3943176
4031348
4081188
3974156
4088932
4140104
3997064
4078352
3950776
4204764
4087484
4050964
3974972
3951292
4042548
4039444
3981340
3961632
3984904
4030696
4087564
4081388
4010464
3976220
4109684
4038248
4156384
4121536
4046980
4072620
4157232
4030656
4092012
4151720
4027192
4045852
4086808
4026236
4100920
4056796
4067608
4098820
4018456
4155184
3975072
4040312
4055024
4019448
4138516
4066868
4141776
3934876
4052448
4046068
4014700
3973528
4062060
4065860
4130884
4053188
4031920
4033328
4080900
4123640
4104760
4089452
4049740
4050260
3989668
4053760
3993208
3978704
4083100
4037188
4013780
4045612
4008252
4113936
4010004
4097332
4035160
4055716
4141648
3942852
4055284
3943596
4065696
4151320
3875520
4105396
4002912
4066020
4028968
4052436
4161604
4029888
3961664
4059604
4120656
4252628
3921892
5521520
3921640
4042096
3973408
4054376
4051932
4059332
4046528
4054188
4056592
3983624
4119148
4108392
4040648
4083080
4070380
4125568
4003988
3946112
3984732
4117600
4108924
3995736
3974416
4120628
4052184
3975764
4001068
3943324
4053896
4016952
4105488
4075776
3952196
4048704
3979324
4022000
3933844
4188236
4008200
4111452
4037016
4104640
4141236
4065116
4044492
4022028
4228904
4146088
4054528
4188688
 
3976808
4028748
4059032
3989568
4036360
3959280
4062752
4048968
4055280
3980340
3943960
3966780
4158232
3951796
4002396
3881028
3928108
3978560
4003600
3896704
3890168
3864956
3904428
4022836
3934568
3917784
3910888
3886068
4059148
4003364
3925376
3900964
3905060
3994824
3944900
3859112
3853316
4050224
4070552
4007544
3990304
3893332
3976272
3961096
3930764
4023564
4020488
4016264
4041188
4004292
3982536
3949220
4078268
3968656
3934464
3949488
4008368
3982540
4046916
4054048
3931492
3968496
4012780
4032928
3912616
3971584
4174060
3960456
3952524
4066500
4081212
4204676
4104224
4071912
4164588
4076392
4027468
4063104
3968568
3974204
3979156
3990068
3987812
4081020
4052152
3983808
4053632
4033200
4054020
3977512
4048940
4068204
3993540
3969992
3943240
5383968
6081180
4264604
3923788
3928520
3879860
6406592
3888064
3975132
3960832
3912112
3931024
3976764
3946504
3958472
3929332
4022808
4061380
3980528
4013668
4016768
4043280
4036600
3974484
4040860
3973808
3987452
3978992
4060584
4117808
4001060
4107984
3992100
4057992
4053732
3988564
4118396
4050552
4041916
4033740
4028520
4111432
3961264
4065412
3963580
4182984
4089596
3951128
4002908
3962040
4038608
3962172
4013388
3948064
4021064
4019980
4009580
3940324
3939992
4091296
3967188
4031332
3979692
3992204
3980992
4186604
3969856
3955268
4011596
3951312
3975264
3960996
4021360
4072932
4076608
4054028
3968456
4045280
4147968
4057016
4139076
3952420
4041420
4032672
6427536
3937900
3870280
3875056
3911148
3906996
3980896
3966952
3977664
3986096
4047048
4059796
4020844
3918940
4090840
3996752
4001972
3986168
3961064
3985356
4001736
4052940
3908260
4070024
4134536
3966160
3979800
4006128
4204908
4072336
3945240
3950768
3924184
4034836
4079256
3999568
4003824
4002228
3995700
3983176
3991348
3966516
3941152
4148316
3971280
3981380
4014364
3938916
4136956
4037216
3990716
4087016
4103840
4082808
4027888
4023428
3918588
3986980
4109020
4133392
4363436
4037964
4045916
3985816
5086232
3929232
4048512
4154308
3951584
4020032
3948648
3938720
3953396
3931636
3914804
3860152
3851388
3990232
4016272
3936128
3943512
3905260
3900752
3934976
3935536
3916136
3918004
3912660
3995604
3881452
3960896
4041864
4185888
3931588
3875276
3924284
4078040
4030732
4065812
3942792
4015052
4112096
4149108
4126636
4019736
3980468
4098724
3967424
3987040
3998656
3919796
3968916
4007864
3983792
3984620
4032544
4057340
4089144
3964396
3983020
3982284
3978856
4113072
3978036
4155520
4233080
4028056
3934368
4034984
4017284
4001596
4126760
4033492
3960732
4183184
4166696
4195840
4047900
3986656
3939840
4037396
3996336
4043148
3911524
4060524
3965672
4043856
4117124
3916824
3992304
3892300
3894960
3904336
4052164
4070152
3908116
3867864
3938092
3844832
4004884
3953240
3944604
3847424
3952352
3970972
4016920
3905800
3850764
3853100
4011360
3946472
3976564
4006332
3994024
3960880
3984516
3848336
3866492
3984360
3977140
4045520
3968872
3839688
3943148
4065448
3952428
3923524
3861208
3878296
3918212
3865628
3897728
3862520
3926204
3886496
3903652
3955564
3880692
3987488
3876520
3865876
3981052
3872072
4076484
3957880
3873316
4045084
4122848
4045984
3871892
4028972
4047656
4010440
3958128
7336652
6915920
3983260
4029324
3951544
3887556
3896992
4116696
3993184
4041516
3881760
3857636
3910524
3991996
3899312
3915580
3906780
3921280
3879272
3878896
3925836
3946924
3970456
3944068
3999640
3888904
3974952
3886384
4047620
3980676
3919576
3856392
3906584
4121400
3930848
3973784
4115004
4170728
4122324
4076072
4045288
3948548
3975464
3974528
3974320
3969128
4031180
4005608
4052732
3985580
3875484
3949212
4013480
4024580
4002292
4032692
3965172
4072852
3967200
4027496
3966752
4092308
4075516
4014400
4060252
3973924
4183476
4055692
4042892
4030564
3895288
4037356
3978160
3886468
3861088
3902956
4066796
4020148
4014148
4015648
4000208
4055752
4006696
4017400
3953972
7848388
4025088
4026208
3953180
3995708
4337944
4037020
4041068
3966488
4002724
4141692
4038700
4079176
3985820
3973636
3958792
4078720
4058768
4078176
3995580
4009260
4087140
4018244
3991860
3966616
4059752
4077836
4059644
4208660
3943024
4150604
4082800
4027368
3975380
4008020
4041792
4015680
4009460
4033552
3982672
4054008
3963332
4012872
4045004
3992488
3976144
3984248
3967668
3988544
4010580
4031500
4060060
3969456
3964036
3973384
4134240
4070112
3968224
4046212
3967016
4009124
4010052
3973676
3923072
4058960
4055632
3999988
3968360
4004964
4099472
4039604
4022324
3963108
5102828
4001512
4058224
4026168
4016672
3978624
4044528
3962972
3979396
4096820
6395840
4052464
4020572
3958340
3981868
4054288
4027572
4001928
4005256
4104624
4111944
4059308
4011692
3958192
3949200
4067108
4017684
3947832
4045028
4007580
4106504
4003608
4141052
3940232
3958472
4053000
4026676
4014972
4006116
3940380
4005020
4069144
3994364
3956360
3996720
4006660
4075712
3964732
3980064
4093972
3989120
4021240
3955996
3970328
4144736
3996116
4040056
3946924
4071296
4012760
4060888
4081424
3988212
4004228
4028044
4143772
3967740
3951360
3933108
4037872
3972672
3973576
3935836
4041220
3999928
3977004
3958852
4033176
4172024
4070520
3980976
3945864
4143332
4055712
4054020
4044580
4047628
4034200
4081240
4076104
3972560
3977172
5873764
3999692
4038152
3985668
3997520
3974776
4019748
4074060
4040248
3886552
3950236
3905520
3893068
3929312
3942156
3916176
3964108
3990480
3958612
4019956
4022780
3983372
3939928
3950328
4093740
4091872
4214044
3946088
3997592
4065400
4040380
3956900
3988024
3916264
4038940
4054620
3969344
3961364
3951288
4040916
4118064
3990168
3999716
4009840
4124748
3992020
4050716
3953080
3956300
4087992
3975228
4026364
4003368
4102844
3994648
4046164
3962252
4016296
4099252
3989252
3974164
3993324
3955996
3978688
3960580
3959728
4009752
4020064
3937472
3959556
4057876
3975200
4012280
3988184
4038184
3968636
3962080
3957024
4013752
4083080
3956516
4018696
4020872
6623764
3979852
3899240
3923912
3944948
3957128
3910552
6324292
8925700
9660890
4068484
3968140
4233032
4003112
4044296
4065056
3976436
4035964
4022960
4084312
4016768
4050536
3981132
3996280
4025888
4050260
4068472
4022532
4049640
4112496
3984080
4076300
4043888
3941320
4071428
4117908
4069732
3949432
3952000
4143452
4042660
4116660
4094420
4031652
4037108
3985904
4033600
3959208
4057952
4013204
4086628
3973268
3995192
4229000
3981032
4059416
4054460
3987808
4221912
4064244
3982560
4027624
3964308
6990364
4055516
4076272
3957544
3986420
4060280
4047824
3976276
3967332
4056644
4046656
4036464
3984756
4077668
3949920
4158200
3991092
3956544
4023020
3992684
4032812
4015092
3980192
3986848
3937568
3989904
4087752
3936904
3992780
4032264
4055544
3968336
3974272
3961428
4095008
4037152
4002604
4043584
3962424
4133496
4034840
4092912
4036684
4010328
4103496
4005916
4098708
3952940
4010304
4029952
4069572
3982036
3975140
3935592
3919584
4006728
4044840
3962344
3945540
3947768
3981092
4141320
3999900
3937896
4005904
4110052
4029520
3921372
3965668
4011988
4063428
3930800
3986760
4303840
3875208
4021360
4008196
3884040
3908960
6493660
3887996
3943264
6060416
4071316
4075096
4063552
4001444
3970220
4028032
4184720
4015728
3989808
4003008
3967420
3978276
4010828
4122416
4069888
3975416
4085200
4052184
4029536
4127428
4113200
3974012
3965832
4065952
4045384
4014900
3983428
4088536
3953144
4042020
4027176
4021320
3902428
4038292
4041024
4047280
4018896
3960372
4055724
3916196
3900840
3940592
3947560
4005032
3899044
3962528
3942200
3923036
3902540
3884436
3944840
3927984
3967000
3892836
4031020
3892320
3946004
3871200
4264868
3969264
4019184
3873204
4074308
3997324
3905400
4026744
3897160
3879380
4013896
3932884
3887772
3934660
4038680
3947512
3932732
3924488
3941408
3997720
3886936
3963700
3940176
3898516
3972840
3897636
3939380
3910536
3959156
3936028
5987796
4100268
4014544
4112532
4014152
3982384
4028996
3961256
4059612
4032920
4045020
3974260
3951304
4146236
4012796
4046324
3956120
3992152
3978460
3959912
4097824
3987064
4038544
3951088
4094816
4029720
4035572
4000324
3946304
4047128
4165972
4000748
4014424
3869364
3877136
3994216
3889852
3876084
3953476
3944432
 
3955204
4091624
3874604
3862576
3931668
3912956
3947708
3934128
3903760
3894176
3977136
3996884
3904788
3939932
3996392
3947324
3865408
3909160
3957248
4071396
4068552
4002824
4037212
4005356
3988976
3960700
3951580
3956296
4047000
3998696
3996024
4053120
3972036
4037184
4030164
4079056
3968168
3943536
4054076
4031468
3999916
4574500
3890192
3937396
3926764
3874532
3866696
3867852
3980264
3934232
3915388
3849948
3930532
3956780
3974008
3931384
3914600
3864156
3921096
3902016
3927584
3859912
3924292
3925640
3949568
3860268
3876744
3990680
3945408
3945048
4141824
3930540
4026536
4004592
3938752
3876204
3858184
3961388
4009640
4027712
3935832
4019180
3962232
3997968
4036716
3943000
3946060
3982240
3932880
3973564
3948960
4005548
3955796
4053480
3994488
3964592
4056576
4054712
3995164
3939868
3998488
3921316
4012484
3884408
3959192
3875800
3968576
3910780
3907476
3955116
3941052
4051172
3934264
3944252
3848640
3953740
4114716
4049052
3972604
3927816
3957720
4029028
3990276
3988416
4003364
4045660
3986704
4035816
3953384
4026668
3962656
3990508
3947148
3977820
4040492
4129156
4051148
3999176
4015336
3968816
6176904
3932440
3895624
3872568
3928032
4025060
3977332
4104360
3998972
3986940
4113504
4168280
4047572
3981352
4150728
4124880
4142708
3923904
3916200
4101940
4040404
4196624
4013148
3986384
4226360
4081560
3932348
3991428
3959352
4113508
4049408
3950980
3994068
4008408
4064968
4078256
3982452
4005264
3884936
3947276
4000432
3945584
3887032
3941816
4051056
3994744
4021692
3955880
3993516
4079244
4030048
3958664
3961260
4021336
4048316
4012800
3948044
4000380
4127216
3973428
3871744
4048540
6504680
3923584
3987676
3940884
4028792
3929620
4011544
4041136
3978284
3947144
3948228
6405276
3975256
3962644
3918536
4016884
3907520
3881556
3883840
4110448
4034412
3946440
3902864
3921224
3953024
3893828
3882748
3953636
3880276
3931332
3929504
3897672
3938972
3964792
3944344
3955804
3900560
3946336
3895336
3895756
3981088
3976704
3901012
3891444
4017736
3947692
3973692
3965968
4018904
4068780
4033496
3990600
4033852
3967296
3971752
3980724
4041012
4095552
4044252
3996772
3988312
4032172
3967280
4070744
3912424
3996632
3978836
4040332
3958648
4014280
3994076
4052660
4025212
4092648
4055252
4023112
3975376
4030388
4037084
3972892
3979912
3965848
4045204
3988920
4043148
4032072
3977544
3934796
4153964
4117840
3961660
4509028
4291336
3990348
4042488
3960696
3903168
3971168
4082088
4001360
3996072
4028936
6778944
3885928
3947920
3936256
3897624
3979600
3887376
4163320
3974868
3978068
3981820
4035804
3952780
3976600
4035292
4008124
4067600
3998748
3990332
4133504
4112084
3973728
3973188
4033348
3974180
4053532
4032308
3954028
4095800
4051656
4032760
3975896
3952860
4022728
3950484
3988636
3987816
3983548
4039704
3992304
3969164
3959336
3993480
3972060
4003620
3994916
4076288
3967140
4010756
4023364
3969068
4161964
4094548
3979900
4039252
4045664
3986512
4054712
3992896
4012960
4122336
3957144
4097936
3962084
3993032
4043144
3997392
4030160
3987236
4324852
3960320
4066460
4005424
4070792
3983264
4035112
4015784
3971580
3998660
3947356
6100444
4079432
3891684
4010336
3907576
3921472
3895296
3873344
3920384
3985412
8465692
3975104
3998356
4001028
4057656
4073448
3985164
3986928
4064744
4001896
4101172
3975492
4050436
3998788
4056888
4041096
3993688
3985844
3993712
4104676
4031772
4029328
3996136
4058064
4001892
3988060
3964396
3997396
3995800
4073072
4019376
4034588
4102740
4044004
4054428
4043532
3864276
4068368
4050108
4102184
3948948
4035336
4036388
4037280
3999168
3966436
4065472
3912032
3996028
4030696
3947232
3959248
3951324
4109864
3981584
4051580
4020856
3952748
4029156
4264256
3983840
3971112
4017252
4051800
3966340
3980608
3976992
3976128
4065344
3957736
4065204
3959968
4002916
4096688
4047800
4016276
3960140
5647640
3910424
3950464
3884444
3885728
3993940
3906120
3957984
3969632
3960512
6046696
4057428
4034920
3988140
3959084
3894856
4015872
3897044
3894816
4002724
3902976
3963720
6328588
4192168
3997020
4035356
3973300
3927540
4037148
3972300
4030440
4070668
3975380
3965724
4240836
4051636
4030144
4056808
4104120
4043228
4068460
3986664
3966992
3972352
4046420
4053308
3948996
4004940
4055272
4028888
4026116
3972984
4002184
4034948
3978272
3958720
4030888
3975364
4033948
3961036
4016720
4034040
4000268
4079992
4016040
4080928
3958416
3953608
4045084
4027512
4065568
3984488
3952868
4073224
3965644
4054168
3899520
4029824
3991020
3972204
3952508
4045312
3981692
4059900
4062816
3907072
3997360
3971552
3995304
3991324
3996332
3965872
3974600
3976988
3959448
4071176
3967176
6628268
3901524
3956888
3939624
3955772
3948320
3898652
3886500
3869652
3893232
6378440
3879424
3899832
3899952
4032596
3941312
4015656
4028340
3960320
4003336
4040568
3989772
3966312
3982852
4070860
6653012
3982640
4065080
3976496
4026888
3983336
3961388
4009392
3986044
4033008
3965088
4070492
3988488
3970492
4058556
4002708
4114524
4092404
3999704
4084808
4108276
4026076
3953324
4070640
4121988
4101292
3962388
4060184
4103468
4120228
3955072
3957656
4063648
4106624
4144392
4069348
3965432
3990780
4039020
4028356
4097724
3979344
3967452
4049192
3958828
4005328
4035748
4027028
4060856
4038560
3882944
4031792
4027440
4079496
3982280
3977156
3975592
4076492
4038980
5054356
3905140
3915916
3957404
3896816
3881256
3877188
3894132
4017212
3957068
3946536
4009432
3958000
4010576
3966896
4046956
3980440
4086820
3976872
4053784
4041304
3972860
4081832
4024296
3987428
3968084
6167812
4005420
4057424
3990888
3978348
4093596
4001372
4058568
3937092
4052688
3962108
5495980
4062464
3967420
4032720
3953216
3968380
3965892
4025924
4022592
4041912
4020008
3978896
4011624
4103516
4079524
4052184
4036708
4056984
4023696
4034464
4050532
3973180
4033996
3951056
3974020
3960148
4039584
3981468
3994356
4085564
3956212
3970728
4036684
3996532
4096272
4028280
3983748
3962304
3986488
4050148
3977460
4023868
4010604
4063748
4028928
3975328
4005048
4021600
4055024
3993132
3976436
4029428
4060004
4083060
4046296
4060788
4052724
3979072
4138220
4030020
4125272
3967992
4033448
4091916
4322580
4003224
4065604
3986980
4013820
3981700
4020768
3967724
4015772
4029876
3964048
3990048
4008340
4001336
4012840
3882604
6265736
3993556
3893552
3942644
3881064
3936144
4215520
3919896
3928744
4040292
3936400
4037560
4002604
4046972
4031124
4054476
4062032
4098276
4051560
3973436
4047408
4070012
4037784
3941244
4028936
3991784
3995580
4104296
4044888
4004416
3962992
3982960
3976524
4028192
3885980
3963744
4147132
4170340
4128260
3963888
3966416
4037000
4020108
4001116
3981184
4050768
4014544
4041084
4075452
3935572
4076244
4054112
3988872
4041952
4017068
4013172
3959864
4082348
4222716
4042288
3985732
4069572
4068764
4001956
3988508
3981748
3981292
3989192
4077948
3986540
6444856
4023852
3885036
3950468
3887160
3908964
4044620
3879100
3889940
3976296
3888012
3885412
3945816
3926092
4076988
3959624
3954732
7355616
3900836
3983600
3899948
3896252
3950260
3888308
4001080
3919284
4000964
3986156
3978420
4090688
3985988
3997268
4006412
3997160
4128916
4007540
3982200
3997480
4015660
4069140
4018628
4075188
4029680
3963676
3999224
3961712
4038588
3997540
4006848
3984472
3987344
3965304
3996544
4011444
3998244
3974252
4023884
4012916
4008212
4082760
3969644
4029040
3975136
4009992
4083004
3973576
4019820
4019332
4029476
3984556
4055244
3943984
3965264
3943740
4113876
3940808
4151240
4156516
4038516
4024112
3970992
4028104
4016600
4036500
4062572
3994552
4079804
4013016
4980392
4093724
4075936
4034048
4058588
3981864
4022080
4052540
4034548
4030628
4028596
4049260
3979820
4076888
4059508
4037724
4011348
4112840
4086720
3993460
4069848
4120836
3988164
4025404
4095796
3968820
4034352
4084812
3989076
4290268
3974012
4047844
4080200
3982192
3983384
4039104
4052964
3975836
4086536
3972388
3965588
4022160
3966800
4138096
4045452
4020544
3933632
4060488
4072272
4097980
4027024
3948436
4035644
3928684
4018240
3959188
4037216
4035680
4001560
3976728
4036488
3939636
4048228
4048296
4122388
4027680
3968364
3999208
4057320
4051280
4021268
4015444
4079668
 
4043628
4048744
4044748
4028692
4131556
4076960
4026580
4039432
3986240
4291640
4046560
4046924
3987784
4010348
3998100
4004932
3950764
4016348
4087224
4655084
4078692
4076304
3980024
3932440
4080464
3996316
3929624
3959028
3893308
3888824
3887140
4192356
3883544
3970528
3914088
3963380
3899492
3897328
3988736
3935776
3871504
6384560
3940984
3901484
3934284
4075940
3883876
3987068
3977832
4036140
4045504
3913032
3955524
3997576
3935748
3872876
3965208
3893268
4080364
4002672
3962848
4108964
4041240
4060536
3969164
4008560
4075184
3997328
3981820
4078288
3967708
4120500
4046516
4068820
3974504
4051588
4097744
3981036
4030784
4030824
3972576
3960044
3985808
3994076
4056288
4027376
4136784
3993320
4030532
4029716
3996052
4099000
4040704
4136236
4045200
4078180
3993156
4036856
3981284
3988580
4031008
4074548
3996940
4905508
3965652
4006128
4033708
4049948
3968228
4040580
3990888
4054752
4070400
4027940
4016768
4039712
3987904
4028924
3967948
4042912
4059804
4056864
4062000
4049120
4084112
3992476
6230772
3962148
3924592
3992640
3896544
3918608
3935056
3868532
3927140
3899324
3924580
3979564
3895712
3969856
3957124
3957760
4005816
3985692
4002032
3961076
4026880
3955400
3980660
4015436
3997292
4055248
3985792
4077600
3976512
4089220
3884376
4008812
4033756
3990024
3948532
3978216
3975976
3973492
3988368
4045476
3991832
4033280
4060744
3989552
3998796
4025144
3977504
3987252
3978132
4144668
4095504
3983408
4169816
4067676
4063840
3963160
3975768
4081512
3964300
3994376
3998404
4097640
3997292
3929836
3981620
3975372
4091376
3992152
4015840
3985888
4038640
4063804
4104944
4073692
3972160
3982276
3976700
3960572
3981820
3888792
3980376
4133464
3987180
4086136
3965120
4103040
4154952
4066956
4041968
3960040
4152288
4013572
3984740
4110896
4117144
3970976
3965132
4047084
3993020
4057232
3974380
3998740
4014456
3975920
3994900
4024716
3979228
3982672
4082656
4022624
4007656
4092076
4051096
4026916
4006440
4003896
3998692
4053484
3964248
3973428
4062760
4069748
3982488
3975876
4096728
3974964
4054052
3992664
3979116
4057140
4002096
4039560
3989196
4038604
3957580
4056792
3981696
3986528
3968856
4008336
3985900
3982268
4054296
4073884
4025912
4047532
3921320
4025876
6302312
3900636
3990036
3879940
3891420
3883816
3939900
3893524
3888972
3888464
3928484
3958060
3959060
3921432
3929284
3884468
3969764
3888000
3886140
3999492
3990300
4074632
6337548
4618156
4040764
4018184
4110280
4071648
4136396
4027464
4072904
4067196
4047808
3967124
3983988
4029388
4055832
4019936
3973920
3956560
3981592
4072776
3991636
3998900
3954812
4024544
3986044
3986072
3983664
4015476
3970412
3972868
3973180
3981260
4072888
4064352
3954660
3971084
4030692
4017276
4094312
3999596
4038952
4045672
4030004
4043424
3979708
4056268
4015836
4044944
4024044
4035232
3960340
4031680
3924232
4085740
4022624
3970416
4022112
4089508
4067368
3998244
3883820
4023416
4043468
4103996
3921412
4223488
3991584
3922104
3994324
4033264
3988276
4000676
4042356
3963960
4030684
4019644
4004792
4037584
3992980
3996424
3974028
4021196
3923156
4013636
3983440
4023084
6682540
3927620
3889428
3933136
3999556
3912688
3909220
3899644
3877400
3926648
8442708
4055620
3894360
3865860
3954424
3886900
3954204
3891312
3922708
3931380
3930296
3964580
3889816
3905584
3926364
3995848
3981432
4050768
4018056
3981128
4072824
3954696
4048064
3996092
3937452
4035988
4022880
4014788
4054384
4075016
4028196
4030172
4002992
4006732
3998436
3977548
3982968
3973320
4113172
4075268
3951780
3988956
4035100
3981444
4013044
3977112
4046456
3978228
4050016
4004296
4028128
3967692
4027580
3906736
3981408
4021444
3985528
3990208
3977424
4028052
3980424
3994180
3928912
4089028
3995112
4001544
3961820
3979236
4044992
4120196
3979468
4048120
4258016
4059028
4047244
3979720
4065808
4083492
4036724
3981236
4045740
3969140
6370768
4098688
3995048
4085264
4043700
4095360
4078180
4183624
4166292
4024540
3999132
4029648
4115436
4015136
4119984
4056776
3989760
4026220
4177364
4112640
4050960
4069000
4037188
4079836
4011824
3967808
4067604
3971812
4027416
4057544
3948936
3996176
3993176
4036392
4022076
4077940
4053276
3982812
3974148
3989524
3990060
3990080
4056624
4021852
3995660
4037924
4070960
3976872
4050596
4003164
4040484
4021988
3955444
4067608
4032204
4101012
3894080
3882328
3968500
3960884
3936604
3923360
3894744
3924560
3937692
3981304
4025884
3979860
3907660
3983668
3888936
3947224
3895092
4028720
3876424
6460328
3883940
3967472
3887228
3945316
3876992
4122684
3875124
3981360
3939288
3976660
6185352
3892104
3912716
3897696
3969548
3883512
3968660
3931360
3920248
3884836
3877016
4001960
3943484
3893920
3946956
3877600
3993292
3886088
3898036
3928820
3895140
3912172
3974340
3917444
3880332
4073724
3964592
4011784
4018988
3970920
3973000
3980224
4035836
4005336
3971916
3956536
4082104
3992832
3947928
3941488
4124256
3987728
4126864
4069972
3971900
4191792
4139852
4144052
4059620
3891036
3973160
4224828
3964940
4107232
4035272
3990544
4283880
3974624
3968032
4082568
4125496
4051324
3980264
4013748
3997100
4087744
4091204
3962612
4072988
4146188
4075532
4102632
4069456
4116944
4038736
6348684
3929388
3942760
3966232
4070912
4003480
5505300
3936368
3960808
4033348
4086068
3971568
3945844
4008968
3950384
3899656
4024336
4039488
3978280
4097816
4054740
3937736
3931168
3869024
4076004
3948984
3954368
3925156
3932112
3952136
4104544
4061564
3980928
4097844
4127964
4069644
3983264
4039664
4017428
4002232
4104216
4059140
4072784
4116240
4011556
4130024
4068124
4037400
4066608
4034504
4066400
3964524
4069476
4135844
4164356
4130056
4064956
3989496
4054356
4093188
4048292
4052524
4076352
4197192
3994908
4060384
4024708
5871836
4019640
4055412
3984120
3970464
4045964
4130496
4050536
4086256
4050532
4092532
3991832
4195168
4067220
4312152
4066140
4097380
3987160
4052988
4090804
4084520
4084208
4123760
3967216
4015764
4124500
4099004
4107720
4099516
4015408
3985260
3985524
6440200
4110440
4061272
4099944
4125832
3975068
4103644
4057884
4095384
4002008
4067644
4060708
4084228
4070116
4061000
4065924
4116868
4027472
4115708
4093012
4175100
3957180
4050224
4090604
4176320
4118976
4028472
4084920
4123580
4078116
4155068
4121988
4062808
4164572
4057712
3915380
3949024
3922656
3902040
4051192
4101540
3978744
4086060
4110140
4072608
4055752
4132516
4042780
4072568
3915388
4096016
4045420
4008688
4187324
4043036
4009432
4042192
4098384
4060560
4064152
3960724
3993900
4148288
4007812
4102212
3937268
4148604
4087580
4109388
4188768
4090644
4107604
4152624
3989620
4073180
4000776
4026124
4130572
4082812
4060608
4099732
3999460
4102752
4100268
4057040
4002668
3975912
4051124
3974212
3952532
4073256
4099508
4136892
4122128
4048940
4007392
4010016
3932128
3971620
4088672
3965616
4003212
4027100
4106540
4061464
4097512
4062040
4090268
4011184
3981100
3991308
4074024
4056576
4074148
4109448
4020796
3974544
4134292
4077800
4124920
4036408
4131928
4099384
4100096
3972272
4152608
4044248
4066216
4062416
4136756
4007040
4088612
4076156
4018548
4009048
4023004
4153328
4154596
3935328
4158940
4064980
4090704
4074428
4125152
4010716
4123340
4146640
4023068
4066464
3968436
4081036
3984616
4057368
4152392
3939440
4282212
4140236
4137328
4098692
4145976
4067096
4145672
4037068
4157412
4062536
4127180
4126552
4045472
4047532
4130396
4145000
3994076
4098612
4278744
4076684
4065852
4158248
4159844
4190664
4141568
4173368
4098288
4117476
3976968
4032584
4072488
4227412
3973952
4019236
3979904
3993512
3952792
3962120
3945272
3957760
4041236
4044228
4017520
4072416
3989668
4060688
4059912
3991236
4071192
3979968
4012080
3976244
4025512
3995560
4021664
3985480
3979972
3984884
3972608
4002680
4039804
4044760
4044268
4111136
4006208
3978380
4049072
3976728
4331500
4165560
4069004
3974348
3989120
4002248
4110764
3966644
4093952
4041916
4008224
3993880
4023392
4098088
4092968
3962316
4003748
3976088
4015184
3999908
4003060
4040968
3963944
4000896
4130408
4085268
3963492
4000068
3998352
5079332
3934900
3959820
3921044
3987524
4115736
4008868
3879072
3872384
3965528
4046956
4025488
3874520
3998556
 
3934856
4025996
3985580
4121280
4055020
4108552
3977012
4131940
4040188
3966192
4048516
4132376
4060140
4021728
3972352
4035164
4037600
3881392
3875708
3934020
3913704
3887228
3883292
3867000
3897976
3960004
3944908
4025044
3948632
3953804
4004688
3906288
3955024
3901692
3941524
3893692
3927212
3875044
3880456
3888948
3960536
3924816
3871312
3951476
3988708
3935124
4008040
3909484
4003340
3916464
3894844
3964164
3953104
4068844
4015004
4059112
4045676
4029148
4000536
3995124
3995032
3976292
3980992
4091868
3998852
3913524
4718480
3973956
3928344
3953124
3979812
4069848
3969156
4144408
4009560
4013796
4059772
3974596
4113104
4107016
3971388
3983908
3984572
4020188
3988768
3966492
4010592
4016080
3979004
4034848
3955172
3980180
4015260
3969092
4012524
3999832
3977528
3974252
4045696
4045008
4076980
3986584
4106828
3963108
3965216
3967552
4045216
4018264
3980012
4107468
4013348
4010700
3973544
3975452
3975888
3984172
6375228
3964652
4048196
4026120
4010036
4027520
3988272
4040320
3976348
4033236
4059232
4023924
3978080
4012324
4028648
3996404
4070200
4026276
3971784
3986328
4018404
4037616
3977004
3999616
4051192
3983796
4002056
3985840
3996500
5056808
3887664
3879952
3894480
3932056
3907476
3928604
3899752
3945188
3927512
6333784
3886872
3967400
4025268
3986104
3979208
4033296
4034068
4028152
4049200
3962688
4022496
4013924
3955316
4002268
4032160
3993776
4002044
3940104
4005080
4037056
3999572
4016936
4057496
4030736
3975200
4066888
3997800
3979856
4040476
4018816
4000792
4011924
3973376
4043724
4043972
3955312
3973540
3967732
4037572
4036856
4018364
4001604
4045556
4071244
4027072
4065284
4033052
4006092
4134464
3982204
3980216
4254412
4070592
3968556
3931844
3968488
3974080
4088952
4016148
4036284
3957996
3985680
4061052
3909860
3959988
3981496
3986040
4050656
3974928
4050260
3966216
4002480
4029680
3970560
4021172
3962096
3978028
3965220
4180196
3982684
3982304
4017348
3987644
4115800
4049212
4030176
4093320
3971976
3969536
4100604
4061116
4086480
3983496
4063064
3985240
4043424
3982636
3954064
4029984
4061320
4010212
4024596
4037140
4020496
3981076
4095432
4042344
4040180
3988488
3970180
4020208
4122004
3917556
3876628
4079328
4053116
4027684
4116456
3983004
3977552
4072832
3996408
3978156
3884708
4056188
3996504
3899072
3934584
3971888
3984844
4089420
4026192
3963844
3944024
4020184
3981724
3986096
3971244
3977736
4002272
4068996
3972184
4010352
3978148
4083780
4020692
4008656
4045440
3981180
3993548
3971856
3976328
3979384
4279212
3979268
4041104
3981900
4040496
4033588
4193240
4043300
4101092
4116788
4117532
4162096
4156488
4159024
4012172
4088784
4000832
4183480
4131976
4047340
3990068
4147524
4098540
4034628
4043716
3915508
4067036
4114020
3983056
3989228
4034800
3973428
3967612
4038968
3978288
4047728
3962960
4049704
4033212
4077904
3979652
4040912
3996380
4113756
4119528
4043704
4021268
3980124
4096932
3972244
3978204
4056268
4066424
4062968
6190176
3957392
3885808
3964600
3992312
3937116
3936932
3869292
3885888
3967352
3947720
3936164
3893416
3946896
3905500
3950952
3979360
3923268
3942656
3924404
3949888
3989172
3920944
3891528
3914588
3960624
3873344
4050860
4025184
3923048
3904564
3946608
3948700
3937896
3910184
3967452
6449956
4035664
4039656
3960732
3972224
4002628
4009344
4000328
4082656
4027596
3982616
4033740
4048624
3988276
3974756
4015788
4036272
3982160
3953240
3967644
3978280
4128048
3986004
3996320
4067808
4120404
4028676
3954716
3991560
3970064
4022460
4203240
4008576
4037416
4009812
4069256
3975072
4194168
4040588
4035992
4037112
4004448
4113500
3980224
4007048
4004884
3993192
4085280
4017104
3959232
3925212
4090080
4007356
3941900
4024872
3986980
3997604
3894928
4017204
3895584
3942592
3959916
3935636
4044460
4078512
4078244
3997880
4024740
3970780
3939400
3973604
3926908
3895432
3997836
3988464
4036776
4035188
3992780
3987548
3930104
4184908
4016028
4033596
3867612
6523032
4062508
4182992
4039780
4095128
4126592
4041344
3988224
4040428
3946244
5403672
6211492
4116112
3879204
4011548
4074412
4001104
4109236
4115164
3962240
3957728
4055444
4170776
4020660
3990860
4027160
4021936
4022244
4041140
4107348
4033576
3977800
3932056
3893780
3956248
3963660
4069456
4069948
3901536
3938064
3974844
4054880
4028632
3916072
4158140
3889568
3998436
4052024
4055380
3965004
4099152
3988848
4051456
4104768
4176240
4136224
4090232
4043532
4070396
4103200
4122540
4064236
4069240
3977064
5578512
3921792
3982428
4028376
3954276
4015568
3971432
3973000
4115252
3953304
4012116
3922288
3992536
3932784
3936744
3987936
4055944
3956096
4021980
3992040
4102504
3973780
3952580
3918716
3963560
3912164
4021032
3925288
4005056
4017196
3912736
4013488
3866856
4046180
3962940
4527648
3952560
3875552
4019820
4063000
4049700
4004468
4021920
4008644
3967844
4036488
4444456
3985148
3892056
3929160
3943504
3974968
4001696
3942048
3999316
3909452
4023424
3940932
4030664
4055524
3996276
3994444
3942300
3954252
4062088
4074924
3967892
4076820
4076748
4010344
3967172
4019448
3948956
4059212
4002548
4115776
3985068
4092436
4121484
3990940
4112760
4106100
3992108
4100984
4056104
3993404
4070400
4032788
4007220
4001376
3972404
4097564
4066976
4079676
4071900
4147372
4050164
4057376
4086020
4041532
4116148
4063716
4085640
4097528
4110056
4092700
4074864
4078876
4097508
4091548
4017812
4064808
3988556
4017672
3995984
4108100
4101676
4209800
4131432
4119904
4049164
4110120
4149668
3967176
3975748
4070052
4018312
3918352
4028020
4017600
3898428
4041104
4001168
3966408
3907632
3988052
3964532
4061896
3940876
3953676
4011200
3895080
4006884
4055864
3948580
4021900
4031412
4068228
3979972
4054568
3966788
4161408
4006236
4486740
4098772
3909784
3998156
4092560
3941872
4010760
3875508
3906720
3876484
3990376
3968320
3984700
4055136
4002748
3894088
3998056
3870980
4072408
4105248
4064432
4077408
4113212
4097680
3972916
4130884
4025828
4113324
4169800
4073356
4062492
3921612
4163812
4129928
4065816
3995176
4009972
4146612
4091116
3986704
4095016
4038676
4086196
4163788
4052320
4108700
4049060
4022880
4019052
4032836
4074700
4027956
4137332
4056740
4006916
3948900
4002000
4033464
3937952
4073736
4066364
4128120
3988684
4064496
3976940
4070964
4117304
4037164
4086800
4033652
4069156
4125608
3940388
4136204
4004588
4032728
4131516
3971452
3966104
3976280
3987728
4092896
3975808
4044708
3959508
4012892
3959472
4101384
4012228
4070856
4080784
4181724
4077380
3967704
4081608
4094140
3997092
4069204
3969744
4065116
4019800
4071656
4072632
3961580
4016152
4023072
4112228
3967312
3961192
3988628
4045924
4027568
3968428
3975720
4044676
4055788
3992724
4004840
4013384
4007856
3972180
4025536
3968748
4203924
3994076
3899020
3987844
3964932
3962336
4006532
3946504
3902032
4314544
4069320
4080284
4034236
4036064
4046872
4052332
3987428
3985132
4026620
4055152
6392852
3947256
3901772
4092352
3916344
3906324
3970156
4005428
4054576
3974464
4017212
4002816
3972432
4057728
3981956
4065392
4138312
3985608
3965516
4046056
4184828
4000720
4042264
3960268
4022480
4043924
3987772
4017692
4017392
4066504
6561724
3969328
4024140
3984320
4030996
4018724
3988484
4010056
4033332
3989672
3979228
4030704
3970252
3981040
4062396
4000408
4028748
3976208
3960328
4139580
4032096
3993236
3978764
4030328
4034004
3984852
3979292
4053472
4008444
4060680
4041948
3975300
3956900
4022064
3990076
4003492
3967120
3982384
4032976
4045796
4013828
4048316
4014400
4011620
4039616
3961628
4061924
4037208
4005116
4082976
4099252
3972448
3994132
4032616
3996732
4032164
4047548
4046608
3981368
3885568
3883128
3983240
3994364
4032052
3967468
4086504
3966928
3977924
6405748
3882416
3949400
3932476
3932380
4094756
3931444
3863268
3900880
3966760
3981332
4073648
4028176
4020284
3988112
4038804
4087032
3894460
4037664
3980548
4021356
4089860
3963476
4094084
4066512
4007176
3976712
3982104
4109528
4714548
4025400
4108912
4090844
3999736
3974764
3985460
3977532
4101952
4015632
4065008
4032396
3999956
4086596
3962528
4037896
3990852
4014748
3956860
4030192
4011516
3952204
4011148
4121748
4018044
3978492
3997084
3975384
4095804
4014528
 
4043232
4035220
4001364
4004752
4028928
4022660
4024564
4035808
4055424
4039544
4013376
4030892
3971032
4107256
4090860
4019004
4021348
3992508
3981112
4018316
3999960
4135336
3962288
4025056
4054412
3974836
4107624
3972772
4108864
3984628
4028244
4010884
3986168
4024628
4012268
3885308
4297764
3982368
3974616
4045068
3974632
3982100
3937716
4143968
4018328
7556096
4022844
4154940
4088788
4019364
4039752
3974524
4008068
4178280
3990436
4030884
3926968
4012792
3973360
4163636
4062792
3929704
4155072
4133020
3967940
3951112
3953940
3983936
4038220
4036932
3987104
3940088
4010404
4001916
4045128
3963128
4014960
4067072
3998020
4001920
3957672
4061932
3922900
4055904
3965924
4025308
4153096
4072284
3968476
4007928
4012588
4083248
3985048
3975068
3962904
4066392
4028536
4083460
3964588
4026408
4059852
4039724
4047772
3985024
4073296
4175776
4225252
4095952
4077664
3996132
4161872
4117176
3979316
3962044
4024640
4072692
3991332
4109496
4270140
4035444
4069040
4012104
3900440
4025172
3968492
4036676
4058952
4086948
7674816
3969880
4043088
3909176
3917024
3981672
3997092
3982768
3963552
3868456
3872932
4101792
4080320
3994296
3978592
3889572
3970776
3931616
4084256
4136636
4091332
4063000
4086876
3980940
3971164
3988760
4060564
4096788
4009720
4011644
4167912
4069288
4063020
3991460
6389844
6144944
4033476
3961564
4025900
4044628
4059872
3970540
3878744
3879968
3884060
3940392
3901096
5251512
3883148
3973764
4024528
4026452
4002552
4021924
4012628
4036332
3990760
4027560
4030648
6564668
3979880
3968536
4175424
3972948
4106024
4086940
3918976
3982908
4097752
7028616
3930252
3902976
3889540
3944720
4045076
3952216
3938472
3996336
3903172
4023420
3907992
4018056
3876244
4017600
3912412
4104356
3978068
3897068
4054204
4046748
3988092
4048984
4042772
4077528
3965328
3987984
4053864
3999092
4040628
4032336
3995212
3997164
4017764
4093392
3991596
4077664
3988092
4098332
4185092
4123456
3975308
4020552
4087132
3985208
3978736
4011064
4115752
4136280
3988164
4036436
4167324
3998932
4034516
4029840
3964344
3982260
4050304
4041336
3988752
4034588
3990060
3998292
3958632
3909688
4173132
4080504
4104592
3900760
3935796
3956924
4074768
6472248
3954368
3904824
3917728
3911808
3922804
3960436
3881404
3942528
4113556
4060316
4094552
3990436
4065840
4004700
4023088
4013844
3979656
4153872
3978308
3956136
4052600
4039764
3922448
4154516
4045584
3981228
4072444
4071820
3942620
3971280
4042404
3950780
4017072
3999200
3989584
3973928
4033860
4051280
3988236
3944308
3961188
4060560
4030488
4072364
3985488
3983524
4011780
4038608
4070300
3967128
4073292
4132520
4102980
4035248
4083368
4064788
4099188
5027944
4072824
3964296
3974732
4152616
4096740
3914084
3977388
3988092
4136768
3962236
4092764
3983952
5543960
3990612
3983348
3992064
4012544
4013000
3968312
4065192
4061580
4035336
4032480
4013668
4069912
4085832
3985520
4053280
4030680
4076628
4000764
3991476
4203516
4080548
3978552
3984240
4099348
4087320
4032964
3984672
3975088
4031696
4030444
4059584
3971512
4037840
4000900
4006240
4080632
3973528
4060972
4081792
4062380
4014084
3948772
3986084
4009508
3998236
3968260
4049472
3984020
4058928
4008244
3982656
4168668
4065824
4117920
4027068
4073244
3972632
4012416
4146488
4086912
4034584
4010936
3981460
4000804
4045848
3894176
3949508
3930104
3960424
3889448
3889932
5217580
4013632
4015936
3887928
3900116
3899808
4104716
4049976
3997220
4044180
4051280
4057868
4093028
4048744
4015368
4032328
4029392
4040208
4009880
3912436
4124852
4019232
4043980
3990420
4055640
4091552
4010084
3971788
4035596
3966988
4033980
4040228
3995524
4060408
3980916
3978292
3982228
4082288
3998196
3978112
4004564
4036224
3986144
4057268
3990196
4044064
4078028
4103712
4050108
4006328
4101908
4036208
4076708
4114972
4058192
4062424
4042448
3971128
3973864
4066868
3992456
4098180
3989424
4040820
4036800
3983048
3954024
4021072
4017896
4053396
4039872
3996436
3981912
3997276
4012556
4013704
3961108
4028380
4222584
4211912
3995980
3903384
3963796
3946216
3951664
3913764
3885196
3981572
4145488
4257232
4060584
3931684
4039100
4048724
4057908
3995212
4015044
4169236
4074196
4027876
4023452
3997304
4041020
4042880
5061556
3948392
4046776
4254628
4059956
3995708
4050912
4041352
4059508
4125392
4066316
3994704
3965768
4160944
3984472
3984276
4001916
4054284
4047824
3985116
4008992
3995480
4065688
4022516
3971452
4051000
4040544
4004172
4018852
4066676
4095336
4072680
4129880
4082080
4081816
4017720
3988204
4063836
4127684
4095068
4080820
4046716
4021676
4090748
4050308
4062988
4047220
4008468
4055160
3990444
4006672
4138156
4031344
4041356
3990836
3987208
4030140
3925376
4003272
4065264
4031128
4045020
4018856
3991628
4088236
4001068
4039576
4075136
4026652
4060708
3957960
3998776
4114060
3886820
3886492
3984432
3956156
3904920
4073228
4070788
3998652
4059840
4078296
4073384
4035552
3983372
4171960
4172256
4234588
3978364
4020916
3994720
4038196
3974748
4031504
3989228
4085252
3990552
4080992
3976240
4059636
4048448
3993948
4081632
4040476
4075540
4081076
4020456
4078088
3987772
4124536
4048064
3987520
4079120
4062700
3961532
3978860
4203172
3982524
3986256
4022492
4083964
4072416
3963460
4100264
4162628
4053608
3987724
4025096
3993128
3995744
4099444
4076036
3971728
4009480
3993176
4576256
3981728
3988372
3982648
4047836
4039952
4100156
4030792
4054660
4060792
3988320
4037608
3944960
4205284
4548376
3939544
3945848
4111996
4010224
3914784
4038408
3986620
4003500
4034508
4015188
4019048
3987264
4063388
4007728
4047268
4019876
3998116
4046536
4003852
4000188
4034092
4092484
4189368
3990492
4037124
4035216
3989372
3988808
3997988
4052644
3993880
4098268
3981736
4040220
3996808
3992568
4061192
4059940
3973704
4099496
4194748
4037912
4036228
4049848
3992228
3992836
4022644
3981364
3999896
3999240
3997364
4030352
4170420
4047356
4016556
4041160
4069348
4072692
4025968
3998592
3970356
4006272
4201916
4197784
3996204
4047428
4017348
3990908
3984344
4076360
4003096
4008772
3991044
4011184
6319472
3971776
3960632
3947272
3880292
3963788
3951108
3947260
3928368
3941452
6500264
6254036
3919932
3873964
3926396
4148156
4465976
4047068
3962672
3982260
4002664
3972584
3965708
5177656
4274700
4134812
4000732
4048044
4094496
3987272
4066428
3991156
3961888
3984780
4007828
4108724
3995284
4061956
3994284
4067072
4056724
4002340
4080180
3969600
4039204
4077164
4083704
4042108
3971548
3999068
4029152
4061284
4142424
4045980
3986700
4057948
4011064
4071300
4110500
4044296
4086768
4004828
4076612
4033632
4113828
4077716
3996028
4051676
3956172
4099180
4003668
3964816
3966052
3999048
4088216
3989688
4086268
4038848
3990384
4015996
3994732
3996076
3959340
4095124
4008468
4437908
4178056
4063136
4123168
4013784
4062160
3988792
3978896
3991764
4012668
3963660
4023524
3967816
4086576
4175160
4128812
4000040
6949112
3921708
4000512
3882492
4052196
3981820
4120360
3973384
4089744
3979868
4081852
4061412
4074260
4006632
3971960
4133108
4002824
4072708
4037496
4028128
4116576
4076148
3973508
4050772
4026320
4013136
4061772
4003252
3966396
3991464
4047636
4091644
4026152
4039884
3986852
4044380
4030652
4072484
4046784
4040828
4070328
3989544
3992012
3989212
4113632
4120524
4044576
4053320
4060384
4067052
3984288
3975300
4072724
4018560
4026856
3986348
4007692
3959752
4035036
4069776
3978912
3974100
3977224
4066528
4123740
3999508
4081396
3988036
4083432
4072728
4049588
3963652
4011068
4009104
4022492
4059808
3904436
3899920
4012820
3992508
3889428
3891260
3955660
4016124
6404932
3983248
4037368
4063404
3966388
3992472
3988900
3962836
3989216
4122140
4048108
3987300
4003168
5031632
3960932
3936564
4043044
4039440
4152104
4021532
3981180
4059676
3982536
3996144
3991652
4148988
3999760
4044896
4098360
4005272
3975596
3882936
3944284
3906196
3888544
3884472
3978024
3881668
3980844
3892172
3964452
3927476
3894276
4054536
3989428
3992996
4027972
4004416
4016188
4135220
4132868
4117056
4159680
4137620
4139416
4145540
4147832
4056856
3998956
4099136
4053804
4145556
4041340
4162544
3955460
3961312
4021592
4017820
4152952
4038732
4110748
4003644
4140452
 
4076028
4041676
4696036
4004788
4068388
4086364
3974392
4024796
4064772
4002304
3972524
3984588
3982828
6507572
3889236
3879828
3991848
3873928
4007620
3940948
3993588
3880376
3904688
3918768
4130792
4002572
3880680
4027852
3925736
3971528
4023380
3878724
3911592
4022156
4004012
3903288
3992820
3982900
4027852
3947888
3969084
3900956
3923352
3990172
3881824
4004068
4049896
3915392
3990220
3913956
3950248
3899448
3937444
3932412
3956448
3883976
3931276
4071440
3889548
3983780
3883872
4022012
4040036
3887448
3914448
3875332
3935560
3898756
3884612
3907244
3886160
3913016
3904552
3976356
3948392
3975484
3931012
3908648
4032588
3945296
3982164
3933280
3968676
3911312
3927960
4016232
3957596
3954232
3891808
3891124
3993524
3931128
3978776
3980740
3871084
3918200
3912524
3954516
4021036
3966948
3945596
3917940
3974372
3897412
4010080
4031220
4023640
3917944
4177912
3935184
3959432
6513076
3952624
3918772
3988180
3986400
3912852
3947316
3964648
4080840
3977956
3976068
3903928
3899688
4036800
3992440
3982228
3911624
3996520
3973336
3923956
3978140
3960908
4038216
3912112
3985068
3925148
3930696
3976556
3936880
3923816
4017220
4017708
4039908
4068220
4047168
3992924
4008320
4067784
4006928
4063128
4002860
4059740
4026368
4062660
4017184
4085392
4061252
4084524
4069004
4071800
3991396
4047380
4092736
4023540
4091776
4046684
3991008
4056220
4033976
4060292
4044856
4016464
4065044
4013576
3994248
4066164
4103704
4080424
4031596
4001964
4013908
4132640
4036180
4036816
3987968
4095276
4041512
4063636
4049980
3999248
4083972
4023468
4001416
4022640
4081132
4066896
4068868
3940752
4027852
4079668
4082208
4098484
4021108
4070552
4036264
4102188
4010532
3936120
4833640
3903252
4043788
3897272
4021940
3890780
3927396
4043504
3887192
3962272
3910012
4037324
3966744
3910832
3966144
3875788
3981796
3961528
3897512
3917536
3899156
3975656
3928332
3973484
3902912
3925592
4010776
3905568
3967160
3953248
3972716
4043012
3995240
4005052
3994868
4112540
4011200
4051176
4017692
4010728
3976720
4017920
3991716
4005976
4085544
4003940
4050524
4009180
3996044
4097164
4005852
4055764
4013404
4050560
4063384
4065336
4069220
4083368
4034224
4078888
4019140
3918256
4084048
4003016
4003064
4060880
3978948
3990132
3973708
4000144
4092800
4010432
4044308
4066404
4003896
4114132
4003328
4086956
4058308
4019416
4016272
3992592
4085788
4008560
4007896
3997240
3999308
4061692
4143216
4137372
4047916
4018632
4010240
4017920
4002080
3975400
4047308
4050512
3976764
4016132
4005520
3997284
4051396
3993196
4025876
4073512
4069260
4030692
3963624
4002236
4056012
3965088
4007168
4041380
4007896
4010896
4042052
4047740
4017080
4065508
4010412
4082768
4021476
4022144
4034684
4053044
4037628
4077680
4010324
4091392
3963780
4066744
3948648
4058580
4070264
4014936
4088592
4066888
4107680
4015856
4041840
3996292
4005172
4006536
4060600
4073272
4012244
3995052
4010136
4012516
4045384
4013704
4035008
4038208
4046920
4007692
4034196
4043016
4077976
4057576
4011288
4030340
4008724
4041968
4059888
4053860
3992636
4041696
4116364
3986556
3989784
4072600
4013836
4113092
4013776
4079128
3978832
4017528
4028240
4127624
4028336
3979428
4055132
4051160
4003808
3999512
3996872
4080400
3900716
3966912
3971212
3973976
3904052
6442016
4047872
4038976
4044772
3967904
3988468
4020988
4063988
4090896
4014052
4059600
4156360
4055980
4025836
4116804
4070260
4000944
3997444
4006004
4078664
4097692
4076740
3968040
4060692
4022984
4009076
3994044
4000864
4067716
4069792
4048304
4162912
4188248
4170724
4192368
4112972
4004216
4069024
4094844
4110984
4057264
4088140
4130652
4063012
4132864
4082480
4074524
4093772
3994140
4057472
4030292
4011948
4205832
4087056
4013080
4061616
4176924
4157260
4129676
4052116
4047224
5683236
3898336
4004400
3904312
3969216
3958016
3982356
3994504
3896468
3958140
6419836
7618360
4102724
4113292
4037480
4049796
3979700
4049724
4002316
4063156
4074712
4001388
4004264
3967992
3990888
4107500
3997284
4005588
4029612
4047648
3979496
4086604
4065436
4109412
4034160
4010116
4125136
4079172
4014392
4004648
4141680
4081824
4024616
3999688
4161484
4091696
4048816
3978228
3987672
3985768
4006432
4000268
3980340
3986592
3976852
4106768
4016044
4067748
4008592
4051056
4030104
3994704
4015944
4062716
4037956
4015900
3993884
4038100
4058448
4070528
4096748
4073040
3976896
4141184
3995892
4100564
4010744
4059752
4014112
4152576
4092540
4022748
4037968
4111980
4052404
4063892
4081592
3998240
4060168
4039628
4009952
4015716
6664656
4020032
4185596
4058288
4036352
4169332
4005144
4056248
4001036
3996560
3982872
4053904
4014812
4000124
4162848
4026888
4151028
4105248
4036304
4057172
4034556
4158812
4073356
4161220
4100356
4021660
3997344
4146976
4038756
4063832
4151656
4045248
4148176
4036652
4079116
4127976
4138164
4059000
3995636
4018884
4101104
4041616
4103496
4099172
4283780
4129028
4169124
4029124
4108424
3974340
4079668
4107996
4058908
3989184
4080024
4140392
4157540
3997384
4086796
4104884
3990360
4184156
4135900
4143872
4076636
4133284
4141708
4160076
4111476
3994052
4026480
4005812
4077748
4066700
4194952
4116604
4134164
4069776
4071192
4219268
4227624
4150052
4150428
4187744
4070380
4144728
3985112
4034124
4028020
4067876
4010572
4068116
4074084
4082148
4085176
4068144
4085076
4096180
4002984
4008764
4062344
4042124
4105412
4197580
4090284
4162512
4058268
4215524
4089680
4208196
4138772
4145316
4135624
3967536
4154872
4215116
4150908
3991372
4104740
4112300
4042556
4123248
4108456
4096784
3994484
4042640
3987984
3999188
4081560
4142264
4138412
4083380
4113348
4135444
3988036
4008912
4088260
4062408
4104880
4144276
4069480
4077680
4070128
4022144
4157300
4047768
4041592
4035452
4094824
4061296
4133892
4039316
4010088
4006516
4211016
4101904
4075184
4069396
4181484
4114104
3993520
4145492
4155328
4061028
4152908
4180076
4074668
4124376
4193256
4058404
4063048
4168540
4119636
4061756
4127340
4087884
4189700
4098220
4058492
4092672
4155916
4086268
4100816
4149632
3990328
4143860
4113688
4068296
3993012
4148896
3982432
4087628
4110784
4081036
4103112
4145784
4083912
4132556
4011300
3999664
4083748
4066108
4082192
4140572
4076248
4003632
4077096
4167944
4158132
4092448
4137712
4157156
4013204
4008592
4076328
4021100
4077376
4061668
4032204
4075588
4062652
4125988
4156040
4150836
4082440
4011412
4175796
4078608
4052592
4112280
4012868
4049384
4104972
4098648
4083692
4069072
4160580
3990928
4144400
4107852
4077532
4042180
4142676
4028880
3996168
4149048
4133212
4083792
4105932
4044288
3992184
4020940
4150588
4081484
4239768
4108744
4142520
4073684
4100616
4086808
4175032
4091656
4068808
4054804
4100020
4093208
4084548
3989568
4097904
4044228
4139712
4076104
4132404
4003724
4068260
4119648
4129880
4177216
4026344
4183904
4098776
3994408
3996124
4072784
4143944
4108532
4083784
4140204
4081364
4070800
3993864
4065576
4065580
4125288
4102232
4153216
4052692
4064336
4067132
4067968
4067540
3985832
3981016
4067508
4023300
4072084
4094180
3957836
4003324
4070188
4011848
4138800
4032012
4094612
4110112
4007904
4063664
4008288
4003404
4034276
4112528
3996264
4058988
4037620
4037660
4019620
3995248
3991696
4002384
4019412
6212472
4103232
4018700
3979488
3997896
3946080
3994920
3966196
4072048
4019424
4134124
4171164
4134632
4006996
4098428
4083364
4095816
4023916
4092668
4076816
4171172
4055192
4040004
4055124
4094252
4018052
4012652
4148392
4018708
4084132
4051900
4070548
3993428
4019980
4006100
4073672
3977876
4059160
4013308
4023196
4023616
4045188
4020112
4010252
3988628
4085576
4061204
3988172
4048972
4005384
4041460
4004536
3917592
3951276
3927368
3959500
3936396
4057852
4050096
3914040
3904456
3894268
4008084
3911016
3917432
4033976
4080260
3981360
4085300
3984732
4036860
3989292
4007668
3998008
8249172
4149952
3906380
4026676
3978800
3926424
3965128
3919804
3976552
3940680
3982648
5465164
3995400
3953416
3985792
4012188
4008892
3991232
4025532
4100432
3987564
3996448
3979672
4010584
4062108
4006044
4005656
4000204
4101432
4058452
4016996
4035028
4082936
3980196
3988404
4049756
4007596
4127140
4126176
4004760
3988856
 
4061136
4052484
4044192
3975112
3980776
4003504
3998792
4003272
4046668
4026008
4046984
3986632
4070468
4002624
3952584
4003224
4012280
4008388
4002648
4038588
3932436
4007856
4057320
4010368
4006048
4155568
4083284
4001960
3979808
4098404
3922624
3970052
4100640
4080836
4037860
4036232
4121884
4005816
4413092
3934152
3912516
3931748
3935484
3919540
3946688
3967744
3985936
4026524
6334244
3985632
4197440
3913488
3921064
3907452
3961852
3966508
3972592
6331512
6360088
6311076
4188204
4035888
4081876
4110044
4192004
4122292
4101044
4079460
4087764
4019912
3980984
4029452
4064744
3960120
4014432
4010624
4016340
4030788
4001180
4112452
4218208
4080332
4026584
3976496
4099408
4094520
4034504
4077052
4052188
4099788
4194240
4058532
4071004
3988688
4106840
3969460
4059896
4145856
4015992
4072360
3992760
4128380
3940204
4108328
3993552
4018216
4006032
4238464
3990940
4004612
4021380
4024396
4045092
4103904
4001776
4064328
3971300
3998352
4095240
4052116
3999124
4047900
4059644
4020288
4061044
4066048
4095920
4228004
4016788
3995860
4011764
4010684
4037460
4224176
4001144
4002432
4748660
4033320
3978440
4009052
4079540
3970036
3985252
4007148
4039552
4002752
3958740
4043004
3913368
4012436
3985676
4008540
4094900
4038952
4081500
4023272
4013040
4067832
4011792
4036768
3990484
4016464
4031256
4088332
4005628
4007196
4060864
4049980
4092264
4046592
3983136
4009928
3994984
3994536
3993868
3989056
3992124
4073896
4046756
4003856
4047256
4080868
4040688
4035204
4043196
4013408
4077200
3995016
4016200
4041504
4005800
4025204
4017872
4052044
4067608
4004912
4068304
4027920
4062892
4036472
4086012
4023852
4003340
4050980
3994008
4047988
4038928
4013792
4062996
3995660
3984804
3999032
4078032
4049240
4079476
4018600
4023768
4113748
3984844
4139864
4024256
4108592
4093696
4195504
4113700
3991936
4085964
4038920
4090720
4029052
7310856
3911976
3966060
3910896
3897792
4013836
3905444
3906768
3915560
3919760
4010764
3981344
9982940
3917624
4032812
4014240
3916140
3989892
3891612
4022652
3900292
3991760
3968312
3926580
3986236
3919060
4013928
3915432
3944608
4073824
3911144
3985604
3888824
3906496
3989556
3996068
3888432
3917164
4063520
3996888
4070428
3968776
3986684
4188560
4146852
3940416
3883356
4103444
4038864
3979300
3984548
3911224
3926016
3951368
4015664
3905144
3904848
3980956
3991332
3928708
4146424
4053924
3987572
3905352
4022096
3939560
3960028
3942736
3975016
4003460
3949964
3921540
3929488
3993516
3976548
3990016
4109572
3986908
4155116
3991364
4237368
4028572
4063972
4069856
4068660
4003652
4096360
4132184
4065068
4046732
4048844
4051444
4159824
4053560
4046976
4138356
4077828
4110860
4038332
4023092
4034324
4005232
4119204
3988116
3992108
3976892
4003280
4109016
3986636
4028108
4050384
4060864
4052308
4046596
4042596
4021200
3973324
3997012
4092768
4094824
4019856
4161484
3996048
4002008
4014848
4116312
4066428
3996460
4117872
4044232
4039312
4001688
4052148
4042300
4037296
3988220
4052500
3968572
4005876
4017080
4004456
4015220
3995120
3976744
4098608
3990840
3976400
4076700
4036608
4070568
3982820
4005024
4092472
4036316
4041540
6411496
4034628
4047468
4087888
4096808
4108908
4114332
3992492
4040496
4015420
4058124
4044264
3960680
4129148
4245484
4124000
3997408
3975508
4095332
4116668
4162156
4040592
4006740
4126664
3922336
4086800
4123284
4104656
4076252
4034356
4098876
4066584
4066420
3995088
4152640
4121420
4043512
4077728
4159544
4048188
4085732
4072096
4167452
4012636
4079484
4072148
4062928
4199868
4003916
4157236
3971072
4097960
4138948
4073772
4095824
4064968
4114864
4098816
4028912
4051844
4022216
4058768
4040388
4093660
4071576
4073620
4015620
3957944
3884464
3900100
4037280
3959576
4048304
4065792
3876032
3971216
4092756
4016800
4075612
3968448
3895460
4070616
4079880
4069996
4080336
4084748
4056836
3924780
4003592
3954604
4119328
4077516
4101256
4035104
4032912
4121808
4205648
3990656
4063196
3946076
4074796
4140992
4093280
4259880
4156152
4038816
4147696
4000248
4115876
4049120
4157864
9699924
4125952
4152624
3887784
4145076
4078684
4239252
4135172
4064024
4031072
4146996
4063168
4087396
4125204
4131992
4077960
4199444
4090820
4089560
4111292
4211288
4043580
4080788
4176864
4072072
4135608
4092520
4119876
4082468
4095664
4123292
3977568
4053748
4035560
4047608
4126988
4129756
4095280
4107116
4118932
4066232
4057340
4148484
4054592
4129172
4156008
3971380
4051536
4131504
4066252
4077208
4099652
4062856
4161016
4078164
4091580
4038092
4007732
4092584
4074036
4136308
4044460
4079160
4137260
4134872
4067572
4096440
4207908
4050832
4152464
3959756
4158808
3983244
4026216
3999096
4102016
4052092
4074596
4170560
4083232
7041492
3904512
3935936
4002284
3980264
3961556
3924856
3991880
4171340
4065980
4084788
4129684
4067072
4047988
4124296
4214688
4106836
4119320
6218288
4047696
4056008
4097272
4153456
4075600
4089124
5093848
4041144
4023756
3995784
4097240
4106548
4127928
4089324
4007720
4148840
4107748
4114972
4094120
3976860
4082304
4045148
3991852
4122476
4077748
4151032
4126032
4172496
4068860
4113284
4009484
4232728
4101892
4024400
4125340
4110996
4144776
4113844
4133376
4069644
4096696
4103084
4142708
4092212
4079124
4111964
3990372
3984904
4068536
4079288
4105880
4105848
4084992
4119056
4129244
4097012
4090364
3967016
4056080
4032388
4144324
4058388
4069360
4154372
4057736
4079588
3918780
4049672
4197832
4063088
4164460
4089384
3916620
4188000
4157224
3986180
6518848
4102808
4091608
4080672
4083952
4017180
3991920
4009304
4108384
4029368
4132264
4121320
4111728
4002604
4169500
9584828
4087412
3982608
3974676
3988268
3937456
3899508
3930252
4063980
4081044
4137264
4106232
4116868
4066124
4051836
3876340
3984808
3905608
4039396
4046980
3981424
4172784
4064500
4038844
4040392
3897856
3978968
3997832
4120848
4055884
4023600
4007480
4009364
4007448
4183948
4064680
4092532
4069884
4091404
4196676
4019000
3987476
6473932
3955840
3939792
3969580
3936040
3919548
3969160
3906656
3958348
5574932
3978396
3995196
4000424
3996720
4003256
3973516
4047100
4063140
4070240
4010040
6288312
3960044
3960420
3955244
3964576
3908980
3888300
3975340
3925972
3994880
3905480
3888912
3953308
3927376
3911776
3925212
3893984
3943968
3920260
3975864
3878232
3946972
3947172
3996600
4038580
3883724
4010532
4042108
3966312
3980432
3881536
3939276
3954648
3933168
3917356
3886852
4018536
3901744
3985844
4134356
3992040
4006104
3993120
3950424
3968296
3886384
3972988
3990852
3947832
3908948
3897220
3970508
3952840
3892780
4052176
3928692
3986100
3934832
3944852
3928140
3898668
3961932
3962076
3963352
3963620
4037388
3997044
4072244
4050324
4059760
3968180
4112844
4032864
4015256
4174660
4042612
4049944
4623856
3893284
4045120
4094248
4014464
4047800
4008148
4036636
4014176
4042112
4031368
4021624
4006276
4082944
4010160
4002664
4051616
4001488
3994044
4018608
3944420
4090848
3993404
4019456
4005168
3976524
4023960
4024936
5665660
3916808
3914312
3910256
3993980
3919780
3903044
3883420
3892664
4010432
3897484
4008828
3926832
3922188
3956068
3896392
3916752
3916688
3991248
3983752
3961836
3910016
3925188
4033020
3977816
3938616
3948648
3942860
3945704
4000132
3961144
3891620
3946768
3974252
3911688
3976384
3889268
4015252
3935672
3964136
3983272
3887160
3984240
4021008
3956916
3910856
3914124
3973204
3996488
3980320
3941304
3996484
4000532
3925108
3968400
3914156
3907032
4032124
4151268
3993560
3998656
3980160
4060404
4081648
4013172
3884040
3925048
3923876
7162986
3893716
3882268
3892124
3968960
3915412
3914640
3894516
3958356
4023868
4049580
3894392
3968132
4003068
4209572
3968224
4028340
3905464
4043768
3899128
3967516
5496344
3921000
3982024
3939584
3959292
3896572
3922036
4030584
3897760
3976036
3879796
3959872
3972120
3946464
3899472
3953588
4041852
3924896
4014332
3978840
3903052
3913716
3915376
3906380
3887436
3995052
3977304
3957636
3953792
4026072
3966104
3992204
4039108
3983208
3953176
3920172
4070868
3995128
4063636
4100100
4116512
3944552
3922836
3961640
3896592
3936188
3961636
3921604
3937480
3891388
3981736
3897700
3963476
3889316
3931444
4617896
3974036
4103840
 
