Procesando...
  Filtro             : sierpinski
  Implementación     : ASM
  Archivo de entrada : lena.1420x1200.bmp
27479800
26149144
26164752
26093096
26155436
26091256
26385512
26023016
25984528
26336924
25946380
26212692
26029948
26160724
26200140
30796808
26272512
26107108
25972944
26080356
26360308
26016660
26023292
26217792
26030576
26037968
26185004
26036844
26192828
25984620
26118108
26308500
26185708
25949044
26137204
26253356
26177412
26113112
26226080
26097820
26461220
26031744
26245756
26354640
26170456
26368336
26301132
26242016
30605900
26223488
26025400
26005964
26046752
26006620
26297544
26010056
26086144
26286088
26206424
26188848
27049176
26137748
26195956
26266604
26670372
26327420
26048676
26033420
26137888
26021708
26212336
26243060
26809044
26236928
26166988
26149740
26210708
25996456
26078140
26066576
26182732
26641952
26161232
26247288
26362764
26141428
26102084
26083512
26148164
26265464
26039740
26284100
26291864
26294984
25975868
26295912
26278124
26189328
26177940
26285124
26004492
26134100
25982000
26128248
26169260
26131124
26152304
26259712
26037944
26051492
26056064
26205020
26178312
26131596
26004200
26356552
26228048
26066792
26101248
26099712
26232624
26168648
26259316
25903440
25957472
27177604
26408640
26175640
26149572
26099528
26505064
26512812
26651240
25981672
25999192
26018592
26047864
26276224
26254820
26132488
26009760
26391428
26176520
25894488
26172800
26200584
26035412
25946652
26044748
25888904
30015868
26268844
26041072
25943888
26220040
26194004
26035136
26040592
26079060
26141156
26061120
26038284
26118604
26158464
26083100
26810080
26025484
26088232
26140928
26220220
26030016
26034408
26088028
26034640
26003224
25978532
26027200
26293416
26086772
26139524
26093316
25970640
26117632
26149096
26131096
26056072
26106376
26023668
25998980
26438408
26305240
26236776
26220384
26135712
26104660
26021752
26085956
26028660
26021984
26059016
26127904
26081916
26044552
26001100
26132344
26057936
26017388
25939276
26107060
26225888
25874620
26184512
26192228
25991112
26062656
26051768
26093288
26095044
26031272
26211104
26119236
25992700
26012464
26060336
26016072
26011664
26293360
25951584
26083748
25959776
26064284
25964584
26064532
31318208
25996664
26009780
26107060
26017632
26090888
25913816
26029132
26027108
26023492
25998632
26087824
25903260
25995384
30979764
25986576
25920600
26167880
26012512
26270696
26102504
25988828
26126252
26450056
25873636
26026832
27096748
32055448
26236400
25973872
26354280
26276832
26091480
26207772
25981412
26613660
26347776
26384880
27962256
25928272
26012184
26216844
26078844
26283592
26036948
26159616
26065320
26142128
26083592
26128740
26219112
26409584
25947152
26109612
26076968
25992136
26259004
26083928
26145968
26167856
26040068
26234324
26066376
31021036
25916108
26017772
26007624
26073020
26278036
26330800
26046896
26265636
26101028
26410148
26475888
26062380
26248460
26271992
26301024
26143840
26355376
26052196
26126688
26139608
25970728
26196960
26139180
26046212
26236108
26197152
26025544
26270156
26068444
26018528
26195192
26137348
26155832
26256412
26148632
26148948
26009056
26038896
26071944
26004488
26071428
26260740
34779364
26042208
26257552
25926468
26180956
26073204
37205464
25993104
26214444
25911976
26006948
26004348
26405928
25967156
26141076
26007620
26002244
26331912
26103580
26077432
26007628
26050860
26323060
26179748
26014588
26283168
26022088
25927652
25933004
26090448
26187752
26144780
25995272
26106064
26106528
26291168
26200648
26322456
26018444
25964176
26226560
26198792
25976612
26128256
26223380
26024928
26243356
26145944
26163556
26380984
26062408
25943968
26179204
26057884
26119680
26193004
26031968
26013176
26545568
36425144
26059724
25959732
26121220
26156204
26001380
26247772
26109008
26041420
33053792
31392512
25980080
25907268
26009496
26289980
26023948
25921736
25930976
26110748
26134344
31174116
26025444
26239824
26098060
26112604
26054880
26065616
26178688
26019656
26346796
26024640
26077760
26108872
25992696
33611448
26099708
26088552
25969556
26056600
25952612
26054916
26183896
25960548
26036072
26028700
25983292
26311656
34223428
26126872
26189184
25927476
26022568
26231268
26155208
26128732
26195856
25994584
26118232
26063548
26006148
26303880
26126456
26160020
26051044
26036988
26080700
26064344
26065312
25963716
25893860
26183980
25982892
26137356
25993244
26152412
26089336
26121668
25924488
26872716
25928904
25966236
25974016
27247704
26074084
26038284
26071044
26139756
25896748
25949112
26027256
26056528
26025412
26118588
26135108
26263680
26132824
25963840
26122312
26081108
26003884
26039268
26086384
25870932
26204928
26056568
26202644
26135016
25994752
26039588
26192868
26080180
26063044
26114440
26061916
26150332
26141472
26061544
26028688
39971740
26199440
26092128
25942732
26194200
26153184
26113916
26236796
35184024
26115556
25975348
25917964
25965024
26015364
26059352
26253280
26082304
26337992
26217936
26170992
26051600
26180384
26113344
26209120
26003700
26020564
25941340
26378468
26397068
26048820
26112288
26240232
26202116
25996608
26085812
26152912
26178320
26860836
26050556
26325788
26161748
26473208
26200216
26139376
26251432
26110976
26041608
26237952
26324032
26290212
26167092
26090004
26155292
26146900
25972324
25976516
26039548
25960452
26097304
26247776
26220912
25925628
26152268
25991244
26034784
26339692
26051404
26180504
25969292
26053332
26078296
26050096
26003932
26202420
25864228
26150648
26028380
26654668
26098508
26027688
26164284
26264544
26138560
26086284
26147964
26197824
26124016
26002788
26224832
26125436
26302028
26500172
26035380
26035492
26161924
25986124
25965456
26165712
26062328
26193884
26260996
25980564
25921624
26287848
26034596
25937400
26150804
26006364
26199292
25992864
26012460
26034608
26180428
26199868
26276768
26221876
26118844
26194436
26152288
26240772
26199048
25950464
26067208
26216088
25938612
31052364
26047100
26254436
26159760
26279124
26279964
25942148
26001908
25970008
26038012
26091808
26125884
28830980
26175864
26201020
26016816
26201260
26141300
25994796
26082136
25990600
26313916
26084740
31871984
30728732
25943364
26132544
26294616
26220612
26171756
25962728
26321480
26122436
26184840
26133732
26632868
26178824
26236932
26084920
26121872
26232780
26107080
26071104
26184856
25927936
26138736
26198508
26140232
26191696
26203520
26216032
26065768
26316952
26196404
26234220
26213068
26041900
26116716
26185380
26027552
27311304
26086664
26047016
26066704
26041992
26123300
26176792
25904808
26038052
26033868
26035524
26021488
28311988
26175680
26307728
26232848
26261172
26069348
26225748
26231312
26203956
26101324
26191188
26163256
26065728
26078384
26246816
25996084
26169132
26213896
26109376
26239288
25958832
26261376
26177808
26040208
26378268
26351672
26156944
26016228
25987752
25977852
26024692
26020096
26120764
26108400
26020324
25996984
37293752
26024732
26019508
25983444
26118616
26025724
26054344
26161620
26061796
25982824
26318068
26104288
26088264
26354076
26285028
26028444
26310440
25930560
26069096
26244732
31312348
26179708
26147472
26240548
26022696
26094796
26034088
25997212
26038224
25995724
26243732
26461220
26169348
26336616
26021576
26712020
26123996
26175532
26336944
26322608
26057204
26332936
26217044
26304024
26055556
26227348
26298576
26250492
26221224
26105120
25966440
26147092
26738064
26113232
26133852
26144232
25973576
26080276
26090216
26272892
26186940
34957996
25972684
26202372
26191264
26085752
26019240
26379092
26164900
26251560
26190244
26216948
26251024
26159780
26243940
26070020
26145012
26067552
26224980
26113600
26296084
26173788
26127004
26088324
26109688
26115672
31715500
26125976
26117660
26272388
26363808
26344820
26160288
26119504
26166280
26108124
26302024
26092696
26137880
26032080
26223596
26201808
26081148
26168000
26231216
26041280
26467804
26188032
26270724
26371444
26216560
26239464
26160728
26135740
26358188
26164212
26168820
26279120
26277856
26274244
26302984
26419464
25963948
26158312
26301316
26274672
26194964
26478944
26066748
26423004
26225216
26067832
26291276
26203652
26268664
26239716
26123332
26122440
25987404
25973820
26057100
26168612
26203360
26248044
26132060
26260440
26172352
26166916
26100544
26242616
26121960
26190720
26110240
25964952
26174756
26086476
26196784
26148688
26010724
26110340
26205064
26062028
26108148
36384668
26198980
26397748
26397376
25990396
26009808
26067032
26235828
26121752
26256252
26337476
26278164
26172552
35795912
26305232
26044892
26435632
26121232
26008692
26281644
26080432
26187680
26058108
26601356
26216504
30460724
26501376
26190676
26074304
26160872
26089000
26076860
26173072
26127968
26142420
26200256
26049436
26187076
26250656
26146708
26204000
26224080
26064448
26316708
26262312
26028840
26394192
26262456
26582268
26098160
26127856
26113300
26071512
26096276
26029184
26295140
26076756
26308140
25994228
26082700
26726548
40960332
26123704
26068444
26174536
26220392
26035384
26133660
26107892
26064120
26187528
26171696
37343480
26174768
26211404
26142560
26110644
26378972
26191868
26249276
26030592
26160296
26413300
26064124
26310940
26315276
26114584
27578260
 
26164432
26070288
26044744
26274820
26176492
26058176
26178220
26020912
26023612
27160400
26025576
26336464
26238440
26329976
26113640
26009560
26255688
26086452
26289396
26111036
26013132
26199476
26240768
26371592
26043448
26129104
26333332
26197492
26215676
26101216
26157172
26315728
26075172
26198772
26086508
26188984
30941956
26247376
26179724
26220928
25947740
26136444
26359724
26045864
26053488
27179584
26117696
26058908
26080500
26316316
25995784
26133640
26088340
26102964
26441172
26043412
26159568
26188180
26092108
26224284
26148908
26101628
26156348
26056708
26169488
26047744
26274368
26172956
26152672
26372836
37953032
26101000
26473412
26214240
26079504
26044620
26103128
26162260
26103184
26212308
26221384
26232148
26081400
26015876
26037624
26187532
26163832
26067092
26221120
25997164
26157596
26094220
26436244
31481896
26047796
26112700
26207180
26231812
26342004
26165464
26297744
26149400
26069212
26041532
31254072
26065044
26033668
26071188
26192236
26218480
26159344
26237248
26104864
26318004
26209492
26168012
26239060
26172936
26304392
26403596
26113516
26154088
26276916
26051876
26272696
26024240
26277072
26355460
26105456
26238540
28137288
26103592
26191396
26139264
26089912
26206232
26111604
26191548
26140844
26301376
26223308
26032312
26230928
26073152
26043084
26107880
26050704
26130336
26017064
26137684
26010136
26079480
26049488
26163620
26114204
26275632
26318740
37550824
26069408
26103028
26203900
26087244
26164708
25960164
26033388
26206024
26049264
26124336
26251036
26201520
28013636
26141392
26139556
26021064
26210568
26216892
26171420
26075352
26315252
31533152
25998532
26347160
26128100
26071440
26009328
26003312
26073232
26186444
26079804
26080136
26247212
25954868
26246084
26116632
26056360
26160520
26011164
26220424
26035200
26023244
26220832
26028696
26175264
26322436
26081584
26095736
26033616
31203560
26053492
25978868
26128344
26136124
26065212
26045360
26213140
26172936
26021120
26220936
26184608
26029776
26213436
26061900
26053272
26251816
25977768
26106420
26752904
26121720
26334884
26188076
26142836
26295312
26161364
26274768
26188760
29306316
26132596
26302860
26416200
26133680
26294236
25983872
25990548
26128452
26036360
26075128
26174956
26070708
32350624
26174824
25976696
26089376
26369048
25990140
26144964
26138236
26204976
26301788
26013180
26200040
26205148
26401188
26119552
26029484
26348888
26645500
26027580
26180096
26084916
26032452
26110412
27432604
26114724
26258380
26157972
26097156
26137292
25977324
26140488
26064908
26219228
26394536
26018764
27048908
26185400
26192208
26428452
26335276
26106716
26216192
26110620
26203428
26200480
26239276
26349696
26149228
26017108
26173760
25949300
26407112
26058300
26267596
26105868
26320996
26151960
26420372
26171156
26294228
26281620
26380064
26195728
26363920
26181252
26085636
26141796
26364568
26064224
26077424
29464148
26045564
26012432
31923488
26205408
26121184
26266872
26363568
26060744
26266168
26414300
26148076
26423908
26388928
26083592
26412768
26344284
30156936
26200592
26405644
26311600
26357608
26212428
26212448
26284588
26106936
26247784
26130644
26110228
26076132
26104404
26100224
26054904
26273240
26069416
26126220
26437032
26129004
26144936
26471360
26132940
26180524
26063064
26238796
26140292
26001380
30135532
26093772
26194064
26033420
26034160
26130688
26076336
26166400
26267296
26244216
26185732
26107816
26048440
25910852
25988172
26163900
26045076
26051952
26191860
26125460
26150792
26258588
26204020
28318188
26176124
26111628
26161524
26137136
26267172
26025316
26202908
26084856
26184164
26164924
26241604
26091372
26064620
26243604
26097272
26172968
26146544
26001480
26150268
26400016
26330000
26242204
26051532
25994768
26139880
26045596
26012252
26101876
26121256
26279388
26155028
26025016
26456428
26053864
26192948
26236940
26127212
26150988
26118204
26123468
26280244
26015692
26249460
26044864
26221216
26275984
26012848
26049688
26138436
26388264
26098892
26419376
26226500
26424828
26105204
26281044
26111640
26375036
26161028
26234176
26103292
26007736
26283376
26340540
26642044
26359304
26062412
25969920
26313876
26245572
26124632
26296244
26096820
26092972
26093228
26256824
26174576
26052932
26413996
26022400
26175112
26023836
25993576
26100892
25962160
26069064
26139848
26121928
26359896
25986660
26445992
26183860
29224032
26219612
26134124
26161324
26077088
26114808
26066788
26179744
26199488
26409368
26099584
26494560
25993628
26000208
26234296
26030996
26309944
26215408
26221324
26287992
26034772
26150460
26301808
26032684
26110644
26122708
26249736
25976256
26164904
25936080
26097872
26204240
26348828
26149644
26140380
26085512
26024704
26058996
26633620
26228716
26167896
26231356
25973512
26056416
26199784
26264972
25960280
26521152
26089268
26068020
26192876
26274052
26109276
26312396
26185904
26143484
26085348
26015524
26152544
26049452
26165804
26311096
26234024
26260992
26113248
26449832
26071432
26297428
25990024
26173416
26057228
26073736
26122592
26349692
26183552
27765072
26119564
26130164
26299036
26218824
26292056
26193052
26179724
25989372
31191820
26239264
26674920
26101516
26097176
26466448
26050092
26269584
26174824
26378124
26404284
26676564
26206820
28408648
26281684
26088304
26131660
26169884
26181688
26356912
26229784
26012332
26205164
27001812
34816452
30621792
26319632
26554132
26332528
26400944
26470056
26148568
26671756
26115548
26733128
26326168
25924040
26041868
26263884
26169816
26105428
26143372
26118756
26086776
26211708
26055908
26473476
26140964
26275740
26275740
26284488
26165248
26290772
26186072
26100668
26733408
26630268
26408740
27154784
26066752
26112916
26841984
26143536
26152836
26204352
26254164
27335844
30024552
27676724
28636104
26144576
28259908
26375064
34915924
26625416
26942868
26125840
26059208
26281112
26465820
26196212
26178140
25984724
26205432
26494440
26080276
26217844
26230772
26199676
26239172
26080456
26386760
26645888
26050588
26741384
26004796
26218332
27061108
26260624
25976888
26073184
26322616
26076176
26143148
26133860
26317620
26152392
26936112
28749696
26283764
26124492
26038908
26069092
26072984
26025228
26111100
26553308
32442820
26378428
26013352
26404040
26241704
26100716
26236868
26129856
26008792
26090896
26046232
26202352
26025332
26125800
26094684
26185456
26320016
26253584
26220848
26261264
26160628
26186856
26319172
26308220
26229864
26119960
27686396
26539624
26387100
26151764
26436140
26369472
27577512
26359764
26822172
26215092
26163840
26148324
28562380
26177256
26125824
26089452
26422660
26392656
26338172
26334632
26385016
26434728
26214264
26399824
26307788
26626260
26213440
32741040
26746216
26407800
25990140
26023468
25991396
26182688
26217808
26179780
26084496
26306332
26250944
26148396
26406988
26212772
26267328
26213820
26162296
26206920
25966416
26272380
25995780
26050584
26209748
26311488
26236100
33183140
26578692
26545500
26263992
25996792
26423556
26548056
26175212
26078240
25997620
26822160
31546360
26119176
26089356
26135004
26357316
26343200
26295828
26360088
26228420
26363820
26601368
26344268
26524136
26264148
26229432
26114708
26425168
26254960
26262984
26080676
25999396
26105712
26314916
26144700
26082332
40086720
26210940
26224472
26264148
26107800
26469744
26163828
26193968
26077424
25951496
26309036
26247824
26261480
26270952
26094464
25970936
26005140
25890464
26600108
26068864
26074812
26306464
26446768
26393276
26196484
25973880
26223616
26069440
26308312
26241684
26170272
26172816
25992460
26101652
26247036
26212744
26089480
26456428
26073660
26161716
26348372
26194808
26029072
35561108
26246984
26271132
26218340
26090908
26566044
26726528
26066696
25997228
26120664
26064884
26141072
26115284
26473428
26217340
32268548
32163052
25994076
26179520
26061000
26203696
26205780
26191176
26133668
26139648
26029532
26084908
26076244
26462332
26201164
26120852
26171880
26144788
26206092
26257700
26231280
26243220
26005384
26241776
26255416
26157516
26234424
26025928
26089208
27049160
26129476
26074408
26270584
26166880
26171388
26006668
26364932
26111092
26099528
26122288
26129824
26198824
26365168
29716692
26153212
26291292
26213332
26542764
26158304
26096284
26198272
26172904
26257760
26135268
26198360
26230176
26130560
26216888
26201084
26289828
26347236
26257952
26010292
26096060
26486116
26087372
26161844
26231940
26226284
26271552
26145436
26061880
26396920
26276148
26184808
26209216
26588732
26229520
26207948
26117764
26227152
26097428
26215964
27200656
26419724
26627484
26191624
28347436
26335300
26197460
26233940
26294532
26313628
25898588
26213612
26090108
26140380
26040420
26252788
26430376
26146324
26085384
26258856
30607152
26206668
26111820
26065468
31026816
26059312
26173924
26098448
27179168
26287592
26089608
26958132
26163760
25918508
25896524
25930736
25984480
26124224
26028356
44390864
26362320
25976840
26026352
25982796
25966792
26056176
25965888
26130760
26127480
26033280
38085324
26001068
26121368
26066532
26136808
26227280
26089148
26107656
26152188
31642456
26175436
26027024
27281536
 
26128236
26325156
27163204
26301952
25963296
26363516
26091396
26141616
25990408
26294956
26111168
26094084
26181504
26234952
26198152
26190704
26171596
26416820
26116792
26040716
25979744
26110908
26221208
25979372
26071260
25937132
25908796
26014128
25978920
26105616
26087136
26124544
27235164
26475952
25997780
26358408
26058092
26215468
26046236
26026964
26112740
31073752
26160008
26253116
26158000
26310564
26187168
26365156
26031484
26370280
26130924
26128848
26306348
39521628
26196888
26235916
26059060
26112052
26018180
26009828
26030304
25905352
26073772
26003424
25902044
26268140
26271948
26037628
26122448
45356600
25994584
26065112
26168848
26228276
26061820
26280260
41266260
26072436
26328836
26147720
26002400
26030656
25973140
26024400
25962716
26220784
28540420
26105612
26037120
26206756
26168928
26075724
26052892
30644064
26094664
30808460
26010364
26205864
26097708
26127364
26125384
26118168
30667392
26204264
26236856
26064868
26136664
26334592
26330212
26098000
26063196
26124696
26245392
26058612
26214776
26639356
26113272
26302988
26139580
26146712
26042084
26953436
27376396
26052496
26119268
26097776
26175664
26005784
31337848
26144648
26079860
26046928
26259764
26308276
26297132
26199836
25985416
28423584
26103800
26220444
26134460
26067212
26332860
26362712
26073712
26185560
26340724
26214452
26114864
26207860
26192992
26194620
26211840
26317716
26104608
26263520
26172560
26223160
26105728
26258968
26113680
25935752
26828348
26107224
26188368
26073684
27394376
26063196
26226196
26235160
26384544
26134252
26179172
26048868
26154184
26118640
25956768
26040356
26199780
26051228
26210740
26289720
26929060
26011032
27113320
27116140
25907480
26361960
26097664
27145476
26052072
26115996
26016972
37208208
26203820
25946556
26029288
26098776
26077712
26211504
26242204
26240008
26325628
30874352
26108320
26127664
25986932
26139276
26085152
25970664
26146848
26338420
26261600
26123264
26163756
26101384
27776908
26015260
26027880
26265304
26123328
26240340
26367516
26229636
26271492
26286732
26151868
26183356
26179708
26094524
26030264
26008300
25969276
26195892
25885016
26087056
26112412
26081060
26247400
25995132
26032784
26042404
26209564
25998632
25961644
25993644
26084576
26225072
26011312
26205408
26333976
26087640
26154836
25951340
26046312
26004708
25978856
26173504
26008836
26188280
26174712
26242124
26072616
26245268
26046656
26293228
26193520
26335704
26636480
26133440
26503800
26556244
26301216
26173096
25991768
26185656
26159752
26140072
26021740
26092892
26091588
25898044
26482564
26196084
41693100
29892168
26310124
26347408
25925696
27071404
26151868
29814416
26056528
26009300
26959512
26303752
26418900
28455432
40521840
26710712
26072652
26197128
26280336
26488688
26147896
26246420
26259736
44968908
26257720
26180932
26056904
26489164
26188748
26366580
27101412
29496216
26291952
26583828
26065368
29855736
26186984
26195000
26472176
26007984
26164972
26161964
26025044
26118136
26208232
26134636
26528188
28452412
26479776
26479936
26078008
26066524
26135544
26103896
26123444
25993176
25956768
27188204
26540316
26230656
26476808
26233780
26588044
26412352
26338704
26541088
26435324
26057576
26985400
26854620
26078888
26109508
30781824
26180180
26221176
26269512
26713372
26354504
26074488
26135816
26194220
28369508
26118868
26421316
26384444
26315108
26130972
31769892
27060092
26340088
26214496
26415688
26172444
26437932
26082792
26293220
26197760
26133044
26263220
26074584
26199080
33163824
26202336
26031880
26291780
26001452
26189548
26191136
26152428
26084120
25980960
26093044
26312540
26401740
26307400
25980908
28234772
31673108
26388504
26124212
26443640
26547388
26440400
26477716
26301856
26187088
26062452
26124564
26076624
40334628
26130552
26148016
26352144
28042916
26361112
26132788
26330652
26339672
26417192
26468328
26413568
26310928
26329880
40405976
26408532
26113592
26294580
26142680
26775632
26397704
26159184
26245272
26990844
28084632
26062128
26526608
26339240
26261792
26401940
26204856
26009800
26645440
26317420
26518920
26359584
26244444
32203228
26116460
26047056
26492384
26286336
26659400
26214692
26442104
26360856
26166160
26108336
26104456
26210792
26195904
26566236
26256340
26349100
26535300
26327888
26126732
26723420
26374892
26288644
26249972
26534584
27178056
26329356
26543860
26331484
26308448
26573944
26442088
26547028
26834196
26351116
26177316
26391328
26187884
26307828
26194224
26225540
26210208
26271492
26071740
26225496
27411896
26511952
26329972
26464852
26214268
26375780
26083292
26178164
26100000
26318700
26114488
28004116
26511784
32563428
26253476
26363508
26025096
26010080
26055280
26202980
26215496
26157356
26084988
26137552
26196672
26102476
26275996
26271160
26158392
26237708
26206624
26129696
27518944
26091064
26184516
26322404
26701832
26435396
26508760
26292896
26461488
26094580
26423056
26177860
26369776
26879956
26453152
26111520
26258600
29747616
26352240
26343840
26411396
26246392
26385472
27068884
26114040
26123824
26147596
26262792
27350228
26231264
26931084
26357820
26252536
26174612
26061404
26078988
26243340
26468680
26306860
26215536
26246120
26220816
26137088
25903888
26186176
26072984
26323324
26612728
26116632
26156292
26085884
26258408
26830228
26126984
26071056
26092324
26191888
26423656
26283044
26324660
26513668
26580124
27540548
26177540
26403048
26083908
26064368
31343280
26169636
26158160
26591396
26040044
26263264
26211988
26195864
26105280
26122104
26303176
26436644
26074348
26111224
26071704
26159708
26283872
26161864
26283868
32128760
34557436
26076252
26257516
26171708
26475828
26295052
26397776
26080128
26391688
26110552
26284780
26400288
26233744
26084416
26354424
26189632
26414900
26430888
26092888
25916996
41070148
41363920
27031268
25972584
25910816
29575508
25928092
25705412
25989452
30558960
25921884
26283432
25939948
25842056
26395852
25987692
26072384
25886496
26036268
25852924
25934288
25857676
25819388
25997192
25938872
26227028
25902452
25858132
25900808
25860696
26270864
26078780
25943660
26176088
26120972
25929304
25991976
26113576
26119252
25900876
25917612
26194508
25842088
25855196
26188360
25874860
25901236
25857432
25885788
26272600
26018860
26215664
25938532
26070976
26012476
26082732
26851440
26073544
25983068
25919140
26075924
26001124
25940700
26283148
26232368
26073352
26124452
26150544
26904828
26164868
25992260
26066028
26030956
25963736
26510968
25960504
26216324
27151252
26125476
26079344
26318224
25891468
25912140
25799012
25810972
25981328
25796684
26405592
26268308
26007708
25911672
32317708
26311004
26389592
26124928
26306288
26277908
26393672
26239780
26080740
26111980
26269648
26283200
31092108
27736328
25990220
25935444
25984504
26323964
26124464
26398816
26137644
26288044
26363932
26478636
26274244
26244492
26039940
26200048
25833240
26163360
27432448
26092012
26019080
26269484
26095524
25983192
26128580
25901084
25873644
25995344
26257828
26124440
26341396
26189096
26462052
31310472
25840672
25914276
25916692
26044144
25821880
26515792
26135356
26234608
26153292
26424708
26234852
26196148
27080488
26426352
26110072
35298152
27371216
25922088
26257128
26204624
26090608
26067480
26313792
27935908
26111068
26305800
26367972
26219988
29010464
26205756
26126412
26368428
26202452
26265940
26730152
26037832
25958904
26069568
25920852
26673656
26308892
26126012
25933788
25986848
26050248
26175572
26016836
26022916
26023124
26019620
26138752
26051148
26047764
25923872
26385644
26045808
25901376
25978148
26102300
25919620
25971080
25891852
26832756
25894920
26111416
25903432
41638152
26042032
25893504
26072212
25882280
26155056
26106896
26181840
26248356
26388012
26491420
27865380
31065492
26093820
26406236
26386996
26095060
25923380
26016096
26325304
26090024
26063820
26118036
27319192
32376036
26762796
26847708
25920920
26657032
26872088
26354216
27173436
27003212
27110676
26320964
26749804
26396132
26415128
26686036
26629524
26244036
26017828
39899264
39879700
26081576
25852376
26190528
26661828
39709848
33124700
26068476
26328512
26235404
26881876
26235648
25935896
26174728
25863448
25939916
27108372
42865608
26058352
26204652
27574692
26541892
26264012
27570800
28569152
26278868
28218876
27001868
26541348
27392864
27566880
25921532
27114672
26147220
26139244
26222004
26987800
27035508
25973160
26213416
26201044
29546820
27168068
26741524
26297336
26132784
26445380
26676568
26088156
26612352
36113348
26594740
26083992
26104528
26414380
26134000
26204272
26028256
26158148
26072908
25965664
25998060
26914216
26008996
27060764
26860620
26375056
36652312
27876520
26262372
26226952
25909008
26084508
26376032
26067356
27094372
26224100
26345316
26768292
26286948
26391964
26808168
26071276
26266756
26079276
26875764
28066024
32916340
26871400
25919844
26225856
26382380
26050316
26442784
26119008
26300468
26817952
26191148
26192304
26130320
30779020
26149468
40246506
26328456
26193860
26116236
26078612
26357956
26234744
26110252
31902336
25918604
26379448
26343292
26058664
26106872
26579160
26114280
26260144
26945288
 
26664952
27063080
26965448
26374032
27295240
26311688
26468820
26474496
26223260
26282420
26118524
26051328
26057200
25942404
26198348
26074872
26153212
26133368
26217288
26329444
26168220
26336864
26385332
26073536
26267100
26121032
26245668
26184868
26130524
26111192
26163144
26072784
26381584
26072728
29864428
26234736
26179956
26286552
26295536
25962364
26263892
26135308
26011564
26153216
31921024
26183400
26189936
26127612
26433584
26254484
26325100
26204864
25937268
26482356
26326716
26262692
26559932
26141496
26254172
26214236
26155332
26177476
26209556
26195276
26460796
26192352
26047188
26130500
29291080
34642760
26227896
26145440
26264512
26154300
25991792
26109264
26086320
26099152
26141944
26123436
26470612
26344812
26048464
34150728
26281968
26280424
26202816
26054064
26202880
26356720
26329808
26606868
25989092
26082468
26197204
26264596
26294468
26168452
26112400
26194880
26222400
26060768
26038068
26085628
26254452
26329596
42319512
26191444
26179568
26314724
26279260
26260144
26270144
26061784
25973464
26303468
27345484
26204240
26329804
26222240
26051324
26217196
25972212
26014264
26280244
26051988
26212224
26075752
26061288
26287432
26137648
26295492
26267652
26001712
26192640
26137396
26250068
26031460
31078844
26180124
26259816
26064380
26087104
25977504
26283716
25994140
25997532
25994152
26058372
26141624
26086296
26104048
26131276
26261564
26291360
26274000
26019068
25878988
26223224
25997492
26033100
26114516
26327476
26136596
26164344
26201780
25983396
26378404
26212036
26226896
26210872
26077936
26053356
35275356
26056448
26285548
26063144
29252844
26315220
26036380
26132444
26152644
26019492
26002996
26021352
26115972
26210292
26189472
26124208
26007232
26201556
26057232
26341396
26336108
26326288
26528528
25985624
26341704
26285608
26570244
26207648
26289552
26185668
26163508
26183996
26142112
26266612
26177516
26023768
25999380
26049436
26244808
26107904
26132008
26765948
26052368
26144224
26054752
26159852
26163852
26065008
26104932
26333292
26507284
26277652
26294916
26184360
26242188
26281204
34965408
26254792
26092952
26011112
26140172
26238944
26231748
26151300
26167932
26108480
26416796
26100000
26179540
26184152
28596464
26038760
26347040
26058200
26236328
26268388
26189224
26201400
26026560
26271540
26230004
26032160
26155756
26159436
26037740
26226224
26044500
26136480
26235504
26024088
26051868
26060056
26041556
26181512
26264392
29112232
26215296
26155692
26286080
26157312
26213456
26087476
26116184
26135380
26196452
25993896
26252860
26127528
25982280
26178972
26180128
26378276
26167940
26495768
26098764
26279652
26259644
26089484
26171896
26176620
26050300
26080696
26101964
26144896
26158004
26200424
26194624
26262164
26182056
25859872
26751588
35554948
26141920
25945004
26221112
26380776
26085080
25999180
26139112
26148228
26186388
26201272
26239724
26668524
26145696
26380856
26065060
26429164
26304596
26339036
26165760
26298372
26299572
26151772
26220680
26024644
26079460
26205780
26141672
26132160
26224644
26090840
26167256
25973704
26152544
26177912
27318240
25995412
26236512
26074704
26066024
26067804
26149152
26054464
26336904
26258984
26145076
26111084
26052952
26241168
26351856
26363496
26234896
26248976
26122276
26247824
26219932
26195472
25980420
26278124
26104704
26184624
26106320
26053640
26068580
26051932
26063816
26081332
26211372
26152740
26184156
25993540
26161348
26152356
26151120
26133004
26144652
26081136
26087800
26105304
26220876
26174924
26400888
26168620
26170264
26231032
26009808
26154580
26149260
26037284
26288212
26125832
26692004
26165276
26127184
26194928
26140624
26612720
26062004
26095120
26093056
26210548
25987460
26175656
26090652
26089640
26130640
26161196
26062648
26084984
26082956
26130804
26017408
25972908
26088456
26026764
26158720
26045408
26076808
26206192
26379792
26561172
26039596
26189928
26960172
26260856
26334956
26099408
26263012
26096628
26198672
26236848
26045376
26182708
26003628
26203960
26204664
26088764
26095732
26163276
26173012
26185484
26029584
26189460
26226412
26792344
26276932
26221544
26226944
26253352
26404588
26384964
27618672
26134772
26020408
26610776
26097904
26013892
26147304
26302916
26242624
26436832
26033016
26052392
26320016
26029156
26335180
26114368
26148040
26096316
26155060
26463880
25992312
26307744
26170396
26138680
36910284
26112948
26120060
32964972
26114404
26263312
26071944
26074680
26166652
26193940
26487404
26356896
26311152
26266540
34102024
26262212
26270116
26396584
26390860
26311060
26247972
26216368
26013416
26144828
26287152
26358016
26210956
26271376
26416048
26273044
26291676
26206276
26224864
25977408
26484312
26098760
26264952
26084260
26165128
26474748
26135068
26398052
26391724
26269160
26249992
26213560
26116744
26262340
26040668
25893268
25986296
26140576
26267812
26031124
26192348
26453084
26216048
26077880
26525980
26062240
26302920
26345916
39893160
26227000
26299804
26170708
26093272
26228160
26201512
26046784
26181940
26089308
26375700
26072828
26017152
26148592
26162720
26088336
26102180
26049696
26026880
26106772
26053776
26160576
26022824
25966220
25965576
26077256
26050112
26058104
26026028
26041404
26039056
26352528
26180396
26130184
26267524
26256192
26039112
26243700
26102864
26167044
26322816
26208240
26117328
26264056
25989116
26030796
26157028
26090196
36283956
26378732
26148552
26243376
26278704
26094868
26030848
26057548
26099736
26337068
26072164
26048912
26336404
33943624
26038152
26038560
26131188
26236220
26398412
26140744
26029096
26132328
26148960
26301196
26050396
26056728
26282788
26238456
26137128
26220324
26225048
26301552
26475328
26197664
26054676
26050784
26687564
26165288
26395820
25978864
25931460
26051256
26220664
26272808
26272364
25995068
25897332
26204756
26255980
26120584
26246960
26090004
26106008
26109748
26090768
26085136
25956844
26214412
26383344
26244164
26049532
26158524
26250432
26378824
26091720
26332224
26303776
34101512
26216400
26051572
26151388
26181932
26222144
26137536
26219176
26210636
26119712
26114848
26091888
30415952
26223264
26028328
26060400
26384420
26135404
26196252
26278948
26343016
26467268
26365004
26338104
26032380
26043268
26363740
26318308
26587708
26532964
26569464
26272520
26317104
26068356
26370472
26301760
26113272
26118508
26124680
25928852
25883200
25984168
26127512
26109392
25985428
26100392
26115308
26343472
26062756
26270480
26078868
26072212
26078324
26087064
26113592
26117276
26021356
26152900
25988932
25982472
26088448
26137060
26047360
25992216
26260460
26308292
26199080
26093420
26177520
26196396
26880516
26380328
26261788
26323756
26321296
26046972
26197060
26239660
26143128
26115256
26013676
26183284
26111872
26055120
26070260
26141080
26250040
27029400
26042056
26036740
26029768
26040960
26125972
26040628
25989672
26109716
26183512
38040224
26191436
26139996
26017776
26182724
26011908
26156988
26188300
26056600
26222836
26117904
26154668
26041568
26099852
26203764
29452800
26192856
26092724
26874188
26139868
26253020
26195824
26341384
26144516
26195316
26257908
26228908
26242820
26088336
26219032
26302148
26154548
26054904
26261560
26138108
25985628
26139388
26009844
26175860
26720632
26051020
26209420
26017680
26017916
26299804
26217460
26177564
26073724
26027052
25992792
26096380
25958704
26261244
26117916
25996708
26084696
26040256
26104280
25946816
26056080
26029812
26204356
26133688
32055584
26174068
26258140
26304356
25962136
25994608
25944508
26053116
25965388
26091116
26180076
26131252
26116836
26191568
26083152
26076576
25968880
26011112
26045608
25987000
26046804
26066276
26193608
26166856
26078300
26111456
26154936
26148204
25987188
25996040
26059596
26001188
25995788
26041920
32290696
26343596
26104652
26230052
25970524
26112788
25971552
26150588
26080392
26056180
26208148
26095660
26162252
25993212
28403008
26145704
26048536
26033076
26060588
26151280
26061840
26354292
26272556
26131092
26227036
26193388
26217476
26140712
26095040
26055600
26015708
25959940
26186604
26142296
26203708
26086664
26208052
26044604
26062868
26158764
26203276
26269524
26090324
26053248
26431760
26381472
26353200
26081584
26040048
26305996
26025116
26287972
26326952
26156116
26117536
26113940
26049580
26025616
25995552
25991076
26027960
26222980
26137644
26059112
26046252
26218092
26222876
26203212
26083060
26212468
26071724
26056364
26122460
26154112
26355720
26409128
26066888
31504572
26340888
26281852
26160516
26243556
26129508
26060596
26107564
26252024
26210772
26101404
26090580
26143580
26097716
26287536
26052572
26075304
26190008
26119292
26195124
26135092
26249256
26163528
26249220
26327392
26259388
26184764
26300564
26257868
26364356
26081588
26133896
26215712
26305124
26211848
26238032
26200832
29617876
26284204
26378040
26377900
26245440
26307584
26365780
26081788
26235224
26095700
26427712
26266796
26146732
26120576
26189820
26160896
25975984
26029728
26366048
26073932
26043268
26046632
26003968
25964168
26571876
26300344
26316836
26270784
26207528
26215316
26297444
25980440
25981884
26175656
26221460
34618780
 
26261796
26171796
26141444
26346868
26027176
26025708
26026912
26162536
26127320
26049024
26247176
33691216
26056520
26073984
26154584
26121192
26136708
26131212
25936048
25936136
25929968
26249128
26033272
26111988
26084408
26004064
26121484
25979860
26196168
26149232
26317784
26007424
26046420
26139004
26204496
41401136
26320860
26230784
26254564
26148032
25911140
26278264
26199192
26204044
26293580
25951608
26522464
36292792
31440236
26147836
26238420
26062672
26149632
25990708
25867232
26073028
25974792
28826768
26197076
26348140
26137068
26116040
26302380
26242616
26092652
26063144
26034924
25956556
26132932
26280800
26267224
26229736
26102132
26038728
26161724
25966924
26056820
26213780
26162916
26072364
26258476
26231132
25969588
26095500
26170720
26024972
26268708
26298572
26020824
26180388
26735680
26201200
26033508
26187832
26022276
26067848
26365188
26022044
26043392
26459540
26077472
26265876
26132700
26135512
26191860
26083600
26026548
26047608
26017400
26295712
26180208
26115784
26024512
29292104
26294344
26151592
25995220
26422760
26163648
26118016
26386988
26308908
26177884
26194600
37677784
26581816
27826692
26232324
26180176
26105804
26315064
26172160
26073028
26254504
26283404
29374100
36635740
26143020
26048656
26054100
25986088
26262756
26341036
26184412
26345016
26202588
26158752
26257000
26027312
26397100
26217656
26294584
26054056
26185208
26070020
26286260
26105464
26466732
26226264
26218292
26059836
26298876
27035332
26008688
26319028
26021176
26290684
26148440
25993448
26219232
26216204
26076848
26229724
26157460
26225180
26093956
26159592
26205136
26276216
26103500
26009252
26313836
26384284
26090356
26242388
26136280
26310072
26046292
26156728
26065744
26377792
26166492
26201388
26239012
26070064
26043060
26126732
26138888
25994576
26034248
26097348
26213212
26253756
26166136
26131968
26304236
26095364
26012324
26070896
26121052
26049976
26084120
26097296
26138224
26642236
25979372
26071252
26142316
25998816
26092536
26211372
26424412
26218804
26138144
26202856
26223744
26216724
26049460
26177436
26367384
26031904
26153716
26270368
26320944
26238296
26171024
26474568
26373560
26396304
26375700
26206292
26258500
25974056
26249772
26253228
26112904
26079236
26354592
26135540
26294456
26176360
26209392
26426024
26372248
25959272
26201616
26058740
26111572
26265852
26113572
26294288
26092244
26077640
26207872
26152060
26121204
26087920
26228756
26053820
26137632
25988232
25948572
26112384
26201332
26102928
27162272
26299460
26097028
26150848
26117812
26206220
26121760
26300344
26243208
26498524
26073820
26357488
26016296
26025328
26087448
26057140
26302152
26383660
26044752
26173128
26124268
26108884
26065380
26373232
26109964
26016680
26311212
31483924
26160748
26201268
26095412
26036268
26039348
26075724
26011548
25992728
26517800
26126352
37357592
26147076
26274248
26127356
26214808
26135072
26279540
26088396
26262776
26251472
26170904
26181928
26132280
25986544
26023868
26002640
27080396
28069440
26164708
26274808
26142392
26101616
26081700
25997968
26156488
26018516
26025928
26313476
26157200
26022104
26290912
26208956
26167148
26001876
26040952
26045332
26106344
25966068
26040456
26123932
26253824
26035224
26197648
26374892
26251944
26005992
26001544
26083644
26029708
26111944
26185716
26183528
26101728
26068692
26304352
39256424
26035160
25913584
26119184
26245032
26874968
33129204
26038144
26168096
26281388
26200484
25958388
26121836
25935408
26273336
26018248
26116748
26057864
26140824
25958596
26304588
26090208
26662760
26046996
26123476
37393128
26113332
26098292
26088808
26221588
26141112
26030448
26366420
26103736
26269128
26254800
26557380
26447660
25993036
26080544
25958516
26028656
26240308
26200976
26055008
26283676
26144236
26026848
26260764
26133032
26370492
26332432
26326316
26106832
26584608
26049020
26061596
26144924
26229276
26201788
26150532
26194608
26054268
26191240
26066776
26680908
26169112
26166760
26296668
26214564
26219580
26091660
25947240
25964400
25965536
25985640
26046828
26066680
26065948
26080816
26107452
26092804
26098620
26008040
26092484
25966980
26020268
26083976
26495508
26162680
29797624
26164176
26116308
26036480
26235884
26150316
26398440
26060820
26068312
26021288
26040260
25988708
26453080
26191796
26330436
26089792
26178868
26104164
25989796
26360232
25959724
26389068
35167208
26150228
26180292
25978596
26016740
25950624
25996620
25970428
26282664
26231604
26042492
26252652
26000976
25976300
26542924
25987172
26130896
26191004
26006600
26708156
29365388
26016520
28984652
26047828
26129860
26215576
26080640
26137244
25967136
26237048
26065632
26213448
26238204
26052956
26104712
26019248
26071544
25880920
26071640
26205656
26140080
26030252
26100344
25939940
34581816
26051164
26195824
26068724
26179528
26182592
26057160
25990956
25991480
26134356
26072256
26105948
26241056
26267364
26159516
26244440
33008604
26099220
26208840
26048012
26024812
25902400
25904408
26089840
26141904
26017848
26062248
26189252
26459504
26213388
26225924
25897996
26232976
26314740
26122492
26080296
26040820
26019116
26272732
26100588
26143724
26315908
26091076
26266248
26252988
26218984
26196716
26137824
26014440
26380936
26149856
26035244
25973304
26255604
25972804
26292704
26095296
26185984
26096520
26141916
26184188
26034968
26297392
26178256
26163820
26048268
26013836
26111988
26211740
26106584
26120732
26048500
26037036
26258092
26176272
25906348
25895396
26047096
26106804
26076156
26190428
26260356
26001316
26214556
26033376
26169992
26371312
26076580
26039232
26285908
26396156
26113540
26332064
26090236
26319648
25983640
26226272
26327684
26174576
26333456
26261900
26242512
34832832
26270992
26232028
26236144
26121256
26325592
26182800
26164968
26242764
26381168
26206236
26347380
26415988
26274620
26304188
26232368
26200528
26362432
26163596
26293852
26244420
26326900
26238440
26313380
26402084
26291008
26176068
26210872
26074860
26176760
26273636
26131944
26580288
26251492
26344704
26130056
26334428
26240256
26186400
26194112
26233192
26026872
29116216
26099436
26153884
26076128
26227680
26190768
26215844
26327768
26172816
26079180
26214328
26547080
38812872
26312516
26264068
26137012
26341544
26359152
26228340
26327916
26067208
26407364
26189544
26364212
26372908
26473372
26191968
26253148
26178628
26218648
26164332
26153680
26305628
26248524
26124724
26252612
26156936
26149140
26253328
26238380
26241688
26047192
26443216
26210324
26198788
26156912
35331236
26107780
26261360
26213592
26115812
26259948
26225728
26255648
26278124
26165876
26093672
26188508
26403100
26136488
26365436
26174288
26264036
26333612
26178600
26267560
26324188
26172996
26229304
26779236
26555884
26175588
26322652
26266132
26175676
26193048
26194304
26539388
26245188
26197084
26227936
26126488
26421804
26355352
26225436
26368700
26169920
26226824
26222028
26416852
26392400
26281184
26149676
26606796
26111048
26364244
26252540
26251020
26409020
26364172
26350596
26231672
36130008
26293124
26281892
26337100
26559880
26292224
26322872
26355828
26164528
26372776
26200784
26633964
26316160
26466536
26239376
26230364
26235920
26231140
26569632
26282500
26370284
26308984
26394072
26356540
26271844
26145660
38574112
26193088
26136896
26255180
26079204
32377936
26374048
26286216
26517404
26233724
26363764
26232136
26466084
26412852
26470692
26755456
29087696
26287864
26325752
26353172
26431172
26190716
26202192
26246904
26214012
26386276
26117884
26290680
26227440
26299192
26282548
26284192
26210072
26396988
26289164
26201036
26418556
26391648
26313592
26451208
26115592
27185276
26291200
26258800
26314252
26395508
26341800
26329456
26305804
26407992
26340232
26141764
26295572
26150588
26199216
26553524
26186540
26571136
26232256
26190512
26436180
26155088
26364688
26129300
26517476
26141444
26295804
26081588
26474696
26258864
26243568
26338392
26206676
26278840
26425240
26180416
26326080
26445084
26187340
26207368
26336124
26268660
26535544
26391356
26314384
26365588
26151964
27497148
32277228
26215260
26306848
26255036
26241904
26320372
26213980
26292908
26423880
26234488
26256080
26387448
26242552
26122324
26175068
26205116
26199008
26235092
26360116
26271744
26249992
26372228
26125872
26189028
26433596
26288084
26255268
26494740
26255108
26244828
26206256
26148164
26418512
26187948
26239472
26211644
26242680
26229584
26237164
26246828
26255512
26274676
26300508
26285096
26113628
26148172
26189848
26182288
26221908
26180276
26213104
26245964
26238576
27504372
26395956
26266920
26469344
26139616
26452272
26176208
26152376
26354640
26336684
26242348
26209688
26253844
26236888
26328208
26462056
30218336
26130392
26354044
26168460
26366888
26318524
26131224
26202692
26164372
26171624
31322388
30233840
26305272
26230432
26265996
26195060
26605024
26348208
26358268
26219332
26208264
26197848
26233380
26183300
26189660
26210052
26138892
26199220
26201952
26298756
26278024
26097120
26177120
26308452
26219812
26303296
26317012
26452536
26267184
26207992
26262168
26206152
26378984
26318428
26357000
26421404
26327800
 
26320760
26356192
26267644
26274156
26252428
26366664
26230176
26263080
26411776
26305204
26215536
26182556
26137480
26333536
26117012
26356688
26126840
26274464
26753008
41581176
26305612
26213340
26347856
26381752
37973756
26264012
26260804
26436232
26410432
26415952
26493084
26216480
26385200
26370360
26271004
26174408
26314296
32751612
26261876
26231652
26243292
26376916
26169224
27199760
26343916
26151976
26292128
26227280
26378976
39376632
26546528
26297652
26344048
26473988
33926140
26252368
26246668
26313836
26218056
26175372
26220712
26209360
26260312
26381852
26165288
26160008
26224340
26143792
26252656
26373344
26167432
26544660
26486804
26451704
26201868
26378396
26215896
26247824
26284412
26334480
26348280
26296100
26303432
26195500
26228520
26445636
30802840
26251484
26426936
26375528
26133352
26219660
26273064
26200592
26253824
26310972
26236196
26242276
26257192
26121104
26343232
26260444
26215588
26209096
26226436
26356452
26103800
26166048
26273008
26342760
26248624
26204732
26272204
26264736
26209620
26502580
26227308
26182052
26437316
32258072
26330164
26212172
26184812
28555288
26408672
26828312
26254064
26447516
26255944
26226696
26170188
26264368
26247188
26183844
26145936
26218004
26380844
26500332
26324508
26262436
26291264
26271176
26408936
26276192
26622028
26230188
26252684
26381916
26513948
26509248
26287304
26329956
26331440
31721696
34771572
26210404
26171068
26146804
26154636
26061120
26230336
26305216
26376368
26206580
26195088
26152224
26204412
26537176
26281400
26242828
26269792
26191044
26275440
26285048
26309056
26317572
26355100
26159940
26165832
26295720
26360164
26166836
26364472
26231428
26097476
26445472
26240312
26264924
26166772
26333388
26382744
26348332
26283460
26270336
26249016
26262264
26496712
26261988
26296612
26264332
26249100
26234852
26248436
26164128
26251720
26209840
26264484
26252644
37428576
26231516
26166504
26155840
26207912
26295708
26199176
26325956
26315640
31346076
26226056
26353804
26117864
26390968
26207468
26156888
26141880
26395620
26524256
26259688
26096680
26210844
26795492
26133636
26255792
26201768
26312000
26453352
26301272
26349628
26244688
26309392
31666500
33271540
26235548
26159820
26573792
26315276
26222120
26204104
26222012
33710988
26255108
26308900
26277544
26309708
26269116
26256064
26174908
26245584
26126516
26229612
26192748
26195372
26242788
26240772
26370856
26306496
26369280
26123968
26247032
26260336
26172784
26407268
26348432
26191168
26232832
26272460
26794100
26240016
26124640
26208688
26190732
26241608
26291696
26371428
26257820
26480168
26308268
26481972
26369268
26218232
26439324
26338928
26176584
26302724
26368496
26346992
26219540
26266548
26259896
31197500
26263084
26372688
26327544
26449748
29037844
26416228
26153884
26328252
26213572
26311000
26326220
26201044
26306500
26125028
26492900
26486632
26209044
26095244
26249832
26203064
26162488
26457256
39917784
26323908
26268332
26241020
26271296
26418556
26462948
26181740
26378244
26503620
26232468
26139136
26345016
26149236
26266208
26242500
26270292
26381552
26604196
26198436
26233928
26188848
26244192
26230260
26374856
26231580
26279476
26253096
26219832
26323520
26137332
26145660
26226764
26338680
26348668
26247200
26191040
26160744
26129856
26214776
26215556
26169680
26216316
26196504
26274708
26276332
26225180
26231644
26281708
26407188
26200668
26192824
26353316
26169608
26395516
26166696
32035788
26356988
26612064
26515188
26326244
26389916
26389832
26285508
26352168
26302196
26400724
26286328
26294616
26400428
26191604
26397464
26520160
26317696
26490552
26377256
26213072
26431436
26283716
26400676
26330448
26393280
26391136
26218576
26505992
26337844
26346196
26346976
26355664
26229132
26243240
26205160
26321180
26237872
26705312
34835636
26205532
26202236
26211704
26365272
26245272
26268032
26175976
26240792
26113432
26263156
26152644
26230984
26258960
26176256
26277348
26545100
26206332
26417260
26302436
26422876
26382824
26514728
26139608
26504844
26217072
26536780
26324744
26324868
26443356
26149988
26187084
26469912
26339716
26318660
26143840
26132532
27177548
26398868
26324580
26418292
26499436
26412328
26489396
26312480
26648576
26469332
26558324
26395036
26530360
26497788
26202520
26278852
28339884
26511072
26290204
26495260
26375692
26261628
26454372
26277212
26182320
26146384
26122752
26493476
26282336
26103456
26252852
26472912
26239620
26248840
26298792
26399652
26254828
26391204
26902576
26419296
26358032
26256284
26224848
26342308
26443584
26229092
26541828
30430484
26325240
26162908
26536800
26225424
26512012
26214856
26525248
26330064
26217764
26180940
26339744
26123664
26202228
26234488
26189376
26395412
26279972
26366556
26416600
26215916
26421168
26212184
26604816
26387128
26266532
26353784
26212492
26708640
26260636
26359908
28295992
26548508
26226376
26150208
26273112
26115932
26092220
26344524
26356752
26251652
26203240
26217268
26396580
26476972
26248940
26173116
26441140
26194992
26237612
26167596
26211952
26498012
30029356
26376900
26232584
26174680
26301148
26295064
26297372
26215664
26114904
31868904
30778492
26096596
26191564
26405712
26339996
26290424
26490808
26993080
26311776
26309056
26291532
26206304
26228968
26346136
26360124
26224676
26233856
26442968
26391424
26215924
26165704
26164448
26567328
26223700
26070652
26213584
26195696
26059196
26254732
26175284
26249812
26222816
26516040
26260268
26117940
26185632
26284540
26734868
30049288
26194904
26362760
26361780
26417124
26269800
26202236
26253256
26311020
26300840
26386396
26345716
37175112
26571976
26341388
26056052
26438352
26141036
26191316
26296452
26220704
26455236
32851388
26312920
26362752
26361828
26380404
26227940
26226848
26267680
30301492
26256696
26317496
26522568
26337204
26305436
26147864
26080688
26949700
26337152
26206644
26225308
26465796
26247624
26340724
26358008
26234568
26297620
27592560
28278800
26377016
26219984
26413732
26302596
26304676
26571392
26320884
26229152
26972204
42373060
26438716
26149500
26429304
26143624
26348388
26222292
26158828
26446264
30389092
26282808
26347240
26368724
26265476
26186420
26432812
26364040
26191956
26411132
26053452
26752368
26406420
26746696
26436440
26294384
26423820
26192712
26187988
26251752
26406412
26425216
26405472
26329252
26321104
26306600
26272980
26395604
26269076
26217832
26203848
26333608
26287496
26745792
26385860
26261392
26434896
26232512
26419292
26141668
26267588
26278740
26242260
26255080
26270648
26405524
26230720
26234324
26341548
26267528
26356024
26206684
26290580
26189844
26489880
26210300
26373972
26252644
26172184
26294080
26183280
26133344
26378200
26305556
26456620
26130072
26318464
26339732
26261880
26145600
26979548
26132488
26276540
26431840
26285704
26150596
26422480
26467488
26257080
26547220
26341480
26336692
26570972
26152028
26096884
26554048
26440340
26395116
26314120
26125160
26254784
26135176
26346596
26359144
26463240
26016528
26190220
26593164
26240124
26433380
26453736
26309592
26173716
26410896
26355256
26334884
26317188
26170412
26166420
26277060
26316272
26220800
26456052
26307424
26367612
26250056
26269720
26226320
26347768
26153764
26253644
26325476
26540448
26281620
26553268
26330068
26222468
26226416
26357488
26175568
26162736
26389188
26254188
26151612
26168872
26253964
26138752
26215732
26224128
26392352
26166952
26343404
26491456
26204116
26219688
26407248
26253048
26360348
26279988
26156464
26227316
26250460
26196292
26131876
26283700
26107948
30798352
26234976
26255408
26317236
26253972
26218864
26340672
26263940
26315980
26380800
26350640
26191380
26395044
26246964
26260980
26201684
26121252
26376956
26313364
26105184
26128184
26251968
26323436
26447000
26424944
26212832
26227136
26387116
26183608
26326420
26169400
26230800
26454436
26303556
26362908
26205916
26378068
26306412
26253700
26144432
26196468
26232972
26268096
26354124
26170360
26177016
26294260
26177964
26426144
26297112
26235432
26439156
26334992
26160960
26277264
26250484
26362208
26374604
26290240
28586716
26154368
26232248
26246104
26201524
26255008
26271396
26306556
26351532
26244976
26455068
26283816
26383324
26204192
26186420
26299580
26551444
26277448
26345080
26252680
26767116
26487444
26249936
26330016
26233992
26494556
26306512
26079572
26407480
27749424
26212256
26153188
26282612
26342128
26135492
26241928
26216640
26139648
26290204
31694276
26387156
26351716
26331420
26400160
26346892
26067576
26196912
26407720
26063508
26254576
26216836
26302480
26389336
26354080
26285564
26374036
26148540
26190868
26423528
26361992
26199844
26339980
26190328
26126204
26357372
26294648
26178920
26237464
26383492
26241496
26241156
26232276
26243644
26289508
26458040
26329972
26481888
26240316
26248996
26505480
26156536
26332744
26083332
26188500
26278296
26168996
26202512
26284096
26245084
35184116
26229200
26317616
26295144
26239864
26399936
26256792
26211040
26224644
26382272
26333024
26194084
26361600
26151380
26236324
26370876
26365404
26314524
26294864
26251752
26381564
26121444
26181512
26308112
26309464
26117392
 
27532276
26426084
26110124
26109568
26173172
26327696
26245464
26146896
26216592
26341284
26057028
26408292
26215688
26201032
26074864
26425052
26247436
26214400
26219896
26300616
34351196
26177604
26209756
26146708
36906460
26441336
26313836
26177060
26172612
26238688
26218740
26119604
26122364
26031848
26196656
30089292
26190860
26250920
26423108
26274052
26180100
26218072
26271876
26224456
31116608
26356992
26521472
26411736
26108460
26581248
26168868
26184000
26424156
26307464
26362140
26308472
26179840
26365984
26539784
26467348
26213208
26161572
26187856
28143912
26109348
26212844
26285640
26651780
26248100
26191176
26417316
26353048
26065632
26186316
26386728
26226156
26231648
26310256
26395860
26293704
26565448
26292944
26197240
26278960
26397308
26505268
26345112
26204260
26191608
26230308
26274204
26276072
26304492
26398232
26429756
26715884
26323236
26272376
26239448
26187944
26272284
26192160
26444680
26214024
26173476
26191312
26363896
26345888
26221188
26068400
26242440
26181544
26154924
26226184
26168412
26212864
26279888
26108080
26022296
26132592
26140748
26325304
26270284
26334416
35139572
33084132
26285188
26221708
26186484
26359548
26165968
26280236
26080404
26238856
26220444
26138692
26342812
26365992
26212472
26132804
26228208
26317844
26236188
26500688
26386116
26493300
26255760
26249400
26176784
26366036
26268716
26207400
26272240
26170208
26247620
26371740
26231640
26077700
26404616
26186460
26202408
26418536
26261260
26295596
26280128
26195624
26453288
26225216
26171356
26473864
26126900
26397620
26694860
26376020
26205844
26327080
26260172
26185272
26590828
29268296
26240404
26642104
26346776
26195012
26371964
26180520
26223632
26295228
26180144
26222872
26169700
26346260
26169220
26313588
26138916
31927960
26344840
26245236
26267044
26320160
26115848
26175020
26181880
26193372
26255976
26395012
26213228
26359572
26227460
26207728
26261716
26253004
26200416
26441524
26349424
26257032
26352080
26050500
26330644
26105392
26213252
26250240
26122892
26160192
26276308
26151624
26223600
26194132
26350428
26244204
26320680
26152944
26292568
26397272
26401900
26760296
26239012
26178652
26225520
26258244
26245176
26428352
26479708
26273528
26345824
26112440
26350736
26180368
26395520
26321996
26158780
26166672
26326544
26425820
26338944
26112496
26297760
26207272
26190948
26323492
26125116
26327096
26371580
26366384
26183200
26244808
26124452
26292600
26050472
26111028
25924000
26218592
26181908
26290008
26412772
26211640
26196860
26208736
26071384
26274044
26519852
26422800
26093448
26256728
26431048
26373280
26234608
26094960
26346296
26382132
26285772
26202752
26279032
26129236
26535768
26245140
26136988
26210116
39949484
26354428
26127700
26194196
26236976
26115776
26311432
26244964
26197160
26592404
26284104
26254344
26420912
26238572
26333932
26101080
25967580
26489644
26160248
26736552
26388928
26225416
26259260
26338540
26364476
26060840
26343588
26349704
26256144
26341492
26321200
28455568
26168788
26287864
26097476
26242220
26197448
26339760
26168264
26192068
26216160
26530568
31526480
26194608
26129128
26165780
26155600
26000452
26193012
26160812
26256580
26088072
26323344
26161804
26137540
26295776
26283484
26298060
27063028
26042660
26265128
26360348
26215300
26377044
26119984
26275560
26266796
26032252
25980304
26485692
26124256
26235112
26230536
26333776
26095028
26384456
26099148
26103164
26114924
26150720
26348468
26116532
26202472
26245620
26093104
26253368
26391588
26308360
26273904
26076884
26466392
31013476
26055900
26371732
26271916
26094824
26405620
26180860
26246524
26265940
26660940
28394348
26712612
26315736
26398220
26321156
26311852
26164252
26461496
26122136
26141336
26567028
26416372
26170456
26417196
26333404
26283196
26359212
26126884
26356728
25994972
26223424
26254208
26272016
26260060
26093156
25996208
26092228
26402532
26154716
41901692
26358028
26133556
26224968
26259744
26346488
26292036
26239620
26186288
26143964
26228432
38592684
26491704
26136620
26321600
26578668
26252600
26387988
26335164
26248044
26330688
26267932
26446348
26121224
26134732
26348652
26278324
26197428
26303360
26255604
26481420
26400940
26303024
31650992
26345772
26266592
26250164
26495056
26397992
26163704
26376760
26154384
25945884
26399104
26414212
26252760
26400696
26175552
26211720
26191532
26269344
26117500
26239768
26153640
26080752
26338832
26202064
26196776
26486208
26133196
26193992
26293628
26212004
26659600
27157488
26203524
26391720
26359064
26159308
26323336
26310264
26352876
26155448
26089824
26232980
26270268
26321848
26212716
26339140
26051132
26523448
26472452
26254700
26180544
26341652
26210364
26309228
26261584
26210216
26355424
26255968
25975956
26246000
26299468
26224292
26158020
26218740
26153844
26125160
26434860
25981164
26376936
25978228
26115928
26348232
26150408
26194580
37883432
26279372
26251232
26191492
26390060
26335020
26261760
26903792
26425392
26070984
25965652
26213824
26205608
26175916
26326088
26234288
26358932
26259832
26132820
32302332
26144632
26224236
26245520
26171148
26220004
26393720
28009384
40960560
26218464
26081004
26350112
26076356
26215356
26449532
26324004
26306908
26102556
26176648
26147244
26212736
26235756
26059576
26143316
26140684
25990652
33540944
26221056
26087420
26271456
26710796
26271048
25973248
26244044
26284992
26151576
26283336
27773856
26296560
26157432
26168632
26149488
26090660
26096228
26387524
26149720
26236252
26106208
26270596
26062368
26288780
26101088
26096036
26172656
26041884
26108840
26101140
26334884
26176280
26046400
26283000
26169828
26033064
26252816
26200480
26234796
26396448
26180060
26156908
26322252
26165216
26202756
26076400
26153828
26287856
26101740
26384532
26440212
26263992
26154412
26229216
26323692
26302724
26209960
26236032
26392188
26153852
37953188
26149388
26082168
26291480
26212672
26168052
26221684
26514228
27290184
26288696
26323968
26377160
26582728
26115804
26260356
26244076
26062232
26367708
26115128
26167864
26170260
26764712
26279148
26284120
26254100
26264304
26331328
26245528
26118696
26617260
37799016
26788284
26545016
26405116
26143376
26367624
26181504
26153732
26129484
26043256
26361784
26239292
26108324
26253388
28336132
26170680
26180376
26404672
26552728
26135152
26395404
26179440
26270228
32159228
26590984
26211380
26417528
26432680
26031072
26148592
26066844
26164632
26409476
26303916
26188244
26313952
26310700
26387096
26443204
26114592
26276684
26322644
26142732
26276836
26093608
26375048
26286236
26383024
26195568
26307812
26378588
25941412
26110832
26315728
26028448
26169536
26229788
33071128
26196288
26194568
26272776
26409236
26153404
26327508
26449140
26150496
29083688
26402360
26066316
26380820
32382436
26237492
26373028
26445144
26117172
26528088
26660364
29707168
26267108
26265100
26224872
35099384
26523772
26086460
26105016
26164308
25987308
25916288
29703608
26282716
26011268
26756928
35694868
26208532
26228052
26092936
26285000
26135324
26412936
26244936
26743648
26055584
26176596
29870116
26208804
26263488
26350192
26185988
26320496
26185544
26124040
36852676
26043468
26210468
26100172
26182984
26294488
26393928
26108140
26182340
26218552
26374056
26171432
26447980
26147336
26322576
26335868
26106892
26258636
26707668
27598280
26098136
26052972
26299796
26255248
26357124
26140124
26244152
26414620
26093572
32266140
26265528
26037748
26326836
26188676
26101284
26222700
26239632
26027200
26122412
26281572
26059156
26324420
26209332
26095248
26191600
26278240
26104004
26412132
26176764
26120636
26252300
26081680
38485292
26253480
26227996
25986824
26288288
26349240
26304352
26071708
26433876
26391296
39143548
26373416
26096180
26119820
26300932
26397472
26328960
26224712
26168292
26287776
26545468
25955620
29452660
26219120
26292776
26375064
26273208
26434276
26032712
26319220
26247620
26719676
26236732
26256372
26199156
26139232
26050276
26207376
26199144
26319868
26091120
31404372
26432052
26348268
26193908
26069512
26302376
26075852
26231128
26087360
26170032
26023812
26070416
26373568
26311324
26236224
26014576
26246904
26375864
26030392
26416964
26272004
26190444
26040068
26123180
26106772
26286952
26275680
26147044
26053520
26010672
26063740
26270080
26225908
26214480
26194172
26255512
26105972
26333380
26210112
26284912
26013440
26016748
26152724
25998836
26128840
26263936
26126412
26245720
26247652
38332828
26187516
26170720
26132700
26389716
26013832
26227424
26189532
26165460
26019860
26305444
26191608
26186452
26355920
26225208
26339124
26060584
37732356
26469392
26434060
26203000
26222088
32844340
26163288
26198088
26072432
26011304
25983520
26371284
26055700
26240136
26129416
26210916
26185712
26103996
26205372
26206696
26082280
30553164
26306968
26103104
26148188
26108300
26079000
26210032
26190288
26162188
26417844
26792768
33804924
26174300
26168720
26449920
26175248
26145168
26045468
26182200
26249384
25987576
26218144
26118468
26038964
26275332
26259764
26062684
26148260
26330380
26412504
36670316
25983440
25984460
26136876
26551248
26156176
26178604
26122444
 
26157092
31119992
26412072
26165916
26267728
26313652
26198064
26165444
26181740
26058600
26012984
26154776
26286996
26160284
26303908
36242728
26240216
26138100
26043308
26287364
26145648
26058800
26138680
25925704
26048088
26149280
26039712
26026900
26180308
25992360
26056352
26188056
26092336
26117620
26160376
26177168
26471116
26211624
26274320
26263312
26141928
26326168
26124764
26412528
26221924
26391360
26271456
25981588
26173880
26402404
26186100
26329500
26225440
26091824
26100052
26180176
26212368
27032136
26148132
26291236
26126928
26119840
26301972
26117572
26075456
26404456
26101572
26188660
26624488
39794696
26325724
26241280
26291760
26468604
26196136
26225708
26137664
26195124
26252032
25995012
26050560
26120548
26070220
26159144
26027748
26268876
26267708
26049256
26135044
26253556
26933680
26098808
26380440
26266804
26395680
26123472
26258032
26181980
26202044
26010592
26060000
26102340
26066420
26124816
31494872
26233320
26229260
26172228
26154380
26226152
29968084
34558840
26270240
26280272
26259976
26278780
26285404
26311640
26249632
26202544
26032196
26203248
26160972
26106196
26076072
26064460
26081736
26073556
26216840
26200400
26159516
26172716
26085588
26324324
26062436
26226532
26026416
26201648
26211688
26358704
26158720
26279896
26230728
26100068
25982792
26299352
26214408
26197348
26148228
26193324
26236760
26188184
26269764
26136860
26115120
26054656
26089220
26101776
26276100
26098044
26339676
26279632
26286404
26427044
26246536
26226388
26243392
26097112
26249004
26281912
26175312
26142136
26230508
26218000
26327040
26135924
26204220
25972844
25986444
26202896
26472140
26207620
29269152
26115696
26307984
26324212
26228244
26219240
26264252
26117856
26067692
26330712
26121332
26133788
26319844
26255624
26102420
26369324
26209320
26258928
26099440
26091132
26092836
26304272
26156080
26241112
26528768
26014524
26376712
26215400
26271460
26145880
26234544
26170752
26226164
26155448
26671444
26054924
26286640
26126580
26316324
26133624
26219984
26199656
26073984
26246756
26163448
26081736
26176684
26291480
26243680
26227168
26138348
26089152
26030692
26286500
26161768
26143264
26091188
26327532
29937852
26066116
26269476
26266164
26106460
26149852
26128272
26270080
26200776
25994488
26102188
27971052
26234948
26142284
26338576
25986360
26332200
26144396
26067744
25920516
26022032
26629276
25924628
26077276
26007400
26483496
26120044
26354924
26134672
26122568
26284148
26358996
26166848
26204104
26193200
26171708
26087996
25993764
26095532
26148660
26104404
26158872
26013068
26090392
25968432
26044124
26175460
26089952
26263068
29486380
26097412
26196592
26415988
26098852
26143544
26015500
26445848
26098432
26200960
26160788
26467652
26086000
26111000
26197824
26025084
30227084
26128004
26168524
26165744
26375008
26126080
26973356
26160568
31257284
26469324
26326672
26203064
26191164
26262664
26194620
26225104
26126112
27221464
26172312
26069904
26169044
26309456
26597600
26368536
26490240
27389996
26219812
26094316
26173388
26132976
26117768
26180072
26270568
26185296
26131920
26207684
26129008
26158588
26055532
26108508
26034128
26267232
26201192
26113032
26100264
26314504
26310192
26074056
27145968
26358396
26034384
26103200
26354348
26078052
26085664
26291356
26362700
26064340
26009008
26050608
26254532
26077840
25998664
26085240
38266236
26261988
26071680
26267812
26323968
26028276
26193872
27324672
26123192
26714380
26286080
26288020
26274552
26254304
26122236
26134796
26208024
26429712
26216324
26033556
26242896
26241544
26103056
26166504
26271540
26159956
26352980
26238368
26069392
26148328
26193140
26382036
26174440
26028256
26149492
26159896
26230988
26371472
26183168
26144112
26186200
26087284
26171044
29434588
26391372
26300776
25928996
26207608
25930056
26087676
26161784
26075380
26040796
25971960
26181588
26082224
26443368
26357676
26263052
26159020
26122012
26124428
26064824
26056772
26244280
26312948
26069684
26147144
26293288
26029032
25993652
26211336
26120228
26087340
26291244
26077440
26554908
27353444
26221980
44799212
26162564
26029184
26236860
26159312
26054056
26061320
25947904
26156396
26052840
26011980
26245776
26226340
26055200
26034828
26044332
26138904
29230816
26131396
26074528
26044532
26171604
26199756
26101156
26084724
26205068
26045908
26176196
26109212
26074176
26312284
26286936
26071676
26234820
36865232
26244716
26013644
26150164
26003452
26054132
26066512
26217024
26078872
25996488
26072036
26182264
26165924
26305476
39733328
26089812
25998764
26087124
25961488
26096216
26106348
25941792
26111296
26214748
25953872
26095200
26270832
26261048
26148024
26214608
26218232
26114312
26296588
26089180
26105704
26169356
26396664
26186944
26382104
26326856
39286592
26198540
26249120
26234836
26111168
26117808
26041092
26131252
26121312
25934896
26222656
26197616
26019380
26068888
27670572
26179548
26195276
26121776
26191316
26171568
25980584
26175096
26238396
26233692
26172920
26249500
26048036
26305836
26168264
26235916
26146456
33263780
26303468
26145316
26160416
26192680
26132660
26072672
26105464
26014036
25988056
26049944
26012644
26012116
26128260
34045932
26280212
26106044
26218080
26018956
25953772
26066500
26108244
26038012
26157800
26121840
26061288
26138536
26088028
26070836
26202180
35662788
26005380
26093936
26130228
26010308
26033592
26046872
26143076
26216944
26075604
26020556
26174972
25950308
26165976
26100192
26001028
25988488
26057464
26074596
26068472
26077516
26145224
25959656
26072820
26339696
26014228
26026228
26322068
26028724
26197676
26025476
26101568
26044040
34507960
26171088
32439376
26353016
26172156
26345536
26105620
26123752
26228824
26073288
26080276
26181760
26067236
26018324
26187072
26102312
26346808
26174004
34727444
26190456
30326904
26122856
26046456
26052412
26192796
26173740
26130340
26058644
25995340
26249068
26146624
26048448
26236584
26042168
26206972
29217364
26154868
26038260
26007784
26151932
26041880
26429996
25968280
26142216
26161848
26272036
28229756
26238120
26272208
26628204
26200276
26108760
26223512
26099676
26338196
26142112
26028280
26065448
26076808
26391496
26213076
26222732
41917492
26128000
26140680
29228700
25934544
26080920
26445436
26029408
26117016
25998312
26043060
26171660
26090680
26069120
26039520
26094408
26249180
26130348
26252056
26135528
26046272
26053736
26208332
26049892
26257728
26108860
26142100
26252632
26119344
26279148
27483280
26119700
25994680
26101960
26182604
26196896
26115208
26215732
26221508
26012840
26233444
26084460
26188616
26155712
26084416
26022740
26053144
26357156
26199960
26102844
26142192
26540488
26039384
26357276
26120704
26139116
26290140
26060284
26172164
26286572
26280672
26455808
26156636
26092916
26723924
26426664
26272244
38293496
26347100
26258152
26322292
26456424
26107048
26113228
26078480
26094900
26220188
26291940
26259960
26145164
26360120
26348792
26564616
26207164
26837976
26243948
26559676
26207548
26209832
26329352
26193672
26331304
26161988
26211536
26241424
26116188
26565504
26420508
26424712
26056092
26091904
26026640
26319344
26150596
26198224
26034904
26154308
26195080
26125880
26125228
26253540
26121588
26191456
26112560
26238884
26139744
26144740
26250000
26307424
26212928
26209024
26187580
26234808
26420540
26359716
26050944
26200108
26267128
26069324
26235916
26210724
28934224
26069600
26018324
26182440
26131752
26358532
26004128
26137012
26346852
26104408
26034596
26349356
35063648
26215420
26181960
26053760
26108228
26511492
26072136
26181424
26204996
26095880
26188468
26133584
25973012
26280020
26054228
26095692
26173244
25964308
25972112
26227096
26072452
26074752
26040276
26139152
26431500
26055564
26123580
26311500
26182592
26064680
26107464
26102456
26075320
26330492
26206216
25972716
26013568
25999892
26422096
26039848
26120224
26003072
26132960
26141284
26184048
26173440
33640984
26287096
26174388
26170708
26224588
26284816
26117776
26090708
26120436
26211696
26477440
26043500
26261392
26168596
26090428
26305568
26019708
26220668
26177184
26048604
26250124
26290548
26082320
26140508
26208600
26277880
26105292
26124856
26011340
26113488
37133024
26219440
26259084
26394908
26175888
26129748
26088352
26133904
25978684
26272188
26301388
26116928
26385128
26276476
26046712
26047392
26200272
26388288
26192596
31448472
26068984
26673052
25961956
25994572
26249272
26356268
26184012
26076660
26284440
26094552
25904272
26285920
26256440
26302292
26116096
26216760
26113624
26177628
30633628
26105156
26228232
26306848
26198740
26170860
26153984
26160164
26222616
26130504
26023804
26470628
26309280
25920260
26224972
26345292
26019240
26295476
26257412
26273512
26111360
26213936
26228416
25998864
26111776
26320624
26231456
25999184
26111368
26047616
26021544
26076076
25970112
26106276
26337736
26199884
26019880
26464136
26101704
26698688
26188732
26048364
26106064
26258572
26050448
26077912
26034772
26842464
26104420
40409536
26216728
26009516
26039316
26093312
26231352
26389096
26106324
26068364
26118652
26226820
26224648
26067828
26061972
26089544
26021104
 
26119276
26081672
26015544
26145072
26225976
26026584
26183552
26279968
26081148
26031232
26057488
26198148
26141824
26065772
26047096
25942168
26110540
26208272
26046532
39294396
26244016
26295068
26056940
25875288
26223796
25886484
26104808
26108976
26092216
26052876
26056928
26002668
26308216
26015712
25919620
26017708
26215564
26002920
26104696
26013440
26037036
26148012
26182388
26150288
26029480
26050056
26084896
26300732
26080604
26140352
32033028
25999096
26127496
39312948
26039208
25989612
25991076
26023844
26051928
26061980
26379340
26056328
30950856
26105732
26134068
25979336
26254616
27027096
26058516
26431848
26004684
26145384
26089056
25982364
26095304
26153348
26051796
26083108
26265068
26026096
26059288
26166848
25973232
26031276
26174564
26239772
26149812
26168596
25978916
26301260
26110472
25991276
26116716
26121688
26297652
34013676
26247208
26094472
26047728
26711856
26266024
26173660
26293348
26087680
26141704
26126272
26138500
26171908
26239784
26039184
26629060
26182504
26667688
26093868
26158952
26149696
26067480
26497856
25944240
26135592
26034296
26174412
26098264
26088596
26167096
26097916
26123688
26042676
26265896
41491496
26062264
26035672
26154776
26090380
26241240
26296676
26423044
26144552
26408372
26051336
26102744
26086916
26215120
26565040
26180068
26290984
26072856
26191380
26287684
26284240
26139424
26026312
26234416
26018136
26258224
26339048
26142080
26397428
26288348
26016196
26159708
25984108
26071240
26074800
26033952
26052940
26141884
26066672
26291068
26068520
26082760
26204312
26138488
26109356
26180612
26150756
26134192
25997700
26087128
26273604
26284736
26023972
26173036
26139400
26345248
26048752
26000308
26164108
26175512
26219996
26043124
26115184
33633264
26216044
26185616
26058928
26255220
25883400
26187228
26090388
28081444
26176952
26338852
26157164
26184100
26079792
26624428
26001180
26097640
26091596
26186936
26120560
26324716
26179776
26174884
26181912
34469992
26169668
26141796
26358060
26243024
26302524
26064512
26147720
26189616
26130520
26338252
25958960
26053328
26315464
26025416
26217464
26155348
26290632
26682096
26501292
26111160
26050892
25938664
26253732
26216236
25970740
26138640
25994252
26177016
26274632
25957780
26255720
26126636
26857668
25908312
26168256
26063096
26168076
26146056
26060264
26138496
26100604
26095360
26250196
26092440
26136332
26256264
26114768
26035452
26060804
26065620
26100216
26099612
26194440
26061880
26242560
26077508
26375056
26247544
26121196
26128528
26057364
26119152
26150768
26181572
26205492
26005024
26058612
26319860
26174580
26081860
26064936
26041276
26190184
26231816
25957332
26243276
25953264
26035924
26209912
26233652
26154604
26395744
26127080
26017812
26549260
25970920
26079480
26042556
26251684
25955396
26035088
26090020
26003288
26144200
26106588
26037860
26217044
26063408
26210392
26197332
25981680
26082588
26019776
26085900
27505096
26024076
25978224
26469604
26038436
26226560
26044236
26016516
26192000
26079348
25952872
26031036
25983176
26006768
31422688
26034880
26319836
26015884
26068644
26299200
26109544
26072148
26030508
26089508
26190628
26096628
26280404
26116104
26115452
26155372
26054044
26348248
26067272
26008564
26076252
26032704
26028648
26115632
25992224
26075480
26299568
26007744
26209832
26147788
26118200
26083464
26131588
26206004
26195468
27134388
26063584
26241928
26083144
26142400
26062752
26001084
26003572
26026344
26012772
26068100
26108876
26030620
26615564
26287412
26064976
26099664
26086352
26188768
26108304
26042100
25965176
26062936
26246940
26055140
26413828
26054680
26121748
26198132
32736224
26050040
26091288
26028312
26166016
26187376
26005192
25982620
26216528
26023800
26080856
26178292
26073480
26324640
31433780
26270584
25964108
26065420
26332704
26220508
26023664
26084016
26238644
26186596
26266284
26152248
26020660
26256904
26243300
26203364
26307028
31198256
26115916
26250752
26142916
26159332
26093832
26060400
25972704
25983444
25971144
26272184
26160912
26104000
27158656
26030908
26168572
26230760
26144056
26161464
26083300
26212468
26220232
26116432
26392636
26184880
25929720
26028276
26104960
26259420
27529712
26219536
26348256
26171444
26615848
26083280
26107856
26038112
26061080
26103440
26025780
26044104
25999648
25997876
26280088
26131480
40652096
26119400
26088652
26301744
25981336
26001892
26228592
26268916
26062312
26128420
26130776
26233012
26097036
26222132
26315504
26139428
26048244
26171876
26714500
26390848
26016336
26109780
25972536
26284516
26195908
26111288
26074552
26212932
26131664
26097736
26167912
26104592
25990988
26109572
26119224
25956840
25986372
26209148
26223032
25983788
25952068
25997896
25956888
26125564
30980624
26177848
26354208
26121884
26400160
25994512
26110084
26004572
26110216
26215288
26378740
26315616
26029952
26038772
26121348
41270292
26029284
25961536
26039160
26043572
26121784
26265804
26189776
26054580
26159596
26119872
26163820
26111756
26218840
26320008
26047608
26026008
26133444
25996684
26147320
25967360
26105016
26068492
26216076
25999044
26142056
26344080
26028200
26015016
26139152
26020448
26037396
26214804
26200388
26400044
26122772
26159132
26086204
25947656
26194828
26073696
26107636
26068884
26295904
25956628
25978232
26016360
25938004
26025572
26066228
26007276
26006464
29152080
26093644
26090284
26077408
25909904
26028904
26184176
26046916
26072980
26657900
26097144
26218812
26127008
26023036
26338344
25945900
25995360
26195752
33816028
26199700
25931044
26086860
26071620
25986316
26009612
26001344
25959936
26047480
26622128
25884972
28318176
26085084
26251788
26105156
25956072
26078108
26406508
25985756
26101760
26130180
26021280
26257924
26067768
26238128
26099788
26308308
26006932
26121132
26039556
26098332
26287436
26100024
26063068
25974956
26009920
26283092
26070804
26100120
26347932
26105920
26056744
26198916
26015260
26048448
26507436
26241976
26140344
25980392
26032692
25916408
25928256
25996236
26034548
26132640
25997336
25982768
26226364
26049068
26182200
26088520
26155216
26034616
25894944
26175828
26056860
25924644
25939076
26204424
26279016
26393420
25986744
26254660
26135860
28282144
26120936
26038296
26030888
26055644
25942876
26350152
25979080
26148388
26191936
26120520
25922660
26077108
25996172
26145928
26133908
26282004
26205704
26138512
26025000
26245364
26100820
26002476
26129788
26043224
26089276
26106916
25864648
26129364
26087152
25916968
26165604
26154716
26006740
25997024
26072428
26156520
26337544
26039756
26022520
26194752
26020724
26117728
27961740
25985832
26030516
25967636
26037384
26138076
26075900
30105508
25998292
28463672
26168432
25992208
26147364
26010152
26220556
26224460
26056980
26025676
26324080
26130180
26229560
26146968
25862672
25979768
25992956
25926264
41900524
25982868
26174340
26161996
26099952
26050152
26028048
26004516
26222832
26050308
25878028
26048224
26027740
26136684
26007436
26022388
26023664
26185080
25967444
26260984
26514084
26016024
26033956
26126236
26156044
25985144
26249172
28254288
26150332
26022564
25889364
26001876
26173796
39650420
26031732
26007928
26255476
25991524
26064020
26141000
25960140
26007084
26059668
26171768
26256664
26088964
26221848
26251964
26357728
26161148
35630996
26088232
26028668
25992652
26385848
26206836
26102500
26220668
26019696
26091140
26362596
26085920
26233096
27186880
26049800
26191720
25949632
26158936
26167728
26014216
26031336
26077592
26323608
26006416
26093328
27112272
25950056
26063892
26132356
26104924
26007824
26280096
26008400
26216792
26053940
26056152
26331912
25956084
26016788
26088336
25931440
31777244
26126892
26257020
26206808
26340900
26060084
26110672
26151204
26092456
26086484
25971736
26105844
26022024
26195716
26098936
25978476
36297636
26188044
25951908
25956288
26126392
25948208
26181152
26163024
25988400
26053752
26168160
26069744
26227060
26044184
26019608
26308960
25961932
26162852
26047804
26199616
26110136
35858340
26140772
26034524
26139924
26149788
26025116
25953000
26074832
26132444
25887064
26208576
26058952
25992372
26078384
30374896
26164664
26138804
38734340
26065988
26296512
26128932
25983108
26286616
25943948
26251028
26082960
26287164
25964804
25978972
26053268
25966232
26085880
27998336
26128852
26048972
26053552
26190356
26253884
25958920
26070956
26002656
26049276
26137600
25940576
26038500
26185700
26003056
26175276
25911268
29744940
26116716
26182856
26115756
25941868
26063396
26071568
26036940
26040624
26198072
26167000
25996484
25874536
25953008
26055248
25910584
25932524
26192756
25986140
26020716
26039000
26006772
26042912
25972584
26057492
26065856
25997084
25990312
26060884
26174160
26388048
26161844
26157944
26128268
26109348
26114536
26395672
26054440
25910672
26023192
26190156
26171460
25994296
26194884
26114248
26241492
41746600
26201136
26373044
26025264
26213872
26202656
25971460
26274800
26082456
25975036
26243384
26112240
26004784
26263972
26234316
26677812
26119964
25938100
25990984
26160276
26134056
26003036
26080676
26206680
26125864
26128444
26007820
25865732
26026696
 
25965976
25873592
26049224
25978536
29127388
26041408
26154860
26262968
26007232
26309872
26127020
26009260
26049672
26110476
26010484
26156680
26090776
26046928
26131856
26142356
26090448
26025848
25870616
26118044
25998556
26047324
26051320
26052696
26155948
26061624
26122056
26044320
26114124
26381324
25961152
26347984
26126960
25981424
29859404
26106540
26075680
26053072
26132728
26224380
26131836
26159060
26349720
26013624
26161032
26174532
26202696
25973552
25901696
26215472
26162892
26220976
26142464
26189576
26104368
26194220
26020108
26009476
25978636
26186576
26072720
26098340
26141840
26071028
26194312
26177572
26040832
25951864
25959304
25960000
26102868
26154672
25930096
26092260
26154792
26023320
26154688
26980380
26099816
26157044
26445248
26136784
25973636
26085060
26190984
26157696
26005420
26048900
25969844
25987480
26221088
26018440
25892320
25976180
26273400
26117344
26029408
26082400
25928792
26107520
33747992
25980552
25995248
26141620
26012060
26119848
26005272
26134444
25987888
25987828
27800256
26092816
26009584
25926992
26055764
26054584
26141156
26092912
26086424
26215160
26028760
26136684
25886004
26116760
26097380
26243808
26004580
26057620
26084416
25866756
26135184
26158804
26040424
26326848
26024564
26065032
25884648
26122252
26230076
25913416
26066916
26138672
26032744
26034312
26110940
26103628
26131528
26106068
25905596
26004684
26107240
25943440
25961712
25997104
26044592
25894180
26247072
26146088
25984760
26221860
25912024
26332472
30524136
26071788
26173204
26098880
25951380
26131052
26049952
26119516
25912496
26047476
25910704
25948636
26048336
26095044
25951736
26102448
26027592
25959668
26118176
25962384
26154424
26147424
26004256
26058476
26126488
26227500
26070692
26147200
26018740
26128348
26082992
26136028
26037624
26119272
26105712
25992312
25978332
26058072
26069348
26087684
26127980
26036988
26132948
25936352
25988660
25981856
26118292
26155740
25945316
26055168
26168452
26339784
26222924
26193140
26027208
26306144
26177704
26121216
25950476
26192108
26109480
25996368
26058344
26097816
26158228
25950340
26010700
25955728
26294884
26119068
26468516
25924620
25969068
26135716
26056196
26030236
25961848
26037488
26102416
25966960
26008804
26024720
26199404
26043156
25980468
25965684
25967744
25957240
26043580
25957472
26030992
36764008
26116096
26078808
26049860
26015904
25996972
26158148
26067200
33495316
25955852
26092752
26000480
26254996
25934772
25930184
26081744
25965116
26163280
25954628
26092500
26200900
26157156
26118620
26011404
26266068
25966080
26254504
25928620
25842024
26068724
25950276
25981544
25989188
26093264
26100700
26248036
26269708
25978752
25972780
27127992
26226856
26046752
26181664
26059168
26125740
25980864
26020408
26145876
25991980
26225848
30385936
26157792
26102404
25928812
25970244
26150496
26169964
26013924
26216668
26139068
26285588
25971524
26082264
26456852
25937944
26035280
25983432
26090956
26130136
26263772
26077260
26140584
26052424
26071428
26180100
26076356
26534712
26160512
26047132
26245784
26186296
26117384
26150812
26201332
26162808
25979472
26583684
26104820
26008368
26165300
26076980
26063348
25916024
25960532
26020300
26379016
26030404
25846800
26054364
26369432
25946864
25943856
26191108
37033896
26259152
26064712
26194180
26090068
26100656
25970892
25971356
25894200
25962152
40081272
25937840
26143200
25978576
25907392
26023908
25939956
26212544
26045652
26053368
26127668
25941168
26041192
26087784
26216920
28675472
26188684
26190808
25985492
25936808
26321184
26205520
26115720
26057912
25990536
25919092
26054016
26111344
25962180
25906396
26034900
26193620
25883416
26039088
25879244
26226680
26126176
26114380
26047016
26205268
26364784
26051492
26384148
26069288
25993372
26093624
25998428
25981300
26051392
26119316
26125084
26230748
26124900
26242196
26180016
26047304
26207216
26029940
25965832
25972408
26048568
25857000
26069380
26215996
25990208
26028688
26333060
26026592
26009736
25984604
26162716
26124596
26158944
25940616
26017436
40224540
26087460
26295640
26107500
25978588
26041136
26076236
26025336
26055216
26025604
26201624
25916260
26057672
26094244
25962332
26832268
26299860
26366888
26119876
26272396
26141016
26042164
26072064
25953064
26166672
26019500
25903816
25903884
26153548
25916948
26148256
25956944
25993440
26242144
26200704
26232512
26017560
26063052
26157816
26003284
26139552
26115964
25933804
26020964
26309392
29993372
26190456
25948116
26120420
26307540
26076840
26041420
25988920
26105416
25970928
26075768
26179280
26047732
25968200
26211716
25964872
25972156
26079508
25784588
26217180
25963792
25997812
26005424
26079876
26013024
26061484
26253740
25992136
26147144
25964400
26062140
26125820
26121748
25997108
26081044
25997480
26938560
26111736
26017764
25928432
26153660
26003584
25929520
26080792
26141532
26078140
26003808
26077856
25947788
30067440
26044068
26187288
26073440
26146888
26374092
26270696
25974672
26090344
26107312
26004260
26177528
25997248
25939848
26057280
25895880
26108124
26114148
26478896
26089344
26208524
25979460
26071332
25930788
26159224
25944324
26021588
25977956
26078988
26070268
25951376
26055576
25986520
26290716
25996636
26283932
25957212
25902416
26066864
25963900
25953848
25908664
26030256
26046440
26058072
26120824
25936508
26080564
25988780
26126492
25983628
26120960
26007664
26006724
41405556
25917552
26025892
26058828
26085396
26030524
26217932
26010904
25926236
26376964
26059924
25970392
25943284
26015832
25972112
25910124
25988984
26160956
26319460
26131964
26180956
26033484
26117944
26506716
26169128
25945644
26012760
25985188
26081144
26105984
26048400
26104328
26201408
26240380
26320552
25944380
26054972
26134532
25898880
26030384
25934812
26074268
26245732
30052596
26326972
26167272
26192500
25857980
25924616
26071204
26020188
26059252
25933548
26007892
25983428
25996044
26109144
25928296
26018696
26015856
25940932
25973284
25908196
26089912
25858028
26170656
37638732
26114484
26243500
25963492
26203328
26253396
26066944
25963556
25874020
25941188
25901776
25923132
26045872
25996484
26095608
26068808
25995184
43326008
26103788
26099500
26072216
26328892
26035028
25982748
25989324
25928392
25942308
26070760
26155244
25917988
26077020
26158848
25993220
25996936
26126308
26191016
26114804
25982532
29296984
25938564
26027940
25981528
26003968
26064408
27057608
25940816
26000404
26035872
25970316
25947384
25949624
26045820
26054420
26021864
26183812
26147960
26026712
26306908
25962788
26026420
36145792
25929936
26163856
26063540
26183776
26056444
26268936
31280420
26067812
28152376
26122812
26045780
26028376
26218252
26057816
26018960
25997044
26060916
34072632
26100476
26311684
26110268
25996380
26248736
25993908
26231644
28031328
26114980
25908348
26113192
25896128
26129452
26198192
25970588
25991044
26248220
26171300
26155524
26045016
25927212
26003388
26117020
26062464
26029468
25976228
25988616
25907048
26036012
25908500
25995352
25985868
26165204
26077004
26019756
26012824
26169168
25978300
25949244
26092544
25985084
26322220
26132964
26265584
26085836
25897232
26189712
25919816
25863284
25896220
26157492
26106728
26026500
25940124
26127904
26055840
26071892
26087240
26236820
26052884
26411568
26091076
26278004
26042176
31493892
26296284
26155556
26037008
25924312
25881120
25971372
25981864
26109076
25964044
26035688
26039896
26253400
31206736
25946540
26053780
26130072
26054776
25935948
26193752
26090848
26140188
25961980
25966296
26201568
25917060
25932116
25925400
33150328
25948860
25873812
25972928
26026772
26260908
26025892
26101312
26026888
26089896
26326892
26095716
26130276
25899716
26138876
25988956
26092612
26690548
25994744
26059240
26180992
25980360
26127540
25887484
25945444
26080844
25969192
25958176
26146640
26037644
26031584
33690332
25977288
26490404
26112096
25904052
26089440
26168772
26129152
25904216
26261932
26108744
25941636
26238336
26043072
25944140
26043664
26147196
26257640
26478476
25882652
26373108
26166332
26203660
26059704
26008448
26119204
26077444
25949784
26195160
25850736
26072596
26326172
26263420
26037624
26334024
25982652
26056700
26107428
25997848
26097900
26136712
26107948
26335184
26133564
26065108
26228448
26280104
26303316
26002404
26157316
26226228
26096080
25970276
26030316
26189920
26193520
25964512
26106400
26455396
41352088
26043372
26204260
26101036
25958292
26307852
26010224
26115012
26085696
25944872
26324432
26159400
25946972
25979428
25913732
26138152
26184208
26220576
25932828
26229268
26213016
25989444
25968668
26320468
25936992
26089004
26097108
25952756
26019464
25982168
26030328
25910356
26294776
25983704
26132880
25842112
26076720
25996368
26033860
26086352
25961996
25962020
26234028
26044940
25957620
26159504
25962484
26036908
26133272
26342020
26058000
25979844
25996876
26213284
25960128
25912532
26089136
25998072
26004960
25846780
25880312
26085548
26258804
26260752
31920908
26005244
26080700
26113596
25921844
25966024
25988260
26073740
26304676
26054332
25947740
26089464
26031036
26063232
26154900
27320828
 
