Procesando...
  Filtro             : sierpinski
  Implementación     : ASM
  Archivo de entrada : lena.256x256.bmp
990184
1003464
1005956
1030580
980928
1002512
987500
983572
984112
1045484
982644
995408
1342376
1210460
1003556
991156
983092
982872
982640
981208
1028460
980720
981092
1009764
1014928
983588
1054328
980824
979444
1034172
980288
984000
979908
981608
980732
983772
1026144
981392
979952
981544
1028512
982124
980316
981884
1015232
1026772
992804
993464
982440
982368
981268
982152
982160
982172
1100136
986652
984500
985032
982676
984756
984132
983996
982708
1026260
1005464
1008640
978836
1007540
988476
999744
984268
998220
984780
985436
986564
984492
1001476
984372
989524
986816
985808
982756
988224
985940
1000580
1026816
997328
1005560
1002828
986920
987928
982436
986712
986500
984752
984080
984488
988036
1001164
985280
986072
987968
983868
1004372
987576
984228
1009712
983132
995972
996424
988704
986316
985320
1000056
983536
983812
998728
1026380
983892
983444
983244
984128
983936
985524
1087712
983756
1001904
1011260
986456
1013568
989448
985340
982240
985704
999580
984836
984076
1002704
1032636
984480
983000
981792
984092
984400
984088
984328
984096
1002496
1001676
986608
1009352
1046224
979784
981156
982924
983672
980616
981456
1018924
999172
982644
983564
982044
984472
981652
983052
982816
1032120
1005556
995760
1009016
997548
983180
980652
983156
982884
983964
981640
983492
981564
980660
982244
1031680
982096
984724
990208
983864
997776
982336
1025356
983888
1003956
996144
987272
984028
982568
983504
983520
990024
1005036
985892
983828
998168
982736
983512
983056
998836
983636
984528
1020936
1037492
983216
1008916
985316
983408
983128
983356
998364
983404
985536
998488
980700
983808
998204
983220
983804
998184
982868
997916
982240
1002852
1020968
989024
1004268
982812
1031844
983560
981900
981476
983596
981664
983860
1027248
982508
983544
983364
982436
982752
983392
983220
984208
1070960
984100
1001252
1003388
986220
984088
983668
983456
988244
984148
999260
982676
1030832
982724
983876
983792
989232
983412
982988
984556
993424
1029396
984316
1005568
1003584
982180
983796
983176
983828
1029296
998140
998024
998324
983276
1003284
1009552
989892
987672
981364
985540
984656
1050772
1031736
1000588
998508
987148
988868
982812
984276
987416
982720
999248
982516
983012
982740
983436
1667008
1593052
1624064
1593148
1594500
1615000
1673288
1624524
1117852
1490752
1085460
1037380
1010400
1029664
982268
981648
982288
981792
980912
982668
1012940
1244280
1423164
1496784
1052440
1103992
1061768
1004364
1115972
1022464
991836
983392
983964
982320
982256
1056444
982760
996104
988860
1010524
994208
1081872
1002808
982268
982260
981860
998376
1062016
988920
1001300
1003944
983912
984072
1070824
999580
983172
983536
982184
982500
1022812
985500
983576
983484
983184
983708
981788
1023460
1018324
1064496
1125292
1014584
1038908
999280
983136
982588
983092
984380
984080
984192
983440
983704
999900
983920
999532
984188
983892
984100
984172
1009000
994264
1008760
1011480
990856
985092
986352
984944
986656
1031544
985740
1061220
984684
984428
984488
983732
1031196
985484
984352
1031936
984400
1037312
983424
1003324
1080644
986456
1003876
1028500
985192
983472
998708
984060
984480
983936
983756
983832
1016272
984872
984192
982328
985228
1046168
1014788
987104
1030904
988600
986024
1004524
984636
1025612
985536
984732
985076
984976
985688
984968
999844
985952
983352
985328
984504
984660
1011668
1011424
992412
1009292
987624
984080
982392
985364
1015804
985308
984032
1032840
984812
984056
983092
983232
982524
982292
985284
986284
985364
1014408
1029764
1008924
1041088
985768
983000
985348
1283540
1072228
985324
1044796
983648
982588
1000032
983968
1002488
984188
984004
985236
985024
1033168
1019288
982168
996340
989268
985212
984324
1024224
984816
984764
984144
984152
1002676
985612
987348
999704
984716
999316
983932
984792
984104
1018576
1007768
986880
1005668
1002592
985224
983380
986260
1076092
984804
986180
984756
998892
1033040
984860
983796
983040
983020
984180
1011208
983064
1023712
985072
1016360
1012632
1061092
985348
983808
983460
984444
1032104
1026792
1002488
1599872
1014916
1048748
995408
994156
983524
983432
1000348
1034016
1030720
1006492
1006568
1057736
981264
982444
981212
983404
982388
985964
1022260
983656
1285396
1038260
987068
984028
984248
1037420
996020
1022312
1025180
986380
1031380
986596
985200
983784
984092
984224
984720
1063192
983068
985020
985516
983932
984396
981348
984948
983696
1020916
1619744
1017076
1037768
1006924
1016152
990388
988900
986932
985132
1007580
985004
984756
984680
985088
984076
983952
1012440
985840
984404
1017264
984680
985120
1028060
989180
1023060
1025104
990260
988296
1000008
986416
984680
983952
984792
984784
983724
1000864
1004064
999528
1002544
986916
983724
999908
1020792
1014876
979552
1016700
989512
982888
985408
985684
986800
988728
1001836
999688
1030780
988720
986452
984356
983924
984740
983776
987056
986820
1017696
1014676
1033816
1008708
1006112
983388
986380
984252
985332
984156
984276
984364
1003080
982040
983572
983652
982968
983224
987616
983972
987264
1009980
1008236
998804
1018928
1047632
984836
984140
983112
983664
984364
983364
1034172
986788
990200
1025176
985244
984028
986368
1018280
985172
984568
1039128
996568
1028216
1010508
1036196
983708
984120
981620
982160
983264
984652
1033996
985900
985188
984904
982908
984332
983720
1025744
998632
991984
1035580
1008216
1003228
987152
983652
983420
984132
1027988
996184
983804
983420
984564
984924
983432
981804
984012
983336
984240
986468
983684
1028880
1040796
987556
1002952
987608
1004516
981392
1022036
983960
983560
984012
983592
984384
983660
983592
983660
983012
983156
983776
983244
1025132
1020008
1010380
1005876
1007676
996500
996400
1034404
998768
984556
982172
982044
982576
982228
981232
986076
982960
984252
985500
984244
983208
1035164
1033172
985108
1015288
986072
1022264
982256
982056
981580
984692
999100
984024
983816
983420
983944
996140
981500
981584
1036488
983488
981324
1027824
1005536
1023344
993740
1036860
983396
984244
984216
984560
985128
1898816
1005408
1002820
1021672
988680
983332
985616
984272
997096
999856
1021072
1028968
983312
1007136
984996
983736
982500
982616
998728
1668996
1025664
1003752
982208
982408
988944
987280
983736
985448
1012112
981764
1001200
1019300
990776
1007828
1002132
983720
985512
985544
984532
983496
984136
983604
999716
983872
1650108
1594000
1010868
999980
1042372
1099956
984368
994724
1022848
995908
1003500
984556
998968
984428
1005132
984056
1004340
984900
983112
984148
1071044
984300
981968
984656
982632
982608
983000
982796
1032652
1019120
982208
1014920
1050384
984948
984196
983216
983972
1100196
997728
983948
1047004
983308
983932
984392
999996
1076092
982424
985272
983428
1005520
998664
1005560
1014276
983776
983168
984828
998692
982384
998808
984124
984236
984272
1041088
984408
983100
983420
982604
984192
1000052
1101092
1022292
983028
996940
1005760
1000444
1033132
982924
981864
981980
984608
998920
984352
983684
989232
984136
982812
983412
983656
983164
983820
998896
1022908
999740
1100464
987768
992520
985744
983460
983556
984000
985600
984804
984708
984784
984268
984240
985448
985820
983500
1045616
986120
1006660
1013616
987536
1015912
983016
985592
984644
983800
985940
984488
1117436
984252
986268
999580
984748
983816
985760
982672
984904
982716
1042260
1016752
984352
1002516
1028012
985464
983304
 
1092840
984268
982464
985276
984276
984172
983080
984992
1054632
999752
1048052
984280
985000
984108
991144
1011288
1127668
1079512
984276
983356
983416
983072
982280
1086320
997728
984520
984104
1031404
982600
998484
983976
999772
984340
986136
982952
1013108
1012420
984848
1018784
984380
1101016
983448
983732
983160
983148
982928
982912
1047404
985524
984224
984424
983120
983652
984468
985196
983800
1009792
998124
1006120
1018996
984796
1667040
1653072
1642540
1636892
1635384
988432
1042580
982964
983296
983064
982576
982268
1048448
982460
983256
1022348
1073140
985784
1055012
987544
982452
983012
985760
983832
982640
983340
1000048
985208
1003264
983464
983108
982440
1025656
983000
999724
987100
1021844
985644
1061088
1011956
986020
1001032
985888
983048
1685480
1115944
1540916
991980
984436
998500
995732
983592
985076
996252
985784
983124
1035332
994736
1008848
1007296
1050784
984724
982680
1038608
983116
983268
988820
983428
1001048
984576
983984
982740
983096
1040192
1002764
985844
984924
1025600
984844
1016652
1018460
1085712
1115696
1004496
1071988
1631120
1000664
984112
983660
988088
984932
986136
985772
985308
984936
985320
984996
1025288
1023736
1043408
1015676
989184
1045648
984420
986084
984340
985628
985444
985528
982528
985276
983912
984264
984768
984788
984672
1021764
984672
1006384
1013880
987148
1010980
1048424
989348
984460
1001000
985324
984824
985036
984812
1048948
985192
983412
984016
985588
983564
986296
984264
985724
1016588
984880
1008336
1011380
1061472
1052956
990596
986132
984908
988684
1044440
1002996
1003076
985188
985356
984500
983308
1052368
1008384
984244
992008
1032264
984404
1022720
1005336
988552
985184
985612
1045020
984948
984636
983868
983392
999484
1031796
984776
984224
984332
985364
984776
985680
1014428
1009376
982404
1005464
1003400
1051148
984128
984044
982800
1203952
993836
985812
1000584
985968
985576
987936
985704
985648
986496
985900
984760
1017764
1003452
998744
1012968
988420
989372
986868
987088
1009892
983844
984132
984648
988188
1006704
983248
1034640
999912
984984
984204
1006592
983184
1023928
983916
1020548
1005844
1003012
987828
990332
983812
1001468
995544
984916
985372
985460
986344
985804
983336
982876
982868
983328
1000728
1027848
983300
1012216
985208
985932
985028
983592
982720
983404
982624
983088
1043568
1004396
982860
983488
1027556
981820
1000300
986284
1025420
1013136
1012404
982708
1014076
983256
982980
982668
981940
983152
985180
983112
983292
983656
982748
985612
983048
984264
982944
983272
984064
983120
1005536
998684
998368
1009140
983396
982920
982300
1038828
983644
986512
984780
984564
982180
1000108
984476
984120
1000064
982988
983124
982996
982712
1013312
983248
996632
1025840
984496
984304
985272
985056
984528
984204
981612
983664
988376
985364
999416
1052172
985080
984424
984484
983388
1001880
1014516
997072
1015840
985684
985484
985352
984800
1124816
1045616
985800
983724
987244
985088
985476
984468
984884
984848
985700
985684
1048868
1022120
1012436
990080
1015828
983836
982952
986356
983232
1004412
998056
984476
984812
983960
985200
984948
984088
989532
985360
984636
985452
984812
1021628
982996
1063740
1028652
985424
983984
985196
1053948
983792
982864
983572
984680
983784
982560
983300
983028
983136
982576
983288
982776
989060
1011848
981716
1004140
1011348
983332
983040
998524
985808
984844
984748
984916
984940
1051644
987012
1039024
983916
983316
982620
983184
1042676
1018524
1018996
983112
1083228
988572
982552
1049220
984008
983484
982820
983300
982944
981948
983676
982924
983068
982360
982828
982604
982368
1081800
1008908
991444
1009596
1075336
987604
985996
983056
985504
984864
984300
1043324
985116
985020
984244
986872
985988
984400
1000204
985652
984104
1013828
1072368
1052236
1079124
995772
984732
987068
984400
1145452
983892
983944
999628
984972
984644
983100
983408
983244
984116
999376
983596
985320
1021224
981560
1005252
1006720
1143516
983764
983436
982968
988028
983696
1049316
983200
1112872
984272
983132
982628
982636
982688
1012836
985620
1009584
1015912
1021460
1021164
986388
984812
985124
981532
983152
982052
1024172
982452
1004960
982880
983832
981856
982692
982476
982440
983352
983316
1014588
996280
1066988
1010356
985668
986176
989300
983012
987420
986024
987540
985340
1006120
985064
1007144
1000556
986100
984900
986396
985272
987380
1028384
983912
1003280
999184
989316
1036128
986724
986372
986404
1666440
1592296
1661388
1591064
1595532
1594552
1598868
1592484
1592076
1612556
998616
1061772
1019884
989116
1011852
988976
1003312
985072
1003108
1024612
985908
987288
985744
1001440
984464
999100
997492
985428
985988
985044
984924
984472
1035496
1050108
1010352
1006212
990416
984928
1000392
984252
985412
985508
986476
1038140
983236
982932
989932
983876
986188
1000872
985568
1023184
985340
1017988
984252
1020360
998380
987064
988028
988468
986008
986696
985464
983212
985236
986444
984724
1001660
984300
984732
988048
987592
982908
1005280
1015912
981512
1015320
987508
985796
988632
984304
985344
985888
1048560
983908
985896
987332
984468
984936
982812
1041800
983308
983912
986444
1052488
1012576
983968
1010828
982232
989476
987284
985740
982908
1027176
983588
988116
986928
988600
1039376
984124
982136
984388
982436
983328
1022716
1006212
980580
998656
1010720
986652
1035252
983360
985888
985488
986772
984000
983344
1025176
983852
982280
986388
988760
985964
983428
985672
989180
1014140
984568
1004972
990676
1044168
982540
985116
985644
983540
984204
984396
984912
983176
982716
987100
1004652
984044
1032288
989028
984648
1021640
1029704
980644
1010100
988832
992660
1001448
984716
984648
1000944
985212
1008976
1047256
985864
984244
985132
984720
985812
984244
1030776
983912
1009232
980552
1024400
1002596
983860
1033448
1000000
984056
984328
982268
982876
982504
1022040
982500
982624
982564
982860
986180
999500
984404
984564
1048296
1015148
1006392
1617288
1012192
985688
983760
984688
982728
983672
1049204
983120
982992
983004
985008
983480
984296
985136
999652
999080
1071520
987472
1011240
1004988
985812
986048
1014056
992296
990148
985008
985748
986568
986740
985176
984412
985516
985692
999540
984832
985444
1018128
1020840
979092
1012244
983020
982620
982704
985900
985532
985348
1144944
1636176
1601104
1609192
1023240
1039156
993016
986756
1039476
985712
1029664
1055124
992380
1007484
1014524
985788
986040
984492
985412
984312
984632
983548
985976
984248
985140
984756
998188
985020
984844
985012
985312
999688
1028916
1010172
1362368
1298936
1090392
1034872
1029200
985496
984420
984700
983868
985584
984660
985352
997424
985148
984284
985872
985128
1002448
1041052
1040452
987224
1027396
993536
985164
985616
984452
984468
984440
986116
983100
983812
982784
982356
982736
1028868
982588
982804
984708
985208
1012364
987772
1008268
1007292
985880
984100
1042888
1027116
983824
981884
984180
1027500
987172
982920
983948
1029532
986880
983308
983984
983344
983376
1015344
981288
1017800
995748
986748
983408
1006048
983064
1028076
986224
1438096
989152
1292000
985532
1045076
985476
982820
1030708
1027772
986008
1015128
1034144
1011900
1034820
989152
985776
998896
1028636
985436
986236
984420
985124
984012
1029980
1000228
1002136
984356
984976
984652
985136
984936
1059436
1018508
991064
1058200
989260
1000448
983608
984728
984656
983212
1028664
985168
984984
984428
984092
984364
 
984344
1026560
982088
1001752
998532
1017024
983612
1004228
1018948
1004304
1000160
984408
1021168
987956
984448
983940
983040
983404
999992
983564
1034780
984600
984944
984496
983436
1010792
1009384
986564
1000168
986268
982980
982104
982568
1013168
984496
986980
982700
1022248
985208
984312
984392
983768
984160
984772
985920
983396
1020352
996948
1005688
1005788
988668
984200
984068
982436
982800
984904
985156
1034884
998456
983988
983772
984032
984116
1031572
997256
986076
993888
1032900
1038644
1001288
984972
985160
983536
983940
984224
985068
985680
984664
984512
984968
984460
984500
1002576
985172
985120
984288
1085876
1684284
1556920
1024264
1010260
992396
982820
982276
979888
981408
979548
983972
997484
1008316
997540
1012344
982396
1011996
981984
1006384
984836
984064
1026972
1576404
1608276
1736920
1588388
1658020
1608996
1038380
982048
984516
982884
984892
982544
985360
982684
984524
983000
984232
1046572
984652
1013844
1000784
1020676
1024612
985356
985548
984428
984572
985300
984856
985272
1011164
1002580
983344
981844
981672
1017600
982316
982136
982148
985124
1027768
983808
1007512
992488
984824
983180
983620
999464
986772
981628
984128
1047564
998240
983900
1048896
998620
982356
999576
983824
999300
1037112
1012840
986452
1019796
987088
984360
981964
987060
982832
1052440
984368
984288
984012
984988
981840
981976
981456
985556
981884
984196
983736
1006440
996396
1019772
1009724
987040
985856
1005088
982780
984172
981924
984544
982468
984836
986480
984460
984152
984812
983940
983612
984648
982984
1076944
981824
1002736
1016212
987252
983252
1003328
983700
982624
982900
983704
982372
984940
981812
999152
983840
983780
982172
998148
1036164
999908
1007460
993024
1010652
986376
986264
1027768
982916
983232
983872
984844
983520
987452
984724
984408
986112
985228
985020
1052052
984660
983296
1410448
1014188
1130408
1018212
989108
989648
984136
987208
985096
1049996
996812
985572
983488
982644
1049924
1000200
982608
998484
1040508
984952
984728
1013124
1047632
1010684
1014100
1003112
988104
983976
985428
984068
982180
984604
984044
1049020
987076
984268
1000340
984436
983660
982836
982912
986692
1014016
981320
1020248
997896
984812
982900
984404
983832
1047660
988824
987072
984332
985940
996764
981912
987520
987116
985240
987372
987224
1017004
1017024
989344
1014336
990684
983848
983196
999844
985928
1660824
1022080
1675540
1661796
1758912
1711212
986028
1039448
1001104
984440
1003896
997540
1023696
982488
1003600
986216
1006968
1000840
985108
984992
985316
986272
986348
1082648
1032348
985908
984876
984616
984460
985816
983364
987704
1018060
1160568
1046844
1370548
1633404
1680320
1606920
982304
984020
983188
997984
996952
984020
982312
998584
983228
1030180
981476
982828
981552
982156
1011956
1127724
1005192
1017760
999704
1008196
984388
984500
985144
984756
1609320
1326628
1651336
1613832
1024696
1653056
991232
984948
983284
984608
1011920
1014084
984576
1020200
990540
1027828
983888
983988
984432
1020524
987864
1045388
983832
983124
983196
984080
983028
983824
982088
981836
1025052
1020992
1010424
983568
1012680
985528
982768
984816
984216
982340
981736
982224
981276
1000288
1046296
984820
984104
983836
985432
983808
983820
985764
1057128
1015160
1010412
1014724
988656
983936
983972
983836
986984
998596
984204
999728
983036
981604
984368
983028
984004
983644
983536
983152
1018204
1034512
986932
990876
1010176
983820
983544
982856
1000212
984492
982728
1000120
985972
983592
983308
982580
1018536
982872
1013668
984428
984872
1009472
1021820
990508
1009832
990216
1036596
984720
984976
985124
984296
985056
985948
987816
986476
985236
986036
989320
986252
1000684
1026840
1000696
1012808
1017752
984648
1041656
987264
986372
999400
984200
1034820
985724
1032636
985452
1004080
983008
982292
983768
1001540
1024692
984348
984740
999228
1018016
996428
1053008
1071836
1009624
1282328
1615616
1621788
1598928
1006348
1002116
990660
1073032
997304
989784
982144
983836
982292
982444
1031124
1011076
993096
1000352
1010068
986280
983684
983404
983472
981912
983000
982460
983660
982456
982956
982464
983040
983388
1096756
982200
1048140
982704
1012164
979056
992920
1002192
1058364
983528
981956
983580
982764
983364
983660
985268
1048780
983508
982020
998428
982560
983532
1047004
1024476
993592
1014312
982420
1021792
988904
1000292
983996
1060040
984068
984392
983848
984000
1618108
1663328
1655452
1602972
1563416
1006356
1000232
1054208
984804
1024972
982224
999560
1042392
988648
983296
983008
986028
985872
984416
982944
992328
984228
983868
984040
983876
983968
1599476
1595460
1596724
1602568
1615484
1586232
1670232
1007292
984384
984144
986056
997828
985492
984408
985608
999736
984864
984208
1052516
983600
985436
985252
985144
982896
1012192
1073484
981932
1017180
984260
986788
987724
985164
985672
985504
984984
986320
1033316
986728
985896
985920
985328
988404
985344
985676
985716
1007980
986808
1008360
1015236
999628
986252
984396
986488
984536
985420
984512
988156
984208
986952
1005544
984984
999760
985744
984936
986804
999864
1020276
983384
1000932
994560
984200
985108
984972
984896
985096
984276
985268
984252
998052
984500
985208
1031520
985348
984172
984872
982344
1015864
1013072
1004972
1005860
986040
983676
982924
982976
982716
982972
1047096
983392
986460
984500
999972
985444
984360
985004
983920
984572
1029216
1010792
992660
1004644
1006060
986312
983656
982536
985040
985372
984720
984348
985144
1005696
1020440
984040
1006968
985880
984496
982012
984992
1000312
1018288
983780
1010232
1005208
990264
987412
984528
982888
985128
984764
1005652
984044
984776
982776
984344
999092
1042728
983836
1019084
982932
1004964
1015556
999212
1016636
988788
989780
1005756
984504
982528
983004
983072
985144
983952
985736
983824
984664
986316
987992
983028
987576
983400
1050452
1008248
986936
1011276
987548
988404
984048
1023204
982156
985892
986892
983268
982740
983108
983552
990816
984100
997708
999948
1034816
1004200
1016480
982396
1025192
1050380
987836
985296
984632
987220
998048
988628
984876
1027848
1181088
985112
983292
983144
983516
982744
1024008
983416
1015296
1003404
979624
1010040
1570580
1606772
1615896
1256572
999112
1002248
1005084
988124
982540
985304
983256
983820
985220
983776
984280
986888
991700
1063200
1000928
1006136
990320
988524
983296
983380
986144
984836
984784
984612
986832
987384
1008360
986792
982832
1025000
985220
983232
982472
1082244
1012184
979664
1003176
1009596
986840
983760
1048648
986748
1030040
983356
982640
984100
998228
985744
984644
1005700
1000700
1001000
984876
1082936
1028872
983864
1003836
1005732
984820
983628
984460
983936
996580
983896
984752
983300
983752
984652
984812
983508
1006652
999788
984240
984612
1004952
1015832
979028
1022872
984756
983228
1005476
982332
1032328
984064
984620
983300
985580
985692
984324
982920
984608
982396
985848
1028484
985468
1012648
1008584
985392
1007412
986468
986096
984616
985124
984700
985012
984716
984600
983360
985812
986344
984012
984736
982728
983728
1000576
985776
1006528
1044188
1009400
1012804
1042596
1005356
983800
985440
986128
984192
984504
983928
983788
1027688
983272
984012
983492
983212
985128
982732
983616
1006992
983164
1136420
1012148
984384
983400
985020
984032
983860
983288
984568
983412
985140
984372
984024
986100
983792
984108
984184
1096720
995752
1011052
986020
1010536
985716
 
994228
985872
1050008
983984
982204
983256
982712
1005268
983928
985084
984476
984784
984948
983456
983240
983692
1005468
1057396
984388
1010324
983188
983572
982704
1028320
982980
982824
982440
1001056
984300
985116
1032672
984888
983352
984064
983252
1002952
982700
1046868
982264
1005976
1011576
987304
983764
983092
1023720
999000
986052
984132
984964
999980
984620
1031380
1042864
982744
1004488
983600
985996
995824
1012076
981204
1005720
1044228
984540
985768
983268
983988
984680
984292
1032044
985388
1008780
1002252
986196
985224
983968
999944
982628
983436
1014616
1062468
982412
1020632
1038544
986080
983484
1000244
984748
985340
984964
1032312
999536
1012104
983448
983084
983680
1027504
983380
982876
982972
1016864
979912
1009196
996196
1035492
984904
983760
983324
983036
986028
985336
986148
985308
985568
984668
985828
1081028
986992
985480
986268
1017764
1015280
983864
1069224
983824
986516
1029412
984720
985416
984132
985232
983772
983112
985252
985884
1040744
986724
985196
985500
985900
985784
1023892
1020284
1049716
1016600
986612
985820
983832
987148
984528
1023060
1563748
1005096
984952
985508
1026108
997664
1037420
984920
986072
984616
1016176
1031268
984012
1015676
1028432
985612
984260
984096
982848
988508
984516
984928
983420
985280
984164
984568
983780
985408
982988
1025028
999216
1011916
1003036
990412
1009408
987404
985588
985228
985660
986860
1009092
984712
985332
984700
985836
984540
1004164
993920
986040
999944
985376
985188
1016284
983600
1004856
1006712
987032
982948
985096
983520
982532
987268
1000604
983988
987596
1034436
984656
984756
989932
987452
984804
985016
1000444
1009652
1072732
1019396
988512
985576
987460
987600
998256
1003120
984516
998348
984224
1001452
984824
985036
984300
984796
983824
984988
983776
1004348
1002532
1005248
1015664
984664
984628
984092
984944
999844
984284
983068
983940
1002312
984144
983952
984812
984192
984160
983804
985796
983964
1008508
980028
1000016
1011312
986064
985696
981692
990572
983992
985252
984340
1036240
985008
1031292
984264
1028480
982648
986156
984720
985448
997472
1008292
984688
1016652
994832
988500
988144
1000092
988564
983024
1000168
1039568
984240
984468
984308
985632
983884
982820
982700
983400
982756
1020672
983572
1159548
993392
983652
983412
983896
985748
985448
986668
1043516
1670664
1619804
1659240
1641412
1674044
1622276
1032148
992028
1001024
1010876
1046036
985720
1018264
987596
984256
1096760
984392
985612
985244
986828
987280
985656
1000888
985720
1000008
1037508
1000712
1024556
987016
985484
1016900
1024464
991444
1011384
1000308
1000304
1008320
985108
998944
984816
992248
985480
1015028
984792
1001116
1004044
985032
1050604
984468
982868
983668
1010928
983032
1004792
1008092
985136
983056
982696
982192
982184
982152
982568
982560
1026524
1029248
983004
982248
982628
982280
985916
999228
1641988
1649748
1417156
1757860
1630528
1600060
1841504
997580
1015260
1004564
987524
982384
1055988
980780
996192
980792
983228
981072
984392
997864
984500
1037752
999128
996428
1016656
1026504
985560
984660
982732
982132
984844
1016196
986080
983996
982768
984172
984716
1074352
985584
987548
983568
984900
1024244
997024
997908
1001592
1043336
983172
999336
984808
983364
984016
999060
1052536
984336
984324
982908
985072
984904
984928
1047248
984952
1006936
1041612
988596
1016636
1060584
986600
984840
1003396
1001016
984512
985052
983432
985224
984964
983380
984080
984920
983348
1000024
984340
984232
1025336
1081824
987032
1020372
989964
985708
984800
999516
985572
1004852
987036
985168
984944
1041340
985060
984940
985332
984840
1051212
985276
984620
1024864
997112
1013624
1006944
990644
985708
999912
986068
984516
987932
985012
999744
985040
985464
999668
986388
985240
984556
983284
985184
984556
1099000
987060
1058016
1002040
986576
984404
982924
983196
983604
985312
1052520
984376
983480
986608
982576
986088
983980
986432
999988
985988
1002360
1029204
997380
1012560
1067880
984960
985756
1000760
985664
985352
984144
983088
985076
983232
983392
999752
984400
983260
1000088
984908
985264
1020308
995884
1007048
1007744
988980
985920
1008836
986976
985992
985860
985852
989076
986484
985228
985388
983620
983648
983752
997944
983084
1034836
1034956
985404
1001640
989616
984428
985144
985600
998924
985352
984776
983564
999860
984896
999728
984140
983800
982868
983688
1041228
983840
1006388
1001620
4203420
1061000
988636
1056424
989300
983652
986872
1003044
1004192
981428
986012
983336
1035812
984088
985028
981800
986944
983012
991500
1061052
985272
999988
992848
989760
983076
984288
984476
1049608
984596
985188
984188
983576
983216
982472
982636
983036
982480
982856
982268
1010696
998332
981444
1003984
983344
982804
984132
983136
983716
982128
983040
982792
983172
982428
987596
982224
986056
981820
985452
985112
1038528
996944
989288
1647736
1661484
995572
983836
982588
981796
984920
1004740
984960
984940
984224
985480
1010016
983960
1004588
983308
985212
985924
1016236
1009976
983204
1012528
985168
983960
983084
985528
1126384
999964
1025548
985164
1004020
984460
1010200
1609792
1001056
986204
985108
986380
985624
1011960
1005404
1006908
1018100
1029792
985924
985196
984428
984352
985932
984688
985136
983752
987428
985780
986624
984232
985540
984912
999132
999824
1002620
985060
1060332
1018388
984400
985692
984456
984700
985156
984672
984364
985104
984752
1026472
985696
984032
983116
984640
983928
983804
984112
1007308
984152
1001868
1009864
984232
984632
1002728
984636
983636
985168
983568
983676
984156
984056
982556
1004480
1028004
984740
985152
985332
1004236
1120240
982784
1017812
985840
987880
987168
1031584
1001448
983316
985472
984216
1004768
985336
1068180
998948
999496
999088
1008404
999612
985136
1019036
983436
1012244
1001616
984740
982632
985708
999836
985212
984832
984448
984980
985172
984888
983988
983612
984216
982124
1001908
983596
996864
1013180
986156
1011952
984596
982248
1066020
984084
986240
983864
983820
984204
984800
984032
983060
983544
1018088
982704
983480
982172
982612
1005748
1008412
989400
1193416
985164
1007388
983336
982436
982668
986256
1003656
1000340
984168
1000456
985852
983712
1000280
983544
984412
983396
984676
1029592
1039496
997432
1004500
985548
982648
983300
985376
985296
984448
985452
984148
983952
984588
984276
983248
982928
1020556
1006856
1033036
1001464
1055588
1563204
1642600
1001232
986612
983836
985840
984768
984232
983844
983940
982840
983656
984500
1000424
1081964
984160
982236
984580
983368
1055240
987832
1013052
1026688
991060
986332
986596
986312
1660524
1629248
987160
985124
985912
982964
982436
982872
984104
984984
985556
984740
1021508
1059232
1013004
1031240
1038768
984632
1003004
1000188
984724
1002580
985124
985556
984472
997464
984316
985032
984924
985372
984392
985376
983776
1016580
1025132
988308
1025128
987244
1038924
982696
985944
984628
1000436
984232
984676
984448
983996
982008
1000000
983584
983952
982736
982436
991524
1022964
993528
1057696
1028112
985176
984440
984428
1042160
982392
1025980
983648
983244
982908
982980
984796
986128
984756
984252
984356
1009824
983112
1019540
989872
1000088
994104
984308
984668
984172
984744
984908
985304
1027672
984660
1030160
983584
999716
984388
984960
1031484
991256
984360
1028312
1028016
986276
1006004
990612
988040
985748
986612
986736
985592
984240
1005088
988360
987916
 
985120
987008
986268
984924
1037704
987660
985164
1035496
1046692
1012140
1004932
990752
1109376
983148
985676
1005228
1006884
984320
984064
984556
1024476
1000584
985404
1035356
984740
984732
984544
1067388
1040520
983772
1008588
1005940
988044
1000456
1029648
986196
1000276
984984
984444
998076
984844
984812
983396
985268
984008
1018080
985240
985620
1036884
986556
997516
996944
987976
1034528
983596
982976
982240
983148
982608
982592
1128416
984912
998568
982992
982808
985856
985148
984032
1052964
1017000
985724
1032168
987520
1035288
983816
985296
983404
983932
982928
984060
1032248
983668
983520
983364
984524
1002352
984456
1033680
986060
1012916
1020188
1001016
1066480
1005624
988688
1027416
983524
982836
989468
984260
987124
984880
984388
1004508
1000208
986164
1025448
986096
984680
985072
1064124
994560
1007280
1008548
985304
985908
984240
985512
984880
984244
985080
985220
984576
985348
984128
983148
983924
999540
984772
986404
1607080
1664376
997864
1050652
983716
997392
1005260
989484
984908
982072
984324
982300
983820
998128
984788
1026216
1002008
984696
1008768
984900
987004
1024916
1027776
984364
1021284
988816
988708
984848
985148
985188
982496
983040
1038416
984388
984064
982772
983424
983400
983136
998628
983384
983252
1007680
1002704
1001108
1009268
987160
1003384
1000000
990116
988132
984808
1002324
985088
985768
985472
984756
1048272
985176
983644
984648
984532
988336
1015448
983620
1002748
1011728
990100
984028
984864
984252
984856
983548
985356
998060
984056
984308
985192
1044684
984464
982812
1001572
984680
1009676
1003688
988704
1030428
994196
988572
1046696
985356
1043752
985304
983884
983752
984272
985028
983636
985692
984872
1006456
983516
985760
983880
1006152
994880
1026900
1004308
1006516
989784
986204
987708
1012332
985160
985376
984764
983408
983112
983724
1049688
983324
982500
983004
985292
1012388
1010820
982800
1007200
1079636
988700
984404
985056
983424
983780
983240
982452
1020188
988000
985564
984056
1043968
983892
984912
1056212
984380
1042992
987772
991872
1001040
986596
1052224
984916
1000488
987308
1000052
1048976
994504
984904
984140
983604
983172
982704
982508
982956
1002220
994592
1004564
989908
1008464
987640
986272
983076
982340
983492
983356
982912
982572
983104
981636
984588
984032
985188
982896
984408
985080
984256
1062784
1015524
1047884
1004916
988460
1009496
983736
1037036
985932
984552
984708
983244
982808
998176
982880
984628
984252
986296
984832
984400
984896
1012688
989008
1002884
1007784
1004964
988640
1020172
987168
986932
985240
984352
983940
984888
985796
1009244
1001596
986624
1020940
985500
985412
1014528
1017492
989204
1012440
991140
986712
985588
983812
986028
984576
986028
1000216
1623360
1578624
1598952
1660860
1595248
1596284
1597256
1597860
1595232
1607796
1112748
1615192
1662276
1621280
1682964
1646516
1005096
995080
989876
984608
983048
983812
1034604
984372
1035428
984444
981964
981624
981196
986460
1059132
987060
1002120
1004428
999152
984052
983924
983856
983032
982864
982496
982840
984844
985376
984444
984800
984488
983788
984564
985360
995312
1082076
1006508
1062036
986716
983616
985104
983588
1030096
983064
985052
982888
999976
983280
1028700
984144
984664
982628
984388
983112
1029104
1005484
1033808
992116
1012904
984688
983672
982880
1020504
982548
1017160
984244
983228
982520
999492
983344
984224
983624
985156
983348
1050068
983736
1028268
1012856
1004848
1018108
1015280
984780
984552
983796
1027788
999600
984624
985552
983724
982896
984056
983572
999276
983980
984296
984804
997336
1042968
984444
1016900
992396
984356
983680
984228
1056708
984128
983236
984400
984420
984064
1026076
983868
984288
984060
983568
983772
984640
1016600
1017260
994708
1012984
988248
1026980
984580
982984
996920
982076
982576
983476
984112
1254880
990800
1051992
985416
983448
983184
983564
1057848
1045232
982412
1019740
1036784
1000872
984752
984260
983884
984272
982352
985004
1405820
1000140
1570468
1611144
1622160
1578904
1624992
1087644
986024
1033040
1036404
985952
1013332
986780
984104
983024
984484
983336
985148
1003504
983292
985040
985100
982828
991276
984120
984328
983916
1030084
984168
1027916
986512
1005496
1013416
1001468
983280
1030236
987460
982640
985016
984356
1034000
984236
984144
984400
983108
982668
982492
984244
981980
990560
1035040
982440
1052336
986380
984712
999068
984712
985344
999720
1020904
984716
1019552
984916
984408
984248
982164
985820
985128
984952
983956
1018052
1038932
984308
1016916
989708
984532
983432
987104
993872
985916
982892
983264
983888
984088
1022360
984964
1018488
1036728
983152
982564
982292
1047700
989348
989328
1000440
985472
985432
982144
981744
1020940
982832
1015116
983044
982108
981712
982668
984568
983336
984360
984028
1017120
1016588
1024484
990820
1013060
1338820
994728
1041200
982744
982820
982748
983040
982424
986224
983600
984780
984632
983596
1018880
984348
984588
984480
1040536
983688
996340
998640
985796
985424
985348
983456
1008796
982976
1023512
985708
983904
984148
984276
983816
985004
983912
1000796
984104
1030484
1031216
988420
999120
991256
986888
1015576
982628
981608
982800
982572
982720
982220
982120
982072
985808
984236
984152
999444
984452
985036
1056464
1043944
988948
1014104
1006312
988248
1031352
985104
983008
984836
982908
985484
983780
1025532
984544
984976
984252
984324
984524
994068
983816
1038232
1004992
1008328
1008688
989440
986656
985064
1005680
982368
985012
984704
984552
999892
985088
981912
982532
999648
984960
983960
983360
990888
1044112
994044
1084324
987200
980092
982532
979500
981292
983016
984092
996960
984252
981360
983384
997524
983684
981480
984088
983312
984536
1107420
1011156
988824
1014732
985376
982356
1006720
982624
984268
983432
1029744
983532
999904
983668
984272
990132
984352
982836
1013232
986272
996864
1053844
1006512
992928
984788
983104
985700
982512
983188
1003604
984640
983236
983416
983988
983160
983028
983972
981808
983148
983384
983088
1020840
1020316
987828
1015060
984956
999568
984176
983552
983796
999144
984640
997956
984184
1027660
999880
998508
984544
983704
1000100
999388
983708
1015112
1000100
1052172
1010512
984132
984380
981492
982248
980904
1020912
981080
981912
982800
984716
983344
998104
982588
982104
983932
983008
983628
1029132
986816
1014788
1007532
1032108
985060
982784
984112
983112
983812
981596
1016680
982212
982752
980460
982112
981648
981212
981744
981640
1015212
1019536
981392
1016244
986784
984284
983936
984040
983652
983888
982680
984768
984116
984552
983600
982904
981888
982416
1021728
987388
983256
1030800
1002688
999888
1012376
983972
981716
1030272
981976
981064
982796
981864
984320
981748
982292
983768
983512
983284
983720
982916
982844
982512
1023168
1007784
993260
1027488
984116
985460
1022076
985468
1629052
1633980
1033692
986900
984756
990752
1003868
983752
998608
1001852
984348
999168
1017584
1020680
981128
1007020
985404
985336
984392
984984
983104
982748
982732
982128
982692
985284
999572
990156
999060
984280
985076
984872
984480
1015276
999556
996432
1015632
1035944
983052
983820
981192
982868
980456
1015456
981644
983048
981900
982168
982100
982040
980740
985132
981592
982132
1021200
1002016
1006028
1002784
984136
984164
984372
1003752
982312
982280
982336
982664
982620
981916
984028
984368
983512
997432
984208
990084
990856
1020948
984076
 
1008828
981900
982408
985400
983996
998648
984744
1011280
1003716
984436
984188
982788
984132
983880
983012
981772
1001228
982036
1033524
984644
995340
998220
984024
1052528
981912
981920
991848
981656
981784
1025016
981488
981924
984020
981952
981268
982064
981028
982088
1118756
1019432
983432
1011604
982648
981988
1045872
982108
982352
981992
982852
981524
1036840
985080
982292
985292
982116
982676
1041396
982536
981632
1006336
1013980
985812
1070296
982660
982712
982684
981516
982056
981772
1039532
983412
984840
982440
982140
983508
982908
982152
982276
981888
983640
1101476
988412
1006448
1003624
986636
982960
984516
996064
982004
981980
999988
984012
984388
992824
984840
983780
984656
983904
985224
983896
991468
1020996
1061248
999988
990912
983988
984560
1031388
999384
983892
1010400
1043540
985048
999308
984072
981680
984372
983660
1057988
1026464
1026272
1062396
1034584
1049932
1005672
1033800
984248
983256
983920
984216
982148
982324
982004
982128
982244
1024748
1026936
984432
1033688
983524
985992
1000436
4271048
2936308
1013448
988604
1099336
984356
982336
981476
985216
1027272
999844
982712
982556
982556
984156
982840
982348
1035860
983880
984212
1036012
1022804
985484
999748
1039864
1007036
982616
985272
983348
984612
984640
1001612
984880
984372
983952
998448
984356
1030636
985184
983640
983948
1016396
1000656
1006792
1001940
987096
1028380
985212
983260
986856
986064
985232
982820
1000456
984164
1031216
985144
984872
982860
985864
982144
1030692
1014024
982140
1000380
1003348
987984
985852
985652
986848
984548
1002248
984576
1026620
1000368
996456
995612
982832
999892
984128
1029704
986872
1013776
1017076
987040
1038056
999480
988884
985968
984656
983672
984152
983988
1042532
982392
983308
985352
985100
982148
982784
982480
984496
981568
1015660
984588
1053404
1002696
986044
985372
982992
984116
984708
982392
984564
1002332
984852
999332
982384
984256
1004736
983640
983048
1035128
1021660
1026524
986860
1005608
1044704
987844
983932
982468
982336
984288
982812
981828
981588
1020404
983024
981992
1028328
982804
982452
982992
988804
1010372
992504
1008836
1182632
984832
987416
983980
983620
983860
984364
984732
983968
983664
985036
982932
983068
984896
984892
983788
1029888
984088
1023664
988352
1011916
999332
988140
983492
983788
983920
982372
982788
982844
982964
982472
982412
982484
982024
1016032
983852
982584
982264
1006772
1032124
986212
1029688
985560
983908
984876
1077496
997680
982876
981988
1024244
983336
983408
982028
982620
982296
984832
982932
983280
984536
1017128
1071800
1005844
1012308
985304
996968
1027276
1174356
1031884
983400
999064
980956
983416
982312
984448
983060
1029632
1003616
983484
980264
983984
1037456
997744
1024556
1000636
1003964
982556
1026704
982480
996216
983752
983140
1022036
1613036
992820
985616
983588
1026040
983056
984232
997700
1052852
1042840
1006692
1010800
989072
984432
997960
983344
991372
984300
981796
1000300
982872
986452
986828
982620
981420
982676
980608
985344
982848
1020900
1026140
1008576
1034356
1017116
989212
983608
984160
984080
984012
1024504
983480
984172
987760
987216
1158112
1021244
999996
982636
983820
982456
1017324
1003944
1002152
1002576
1008800
987704
985540
1000168
983180
983264
983676
983544
1020952
983468
982420
982584
982644
984328
1024772
985976
1008640
1013084
1027440
1017124
989432
989176
983440
984800
983224
1028576
983488
983452
988964
987772
983700
985700
983112
987588
983184
984236
998844
1010008
1013684
988552
1009612
990172
990584
984424
1030420
1001876
983784
985892
986148
983788
985396
984408
985784
985076
984728
983996
984380
985556
1012988
996052
1011224
1009704
990516
1002652
983148
988200
1069352
983244
982776
983988
984452
982428
985408
985844
984520
984016
983568
1031784
984540
1039264
1124896
1012772
1041464
1024392
994624
987788
988988
986152
984484
984292
984572
1000952
997360
984456
984200
984612
984872
1010756
1317924
1035560
1010848
1042344
1097396
989832
987312
984508
986864
987104
982264
984676
984152
985556
982980
999756
982272
988472
986348
1046832
984488
1007024
1019328
985408
1015680
989952
999972
1100072
984008
997872
982428
982980
985068
985452
984932
984880
999392
983912
982656
983796
984624
984364
1023420
1012644
1061196
1009756
985352
984576
988272
984868
984400
1051232
984840
985036
983876
982900
984488
984224
982524
983488
983880
984796
998836
1022804
987648
1010424
1010796
999612
983724
985124
985016
982740
985040
984604
984516
982904
984760
1110204
982772
984832
998996
984460
998988
992632
1016756
982128
1007600
994324
985764
985004
1000920
985792
985424
983352
1050188
998928
984300
999028
1614024
1000268
983652
982388
983788
985012
1023480
1014352
996628
1018104
1153576
1001200
1596212
1062848
1050620
997980
984140
987080
986048
984064
982288
985372
984880
1001136
984796
983620
1044440
1033872
980832
995804
996064
988056
982256
1037032
998928
984204
983524
982708
983948
1054912
984608
984444
984164
983868
983200
983924
981616
1014200
1037948
1057324
1013540
987164
982584
982304
983280
982200
984940
1038700
983564
981536
982088
983724
984936
983924
982980
982192
998496
983336
1015368
995168
1005460
1006492
986284
983488
1041592
983976
1046248
985152
981616
983060
981748
981848
983240
1027520
982264
999040
982440
985140
984084
1017744
984168
997832
1006740
1031264
985036
985152
986936
983644
983936
984924
1004748
982284
984740
984604
983936
985256
984052
983772
1038316
1032516
1016768
986176
1009060
988472
984256
984680
984732
1003052
999028
985120
984724
1028236
999076
996796
997768
989124
983356
1002908
1048536
982668
1035032
990816
1001008
1003788
990400
990852
997144
986888
988196
984084
984492
983544
985000
1037920
1000836
984876
985560
998220
983096
983864
1032376
1033736
984788
1026776
990704
990644
1004656
1035292
982572
984876
983112
1001384
982800
1046644
999764
984128
983460
983796
998328
983664
983200
1010348
1025064
996652
1082080
1045396
1052368
982196
981824
981708
982588
982024
984564
983232
983828
1075132
983624
984120
984156
983624
983408
984084
1044404
985036
999688
1005332
989964
985152
988836
982868
985716
988596
983632
1093996
982712
983028
983044
984468
982824
986684
983632
1002392
998304
1024812
1030712
1011712
990988
986268
985424
984676
984708
985868
1004264
983716
983528
985132
984700
985216
983072
984828
984344
1001632
983672
1014336
1044352
987616
1015736
989096
1046828
985056
984876
1045988
984808
984820
984828
1061260
982508
983248
983540
984236
984516
984672
982020
982952
1056036
996836
1006764
1010068
984608
1055228
982332
983796
984612
997980
983856
1029464
990048
986284
985324
984900
983904
985556
984020
984836
1021792
1023800
983112
1003172
985924
985420
982896
1118188
984016
982444
982672
981644
984048
983396
984728
1030900
982916
1041172
988252
999616
985732
1031460
1003312
1653940
1029984
988888
984276
985728
982584
1000736
983568
986480
983996
985544
985228
1001088
983756
1001500
999928
983632
982936
997164
1045240
986220
1003844
1022048
986428
985744
983804
984960
984468
984780
984136
985808
982128
984404
984052
985696
983448
986344
984668
985780
1011236
1023044
983936
1013088
986892
985116
985608
984640
984596
984572
999616
985072
985632
984124
983956
984176
986296
1046640
984872
985644
983964
1012516
1009352
993152
1027768
987808
987428
987212
998808
1004952
985624
985188
999992
 
985236
985544
985092
985332
986344
1010104
987488
984172
1022536
1035832
985864
1013460
1059928
984592
983600
985572
985228
985556
984420
987096
1000164
984876
985672
1050404
984008
1031044
2993464
3245072
1012396
1031788
1005492
997748
1016300
991188
986740
987012
1004208
1053492
985664
985464
1048732
987988
1004644
983896
985692
985032
984980
984312
984864
983584
1053824
995592
1075244
1009748
985524
997720
1043232
1000404
985240
986744
984528
985168
985720
986320
985340
983724
985868
985864
985048
1054616
993148
1067756
983468
1022740
1002024
1070716
984700
985928
982788
984600
985704
1047188
985300
984168
997956
985376
984572
985592
982628
985464
984808
1007676
1021548
988968
1018292
1004608
986420
985012
984656
984924
985388
984616
984720
1004896
983840
1037620
988300
986968
984860
984060
985180
985088
1023244
995960
1082852
1013688
985468
985464
985276
989552
985036
985452
983620
983860
985140
985528
983868
983608
984152
999808
1056576
1000500
984448
1033360
984396
1007020
1015864
1004480
999016
985444
1048164
983436
981300
999716
999108
984728
983632
984708
983900
1017904
998848
984556
1024944
1013332
994668
1005620
1002828
985032
983352
981976
982256
983464
983312
984288
983112
1054956
982844
982348
982504
982324
982060
981556
1001996
998744
1024104
1042824
1001688
999912
988700
984292
984008
999592
984212
983696
984860
983432
985832
983824
983984
984080
984248
983296
985024
995516
1004832
1018844
1035784
1016096
988540
1035140
998936
982760
983096
983196
982028
982472
981032
985136
983516
984488
999628
984148
983096
984632
1000012
1017384
1012164
998644
1007232
986136
984268
985052
985892
1018736
986028
1005740
984864
984820
983820
984352
984436
983192
1080720
984168
998768
1051620
992192
1008732
1012868
1038444
983264
1167704
982772
983032
982212
983300
982052
982340
981820
981932
983660
983752
1022680
982808
982196
981636
1015436
980172
1126024
1052808
986084
981808
982016
982596
1004008
982592
982528
982228
984592
983868
983460
983848
983104
981944
1030212
982916
999936
1019696
981896
1015860
988900
983596
984600
983680
1021384
984704
998192
984780
1032908
984624
1038080
984448
984556
984516
983332
984724
982968
1057956
1023852
1026076
1019628
989576
983780
999236
1030912
984396
1121740
983112
984688
1022368
985564
1037064
999780
984208
984600
983632
984168
1030448
1006664
991764
1011936
1011996
988032
1033948
982724
982020
982216
1019588
984068
998548
1001292
1019504
997136
1034856
987220
986392
985500
984232
983880
1016648
979968
1022884
986512
982148
985692
1000308
985812
984460
985060
995468
986728
985020
985708
983796
984616
985060
984180
985536
999580
1029124
1006636
1000808
1025336
987388
999836
984516
1013480
983320
984320
1098040
1018280
983956
984324
984664
984488
986184
1005244
985944
985072
983500
1034060
1000368
1003244
1008732
987272
984668
984408
1000336
982960
999668
984492
984788
984224
985740
983692
984740
1003920
1000564
983844
984056
1009872
1026668
983472
1029776
1047100
984452
984540
982640
982472
983804
1026852
983488
984160
983776
997792
982472
982808
1021112
984488
982808
984164
1014564
1013364
1042396
1011476
1004560
986688
985692
983812
984828
1019516
982956
984008
984364
983392
985160
983920
1144780
1077504
984720
982920
985440
1041872
985084
1007464
997704
990396
984696
1029980
984440
996868
982800
984760
984748
983316
999360
985464
984176
982628
982344
982068
984160
1006764
1048660
1602532
1604516
2563656
1412796
986592
1035080
986280
981092
984280
983092
984376
981932
993204
1032832
984148
979568
983352
980512
982792
1067876
982424
1002440
1032080
983336
985036
985828
999348
984872
983480
1000580
984308
1033056
1035272
983464
982808
984228
982332
984136
981744
1002956
1010076
1095244
1000488
984116
983244
981792
983036
982232
982272
1003056
984392
1027324
1035992
1001908
983628
985408
983996
984992
983896
985944
1024292
1007656
981716
1076924
987776
999940
988136
986660
984620
986036
983160
1029772
985408
1035044
983668
984072
982912
985796
983576
986428
985060
1010240
1008848
1008728
1009792
986440
984256
983312
1026832
986296
1000544
984396
985168
982900
1032188
984580
986104
984752
984780
986408
983640
983848
1014920
995320
1006912
1005956
984644
984288
984136
985684
984504
1000776
984056
984140
1020968
985312
984460
985804
984608
985640
985256
985100
1002752
1011536
981044
1030588
984828
985016
988932
984380
987048
984980
982864
985164
982452
1002696
997396
1010840
987820
985816
984768
986252
982852
1021744
1002872
1019420
1018968
987812
985592
1000464
985000
985556
1004912
987352
1018384
987852
984344
985796
1644740
1697136
1673228
1001056
984496
1017848
1027876
1002708
1028136
985456
985252
984700
988636
983992
984660
985056
1059060
1000132
985392
1025816
985492
986080
985004
986060
985916
984940
1012716
1004924
991180
1025372
994232
984100
983496
986108
983964
985776
984416
985720
985628
983780
982660
985180
985320
984628
983856
984732
993524
1032700
980840
1000844
1012964
984800
985696
987044
985040
984464
983588
1027692
983536
982736
999780
984240
1000896
983232
983748
997456
985088
1015336
1010328
987940
1007936
983960
983260
993868
983556
983980
983000
984568
983664
984740
984236
996652
984332
982112
984348
999276
984896
985036
1019496
982672
1001028
1058780
1027948
985292
983372
986020
1029148
1000760
984760
1654392
1159276
1569904
1728600
1668824
1157108
1172256
989752
1008396
1108884
1009888
983180
1041444
986412
982476
987056
985376
999736
984520
985408
1005072
984284
985188
982788
983248
1001156
985416
984608
985772
1002988
1143796
1050972
1002732
1009924
988300
983696
983240
982084
1023764
983608
984696
983928
984872
982548
1019732
985220
984228
985396
985156
983484
983464
1017028
983936
997408
1009788
988724
1052936
985516
984164
985048
984676
985768
986748
985984
985544
984812
998952
985628
984848
984536
983016
1011436
1064388
1021176
1018180
988348
1000976
985436
984124
986136
1092352
985824
1033024
1000668
984876
987436
985172
985456
984864
1032248
985920
985372
1005288
1026080
1006400
1024268
1047132
999492
1032020
984592
985764
984764
985012
1041016
983616
1041380
983492
985168
986656
987060
985404
988348
985032
1008708
1012660
1003856
1009376
988356
984616
984636
985796
983836
984384
984080
984844
1028076
986332
992692
985920
986220
985548
984888
985804
984532
1628572
1636364
1646052
1640496
1647564
1630616
1615044
1611880
1408172
1027296
1027708
1027708
1026844
982428
984136
1192844
983712
982120
982464
983436
1016236
979320
996752
1065188
989920
983448
983396
985424
988048
1001080
1001636
988132
1746116
1332784
1011860
1001024
999996
1003776
987064
984544
1001200
1038948
982944
1002796
999940
990936
986128
985128
985664
985044
988344
1003288
990128
983372
985008
1023928
984820
985064
1004328
1039048
985212
1011976
1007840
983272
1002040
987852
1001924
983912
983720
983164
982768
1000372
984988
982268
984996
983004
1033612
986336
986472
1020472
984028
981356
1005576
1009220
1010660
1014996
985860
985584
984832
985404
986016
1034688
999712
984684
984928
985896
1000108
985100
1030000
984092
982728
986800
1024256
1016616
981984
1007436
987684
983956
986012
1037016
985768
983548
984784
983280
987260
985484
985732
983512
984336
991680
984576
983940
985104
1009796
1025204
985564
1003792
984636
984148
984196
1057960
982952
982852
1006596
987356
1008916
983004
1001268
984184
984912
984096
983848
983632
1001868
1019476
 
983148
1009820
985188
1054364
1050900
985060
985304
1048564
985464
983952
984304
998088
1035008
983036
983876
982488
982740
983420
982988
1007968
1012044
984528
1006532
983612
982404
983288
983076
1008804
982392
1028288
983592
983432
981904
983452
985280
982756
983092
984676
983448
983272
1005196
1034576
1009816
1052968
984148
979732
1046996
980592
982700
980172
983620
981632
982960
980596
987468
1002156
985224
1044064
999492
982312
984672
1029752
982684
1041656
1001000
982380
983200
981960
982404
984360
983048
984268
984324
983800
984500
983344
1076160
982724
982656
1044736
982564
1053892
1041256
1047244
1016564
986736
981932
983316
984148
983740
1045372
985376
1001920
985288
983500
982968
1046400
983964
982696
981972
982360
983372
1006348
1011168
988252
1005944
987432
983612
982476
984476
983468
983428
982420
982140
982468
982276
982240
981956
983108
1029104
1027496
982588
983640
1057244
981484
996408
1024608
983868
982092
985388
983996
983620
984008
983780
983268
982552
984200
982520
1025544
984976
1040892
984664
985432
1011628
1016584
982576
1034080
987384
984924
982784
983416
984468
982512
1599908
1078456
1013632
983448
1035696
984424
997856
983064
983832
983648
983188
1015568
979980
997760
1003640
986816
985112
1007060
982828
982072
984016
983552
985464
986384
984668
983896
1003240
1041000
984096
1033452
985976
999140
1063976
983344
1012032
986884
988468
985228
984624
984156
984828
984056
982796
1031024
982736
983600
982544
986776
985292
983628
982520
1000364
1010856
1014980
1037880
1007420
986792
985752
984356
983240
983016
1033812
982944
1021300
1000788
982704
985616
1032928
984252
983692
984472
984292
991028
1021540
982584
998632
987028
988892
984756
986972
984996
983524
983472
984412
983844
986196
984168
996160
983720
1029768
982184
983916
982684
1017016
1011704
980500
1006256
1004704
3186486
1704652
987724
987288
984940
984816
984676
984472
984560
983040
983532
986260
985960
985472
986496
985816
1029276
1017980
993032
1017736
999820
985028
984612
985072
988608
984848
985300
985004
985844
1000820
985636
985624
985272
985192
1000080
986044
985384
1020932
1010300
996756
1006564
984176
986740
986364
984664
985296
1001460
984212
987136
986008
999892
1002652
986200
984076
983488
983832
984432
997468
1097176
982392
1014148
987488
985692
982436
982956
984552
983372
984568
985332
984176
984512
984216
985052
982472
985356
983856
984520
984308
1027140
1013336
985972
1006460
987896
987900
984400
983672
983720
985592
984620
985784
981848
987672
984948
1000632
983360
984904
984496
984148
1037860
1012036
981740
1000124
1009328
986896
1033456
982360
983412
984680
984952
986284
1054744
982076
983404
984800
1042996
984028
985000
1000188
982976
992372
1017864
1001364
1014592
1054928
987084
984876
983984
982264
1001244
1005896
982296
982744
999540
1090548
983812
985968
985824
983712
983768
994980
1018084
1020420
987188
1007160
1062564
1000308
984284
1095424
985584
984548
984028
1002800
986600
983608
997856
995876
983592
982676
1042468
1029916
1033900
1021640
988052
1049832
996060
984688
985552
1615268
1572752
1600172
1592908
1573400
1567872
1010628
999068
984484
983800
999328
985108
1039012
984780
1035044
1017708
994896
1012112
984964
985132
1000124
985276
985128
984660
983432
1039428
985584
983004
983684
984916
985236
985048
986500
999452
984188
1017280
982744
1001432
1007268
985200
984484
984444
999832
986668
985768
999628
984596
1015072
985496
984852
982696
984096
999540
1023832
984536
1020352
1015308
993688
1009572
983964
985016
983740
1033300
986180
985292
983192
982228
982904
1025460
982208
982900
982388
986072
984620
984216
984536
1015244
984676
996824
1006876
985384
984876
983500
985252
983412
984672
1031756
983412
981636
983012
984512
983852
1030984
984772
983076
983708
990296
1056096
980564
1004468
982960
983148
1041004
982948
983488
982808
1014592
983376
985368
983240
983832
983924
999292
985328
984664
999796
983860
1008000
1010548
1004908
1017320
999708
985196
983880
984484
984460
984872
984804
985188
984948
983020
999716
984560
983244
984244
984844
984096
985808
1023348
988392
1004680
1013420
997004
997676
996704
996960
983124
982900
982732
982760
986572
984692
983016
1052848
985264
997112
983012
1033028
983476
1036100
980544
1000852
1000752
986444
985788
982744
984664
986452
982836
982472
988104
983848
983416
986548
985752
984628
984696
1000128
985412
1024048
1022252
983260
1010084
985716
1069112
1000076
984216
983800
984476
986460
984176
1023900
985048
983876
983620
985488
985680
985276
984164
984164
1007588
1001720
1014100
1007068
1062848
1002532
983792
984060
982820
983844
983336
984440
982420
984316
983016
984436
1031872
984088
983084
983112
995556
1045288
989188
1018640
1037752
1034060
985396
1000584
983340
989172
985068
1000108
985820
1036488
1012704
1933928
1748612
1845840
1009224
986792
1000460
1023088
1010880
997520
1018288
984520
983808
982860
999740
984312
984364
984552
1027440
1022696
985132
985256
984304
1000252
983764
984512
984480
984264
1033488
991060
1000172
1011844
983744
984804
1116508
985056
982204
985472
983616
985476
983848
984532
983504
984008
983592
984372
984312
982664
988640
1036580
983284
1012556
1044900
982744
1005284
1238640
990140
981652
986136
982200
982828
980508
983912
982428
984468
982564
984484
981676
983448
1036120
998416
1009564
1053320
985352
981672
983324
982032
985328
983036
983712
1005928
1840644
1626692
1054884
983700
999568
981696
984976
997968
1006576
1052532
1042948
1010884
984028
983684
983600
983776
982860
983884
981852
981428
982228
984556
982468
1024976
981400
984236
1001828
981692
984020
1026348
1031036
985656
1005964
989484
985212
983320
985252
984544
984016
983488
982456
999504
985148
998960
986276
983088
982392
996828
1108800
984512
1022860
1003052
1078164
1007016
981580
986788
1030116
983456
984748
986584
1048344
983076
999480
981280
980508
981132
981228
983808
983184
1131192
1027164
1031288
982668
1006352
994204
985156
981904
988080
1034468
983812
983976
1032496
1003396
983876
983400
985840
998608
984120
983608
983904
983896
1016784
1038692
984628
1010372
1041168
990432
985140
984628
985736
984652
985468
985072
985008
983424
985360
985444
984556
1021496
985704
984344
983928
1020280
1022840
993324
1019916
990012
1003688
982820
984108
984016
999112
1026284
984508
982508
984144
1029084
988088
1019600
987204
986020
997476
984332
1032972
985300
996908
1110172
987368
982672
982776
982268
980408
984800
982648
996812
1614988
987936
983488
983216
982028
997908
1003356
985744
1034136
1005892
998444
1021920
1039280
982144
1027552
981932
983024
997524
999792
983828
983892
982744
1033084
985096
1001560
983588
1015068
983056
1000588
1031056
1007288
1000548
1005088
999400
988232
985264
988748
984496
986052
984628
984572
983708
985000
1023104
1032532
1039132
986240
984344
1006528
1013540
1016380
984848
1087140
985264
981876
982484
982600
982552
982360
982768
997668
1062232
998448
985516
997828
985080
999016
999692
984904
983524
1008628
1006648
1014244
999612
1030704
985724
984604
985640
982888
1023620
1079888
985776
982928
983968
984124
984816
999504
1028788
1030356
985188
1006348
1016096
999296
1009624
1039172
983132
982620
983884
999104
982620
983820
998896
1595576
1017380
982656
984808
983868
982296
984652
983052
983548
1013468
996104
1041604
1004684
982816
982348
986744
982188
984144
1032312
985796
 
983460
1000096
982404
999568
983348
999444
982924
1032340
984064
984804
1015468
982188
1043840
995288
983488
1043572
983000
982956
981736
984064
1033108
984484
985824
983668
984292
984144
984228
983476
981940
984512
1056912
1027668
989612
1008852
985284
983840
985432
984288
985496
983588
984584
983356
984536
984404
984664
983904
983904
983168
983356
984496
998924
1013392
1025112
987904
1001980
982456
983996
984828
984256
983144
1027684
985296
983516
1030952
982656
983140
999556
983236
983664
982612
982680
982536
1017108
981564
1004296
1003252
984360
985392
981040
983208
980896
983288
1002568
982220
981560
982920
981204
984280
981424
1002460
981000
1032580
986388
1026388
979608
996888
988212
985444
1023632
982812
981108
983160
1027604
985176
984088
983872
983092
998684
1607720
1609472
1027284
982160
997896
1017984
1013176
997828
1015880
983824
986628
986308
991140
987768
987344
999072
1012376
1186972
1031140
1027524
1072676
984640
983740
981540
983576
986572
1033284
989264
1023956
1002256
999460
981392
998344
982864
984272
983976
984912
984188
984560
999232
984840
982828
986056
990772
1025500
1000948
1033044
1027252
987504
1012860
983764
984972
983312
985312
983672
998248
983940
984796
1002992
1020260
1028340
983936
982560
983668
983600
984228
981528
1023324
988804
1000456
1008688
1036716
983516
983768
982692
993608
985148
983048
999344
982960
983032
983408
984636
987240
987580
984164
983444
1034344
1028488
984372
1017400
989300
1004120
1010848
985084
1583660
1560052
1011684
994200
989984
983656
1000488
983868
983320
998936
998300
983960
982208
1015676
1021916
992136
1005888
986992
1005216
984636
984392
983080
984920
998488
984116
983556
999372
1031312
983752
981412
982492
983860
1033176
1027624
1034792
1018516
1002368
1009952
1035828
1004092
983240
986172
985640
985948
998804
984924
983260
1000960
983432
984028
982596
1035596
982460
982264
988348
1010452
984112
1003772
987452
985748
984816
983760
984024
1030720
983656
985044
998608
984540
1023820
984676
982276
984200
983820
983708
1029256
1015924
1010236
1002168
1007112
988216
988644
999716
984268
984400
984328
984148
982484
983152
984924
985104
1036040
984844
984268
985284
984728
1031952
1008524
1008796
989232
1007188
989572
1029036
984584
983512
983644
982848
982408
983092
983324
997728
997324
983904
982120
1021340
982664
982100
983592
1035104
980016
998608
1001184
986740
1021048
982568
984128
982028
981228
1030216
982588
982352
983748
1033336
982460
1066480
982128
1044448
1013984
1034136
983652
1006044
988192
983884
983724
1022004
983952
1002572
985128
984244
984124
983968
983764
984180
985500
985112
1000040
1000288
984928
1010864
1015004
988096
1016264
987176
986480
1039420
984248
984640
983672
984020
983240
982708
985136
984220
983268
983544
984324
984400
1006796
981868
1018436
983172
1000892
1007712
1002692
984760
983892
989252
984136
983556
983996
983916
1026640
984248
982968
984324
982364
982384
982768
982932
1019576
1013212
985016
1002128
993400
984564
984324
1000448
1009480
998836
999528
984696
983320
985920
983772
985492
984276
984176
983736
999228
984364
1015764
1031808
1057792
1008908
1006632
981992
982392
981504
981100
981816
982192
981592
981512
983880
1001512
982200
984152
999592
983204
984068
984584
1009856
984704
1008072
1069548
987544
983648
984364
984544
980784
984852
984376
984700
983480
984836
1045504
985188
1002824
982308
981944
981996
984116
1077888
980280
998088
988928
982448
981992
1060056
982736
981848
984476
985312
982912
981996
980644
982076
984420
1020020
983884
984164
983392
1015444
1013112
998840
1061372
985236
1003316
981896
984440
983560
984096
983580
1034216
983776
984284
983424
982568
981596
982372
1010864
982456
983512
1008652
1009588
991580
1008204
1053984
984736
1046568
982340
981508
981860
981408
999304
982916
983440
982040
984504
981136
999064
983180
983588
983400
1020188
979860
1020832
1038920
985896
982272
983816
984704
983148
982660
981388
982652
981956
982472
981220
982148
981780
982524
981020
982992
1007528
1012764
981336
1080176
984872
1100904
982540
983024
982440
981980
982904
982976
1028440
982536
982144
983040
982824
982664
981888
982320
981892
1018388
1035592
989052
1005712
982320
982088
981764
1014900
982580
998280
982032
982020
982212
983220
985420
1036296
983728
984156
983716
1000620
984416
1021488
980192
995884
1009036
986372
983740
981812
1041468
1026136
1025208
1025532
1025900
1074880
1026012
1026144
983216
983240
999224
982596
981508
1016932
1060908
1068124
1005948
1002124
987168
984336
986648
1059756
986308
985008
998748
983188
1001792
997416
998712
1002200
1002884
984252
984784
1018768
1020268
1008100
1002888
984052
986668
982256
982544
980772
982768
980468
982156
999024
1026020
983732
981828
981672
982236
981696
1043412
980980
1002628
988464
1008200
1006780
986316
1062552
983536
984720
986588
983608
981920
996716
982256
982448
1054852
981432
981820
982956
981432
983704
980956
1003268
979508
999868
995816
985336
981504
981664
981052
1028328
986896
983072
981888
984000
983036
983964
982536
984896
982512
998936
981412
1007608
1014012
1033580
1026096
1001232
988688
982916
983792
1073528
984544
982652
984056
983316
983908
984080
984004
983448
1016640
983980
1023492
983932
1007668
1013532
1017504
1010440
987884
986292
983820
1019360
984196
983932
983016
983704
983832
984472
1026012
984848
999500
983904
984144
1077504
982312
1010244
991072
1027172
1021076
985636
984824
984712
986384
996744
983932
981980
1025848
996916
982392
982428
987944
982168
982964
981304
982616
982320
1019416
982708
1003236
990224
982072
982516
981828
983424
996456
982388
995800
982368
982768
1048732
983404
983724
984244
995864
982700
981184
1009228
1013600
989276
1010272
982232
981864
981992
983220
981960
1026736
982656
981696
983608
981708
982392
981412
981684
981576
982120
981900
983040
1004800
1004860
1064344
1013428
984228
980948
984480
979900
996224
978636
995960
981864
983264
996368
983620
980312
984792
981320
981568
981440
1021940
1023676
986016
1009892
983780
984032
983400
999472
982832
982072
984256
983360
983300
983400
983068
983240
986316
1121180
987080
1700760
983936
1028216
987808
1002988
1017256
986980
980452
984616
982344
983604
1045964
986272
980780
983928
982052
983812
982368
982896
983612
982832
980820
1019012
1095952
984500
1011096
982052
984068
981492
985420
1033048
985004
982680
983128
1002412
982036
1020028
982728
981520
1023856
981244
981220
980992
1027308
992184
1080584
1009904
987040
984528
982456
993008
982940
983432
1619440
987008
983944
983304
984104
998620
986748
985980
984048
984224
982904
1018912
981080
994556
1001728
987496
983316
998728
982300
983532
984800
1036232
981756
982924
981016
981324
984480
999544
1005500
983788
984268
998160
1024384
986940
1068876
984068
983628
983332
982604
983760
1030724
983308
983508
982436
1026896
981504
981900
1024592
983112
980952
985844
1030012
1021720
1028776
987816
1003572
1003000
984956
984960
985016
983708
985008
983932
984024
1030076
986652
1001364
983744
1034352
999216
983352
983944
984120
1015624
1039304
1000260
1005608
983304
983748
981676
983688
982260
982324
1025716
981360
980920
982404
980488
981752
980704
983976
980948
981960
1027348
1014252
980180
997184
990880
983964
982476
982864
983672
982428
983324
983576
982244
983884
982476
1002552
1028748
982576
980896
981896
981644
 
1013888
1015860
1037472
1003944
1178244
983320
981780
982288
1032736
1029788
999016
997244
983412
981888
998988
982568
999296
983852
985620
981900
984356
1008832
982012
1016844
1014788
999284
984112
982260
982208
982316
981468
981848
982188
1029152
984348
996284
996444
982740
981748
982084
981444
996476
1015676
984916
994040
1012272
983564
981464
983616
982624
982080
983068
981668
981616
982808
982400
982608
981616
983704
982480
982344
983012
1001012
1014272
995740
1004360
986472
982696
984720
1036376
984164
983296
984384
984252
989788
1038684
984300
982872
983788
982860
983956
1034916
983104
1022384
1005816
1012416
1001248
982460
1025636
983388
983792
981600
982604
982580
983552
982764
985128
982468
983944
996264
983504
982456
1034244
1020760
1035228
988352
1030452
985252
982184
983584
982872
1052020
996208
981724
984296
983496
1010152
1002848
1003408
1013196
981688
982144
984180
983216
1031164
1000376
1029000
1002520
1003696
985168
984188
988740
987276
983940
999332
984576
984496
1003848
982864
983548
983540
985964
984012
984576
1014028
1003376
984700
1011944
1660216
1678360
997448
984244
983184
984660
984448
984568
981804
984440
982444
982860
983788
984928
985592
991972
981976
1019300
1009488
1100508
1013576
1032752
984560
983920
985612
1000064
998840
985412
1018500
984908
984160
984412
983340
982612
984444
983012
983796
984856
1006008
1035744
1007164
1103552
985164
984288
984484
1003812
1030448
984496
983684
984352
982684
982728
1020552
982464
984452
984072
996584
983664
981688
1023236
981716
1058904
994680
984304
984752
983140
985624
983880
996800
1022892
983740
984108
984320
982440
984964
983636
985564
983960
985848
999536
1003208
985468
1015292
984676
983896
1047028
985248
983408
982636
981604
984304
982652
1003064
984908
984756
982960
999148
983496
984216
983192
1004832
1055052
1045024
1022532
983296
984724
984436
1029496
984572
983812
982704
983760
984068
983896
985244
984208
983832
999356
1003108
982952
1027076
1005932
981208
1006064
1016556
984704
985764
985344
997760
1030128
985216
985260
999416
1065900
984064
984828
984132
985000
1065060
986036
998516
992024
1008116
1041248
999988
984972
984480
985460
1045660
984972
998472
984660
985548
985416
985664
984088
1002276
999780
982376
991708
982852
983356
1010080
1001012
985348
1008228
986548
982248
983140
983064
982500
1029360
982724
984340
983832
983592
981740
982876
984404
983648
983636
982712
1023396
1623588
1594324
1693680
1662412
988816
992924
984064
983520
986072
983508
985060
984136
985972
983568
984872
983916
983780
984156
984588
1030092
1013264
1025096
1026068
1016032
1001620
986656
985676
1002052
985652
1002444
1010884
1060776
1287164
1745584
1378924
998720
993700
1001620
984476
985332
1106388
1126204
986716
1009296
989140
999600
998916
984840
985236
985604
983956
985184
983632
984772
983744
985060
984152
983680
983888
985016
999848
1076896
1006184
990012
1006364
996172
984036
999364
985704
984136
985316
998824
996624
982036
982824
1000068
982800
981856
982400
982136
981952
1003468
1026656
980396
995456
1006368
982336
983120
982004
984624
982928
984028
982592
984440
983080
984060
984460
983108
984088
1035664
982420
982440
1034164
1011256
1029324
1000200
982312
984380
982168
982584
983044
1021184
981356
984260
983592
999972
984272
984112
984560
984364
983912
1033284
984568
1011632
1013044
998620
1012012
982552
984448
983964
982448
982832
981596
1023524
999512
984556
981708
982528
981972
981508
981176
985576
981828
983368
1000436
991072
1001704
1003832
982548
984460
983420
982412
985036
983196
1027328
984252
984188
982192
983628
981772
982584
999664
983656
984256
984236
1013372
981940
1000088
1023840
983952
986076
986472
984000
997748
982284
983376
983736
984340
1002904
983160
982500
985000
981500
984644
983024
994980
1007220
983244
1137336
1000188
986172
984768
984656
985216
984072
985092
983620
984812
983664
984592
985068
983380
984132
982372
981740
985240
1004104
1093584
988416
1011340
983748
983208
982388
984692
984460
984204
998132
983724
984224
983588
985524
983928
983932
983360
985040
1011900
983208
1005148
984120
1010368
1006372
1001340
983668
1005748
982948
986176
984812
983164
985948
984656
985672
984872
984132
984616
985288
999904
985168
991516
1013892
981404
1004256
1029412
1027980
987600
1109696
999508
1001280
984588
992228
1029936
984556
984968
1551048
1042516
986464
985084
998828
983440
1012652
980312
1001788
1005176
988360
986036
985648
984364
985856
984472
984532
983812
984764
984028
984112
1000028
985276
998040
981944
985276
1311132
1051608
1067660
1013776
981120
980196
981376
980808
982220
996352
981184
980340
980408
1000912
996536
981604
994984
980488
980524
1007848
996840
1032644
982496
990396
998144
980304
1007960
983956
999176
997192
985384
982300
984696
983152
1093892
981432
982048
1015740
997708
983344
984512
1007164
1061868
982696
1021812
983148
1016872
983900
983336
998044
982220
982772
997776
983028
982072
982072
980576
981824
1044468
983260
983388
982960
1005852
1025416
985028
1080340
983292
981708
981896
981892
1038212
982224
982340
981140
982488
981408
981728
1050944
982164
981456
1003056
1104960
988084
1012352
981072
1003724
1009640
988932
986816
983800
982540
981568
983020
1040456
984056
981544
1025108
982056
981360
1161168
983128
984340
980968
983212
1011960
997548
1023236
998740
995400
984072
983304
985380
983324
1047196
999716
983248
983216
982100
981512
1042864
998252
984076
983188
983756
1013508
1012424
982072
1009284
983528
982356
1057756
1045612
982540
981312
984560
981444
982612
983232
1048732
983880
984140
982772
983164
981088
1041604
1010992
1003488
997560
1013260
984324
983604
1003904
985704
983064
982808
982980
982556
982456
984312
983460
984752
983592
983216
1045604
983936
981852
1020904
984004
999760
1026660
984000
983744
1002884
982924
998472
984036
984148
1040396
982724
984172
982944
981992
981468
1039592
982308
982296
986812
1037144
981128
1002200
985112
999332
983876
982796
984260
984316
984568
984248
981904
982800
981844
985716
983468
983040
984348
1011720
983640
1012240
1008572
984904
1015248
986684
984352
983960
985312
982520
983600
983592
984852
983812
984432
999356
985648
984488
982252
982404
999940
982144
1012344
994928
1006164
1026992
987032
983864
983220
984680
984000
982068
984896
983788
985292
983128
984092
983748
983828
983736
984880
986340
1102296
996452
999952
1018532
988776
984304
1015712
985856
984260
1003128
998704
984780
995468
984216
982500
985200
983388
983616
986068
1012736
1033144
1012336
986288
1011340
987180
982380
1012924
982004
981960
982104
981612
982540
982648
981532
983020
981828
985352
982248
982896
982856
981664
1016244
980368
995644
1002692
982820
983180
982784
982616
1063632
984612
982676
1027068
983516
984736
982004
981636
1002496
984664
982368
982980
982688
1014320
980796
997888
990644
994112
985272
982740
984540
985440
1002928
982600
999816
985052
983972
984596
982728
982696
981960
1042384
982144
1028384
1009248
994476
1014440
1004960
985372
997724
984024
982288
985024
983016
984956
984436
988336
982320
984332
984408
982784
982456
984796
981484
1005644
1023112
991212
1007804
987416
983528
983684
1000312
1044892
999076
1018432
983372
1046648
986024
983304
984060
982532
983392
981788
984668
985588
1024388
981868
1013684
1073696
981588
982128
981532
981972
981396
 
