Procesando...
  Filtro             : sierpinski
  Implementación     : ASM
  Archivo de entrada : lena.512x512.bmp
4117168
4199416
4232400
4441624
4342952
4441964
4564072
4344612
4310720
4346348
4233092
4236460
4155528
4240628
4199328
4400916
4267576
4189652
4160420
4245488
4167708
4278968
4162212
4246908
4223976
4259908
4267752
4169628
4230088
4215124
4173544
4195916
4274644
4188104
4185152
4280352
4143784
4164992
4216804
4245476
4176136
4157776
4180124
4255992
4150004
4322860
4145192
4268176
4171808
4176076
4182440
4188616
4180320
4166876
4294832
4182404
4183204
4172976
4211464
4213432
4200136
4389772
4168368
4333520
4219616
4182732
4169080
4198068
4220464
4125732
4174300
4173364
4241868
4160080
4262884
4164012
4174000
4175604
4196324
4161432
4204092
4195112
4221972
4230644
4156720
4216956
4183412
4198708
4177520
4181060
4209468
4261684
4175716
4271000
4173348
4246900
4178032
4173844
4215388
5670908
6677852
4349756
4337944
4355392
5026128
4241888
6578896
6798632
4164092
4303124
4359496
4415912
4293700
4173980
4179804
4178456
4334460
4161656
4187892
4169416
4155292
4277088
4172428
4187436
4184344
4171828
4157924
4182952
4253712
4110704
4247496
4290592
4217652
4248044
4180504
4277560
4179276
4187332
4206696
4213128
4229240
4186916
4170488
4184844
4175852
4258712
4187696
4231364
4289148
4183808
4230988
4250568
4179564
4231756
4181660
4204248
4177756
4267592
4240596
4166852
4206516
4264240
4163892
4164376
4183956
4201232
4192048
4190936
4149324
4227368
4151768
4251836
4232156
4167260
4193264
4227100
4266604
4159820
4174868
4259836
4409268
4184844
4206752
5387932
4118592
4086532
4081108
4166184
4082020
4151764
4081964
4159584
4073164
4155768
6644732
4161580
4258676
4214436
4250096
4182468
4263080
4169348
4267920
4231276
4193804
4187540
4262692
4169660
4189488
4259952
4174840
4225380
4191708
4252920
4253192
4178560
4119864
4201764
4311232
4482052
4242024
4235428
4214592
4181072
4228180
4189324
4240532
4205308
4179640
4276328
4188300
4262176
4244240
4316756
4236012
4199664
4174532
4194116
4196404
4167432
4237448
4186328
4280360
4176988
4249692
4156200
4257712
4189312
4206300
4169204
4218052
4289176
4234752
4245952
4173768
4236612
4206424
4182416
4152404
4281728
4262768
4247192
4165712
4171404
4225224
4161872
4178388
4257180
4240240
4293068
4195808
4301700
4256012
4246572
6403904
4197608
4095012
4113272
4179344
4240488
4251600
4160292
4184872
4202736
4169880
4167108
4156736
4184988
4186568
4188232
4154692
4187448
4246416
4189832
4167324
4280808
4166768
4221624
4180940
4212868
4228328
4190076
4262560
4152664
4187644
4435068
4214404
4183248
4169168
4317368
4169444
4256596
4166428
4153140
4234588
6741992
4336192
4120820
4276200
4160604
4187480
4183892
4191268
4241880
4212564
4246316
4180352
4235656
4196120
4198132
4251796
4180620
4251128
4248380
4185592
4252752
4172092
4227496
4328012
4177308
4171140
4225292
4189444
4189260
4174080
4250844
4179208
4235700
4233240
4262908
4184516
4262764
4238640
4256328
4186696
4188256
4255144
4197700
4284872
4185708
4230856
4217436
4252528
4245744
4167900
4178452
4163936
4174984
4222328
4161404
4198772
6230704
4161100
4120220
4090084
4109656
4085028
4090396
4177304
4119768
4108044
4126968
4162752
4072572
4113048
4078524
4202648
4152124
4132028
4164716
4154644
4162976
4099320
4094852
4143092
4203236
4111072
4144492
4159008
4116500
4167464
4214456
4164436
4167640
4075788
4169488
4116120
4112452
4192680
4103196
4149320
4137068
6623324
4081396
4163684
4161236
4109648
4153380
4148780
4083040
4216028
4156472
4161736
4076344
4096824
4084640
4146648
4082952
4126932
4114128
4244772
4304732
4218180
4168152
4231224
4213200
4190424
4175980
4172364
4256820
4215032
4243900
4191448
4200376
4276528
4205516
4181404
4253400
4161844
4199256
4351620
4321596
4252092
4300032
4310028
4316996
4314396
4325192
4391972
4331660
4229720
4150988
4241804
4163548
4318860
4231980
4235156
4269164
4227488
4368780
4279960
4186528
4161656
4127900
4094964
4087840
4150284
4078908
4137760
4090756
4092708
4175788
4075480
4101164
4091412
4091156
4085300
4127088
4147916
4094984
4084912
4086656
4137416
4157324
4506616
4268676
4247752
4287716
4212656
4223512
4179324
4256604
4221664
4217544
4160328
4185480
4226724
4181812
4251528
4186144
4221844
4168084
4261636
4101932
4175384
4219844
4150472
4305692
4182400
4239800
4160276
4169804
4214128
4181184
4198080
4296036
4193444
4242328
4193004
4235772
4172436
4206020
4196768
4352096
4177860
4217808
4156232
4256920
4169952
4238868
4164424
4234684
4237400
4147556
4232868
4398272
4239440
4242224
4181680
4231884
4187996
4185268
4177720
4244104
4150872
4181496
4259552
4329916
4234112
4181220
4231700
4192652
4177200
4081604
4158504
4159160
4137356
6483176
4456236
4154568
4188048
4225408
4194540
4233148
4230504
4206112
4242044
4234476
4235456
4165960
4245732
4216108
5854116
4155956
4238888
4226932
4186628
4170860
4221168
4171040
4208508
4230608
6565768
4301884
4203248
4197924
4194276
4207708
4177108
4204008
4244456
4197528
4207568
4242832
4227544
4210440
4192440
4172104
4183420
4289012
4167460
4359028
4165608
4230616
4248512
4172804
4227360
4163228
4193932
4219640
4196260
4171092
4167164
4259976
4127476
4347872
4170692
4155752
4262196
4223432
4183548
4160900
4196556
4214612
4182656
4179472
4206424
4172528
4193564
4185028
4178200
4172980
4140484
4194340
4163864
4408580
4173932
4213708
4202960
4134240
4312584
4154372
4254772
4162376
4172748
4912284
4240448
4440768
4241148
4199480
4181216
4169944
4172432
4171428
4193400
4089520
6591056
4102296
4098596
4142752
4145516
4083440
4191480
4160440
4079724
4172628
4076204
4148092
4160892
4176852
4080888
4123896
4177496
4099336
4182748
4092348
4209068
4250240
4245524
4360740
4187896
4234856
4304036
4164116
4163892
4163300
4164860
4162516
4165716
4142352
4330020
4302900
4242520
4171172
4150160
4197732
4279820
4167096
4242920
4170544
4285008
4194180
4178996
4230404
4178824
4262816
4166516
4239452
4154988
4160268
4224612
4245836
4193488
4259596
4170912
4216184
4304284
4173884
4238460
4186240
4211976
4256904
4159328
4105592
4195444
4214584
4247340
4252944
4168636
4227420
4260584
4190788
4169696
4171840
4257184
4173380
4413864
4252944
4167180
4233544
4226936
4140788
4155288
4236564
4235564
4184136
4255252
4228340
4180524
4276212
4266332
4184240
4166160
4204688
4174756
4272180
4248568
4227780
4341528
4171524
4312336
4297764
4211600
4217284
4248260
4197056
4236444
4265112
4177288
4213012
4169456
4164432
4233556
4211800
4254820
4184236
4235948
4182528
4251948
4206084
4233020
4153492
4228324
4195620
4250828
4155812
4253788
4225404
4262884
4187096
4245024
4271732
4256480
4230700
4276616
4254000
4251252
4168556
4284664
4265084
4177940
4217576
4183760
4270516
4194856
4182732
6058548
4145844
4193584
4089724
4075120
4089752
4177308
4177244
4067360
4172076
4160368
4137272
4172596
4156684
4079196
4172112
4177852
4185012
4248076
4217152
4090856
4163952
4223348
4159812
4088660
4159076
4193620
4289596
4192888
4222896
4100260
4125572
4182012
4088692
4133616
4110412
4175020
4144684
4172664
4069852
4145480
4099940
4101756
4089812
4083980
4084760
4097004
4094304
4185632
4088504
4207788
4159380
4167176
4072256
4112744
4111940
4152548
4085296
4081960
4170824
4215652
4151148
6556336
4327312
4395512
4169872
4154304
4153352
4149564
4204716
4179836
4152216
4101432
4163092
4179532
4180504
4166264
4076464
4168588
6409688
6649168
4243240
4298992
4151564
4274184
4430792
6246872
4225172
4175376
4264244
4266300
4228052
4231560
4190476
4137008
4083608
4158776
4074308
4108864
4090400
4180656
4090776
4214128
4211732
4237772
4145960
4144112
4068432
4146344
4165824
4096584
4087212
4242852
4198072
4204360
4223480
4271324
4198836
4201976
4211264
4176272
4154060
4200064
4181584
4226908
4224616
4171976
4247508
4172420
4255112
4180404
4329760
4227416
4272056
4145696
4239496
4297876
4217308
4250476
4354468
4244028
4170480
4268064
4248556
4254116
4205564
4225176
4251008
4245084
4152700
4172524
4307588
4325604
4327836
4245104
4172176
4208632
4095800
4273564
4172224
4172260
4225080
4110940
4167016
4225156
4241540
4205952
4168228
4238968
4167280
4187992
4194024
4249976
4222788
4174660
6192768
4244160
4157808
4222112
4234136
4290452
4179708
4249052
4231136
 
4174504
4174080
4309316
4158320
4221144
4231508
4278724
4157616
4139792
4223048
4242660
4322396
4148904
4191472
4221352
4282568
4185924
4179520
4179608
4245560
4262324
4177880
4166536
4210028
4174872
4182324
4183808
4199740
4311720
4173208
4190160
4239992
4253396
4292636
4234700
4205504
4182340
4226200
4246776
4326032
4127012
4243624
4165012
4253864
4191824
4181100
4176968
4165540
5802520
4182052
4217896
4122712
4227544
4157444
4196864
4203424
4174068
4250944
6460532
6051448
4116924
4081280
4082272
4166704
4122192
4214760
4164664
4248352
4183360
4245056
4222468
4175788
4266224
4261648
4172484
4179472
4154992
4243928
4251472
4189584
4264980
4174628
4281752
4193384
4145188
4259228
4332660
4164572
4294228
4178652
4175612
4298328
4169356
4273652
4146768
4171652
4115968
4497192
4242880
4192640
4174752
4155108
4215772
4253448
4180744
4176496
4270212
4433992
4189520
4224124
4168204
4180712
4190356
4246012
4193476
4234724
4146580
4203780
4268632
4175736
4174060
4259004
4218784
4253872
4170000
4247460
4179056
4263184
4152576
4173112
4164908
4184416
4180156
4247652
4234284
4270516
4146080
4284216
4193444
4178852
6804560
4144604
4097360
4136356
4087256
4078320
4210764
4144904
4092684
4082320
4162864
4181028
4246964
4169124
6845728
4160104
4156340
4196396
4162516
4202652
4222048
4226372
4198392
4187712
6581204
4226804
4158140
4173464
4174612
4209944
4168944
4180380
4187412
4201636
4244828
4211012
4255868
4324408
4168764
4188592
4218652
4225356
4398276
4179024
4220432
4172204
4247764
4157064
4177056
4151664
4235752
4167704
4257000
4197540
4186096
4201856
4184048
4185512
4162016
4184788
4280836
4163408
4148616
4165544
4272712
4316000
4164248
4346056
4218092
4177324
4221324
4171896
4173736
4241012
4264848
4182128
4235088
4177204
4199476
4212288
4158344
4180144
4204944
4164476
4214384
4218288
4190676
4178188
4200348
4131580
4225260
4202652
4287564
6693544
4152360
4075128
4175232
4075520
4115092
4106764
4080440
4118528
4139532
4145036
4252888
4164632
4179012
4210532
4185260
4169592
4237248
4254928
4166660
4204296
4247844
4236860
4151024
4195168
4183408
6830996
4090640
4204088
4125684
4095672
4095236
4094664
4148548
4084716
4178968
4171596
4158420
4128344
4136664
4234556
4086388
4140404
4084524
4098680
4140868
4109824
4151936
4091596
4171860
4103096
4092992
4077688
4088476
4140516
4093972
4099128
4090876
4134752
4096084
4230984
4201324
4163892
4180536
4188076
4341148
4313796
4306884
4254232
4279840
4184736
4236504
4232256
4145260
4246688
4340776
4220784
4250976
4268500
4196792
4318576
4331332
4326192
4219440
4067252
4105936
4222504
4142304
4069352
4085396
4106828
4234692
4191912
4260804
4870912
4149848
4090020
4075140
4216140
4089132
4077720
4083984
4104624
4089448
4110280
4095132
4154672
4139492
4452004
4233404
4156880
4159900
4182008
4242336
4236344
4308212
4204468
4185500
4172364
4270000
4199888
4209024
4165208
4267492
4173784
4208100
4193132
4223784
4234944
4161696
4175704
4169996
4191828
4159048
4160488
4162460
4198992
4247700
4280916
4143984
4224576
4267656
4250940
4248640
4189704
4159276
4150592
4173924
4331168
4176832
4211652
4274848
4189996
4158264
4334392
4196832
4171536
4181732
4174980
4164852
4280216
4275544
4193608
4162084
4245792
4237532
4115188
4266408
4248612
4180848
4154852
4238512
4204688
4172368
4164100
4242744
4263652
4314012
4158624
4323924
4167052
4235672
5603792
4593968
4083004
4073684
4197652
4078380
4223712
4084300
4070588
4227852
4089404
4137004
4107592
4078972
4088448
4152028
4171352
4121996
4142508
4207484
4185324
4081700
4165064
4098928
4192748
4141496
4087428
4081316
4267012
4169000
4086596
4085856
4143292
4183096
4285740
4250052
4276880
4213588
4182656
4305728
4346696
4303156
4190456
4362496
4358552
4243832
4188452
4257928
4217668
4260044
4165572
4157868
4247308
4181228
4262636
4170236
4225248
4215144
4201192
4227304
4279680
4271540
4176788
4157228
4276112
4135548
4253936
4244348
4143484
4172932
4165388
4246912
4249356
4345972
4325416
4228868
4252676
4248808
4250612
4239344
4270152
4313876
4190124
4161916
4221936
4208788
4251444
4284464
4197476
4178040
4183632
4212660
4161684
4142188
4159908
4238508
4226196
4172056
4220320
4205984
4164948
4218040
4178068
4157956
4153716
4220816
4278576
4183628
4233016
4189552
4208944
4170832
4169836
4184980
4176912
4302496
4246652
4201320
4168688
4229740
4251268
4260324
4205488
4295324
4246248
4236272
4211756
4199804
4185844
4236880
4206040
4182496
4159352
4222220
4186924
4251624
4265896
4185184
4182156
4186244
4188288
4234588
4225592
4172692
4264760
4166176
4237764
4186412
4279124
4227032
4169836
4189396
4241804
4224372
4181796
4234776
4301244
4170884
4329176
4146196
4225656
4255360
4295832
4165764
4216760
4161780
4277176
4179888
4323664
4181100
4259276
4224224
4252076
4190872
4266500
4284584
4246728
4284304
4198188
4244580
4176836
4180004
4264864
4189352
4240276
4283220
4279324
4333004
4292296
4234864
4248904
4241404
4204388
4260592
4313668
4321508
4270160
4233004
4355488
4248856
4173604
4169336
4267284
4270256
4176444
4227404
4195136
4173044
4175840
4169680
4183684
4069372
4207520
4250508
4160172
4208580
4264120
4198120
4218216
4162428
4260224
4256520
4259904
4147544
4180284
4154864
4285232
4202712
4199976
4226072
4170020
4269760
4270172
4158620
4161088
4111840
4141852
4190252
4095296
4109288
4176168
4461672
6130620
4146076
4080772
4102260
4089848
4219672
4236164
4156168
4261352
4208820
4271776
4170908
4239456
4242160
4206080
4249552
4188164
4247988
4197148
4290512
4186096
4238828
4174976
4159640
4232840
4167736
4199716
4237856
4216944
4235548
4279776
4174884
4227540
4241968
4183192
4259128
4178984
4201988
4265908
4185824
4194840
4246224
4235896
4187104
4274824
4232108
4226384
4235312
4281108
4269144
4245972
4262868
4195620
4293400
4317328
4307164
4335096
4366128
4336980
4294408
4250288
4229440
4341944
4229656
4099736
4132000
4272332
4192512
4171292
4221372
4231020
4223980
4166364
4190776
4172760
4233756
4260616
4208816
4244936
4103876
4155932
4390016
4188536
4223980
4241540
4335012
4208380
4295076
4230688
4148288
4191368
4285056
4244456
4178880
4240480
4245208
4209160
4149248
4241220
4158692
4246412
4217480
4239864
4174744
4244148
4280928
4216316
4084840
4180524
4230704
4175160
4139756
4238312
4166992
4164052
4259008
4181080
4168396
4172408
4243304
4211868
4195868
4166540
4258440
4209356
4207500
4260688
4252196
4278504
4178736
4188652
4250684
4272796
4246164
4257276
4188384
4232148
4298788
4257500
4181628
4223628
4260412
4164976
4232168
4160632
4191552
4183056
4196896
4166224
5793364
4101080
4084792
4069360
4067156
4247808
4280216
4237876
4249264
4338372
4255336
4200956
4177604
4164284
4267332
4205964
4264568
4141184
4254912
4160036
4173508
4274384
4168832
4254276
4216332
4205368
4169564
4254188
4230780
4170564
4256752
4196452
4197220
4119692
4177336
4198420
4332176
4142616
4317336
4158816
4358080
4174676
4293844
4169268
4169548
4226784
4188804
4179940
4164696
4180448
4297076
4173652
4255232
4180988
4220960
4258632
4166636
4154216
4179200
4176716
4296888
4176140
4176508
4207392
4264332
4185008
4173324
4252128
4275128
4257756
4191060
4251604
4333476
4271832
4247112
4160656
4250936
4179292
4218920
4265084
4176100
4167640
4276836
4227892
4290932
4174048
4245524
4172292
4240536
4272008
4210384
4192140
4230940
4285660
4180876
4255228
4168364
4183832
4098000
4173596
4086652
4085284
4172268
4175504
4132696
4166944
4155456
4228080
4080580
4178004
4069336
4179880
4171176
4150720
4179112
4089684
4187584
4110516
4181604
4082460
4082272
4078424
4110416
4164288
4078144
4149656
4161900
4219896
4069772
4232544
4125852
4169240
4102728
4070748
4189504
4073084
4231860
4084740
4089108
4082904
4083164
4152708
4093760
4113932
4129968
4107208
4217304
4099032
4122272
4082592
4077300
4113064
4108820
4083352
4108036
6895112
4153036
4174332
6759960
6532208
4344984
4261752
4184648
4293000
4253604
4171548
4209124
4152732
4146300
4169508
4271260
4238896
4173948
4178436
4217880
4214188
4265076
4234448
4212524
4235624
4208056
4232664
4217220
4170616
4199388
4299664
4243792
4162536
4166164
4302712
4188892
4240324
4243580
4266192
 
4147772
4425712
4241588
4249156
4167288
4267188
4170088
4181712
4174988
4213676
4248060
4256348
4231752
4174512
4250368
4207312
4172456
4176116
4206472
4171924
4156040
4171060
4254868
4167520
4200880
4262508
4202044
4231692
4170032
4170752
4168476
4245168
4188784
4168884
4213180
4211652
4179912
4202260
4176788
4252776
4178584
4239644
4240108
4130588
4292912
4173372
4175520
4169260
4175620
4209344
4185044
4219748
4121508
6740772
4289028
4264336
4188756
4209516
4210764
4127604
4215776
4407236
4182004
4190052
4194900
4197836
4252996
4269852
4212700
4208676
4167976
4178840
4264996
4180696
4222384
4185348
4274808
4213180
4267980
4176728
4218736
4315172
4188996
4257112
4173740
4174140
4134500
4192668
4165224
4174744
4174568
4231764
4278724
4256960
4259736
4227600
4249448
4234508
4306740
4269100
4314772
4504028
4302576
4306800
4412928
4319920
4364308
4240380
4308188
4237524
4161856
4273024
4118060
4115480
4137712
4188704
4203828
4228056
4136684
4095744
4154240
4127864
4094224
4092460
4140680
4395324
4169272
4086136
4145404
4142500
4152748
4164576
4150960
4093428
4068616
4089224
4171628
4218428
4229680
4199960
4204436
4189912
4286060
4177304
4176244
4187104
4252172
4179888
4265908
4223876
4280372
4245536
4173144
4163692
4175744
4179792
4385108
4258076
4201100
4275716
4239280
4157192
4256620
4168452
4187692
4255788
4167552
4162992
4363988
4305944
4182928
4338788
4188980
4174364
4279328
4174008
4171192
4162272
4234092
4186840
4286288
4149776
4182080
4321568
4345852
4197968
4203144
4185324
4177716
6571628
4121964
4158072
4178216
4082248
4133984
4093428
4119252
4137012
4128572
4111192
4136020
4104124
4139408
4247068
4264016
4187140
4267060
4157852
4165364
4153076
4170128
4372472
4264664
4224980
4166348
4341576
4246296
4323164
4175392
4268452
4254384
4175472
4268952
4197184
4159488
4245300
4264372
4204792
4195160
4162736
4175500
4195308
4193928
4234164
4281180
4231240
4206204
4189820
4262404
4188692
4191056
4128816
4177564
4160880
4266524
4159556
4287208
4161048
4181000
4254856
4164576
4166324
4278844
4170708
4244056
4170804
4345952
4282532
4327052
5025024
4397436
4150400
4128928
4236440
4087216
4099972
4206508
4102024
4079224
4163044
4732444
4253248
4195336
4161604
4180156
4174228
4306816
4168800
4236188
4243876
4250748
4228200
4198412
4191036
4271732
4176404
4178716
4180992
4277208
4203360
4225060
4181620
4182064
4158720
4182380
4153276
4164304
4187780
4186656
4215420
4331240
4241896
4168656
4252096
4153996
4268992
4320056
4172192
4158672
4230820
4233088
4262900
4182724
4168752
4182324
4210376
4186580
4168316
4223188
4175084
4182852
4258152
4186728
4158356
4174124
4198868
4173076
4247828
4164484
4281552
4180080
4247156
4261828
4219452
4284268
4181952
4174212
4149060
4298428
4251296
4182048
4140972
4173224
4239420
4206564
4214528
4248476
4177508
4231664
4191612
4181920
4185336
4206372
4147032
4282956
4250356
4254208
4254192
4188624
4190196
4190464
4152096
4243168
4172616
4258700
4170648
4198588
4225816
4162936
4259028
6635540
4221824
4186028
4173676
4232056
4192256
4160728
4177096
4246492
4238536
4346100
4249416
4252748
4177800
4250384
4228540
4238080
4253496
4227780
4243092
4178344
4292364
4186476
4169716
4212512
4288168
4226908
4255092
4180512
4170820
4251072
4168552
4278556
4166200
4179420
4277820
4174112
4276824
4166524
4276496
4172500
4176580
4278468
4259652
4157864
4160740
4366580
4261452
4266360
4179936
4223264
4239552
4219556
4182648
4327808
4256128
4336024
4250416
4151536
4174096
4239876
4335432
4171024
4259800
4145936
4197424
4191200
4251732
4528308
4201188
4254192
4182420
4215532
4153508
4358804
4223448
4156612
4212712
4170540
4252788
4258152
4182696
4187560
4175504
4229084
4235140
4335604
4258484
4194364
4241488
4204448
4235224
4175976
4175508
4317816
4179908
4168152
4167208
4175692
4213968
4190864
4189956
4174464
4285704
4205596
4257780
4224692
4302000
4237600
4265156
4247344
4318356
4231844
4247156
4483108
4310068
4144356
4239556
4237680
4449252
4312900
4312948
4155128
4226280
4328916
4190000
4166692
4177764
4300620
4170716
4157748
4230680
4161544
4235340
4264760
4172676
4268732
4223672
4202360
4240288
4163168
4244520
4162924
4635424
4216888
4171248
4251188
4170952
4257476
4068836
4190468
4216736
4282916
4860772
6488800
4156268
4173140
4214420
4104312
4161892
4143820
4076776
4178844
4158572
4098072
4066264
4090480
4091128
4096284
4083240
4089168
4140016
4122316
4149420
4086088
4158844
4228964
4140536
4139128
4149392
4214692
4107504
4127324
4226776
4195664
4190552
4263168
4316764
4242568
4221600
4131852
4299752
4319592
4289172
4225484
4239724
4240464
4170688
4240296
4419924
4227092
4201012
4244132
4184164
4178204
4190308
4186816
4177844
4168080
4184984
4232552
4190164
4254932
4171272
4158832
4179664
4170896
4093316
4197328
4325020
4174388
4180992
4311784
5362832
4199328
4273320
4165544
4155364
6233944
4080980
4121324
4086252
4135512
4080624
4106532
4106036
4132508
4128284
5729528
4104336
4142320
4106344
4069148
4079860
4093584
4193912
4080932
4108772
4150756
4114928
4088920
4173824
4155004
4190952
4227144
4180600
4173056
4251744
4184252
4264260
4167176
4201568
4166356
4287088
4319788
4166124
4183536
4243948
4247540
4173716
4187584
4164068
4252732
4160608
4301448
4223716
4254436
4160972
4292032
4184976
4180128
4140944
4263796
4203140
4185844
4268052
4222084
4155904
4310196
4178036
4164068
4160016
4204544
4208512
4166732
4250728
4168132
4188376
4274840
4172220
4153532
4170188
4202288
4258596
4262304
4169984
4177012
4184900
4178836
4276380
4167884
4246536
4255740
4155680
4190496
4267844
4252008
4215480
4091884
4198456
4310548
4143596
4192268
5952660
4173808
4180560
4190488
4256704
4172476
4224196
4182688
4167940
4205876
4153836
4236976
4399300
4195780
4201412
4220272
4220404
4174812
4221528
4182120
4174056
4164844
4234440
4172204
4278448
4183232
4196152
4171240
4170856
4187156
4167028
4173896
4252948
4207816
4220740
4210612
4147324
4167332
4276776
4169044
4171184
4169692
4127056
4158700
4204116
4190584
4163140
4254092
4232256
4250232
4172232
4156696
4197380
4160976
4205724
4177680
4197964
4175640
4179512
4156568
4208784
4222464
4240164
4166492
4157668
4193200
4156388
4163308
4220216
4175036
4200544
4201936
4180728
4197768
4219192
4227004
4178088
4272480
4209080
4177004
4262532
4153880
4175572
4177164
4173576
4152700
4178332
4175816
4188220
4197512
4183108
4177136
4205976
4298144
4226568
4218816
4173164
4233472
4167372
4192172
5511004
4225032
4211888
4211896
4104480
4210652
4214384
4249052
4160872
4182900
4141208
4199588
4281300
4170868
4205696
4180692
4202828
4198636
4177216
4225244
4176328
4278060
4236792
4177364
4191428
4181532
4213924
4192340
4265468
4241440
4184432
4206348
4167460
4145868
4180732
4202396
4301208
4188420
4209448
4171492
4215092
4210168
4178504
4211564
4175540
4208232
4199224
4210012
4175900
4167596
4220820
4266888
4164144
4165172
4202968
4170448
4206512
4214940
4184484
4194332
4199232
4233228
4185984
4278828
4167072
4235428
4189376
4171304
4207108
4154204
4206896
4222912
4158696
4226056
4157456
4154808
4215480
4177216
4276740
4175772
4171428
4166820
4160992
4172764
4222448
4260864
4217708
4239568
6149204
6710444
4175472
4233152
4209304
4090132
4133472
4453612
4261680
4175764
4219564
4230804
4258332
4167188
4174136
4181128
4170036
4262100
4182956
4230124
4240676
4225624
4208336
4231324
4238912
4182624
4157024
4237588
4166228
4244572
4215272
4210008
4160332
4236044
4261244
4255344
4289212
4260512
4235680
4250088
4256224
4271364
4144952
4197564
4208144
4204980
4273696
4230160
4235644
4172584
4210292
4251460
4245584
4157872
4221972
4187580
4180912
4257104
4279976
4091732
4277800
4189392
4219104
4167772
4093492
4277052
4175452
4175544
5165920
4144672
4209072
4165448
4201856
4167008
4244348
4177876
4178540
4172884
4176760
4241500
4199944
6550848
4146196
4118656
4110724
4130980
4159128
4072792
4087772
4188132
4159728
4136480
4069272
4143552
4204136
4089968
4092600
4074876
4170124
4104160
4177372
4074580
4069544
4126904
4135500
4085920
4074864
4090520
4199420
4110488
4078196
4079536
4080544
4085120
4097448
4136968
4173468
4099808
4218600
 
4076396
4083924
4230616
4079164
4115328
4139724
4098464
4069688
4082332
4211616
4078368
4145996
4148340
4253804
4148616
4080124
4245524
4071108
4183616
4091768
4089848
4198648
4107600
4280528
4195292
4342432
4315756
4147652
4265856
4232040
4216316
4141536
6525704
4216992
4230872
4199464
4287884
4219464
4202072
4161640
4189380
4211368
4291896
4554200
10414632
4161972
4249724
4184296
4185852
4173540
4242860
4285612
4258036
4270424
4240588
4177464
4182860
4234012
4347288
4324476
4347592
4250428
4277316
4169740
4255504
4171584
4218276
4181756
4248048
4197516
4174516
4262120
4190000
4262996
4140892
4089632
4096560
4120652
4086948
4092228
4165872
4125484
4186472
4066296
4075920
4078020
4146732
4090508
4157240
4067648
4177112
4174944
4092372
4089596
4085716
4255800
4245176
4089764
4145312
4178108
4083420
4117524
4096576
4093532
4094536
4145876
4159924
4083076
4139816
4074780
4158552
4173344
4147676
4369668
4161636
4108264
4100764
4296200
4234740
4211548
4182696
4212552
4344372
4211188
4239204
4368488
4270520
4247756
4157004
4153328
4300480
4188132
4263680
4225120
4243256
4183884
4171936
4290920
4193096
4187832
4229884
4237092
4259348
4228912
4169712
4295656
4184424
4177536
4256452
4158032
4267952
4187096
4177068
4152856
4233832
4297300
4238464
4238184
4188416
4178884
4198004
4260716
4219264
4225744
4172064
4232056
4172000
4167940
4173900
4190300
4270680
4189080
4250488
4253492
4285292
4185796
4174636
4235104
4165460
4272140
4262368
4203936
4185932
4215232
4168088
4190244
4223968
4163844
4163192
4113292
4170600
4258936
4174896
4199140
4235240
4259892
4175288
4189656
4221936
4168388
4266064
4169592
4172776
4171724
4187116
4342964
4344112
4360888
4225240
4203404
4168504
4444044
4202152
4220244
4191140
4174656
4304048
4327852
4424588
4166756
4189428
4243172
4367176
4180860
4163580
4185512
4171892
4237644
4087948
4178244
4072344
4092576
4254644
4268460
4182904
4173612
4188876
4221672
4178520
4083892
4165140
4243712
4294844
4183244
4166940
4170824
4271968
4207752
4305528
4245212
4138260
4212948
4257124
4177504
4215632
4231792
4228912
4173564
4240436
4235368
4263756
4188196
4217836
4224328
4218052
4167716
4227932
4229232
4234084
4170852
6261580
5063448
4099152
4172956
4086356
4149184
4235576
5500876
4207568
4224320
4190996
4232248
4219472
4167148
4436424
4115852
4149340
4174884
4086068
4170448
4157936
4143560
4159304
4142820
4120688
4118272
4121972
4090408
4091484
4215436
4202284
4163708
4079912
4084916
4080388
4211304
4083340
4146204
4087708
4214308
4235884
4159104
4156732
4167648
4281392
4287644
4272008
4260368
4148896
4253848
4247320
4154192
4155728
4175856
4238460
4235716
4346816
4170404
4184144
4353024
4154776
4285332
4179112
4159708
4158976
4123356
4257520
4235104
4208484
4292176
4183596
4226944
4152800
4243296
4259088
6610152
4202444
4417688
4217524
4185228
4154020
4187792
4277048
4145348
4299932
4164092
4188280
4211088
4226972
4164780
4239808
4228412
4208368
5989256
4193116
4165224
4217840
4178628
4229784
4187392
4172184
4265416
4186556
4232468
4228880
4173216
4165636
4229700
4182712
4190680
4227860
4185100
4257252
4162664
4163200
4282356
4171244
4188416
4167724
4181244
4180240
4171896
4169160
4288024
4230992
4170980
4207708
4194236
4195080
4165900
4171572
4193480
4209116
4171448
4153436
4229984
4232296
4242920
4155980
4235376
4169692
4246444
4147204
4189680
4261348
4166640
4262020
4280280
4174196
4168420
4218204
4219184
4216600
4169776
4180936
4187060
4172216
4240060
4232956
4144092
4216536
4238912
4180348
4182200
4174252
4129772
4266984
4256052
4196804
5422852
4252520
4196128
4238744
4169872
4272192
4167760
4289504
4118128
4211956
4213544
4217024
4208348
4261712
4283912
4260864
4126468
4205880
4182284
6453336
4199112
4207136
4172384
4216200
4170984
4225804
4203628
4273628
4083528
4090056
4149412
4169364
4094304
4148936
4116448
4097868
4153708
4126532
4162560
4074744
4134056
4198836
4185092
4169408
4215092
4280852
4169712
4244788
4191160
4239768
4201516
4238620
4170280
4256616
4145276
4278476
4165208
4256052
4166208
4240064
4294748
4178068
4184740
4181444
4251408
4192312
4149680
4181816
4157124
4304116
4180752
4274900
4170632
4229644
4231688
4145384
4309616
4241652
4246848
4189516
4269676
4180380
4186432
4150944
4166304
4166120
4227732
4237532
4126696
4181020
4218848
4168388
4186776
4159976
4269804
4130236
4229036
4423596
4165044
4200940
4314020
4119160
4239500
4190956
4168592
4289328
4218648
6584192
4197208
4264408
4255744
4329192
4288520
4239804
4117112
4085788
4156844
4168964
4182468
4137752
4140716
4161600
4235528
4163440
4184016
4252032
4173728
4264008
4185836
4306320
4247708
4191020
4192752
4180720
4179244
4240948
4174704
4182344
4239096
4176500
4185356
4224760
4180708
4273124
4275104
4254172
4172648
4175032
4230904
4196284
4190060
4152784
4225188
4237432
4318140
4257064
4235028
4265028
4169648
4258312
4246312
4274956
4247232
4290112
4183096
4310220
4248300
4282036
5483520
4146424
4079616
4083776
4128876
4141344
4077392
4080888
4245692
4190748
4262872
4146040
4241656
5777348
4208856
4214228
4214928
4168244
4143772
4212724
4336916
4232068
5165116
4265500
4171900
4165888
4189424
4225560
4211800
4251124
4183688
4180432
4352308
4256748
4320544
4206004
4244648
4229184
4257128
4244592
4199160
4314340
4237020
4200436
4226960
4126988
4230760
4165156
4251912
4240812
4195660
4166548
4174976
4151320
4182748
4224492
4250036
4272504
4170992
4242980
4166828
4270500
4177792
4317360
4164448
4196332
4183972
4302892
4233756
4224968
4234064
4290216
4182160
4166460
4245968
4165204
4243804
4202660
4247132
4175940
4172948
4195740
6333636
4143712
4092588
4091920
4170912
4135288
4086488
4147668
4090040
4222852
4151632
4079928
4150088
4177472
4142528
4209268
4083284
4089544
4147264
4143456
4164116
4094400
4177604
4120052
4089876
4085816
4138932
4146908
4166212
4091060
4139040
4149152
4227196
4210924
4156472
4165944
4154920
4261632
4218060
4230068
4093640
4306404
4210380
4165160
4082728
4236424
4372184
4245672
4212592
4256244
4240920
4246860
4174148
4181600
4159784
4187508
4256756
4203500
4235264
4255444
4128976
4269532
4257368
4171328
4149560
4298736
4184568
4191544
4167076
4169584
4231456
4297532
4195444
4271008
6796524
4090868
4117052
4124840
4085288
4078492
4109716
4270588
4179304
4172448
4589400
4175440
4318892
4173052
4156284
6457028
4242052
4273304
4294764
4159384
4273772
4210912
4234864
4204136
4284308
4180532
4231144
4195816
4228792
4180552
4176840
4164988
4230028
4224548
4172864
4229396
4307500
4154200
4240764
4167628
4310360
4284912
4156312
4176992
4215528
4249672
4177440
4173600
4159340
4170624
4298192
4192964
4238744
4235048
4189788
4199296
4170044
4188596
4179156
4228864
4168236
4185232
4254032
4195664
4180304
4218000
4183144
4170504
4159256
4188668
4182620
4260448
4172268
4140532
4145224
4120468
4076800
4199660
4165624
4215428
7172036
4125612
4241460
4163740
4168912
4280200
4173668
4252920
4191784
4208020
4252900
4229512
4184960
4170680
4267096
4264544
4080812
4240356
4345256
4229192
4171964
4205516
4201196
4305148
4280856
4155828
4168704
4277904
4184592
4217900
4175940
4188944
4173036
4236820
4251516
4171840
4239444
4196244
4238412
4244356
4179472
4223488
4170388
4198720
4172592
4203244
4150868
4176672
4172252
4184316
4255796
4297832
4264316
4188472
4189672
4244896
4225120
4170312
4196576
4266364
4156600
4269940
4187488
4207688
4170464
4220356
4154316
4186704
4306532
4179736
4093968
4173148
4236912
4260144
4173152
4223160
4246424
4255860
4238780
6530868
4197944
4149424
4124072
4094860
4304204
4283036
4084188
4120660
4169248
4124652
4081620
4074376
4120708
4166548
4177180
4103248
4087300
4118296
4182736
4156248
4085852
4148656
6827496
4094776
4143564
4086340
4085268
4109600
4158120
4136852
4072764
4229440
4089020
4091024
4091712
4157388
4140128
4243340
4177380
4177768
4162220
4176112
4287628
4228724
4081760
4160060
4318812
4250876
4161984
4088136
4216256
4195912
4153716
4277132
4205952
4183244
4196444
4101068
4246076
4134724
4237244
4185896
4319488
4170584
4260580
4174288
4291556
4186344
4236700
4159604
4235448
4272908
4180868
4197056
4182112
4231604
4270368
 
4131132
6158412
4171716
4198064
4239588
4165248
4136844
4264248
4225108
4175300
4161076
4236004
4318768
4278572
4171928
4142340
4234296
4077248
4179336
4293284
4305608
4209612
4250552
4119184
4161880
4244424
4308032
4171568
4183904
4101608
4085508
4128132
4152720
4088960
4112836
4118552
4101104
4190452
4260288
4152780
4150024
4250104
4341412
4193832
4185900
4302888
4260220
4205528
4209496
4146864
4232092
4203476
4183880
4322112
4267888
4174788
4206604
4192704
4293144
4161264
4131664
4163704
4190892
4153636
4301912
4200252
4172380
4275572
4159616
4177612
4229844
4188636
4276628
4254060
4269972
4196380
4265632
4271220
4172212
5214508
4110060
4380848
4260548
4180032
4174052
4254136
4272452
4240464
4260908
4312636
4238236
4363028
4328024
4346792
4152524
4284828
5765936
5926288
4145660
4075088
4225192
4092948
4195380
4087632
4085072
4096400
4175680
6563324
6716072
4097484
4164988
4133308
4174052
4209704
4167884
4266528
4165272
4172972
4160236
4167168
4285928
4246388
4202996
4142916
4315632
4233644
4229748
4209676
4167332
4257208
4159928
4228324
4149772
4184456
4135784
4099412
4098944
5229748
4084800
4164648
4093584
4096032
4086736
4150736
4133464
4099388
4091656
6582928
4182132
4155804
4182948
4143324
4083784
4188684
4114836
4160480
4290308
4173480
4159144
4090732
4239012
4203740
4151120
4120164
4190880
4157612
4079900
4182472
4108380
4141008
4203264
4215988
4081932
4150792
4084968
4331488
4118800
4344100
4134152
4168288
4247588
4337132
4245848
4265252
4155636
4234516
4268908
4268868
4235892
4245396
4173876
4367260
4306820
4333176
4339100
4354184
4186484
4178400
4241060
4171120
4227540
4352108
4354672
4366048
4187064
4252656
4204904
4201424
4181772
4174072
4208016
4253348
4222976
4250036
4215704
4152708
4144972
4237792
4247916
4160036
4162996
4209920
4170932
4230496
4131352
4171992
5959472
4082860
4185356
4089628
4077352
4219108
4253760
4245140
4151572
4192980
4197232
4237060
4224172
4152004
4197960
4279476
4168852
4185948
4269996
4261724
4173664
4277172
4166652
4227912
4250952
4102436
4218036
4219132
4202680
4302340
4177128
5980556
4187068
4193620
4234256
4175624
4185568
4140936
4228628
4322104
4199008
4204332
4179252
4261380
4230264
4176988
4212100
4168928
4218956
4204188
4207420
4179472
4205164
4188548
4172624
4204100
4175804
4194788
4197836
4166892
4240712
4161124
4234252
4218952
4203492
4231680
4196728
4167836
4165776
4229348
4188244
4141548
4203700
4183280
4169224
4234692
4238212
4167492
4204276
4168304
4180896
4305472
4327096
4207660
4207052
4174156
4166044
4194004
4143684
4198220
4190272
4380336
4162164
4115468
4129992
4183128
4079396
4232600
4135588
4076308
4170284
4183336
4239424
4175436
4155812
4162164
4190320
4182712
4159096
4168892
4153268
4203332
4197904
4197416
4221948
4163744
4189928
4194368
4209576
4184240
4170904
4205968
4221800
4164168
4115452
4147596
4195764
4212912
4162256
4194080
4221700
4225516
4152688
4172188
4166532
6621620
4184752
4114212
4141100
4135072
4113176
4124308
4087372
4091740
4219772
4260884
4176736
4218032
4237016
4214832
4212120
4182692
4157176
4223028
4158668
4249184
4136164
4209428
4139900
4228640
4233716
4181704
4195364
4121480
4269992
4169536
4264616
4175056
4144752
4282616
4166904
4244264
4146232
4253632
4174052
4194912
4153696
4234664
4122036
4206568
4224780
4172664
4304000
4270264
4181024
4171152
4239672
4182580
4163628
5028620
4172808
4211776
4068624
4125544
4091704
4179796
4101904
4074844
4103788
4081536
4085444
4082188
4167976
4125804
4089360
4078460
4104488
4160892
4125676
4083332
4094536
4185136
4084984
4128052
4093680
4078348
4173120
4215544
4091832
4166528
4236940
4141968
4109560
4100284
4079460
4158716
4067780
4136432
4112068
4083628
6813428
4140088
4098840
4198312
4085564
4187776
4078512
4132532
4089900
4164468
4206172
4083052
4171612
4162892
4087756
4069884
4278012
4135072
4170428
4089424
4186588
4098100
4166036
4169764
4167380
4079148
4088024
4079168
4099600
4080776
4178540
4169004
4089484
4085072
4071564
4070488
4143000
4142028
4082700
4155820
4093968
4116960
4142292
4174564
4078304
4130388
4115396
4097332
4096692
4136404
4173472
4124024
4142924
5608180
4105012
4297088
4185436
4240016
4171988
4224028
4247848
4259312
4162592
4233032
4181564
4188160
4164244
4181892
4169384
4269860
4182704
4230040
4158864
4228240
4226308
4183768
4229024
4155640
4232404
4172524
4229264
4182140
4146980
4203480
4165436
4234140
4166336
4465500
4253072
4216728
4246884
4196604
4179400
4175592
4232732
4246880
4232992
4242148
4303740
4270520
4250380
4237172
4194840
4246532
4263476
4323792
4282632
4150132
4241928
4184604
4176944
4325936
4180328
4199448
4280132
4164424
4174836
4158768
4257264
4187876
4171508
4299100
4237440
4151308
4189240
4306804
4250224
4124520
4255196
4173656
4271316
4084052
4327976
4221456
4310220
4278272
4163812
4314324
4282044
4195020
4228008
4210080
4293512
4164524
4196712
4170256
4177300
4185532
4203792
4183776
4217832
4170596
4201732
4180700
4248732
4195624
4157876
4244996
4180552
4177104
4164592
4254812
4193156
4184104
4237448
4355564
4294288
4180832
4115228
4261480
4225624
4199240
4271544
4129324
4300580
4205148
4219168
4210580
4151836
4168696
4229852
4181660
4221536
4157584
4145752
4239596
4209156
4192980
4190100
4173476
4170864
4280420
4261520
4077608
4208892
4224088
4274668
4166484
4221876
4183536
4222604
4247708
4178800
4302052
4253668
4177028
4256844
4294760
4178836
4172292
4322220
4256400
4235824
4171332
4185164
4212612
4284296
4267788
4220040
4258448
4234724
4159404
4159168
4391768
4206076
4217344
4100180
4168552
4082108
4247640
4196052
4170656
4240924
4182688
4145424
4235028
4231484
4151220
4265384
4194792
4108248
4305512
4231568
4185408
4192816
4343528
4332744
4316632
4307932
4182352
4307028
4085456
4154696
4145900
4146752
4151616
4100060
4143736
4114744
4155036
4095092
4087824
4175812
4116528
4151012
4088424
4110504
4079712
4132604
4102632
4164232
4112088
4085796
4140540
4272164
4167752
4134108
4334724
4245988
4163184
4284792
4222360
4142504
4232108
4216284
4236864
4206056
4246068
4236164
4223480
4278640
4081132
4103480
4092220
4079792
4120208
4075412
4140836
4081740
4091144
4137420
4120136
4135160
4093376
4080748
4139872
4137380
4095176
4111120
4157220
4161496
4082708
4092256
4081180
4224164
4075148
4227576
4113676
4055312
4067696
4133736
4190448
4273336
4135216
6698156
4161712
5277236
5761228
4100384
4134164
4167736
4211104
4174896
4208608
4189432
4184768
4207472
4177404
4201264
4180568
4196192
4220316
4161684
4150732
4203724
4188964
4243740
4165940
4141752
4235536
4323860
4138288
4199848
4238200
4298764
4182792
4225256
4176144
4147832
4315300
4177496
4258640
4223280
4324352
4190120
4166684
4174892
4172684
4158052
5000744
5572092
4080624
4055256
4062972
4204696
4250424
4173816
4216952
4178060
4212992
4206880
4215760
4229244
4266944
4199416
4283428
4246608
4110812
4177536
4182624
4155336
4246036
4243352
4236668
4232444
4174136
4836412
4123384
4120660
4087244
4159076
4144772
4106304
4203488
4182076
4133356
4115152
6467984
4146940
4149872
4072400
4131780
4215720
4214320
4184564
4235200
4074444
4186980
4085332
4151976
4088656
4228452
4196772
4154752
4171080
4208192
4078676
4177196
4259880
4222248
4154052
4170080
4215588
4204452
4083744
4193556
4085852
4127924
4082828
4085584
4137460
4176484
5444184
4160916
4087136
4077864
4125724
4089572
4131996
4079236
4085156
4109600
4097844
4086744
4080328
4085664
4163632
4099588
4141856
4079456
4115460
4143052
4099020
4086984
4099964
4165784
4182152
4140568
4198300
4091008
4188232
4152368
4094704
4085112
4087688
4100452
4123940
4164928
4167260
4080372
4142020
4112752
4098132
4091740
4164996
4193028
4248440
4175972
4180716
4227304
4271780
4352984
4237820
4216252
4162180
4095004
4238516
4156000
4163396
4180076
4273552
4153432
4175536
4275400
4054084
4880312
4222996
4247480
4267520
4187476
4265088
4183824
4200420
4167340
4216300
4283540
4179108
4312852
4202520
4415492
4303048
4175912
4299440
4326860
4382316
4338768
4294204
4284492
4346092
4312356
4282888
4276600
4346128
4283912
4328212
4368160
4297224
4319112
4279444
4353704
4354780
4288244
4319152
4548312
 
4368444
4287012
4310216
4315252
4345296
4369884
4366236
4342524
4353276
4301304
4288476
4280192
4283036
4312144
4313340
4424528
4350316
4265780
4267852
4423828
4374192
4344052
4263396
4366100
4282628
4347540
4289872
4311552
4376860
4470372
4440048
4307424
4266732
4315132
4335532
4285216
4359892
4271244
4306736
4299524
4333188
5799444
4185884
4242640
4189396
4291920
4163056
4218532
4210268
4208276
4348640
4231776
4593764
4366852
4300928
4354156
4251308
4324960
4369716
4281128
4397804
4263684
4320712
4245520
4277160
4358236
4294980
4413204
4289440
4262232
4275236
4351080
4387560
4358204
4290948
4322116
4315384
4341540
4372908
4293220
4306836
4387484
4311720
4283132
4289816
4307540
4321468
4367240
4294548
4392104
4391100
4361712
4379336
4289624
4366168
4266044
4324060
4295396
4333324
4338328
4274044
4355012
4363388
4287692
4312324
4302056
4380804
4287404
4371856
4168144
4326244
4287336
4275208
4313340
4288348
4328000
4267020
4268288
4389520
4289072
4403616
4307236
4347744
4288480
4347596
4329492
4351292
4286068
4280604
4331528
4306316
4247244
4458648
4231744
4361460
4303140
4316200
4294208
4218372
4308836
4291584
6777936
4294416
4255852
4330812
4322768
4277352
4268936
4271252
4343588
4241804
4294168
4262988
4321540
4372308
4336596
4294680
4307404
4278720
4288100
4254868
4309792
4449288
4334664
4329076
4354328
4293268
4304248
4323264
4349380
4316668
4315468
4250004
4370936
4282888
4342692
4277532
4287736
4379732
4334948
4292468
4279936
4281248
4359404
4339020
4314184
4265204
4377200
4285272
4289136
4307576
4255256
4291300
4371160
4292224
4313856
4337916
4307108
4478028
4337616
4481920
4252440
4258608
4304068
4277372
4292744
4240980
4307268
4288188
4359112
4264536
4270316
4306776
4301040
4367940
4291808
4274412
4312980
4322172
4286420
4340000
4248724
4301608
4280956
4294424
4288800
4283860
4364028
4286724
4351148
4329904
4423460
4287624
4354596
4304360
4357764
4369996
4380168
4216220
6727200
4187024
4220324
4193380
4261008
4207628
4211708
4439364
4300860
4279472
4313924
4224052
4298840
4182360
4195672
4171248
4291692
4547764
4223728
4261828
4164736
4234548
4263392
4209232
4235096
4179100
4286052
4207520
4238156
4203712
4185776
4244824
4347816
4339808
4286876
4255816
4356536
4286200
4299972
4294880
4306864
4320820
4300292
4342468
4295044
4262944
4321052
4340788
4273272
4245240
4353880
4357732
4283984
4291960
4266580
4292412
4361288
4303032
4316992
4295900
4278564
4298720
4298676
4320412
4329872
4317356
4354384
4274148
4274832
4281724
4318264
4338736
4285164
4300836
4307104
4304104
4313600
4277996
4277592
4347196
4293480
4286072
4316196
4258536
4353040
4307404
4223828
6493692
4135404
4247164
4192656
4202956
4204604
4201316
6619388
7696172
4303912
4383988
4253512
4357740
4288756
4256968
4392212
6616840
4297840
4196116
4252604
4266908
4217324
4199708
4195128
4295860
6525480
4296184
4343776
4341104
4289640
4271372
4410808
4345252
4343100
4288324
4312172
4313768
4384276
4277028
4363828
4282764
4330776
4273944
4291188
4249028
4293556
4392452
4356344
4331040
4239100
4378284
4233720
4378444
4317688
4209684
4279156
4303708
4204348
4261152
4339496
4305520
4211676
4304720
4274328
4274824
4306548
4306528
4393468
4358080
4363968
4423916
4373608
4420180
4431976
4469592
4342352
4590264
4396868
4283740
4455384
4325252
4641272
4383824
4274844
4459608
4300736
4391640
4371008
4276624
4454308
4225000
4382872
4354564
4275720
4327240
4304208
4380576
4288020
4399088
4216248
4365768
4329584
4351856
4279092
4300688
4275616
4534012
4276460
4483768
4303820
4364108
4347636
4343112
4357632
4259000
4321576
4408872
4281664
4366596
4294376
4396696
4410216
4408400
4422336
4244468
4304176
4357968
4368068
4325416
4265420
4324200
4372308
4284404
4289276
4271608
4357860
4347980
4292240
4361852
4242376
4326808
4279400
4357468
4246128
4264908
4325400
4372748
4308164
4354996
4337432
4285936
4303128
4419948
4256680
4364264
4366248
4386516
4291656
4333920
4374460
4282964
4369120
4297888
4231376
4313816
4288908
4438964
4285720
4377352
4236716
4360116
4343060
4333044
4291884
4319732
4306948
4363852
4282424
4291820
6184612
4291764
4369048
4240360
4324452
4382988
4347048
4352600
4269216
4251472
4300888
4348808
4300012
4201676
4297088
4346444
4445964
4426576
4330220
4284144
4452212
4312188
4298556
4202668
4452980
4389152
4291512
4377236
4303920
4316956
4347576
4344740
4270384
4263628
4333780
4363292
4286068
4357988
4329280
4393056
4291092
4346980
4274688
4318956
4229740
4283508
4286992
4321424
4306188
4359556
4361896
4351908
4289188
4166108
4333700
4325192
4297736
4363056
4310232
4396944
4280320
4376296
4271612
4226716
4408984
4341472
4203888
4267292
4324908
4410196
4336864
4351944
4357152
6622932
4310012
4286200
4284484
4235884
4385484
4293236
4342696
4278544
4297928
4326464
4311060
4315152
4340640
4294692
4339564
4368720
4383088
4360628
4349980
4388876
4444216
4287560
4343936
4300008
4394704
4276480
4278764
4348780
4412580
4361040
4278996
4347084
4260044
4271852
4258428
4299028
4351932
4242532
4323736
4281472
4271860
4294520
4258616
4376048
4285556
4296188
4286200
4242056
4304864
4290104
4323240
4293208
4260032
4306060
4349228
4289124
4306580
4266232
4297056
4329528
4304660
4331188
4291636
4361136
4292304
4295752
4331744
4313300
4338744
4296464
4277168
4236836
4271756
4321220
4299192
4396064
4224908
4333544
4300172
4289892
4339472
4249564
4401404
4391284
4490920
4377600
4289176
4367908
4280888
6285856
4265028
4219812
4242476
4194724
4240256
4320840
4262788
4308716
4205252
4199404
4171208
4293236
4208228
4188892
4308680
4174056
4323168
4191712
4197836
4210372
4179296
4325760
4202744
4336288
4193324
4177320
4241476
4214320
4301616
4202316
4186124
4242444
4302464
4205652
4297936
4182832
4380392
4218460
4287044
4174592
4193200
4232504
4211496
4253132
4162672
4266232
4245972
4205632
4196704
4261376
4302344
4292264
4279940
4248880
4193092
4259656
4285296
4216540
4366476
4286300
4271836
4204432
4188432
4298592
4204172
4305392
4211576
4206272
4295820
4135752
4278772
4323616
4207168
4239088
4169188
4194068
4325280
4193660
4283992
4186964
4246648
4239844
4383084
4288160
4336936
4498540
4389368
4293560
4229664
4404352
4384788
4293844
4407944
4336988
4473472
4338396
4311464
4268076
4284964
4375672
4309656
4352612
4291584
4331216
4278744
4383472
4287188
4338556
4247440
4363904
4350704
4355760
4308048
4265540
4347124
4290108
4293616
4291448
4308520
4388308
4369816
4394012
4375272
4401416
4472392
4417640
4438572
4438936
4341476
4469156
4670520
4361848
4243552
4296644
4466164
4453364
4423412
4422892
4345120
4233068
7557752
4866128
4162908
4642932
4363512
4313812
4267964
4173848
4232320
4202196
4442884
4509996
4270280
5909424
4365844
4355840
4293076
4239212
4392460
4291208
4367944
4281588
4339208
4432412
4284668
4301684
4437512
4355612
4461028
4418464
4378424
4259552
4301016
4372896
4289840
4282916
4344404
4379392
4284180
4318020
4340668
4294016
4435088
4287256
4318576
4301740
4269640
4324296
4316936
4296612
4285296
4294032
4353212
4245252
4373872
4313488
4294396
4326712
4360688
4378276
4281248
4271080
4392420
4299068
4334540
4382284
4350080
4411248
4295744
4288604
4348416
4343852
4347548
4389552
4283564
4309880
4415484
4336084
4258692
4398600
4260436
4376980
4348984
4295284
4302096
4307720
4320276
4396872
4285024
4283556
4263804
4319132
4282292
4296928
4384208
6559552
7752736
8961768
4279016
4438960
4379248
4364552
4348436
4361728
4289420
4323224
4385852
4298460
4399188
4367084
4334160
4296220
4335736
4290972
4308308
4314008
4292748
4273284
4342904
4339752
4367724
4361856
4325680
4373140
4306696
4329792
4354900
4290656
4270432
4310872
4349720
4329036
4269284
4340020
4327548
4404924
4423412
4343376
4274420
4246284
4500012
4330472
4370116
4345652
4392412
4294620
4341476
4281756
4302904
4296892
4416612
4301180
4287984
4315172
4368352
4307080
4368616
4266736
4267000
4518916
4500088
4286112
4262180
4458284
4367924
4283172
4249532
7164908
7315648
5593892
4250288
4195548
4292152
4315632
4199200
4208248
4272468
4330648
4322000
4192240
4268136
4422236
4343032
4396872
4435036
4282148
4288048
4328108
4389540
4395592
4277124
 
4308876
4280356
4289920
4346272
4294920
4316652
4270384
4353336
4296372
4364208
4364508
4305088
4466204
4324048
4349120
4260588
4394396
4275464
4361844
4294788
4249872
4297472
4279008
4265428
4294152
4268228
4288344
4365240
4273096
4327772
4268440
4378024
4349720
4365924
4272068
4353668
4367096
4299380
4296176
4306552
4308540
4421000
4290400
4300972
4326964
4399804
4359468
4308144
4352300
4251892
4359992
4283736
4333252
4259212
4303388
4311672
4372420
4293228
4687672
4284724
4387868
4258884
4326756
4274324
4330352
4311764
4378344
4294308
4278364
4229424
4250024
4313000
4350028
4354500
4313312
4292476
4370504
4300196
4320896
4316744
4276008
4266032
4258528
4297536
4288252
4272780
4285428
4277048
4305768
4339304
4301024
4317096
4272516
4316972
4301992
4302792
4299704
4279884
4423684
4252096
4316716
4295600
4258008
4362748
4283144
4336984
4294020
4314020
4348456
4316912
4295000
4304968
4337876
4343952
4396612
4295884
4265696
4381192
4294460
4341320
4391392
4297188
4260900
4415088
4293984
4283740
4335740
4299328
4346416
4295536
4276152
4261152
4394880
4280244
4338824
4323712
4307824
4321240
4278700
4291800
4308276
4280436
4358168
4372076
4287360
4312608
4366632
4332924
4315140
4350212
4365968
4287452
4287916
4282524
4334988
4334088
4384332
4288244
4486996
4296484
4328888
4352148
4292884
4309220
4271292
4301112
4310268
4299288
6616864
4542408
4247020
4266484
4324908
4203136
4231564
4275132
4197888
4377100
4264604
4204236
4307204
4223768
4234968
4272228
4242004
4324564
4294220
4281880
4304840
4214992
4390032
4330556
4274268
4243040
4329096
4302448
4308760
4332252
4234568
4383832
4296448
4277540
4289864
4312940
4403552
4365996
4365644
4430596
4364084
4397484
4367588
4339940
4284660
4389172
4300152
4352404
4388732
4370384
4359956
4393944
4353236
4287128
4335372
4325852
4389420
4443248
4372372
4417980
4304028
4284988
4298036
4303728
4329840
4296708
4203152
4349672
4361640
4251040
4420368
4292600
4283732
4449456
4397528
4310304
4301484
4301536
4360268
4272416
4393056
4342420
4368468
4262220
4365604
4408944
4344956
4362112
4335208
4326256
4425900
4300564
4362152
4291472
4323384
4320060
4291860
4294068
4292324
4367596
4297552
4347600
4273940
4276668
4309604
4352140
4271884
4195936
4336200
4319996
4286844
4365748
4334048
4356820
4386636
4301036
4365084
4261672
4322260
4286128
4289372
4288632
4358268
4329124
4225276
4314360
4292096
4326664
4386712
4340748
4372544
4410500
4285440
4306860
4373840
4283896
4317952
4340588
4321040
4290892
4272928
4277916
4364956
4352008
4278168
4353732
4365288
4385972
4309548
4327028
4282952
4352532
4294156
4267184
4313460
4291112
4243388
4308924
4240348
4293620
4290608
4278636
5919696
5167100
4194516
4215520
4246976
4208256
4354236
4461808
4255056
4282332
4366804
4286328
4293564
4286560
4291104
4335564
4284376
4320924
4305584
4345284
4301136
4292624
4293932
4297772
4363776
4289284
4287292
4348840
4270360
4412768
4385684
4271600
4262212
4323304
4341160
4262736
4312052
4325988
4296932
4284808
4289080
4296112
4268008
4318124
4299752
4274288
4343708
4314692
4308044
4290608
4308972
4297588
4281744
4313736
4281836
4295116
4303744
4258728
4307704
4316576
4289260
4358304
4296036
4310156
4300464
4281592
4276556
4278196
4298584
4269772
4278252
4305500
4372776
4312760
4287848
4293444
4309332
4320940
4336396
4285056
4332248
4309820
4368000
4333800
4297660
4322052
4266664
4316040
4293868
4270668
5573064
4199556
4232528
4222892
4198800
4234252
4222724
4347452
4295828
4452440
6801992
4229296
4298768
4293936
4325672
4308328
4368244
4298680
4276728
4291212
4269400
4348020
4309412
4327152
4265168
4286148
4320860
4291256
4316492
4250708
4333824
4298836
4325184
4339244
4254028
4442156
4276220
4354520
4292340
4423316
4451660
4233856
4302368
4374532
4289732
4314724
4344644
4291928
4354864
4284892
4374764
4352180
4292512
4353012
4277764
4387928
4267676
4312468
4352140
4287900
4390712
4298068
4320560
4271176
4355768
4291316
4373944
4373264
4270672
4383268
4374488
4314832
4435396
4349668
4367112
4445024
4431468
4372804
4336036
4397716
4381788
4314512
4304852
4360624
4361448
4291588
4422808
4249428
4310244
4305896
4291356
4337248
4268280
4292212
4275220
4323596
4309652
4325104
4302688
4351940
4327392
4316308
4244788
4310304
4328404
4293648
4300080
4357804
4321116
4456184
4433672
4385512
4336792
4311552
4290696
4360412
4369168
4311220
4343272
4432188
4353856
4269480
4326212
4362576
4208000
4291280
4286708
4344200
4393780
4266552
4369004
4327236
4304944
4357528
4315584
4350224
4305056
4335688
4304768
4346892
4300980
4374120
4268512
4312216
4460972
4465560
4453152
4335396
4389736
4358684
4347516
4325828
4387560
4342520
4367292
4284164
4263992
4424800
4364884
4380528
4427640
4350500
4391596
4292124
4285120
6242876
4298564
4394840
4355204
4320380
4280884
4339312
4234964
4383744
4358596
4332388
4364636
4298708
4332124
4300620
4310172
4372048
4291988
4355252
4409972
4411324
4351212
4408028
4372512
4284120
4271088
4231128
4193984
4308576
4361708
4380584
4293192
4300268
4300268
4247868
4270220
4340600
4379260
4431832
4394456
4429352
4238928
4371508
4375452
4233352
4462652
4265820
4357936
4459344
4235720
4376624
4197280
4252380
4286388
4206612
4271572
4202596
4204100
4318836
4297968
4205628
4211248
4221032
4199404
4239548
4258248
4200748
6923012
6672092
4221408
4207412
4240780
4227476
4238196
4197792
7084608
7035060
5320080
4348196
4295888
4274816
4373284
4405160
4331156
4275736
4357692
4360136
4271896
4384372
4279668
4342552
4275664
4308612
4295716
4295552
4269464
4301144
4323520
4290800
4287284
4260376
4297300
4407624
4334552
4277908
4384572
4329792
4297992
4342420
4350120
4355364
4269944
4313152
4294728
4310376
4263404
4335368
4353164
4295512
4357664
4262816
4391620
4351456
4297972
4289360
4398384
4399720
4340948
4294236
4275168
4339604
4322788
4301512
4292304
4296960
4374428
4317824
4321864
4407760
4281612
4400032
4344172
4346952
4291344
4285000
4312408
4346644
4302192
6905252
4214796
4454432
4506060
4416828
4291712
4403752
4386796
4323208
4326784
4295416
4269280
4465496
4360524
4258084
4339372
4348604
4391064
4355256
4295164
4272392
4309896
4312280
4302636
4304496
4248196
4335224
4273916
4289112
4286568
4300072
4409872
4302692
4340216
4361176
4298412
4419620
4392832
4416252
4463496
4356348
4325652
4298368
4289220
4357844
4243368
4394104
4334840
4302432
4337160
4297156
4340584
4505356
4337696
4357984
4304056
4301492
4280056
4382316
4436016
4384892
4276140
4367548
4483540
4263448
4412976
4272136
4351552
4286084
4306936
4323144
4309316
4277996
4324056
4270688
4364992
4271400
4282756
4225928
4361956
4274988
4287040
4314972
4307328
4311620
4257024
4357236
4317168
4353088
4390664
4265656
4344540
4275720
4272584
6183032
4273380
4271480
4353912
4192328
6028680
4215344
4259988
4298836
4193820
4322828
4220592
4204108
4209352
4192048
4348824
4356920
4255768
4259408
4265568
4391004
4371260
4287872
4188252
4231672
4316976
4192596
4193556
4277200
4225028
4196728
4195312
4200112
4277648
4220732
4277736
4281688
4337936
4310424
4229452
4211236
4301492
4201600
4283092
4270064
4339072
4196540
4193816
4227208
4284812
4271236
4198340
4291332
4365992
4362632
4226208
4278504
4295360
4237580
4256772
4217852
4320648
4189028
4313612
4191360
4192184
4176040
4201296
4322136
4223236
4284780
4247916
4307308
5299616
4622388
4304200
4192292
4331900
4273516
4193260
4210548
4358260
4470212
4222376
4263628
4259472
4192688
4228896
4274192
4338504
4259648
4368136
4313432
4324944
4377072
4380676
4360740
4313368
4375404
4477868
4342208
4463816
4302396
4301572
4380612
4384432
4321228
4301988
4347768
4289216
4291864
4353180
4296412
4275668
4298948
4270184
4421532
4379284
4263252
4324224
4349056
4373760
4272556
4291452
4309128
4309912
4296484
4300168
4290936
4267416
4267992
4310640
4295100
4332968
4284488
4268128
4321608
4296152
4380220
4349928
4279812
4297604
4238160
4396032
4257644
4417944
4339676
4294024
4369760
4295560
4330320
4285620
4384964
4370424
4291332
4382188
5379780
4299892
4281292
4275132
4304632
4296164
4337068
4258256
4303204
4373644
4223712
4327676
4271312
4304984
4303544
4298788
4360080
 
4270160
4362660
4223376
4441004
4231292
4204320
4239996
4208176
4258292
4220028
4220340
4244084
4254560
4230132
4290436
4371660
4407584
4296364
4305228
4265860
4283416
4311736
4331840
4341008
4281420
4327324
4319640
4308604
4359204
4361600
4305000
4364052
4272572
4385680
4353956
4370276
4362316
4444532
4384784
4334932
4350544
4399804
4467932
4383344
4331284
4496584
4339220
4369288
4348052
4310504
4285364
4353000
4282128
4260952
4337424
4327660
4365252
4308580
4257560
4372464
4355488
4281828
4304948
4243540
4398900
4329316
4287672
4254596
4259088
4392720
4341832
4298848
4320176
4296816
4369256
4266692
4321664
5041424
4365968
4197736
4277336
4268988
4274408
4324212
4273020
4203436
4263012
4260196
4229932
4195532
4315460
4202364
4278564
4233588
4368548
4318876
4197336
4377384
4325568
4207300
4200296
4180040
4202664
4271128
4202496
4240336
4236208
4234860
4200316
4209216
4260264
4175432
4287028
4246548
4205584
4199248
4298180
4207640
4235664
4219912
4274612
4255356
4240924
4199696
4286060
4218628
4257824
4337276
4264260
4287376
4212188
4200528
4242500
4284580
4214556
4311468
4195644
4294744
4324180
4196432
4207212
4185356
4336296
4217844
4298708
4274228
4220888
4294320
4371704
4206104
4210228
4287856
4200380
4380504
4274160
4203000
4232168
4253232
4297672
4196160
4326904
4357948
4293888
4296644
5647656
4293284
4321368
4339384
4303948
4259008
4446148
4275540
4377596
4413672
4328620
4409396
4367012
4387256
4455004
4354000
4421152
4479260
4376956
4358444
4271480
4386304
4352084
4373692
4285656
4252800
4414188
4422440
4305780
4373448
4318888
4397776
4354932
4269888
4332680
4295064
4333484
4287704
4370536
4290500
4315724
4317660
4321076
4308236
4281952
4299276
4320580
4356304
4394284
4249620
4298744
4301756
4332340
4294464
4317320
4319556
4387560
4325776
4402244
4337068
4318772
4368388
4286860
4281568
4262716
4328132
4287944
4325700
4286432
4348852
4418116
4284528
4399380
4302748
4438192
4403728
4353204
4384076
4369988
4370120
4261632
4281448
4301048
4311208
4408456
4294336
4381748
4384304
4274372
4346200
4346780
4392704
4471868
4290088
4326712
4294232
4223932
4286356
4334224
4311488
4292768
4331080
4289976
4343332
4318156
4322036
5386460
4207720
4264804
4280492
4336188
4404104
4406644
4340080
4289968
4311044
4289780
4361284
4418520
4272124
4413500
4349972
4261728
4394160
4348404
4356828
4308536
4276364
4325248
4295284
4304732
4277640
4346104
4291596
4287076
4310888
4355132
4298656
4328628
4285584
4395652
4255456
4379176
4288728
4316192
4205584
4233604
4241024
4265496
4270588
4201108
4322132
4408344
4266216
4276388
4228848
4198664
4222720
4264844
4283860
4264748
4221276
4212220
4196712
4361068
4296032
4276468
4376408
4298552
4385976
4335552
4273472
4393512
4296696
4301256
4281888
4377496
4295716
4278068
4396664
4306568
4469904
4301096
4368628
4257448
4303868
4353776
4305796
4281308
4880724
4229844
4233472
4305216
4378192
4344452
4359864
4363528
4378352
4386684
4275048
4316704
4302500
4279048
4300684
4342272
4320480
4287116
4284844
4346796
4273148
4381132
4289724
4296544
4330364
4328080
4373112
4359328
4313108
4310712
4316640
4303440
4384452
4303868
4299184
4278900
4308260
4403464
4293076
4311924
4378792
4303364
4300272
4350916
6624192
4309780
4207816
4201396
4180960
4240928
4299840
4275524
4326144
4357932
4265876
4448508
4289168
4300080
4337444
4275568
4406368
4302656
4321304
4242484
4337768
4285936
4286452
4307748
4267984
4318232
4296084
4361956
4519120
4321896
4378956
4280540
4374420
4287088
4319276
4347484
4343132
4299624
4283616
4265912
4305428
4298736
4326696
4305132
8199224
4314804
4278380
4284388
4350832
4368356
4363308
4299548
4340980
4298316
4277140
4339000
4288072
4298748
4287844
4351580
4346428
4370648
4284128
4355976
4274232
4383544
4294848
4273824
4303000
4327800
4313284
4371840
4289380
4281340
4267140
4329160
4315100
4379416
4335976
4329536
4374876
4280004
4334428
4268284
4415780
4292676
4292048
4353472
4417848
4370800
4333800
4360060
4272604
4270132
4451564
4282992
4332512
5707816
4262608
4309920
4282276
4333744
4265504
4319556
4302988
4354056
4292052
4226816
4317392
4315136
4338940
4301156
4398112
4380348
4297524
4321736
4300672
4261348
4293380
4291672
4263184
4363224
4266100
4297404
4376932
4341244
4291136
4319548
4386360
4302372
4300832
4286920
4330980
4312728
4311088
4291232
4287104
4394576
4284704
4406576
4291416
4230556
4309196
6687032
4305480
4224140
4366824
4331780
4290880
4301988
4276712
4268748
4369892
4374124
4368856
4379712
4355492
4307600
4367292
4296256
4322900
4281688
4402584
4395048
4328060
4312664
4382544
4377520
4298792
4304308
4285220
4316760
4363900
4287572
4356736
4271172
4321200
4296096
4393192
4365792
4266508
4335752
4308000
4404432
4272104
5726124
4265980
4202448
4199752
4244268
4167240
4308832
4224044
4277040
4255224
7257908
4207292
4325960
4302704
4231016
4256920
4198360
4240964
4212324
4273192
4320444
4287628
4297572
6661920
5966132
4511016
4345536
4353336
4295616
4254112
4203844
4227920
4274812
4294868
4261964
4228932
4333596
4332916
4325988
4209012
4240560
4198732
4219816
6689136
4206828
4232364
4276784
4240760
4205576
4285904
4303412
4200112
4218144
4248228
4246184
4346596
4319796
4293444
4324352
4291496
4328532
4279364
4286900
4280656
4403344
4350300
4351748
4299172
4268812
4298524
4275896
4282368
4303292
4290244
4295248
4299228
4289164
4324248
4352648
4230404
4365384
4365568
4266152
4471208
4513264
4644288
4274572
4250780
4287716
4312096
4495720
4282028
4335720
4316576
4304792
4305100
4245024
4341880
4299080
4279928
4339168
4290960
4344408
4344772
4322740
4364688
4254152
4304144
4387256
4295780
4345108
4275624
4408672
4427400
4305524
4309300
4388880
4316844
4320696
4205192
4194624
4304444
4201848
4297016
4305920
4305676
4312168
4327604
4293868
4315860
4345548
4268372
4365288
4285388
4293184
4300024
4257836
4313052
4318060
4294240
4282692
4335184
4283788
4306980
4286808
4417916
4398272
4334132
4515904
4451012
4360900
4322800
4481412
4388312
4298080
4386224
4522284
4345672
4294644
4275920
4351648
4320844
4284408
6338168
4240204
4256892
4248760
4211336
4227776
4197776
4185220
4230212
4209720
4217664
4208132
4183968
4234004
4285988
4214380
4190052
4291572
4356628
4238944
4291620
4177052
4380648
4393916
4280580
4281548
4173424
4279012
4274608
4297944
4412700
4481972
4238452
4315068
4278364
4374692
4266344
4296744
4320864
4293660
4348496
6584624
5766240
4377884
4333968
4358140
4300844
4339020
4357492
4290264
4258992
4419540
4308464
4289120
4342060
4352136
4309696
4345672
4279172
4282532
4358260
4293988
4320584
4372416
4334324
4369400
4439020
4427052
4361600
4247548
4322748
4317272
4291556
4265492
4228564
4332120
4263168
4318948
4333716
4262328
4257420
4281572
4288556
4348396
4309296
4390192
4301996
4306056
4348708
4262696
4547040
4270184
4376124
4275304
4276260
4382864
4373004
4351596
4323888
4383316
4434680
4358984
4359032
4439060
4380124
4444204
4368700
4306756
4314556
4332360
4328888
4237672
4342648
4346916
4473600
4338540
4309192
4310508
4337392
4384644
4360868
4229752
4670464
4191452
4239164
4208724
4210676
4261876
4312872
4313468
4293320
4298932
4280972
4363396
4353460
4273652
4366132
4306308
4356308
4356140
4344688
4313760
4412848
4497156
4425488
4320952
4347492
4266572
4260800
4274280
4293708
4372696
4360696
4350032
4284956
4276768
4343448
4255204
4458648
4276316
4316012
4292664
4471316
4396492
4288504
4343344
4273768
4307596
4357396
4345912
4297396
4232220
4445540
4312380
4374960
4298352
4262604
4378036
4293740
4380660
4380260
4264012
4326320
4459080
4381336
4303444
4331016
4489096
4362084
4297296
4295672
4407664
4390296
4304064
4285668
4282724
4457856
4304924
4403832
4318044
4302600
4280060
4256552
4301268
4365228
4267872
4311636
4428224
4286188
4393024
4339616
4320264
4269976
4377632
4286292
4260268
4394032
4295084
4387136
4270376
4262168
4381588
4230280
4294956
4282244
4308556
4298196
4378664
4368568
4382744
4309148
4439556
4334312
4249088
4328044
4360372
4359800
4330536
4282984
4266464
4375012
6682880
4334868
4271524
4268744
4379140
4365316
4415596
4227520
4273284
4411668
4438756
4408488
4336300
4408756
 
4338140
4334752
4381540
4391316
4321636
6802864
4279332
4219928
4248988
4342844
4362280
4182052
4201440
4180600
4311260
4241564
6291708
6971972
4152824
4253700
4184980
4207724
4241720
4212696
4282060
4232952
4220844
4227084
4181332
4261260
4292596
4198316
4286892
4275920
4218132
4199896
4251368
4256960
4344788
4330316
4337456
4314104
4333716
4303944
4326360
4511424
4326404
4365732
4462676
4522404
4365336
4362412
4278932
4506888
4350976
4366140
4411864
4336048
4329524
4297936
4289700
4264148
4308264
4394548
4299548
4290080
4252416
4356924
4256148
4386184
4313944
4292152
4366600
4294108
4278672
4374664
4372216
4345016
4374276
4288196
4366996
4412472
4364988
4262412
4371928
4369024
4275216
4458052
4387872
4281552
4319060
4489712
4364868
4295652
4198260
4281588
4317620
4196436
6578760
4320912
4191148
4232368
4247352
4258252
4205924
4298640
4336768
4299116
4285852
4261432
4324172
4324800
4364616
4314672
4291664
4397020
4254808
4477168
4374872
4281848
4290140
4278524
4294544
4290336
4314256
4398664
4355372
4364128
4285528
4349160
4372132
4362180
4283164
4285980
4333056
4516836
4389224
4272668
4322928
4340036
4333048
4374700
4351116
4333240
4266020
4275252
4395636
4272568
4323656
4261180
4308180
4367628
4289276
4339868
4192508
4410604
4439880
4380656
4321140
4433676
4391040
4380792
4345256
4367116
4246092
4429840
4363592
4348440
4371172
4358428
4352320
4273640
4442324
4272760
4273396
4366676
4476188
6228704
4218136
4217496
4249968
4201436
4286448
4264972
4226244
4318284
4191832
4261488
4257216
4308272
4194700
4342596
4201088
4266232
4326040
4264612
4249744
4195264
4194228
4299776
4186284
4257936
4242648
4410932
4756632
4297052
4340460
4267440
4320336
4319032
4347076
4291632
4318964
5874772
4287040
4358232
4335800
4322636
4329520
4368708
4265604
4274788
4376092
4323628
4383408
4265160
4292308
4333148
4365552
4278608
4364976
4325036
4294372
4398904
4322520
4345204
4302556
4386288
4300212
4312172
4275292
4308436
4332096
4294548
4336092
4375852
4354932
4368136
4338088
4289104
4336836
4297316
4322744
4369904
4288196
6538280
4365672
4302444
4276852
4363728
4257844
4403372
4387724
4344048
4239792
6594500
6932492
4292420
4226096
4266288
4272920
4238468
4287260
4222628
4272052
4252712
4410028
4303156
4347216
4294480
4275732
4380600
4307628
4367592
4250032
4304212
4363208
4315192
4292924
4260152
4342196
4410788
4358616
4371304
4243772
4633320
4436040
4356816
4374736
4265188
4322888
4374236
6811328
6820212
4202060
4320828
4306760
4311480
4212680
4275860
4322336
4278672
4381088
4280516
4315852
4248028
4223216
4255192
4215424
4277368
4256784
4304496
4216400
4324904
4315164
4193828
4288528
4169240
4238880
4405888
4292380
4311204
4198660
4288100
4386108
4279692
4329884
7198988
4429180
4204668
4357508
4285580
4308676
4420912
4288004
4311988
4302744
4339616
4450412
4262052
4287444
4254952
4281036
4354904
4300556
4367188
4332148
4330336
4310352
4332460
4301756
4281900
4342956
4562388
4447516
4452372
4431884
4296868
4270340
4317056
6745012
4386184
4405388
4299584
4303316
4389168
4336792
4405336
4434412
4405152
4347396
4398204
4507376
4397188
4415100
4374104
4406080
4451180
4257748
4341884
4410116
4421916
4392364
4362448
4379000
4350204
4428920
4498468
4507264
4468820
4374868
4308872
4376960
4286896
5912848
4390436
4221056
4345160
4342972
4327644
4244112
4392580
4315152
4361900
4378836
4351656
4343820
4289068
4443592
4343908
4273548
4445880
4286536
4453120
4324320
4316116
4329412
4330912
4318740
4243876
4332144
4376288
4302616
4437388
4356876
4341176
4292676
4350436
4361580
4265148
4297556
4339384
4357828
4262868
4251464
4351000
4293456
4367448
4436556
4434464
4284316
4295616
4373692
4302932
4309664
4349960
4323536
4281844
4340396
4343876
4355876
4390276
4274524
4325748
4322188
4340916
4305556
4309972
4283268
4314220
4282236
4282176
4316072
4295568
4346488
4368508
4373992
4281316
4310988
4250744
4399248
4277460
4361148
4329904
4265080
4261552
4344668
4257320
4407688
4286224
4364000
4283508
4353136
4311808
4366696
4365228
4341024
4336772
4335112
4378656
4284012
4243384
4330208
4270340
4376176
4364680
4331776
4269264
4337972
4294688
4285256
4391760
4439988
4330476
4343352
4311248
4337636
4431068
4297016
4457932
4377956
4347360
4271780
4317040
4391120
4236792
4291348
4303724
4363360
4471864
4342388
4270296
4307784
4295016
4323028
4214108
4282160
4318088
4253052
4288452
4237020
4343028
4421704
4344656
4289240
4260736
4355524
4377960
4289344
4369564
4341292
4392420
4292032
4347708
4467740
4339904
4315684
4335468
4285084
4344828
4262976
4410304
4292644
4337772
6764748
4172896
4331020
4340080
4310836
4293576
4283160
4326240
4320080
4387488
4246748
4391696
4296788
4336568
4333448
4305752
4349832
4291364
4345544
4273128
4309392
4355348
4288848
4299772
4301056
4316532
4311388
4267368
4306272
4293432
4308704
4315720
4327804
4315324
4277548
4322732
4341052
5550044
6391348
4239184
4260980
4211100
4233464
4259656
4310668
4230852
4178720
4261068
4268384
4186708
4245520
4177320
4248292
4198656
4173076
4333252
4200812
4213560
4220948
4249576
4433784
4189356
4355848
4281036
4347996
4303788
4347208
4290596
4252424
4250780
4370832
4299152
4317104
4336896
4248292
4295424
4314256
4287248
4257984
4333936
4359764
4300076
4349380
4307268
4359496
4339452
4284924
4355576
4391700
4349936
4292192
4283288
4307372
6682208
4300352
4279488
4277060
4328756
4283072
4346196
4285320
4263484
4269284
4314788
4366912
4248304
4253684
4311652
4393284
4279860
4353072
4318596
4474248
4328380
4391356
4365860
4388240
4516316
4422484
4453452
4295352
4278588
4383656
4496680
6866092
4296284
4369044
4350524
4448236
4280608
4437916
4349844
4280020
4377988
4374140
4484332
4405664
4449240
4398400
4441060
4430812
4372728
4372236
4373588
4366084
4459680
4425892
4402380
4261500
4353456
4271072
4400912
4410212
4256904
4407088
4259580
4321968
4405416
4343780
4430872
4321240
4349836
4348976
4357436
4363184
4415132
4369324
4444840
5626936
4275344
4396568
4297828
4241844
4182408
4181588
4283984
4229300
4323464
4285768
5512244
4470860
4379804
4334220
4286544
4364084
4196108
4387696
4287560
4296200
4290696
4282748
4374368
4352564
4391696
4441108
4415176
4384420
4327108
4346324
4307300
4287652
4445336
4334360
4332244
4416508
4285596
4933588
4439892
4362400
4377056
4374244
4293268
4284208
4386436
4445348
4560232
4372304
4389828
4460384
4344260
4402836
4454424
4309244
4263896
4407524
4466140
4416356
4359300
4337860
4355904
4400180
4292056
4435028
4342284
4457736
4372668
4360168
4428188
4336476
4327972
4348108
4377928
4293400
4363896
4500504
4283704
4344728
4314112
7317080
4295116
4342168
4295464
4295656
4271496
4331436
4290912
4359492
4277344
4355044
4290828
4280592
4346576
4312632
4474784
4369944
4396136
4290480
4311596
4379292
4268844
4444472
6891612
4300472
4307404
4280364
4264840
7217968
4219192
4373208
4363100
4355216
4347960
4286232
4299576
4446836
4372440
4592928
4375472
4285396
4236512
4309280
4254512
4312220
4355276
4311328
4352632
4274484
4309028
4370332
4304516
4297976
4308944
4420904
4333636
4365336
4275016
4270212
4443216
4284088
4277928
4293412
4283068
4437588
4340988
4289084
4187900
4286392
4308336
4252504
4271960
4235792
4288528
4199908
4248584
4253696
5006728
4230380
4296788
4271364
4196148
4176940
6537900
4197204
4200704
4210988
4266500
4738328
4226568
4213032
4210892
4203108
4283568
4294268
4344452
4225412
4335332
4296984
4281636
4321300
4228364
4309168
4330472
4291288
4359360
4302292
4252776
4296156
4334548
4291816
4282228
4312964
4296548
4354496
4301212
4254072
4294876
4349732
4347728
4275840
4303972
4336144
4289144
6642440
4313532
4311132
4218436
4380148
4340172
4287096
4303100
4267464
4329532
4276148
4302744
4376784
4342748
4352436
4342016
4276044
4326296
4293068
4316868
4255888
4315716
4297612
4273584
4294288
4243916
4298480
4307960
4333552
4334724
4311596
4395168
4283464
4337208
4290284
4249352
4341940
4302104
4328564
4271004
4289036
4343228
4340804
4277388
4274240
4252800
4343288
4410312
4354876
4369028
4352444
4284044
4259436
4321336
4247208
4362924
4256608
4378876
4334592
9021936
4359996
4204148
4195092
4264648
 
4206264
4371928
4206244
4250968
4276296
4202104
4278004
4250252
4265764
4176268
4199668
4298920
4201944
4191164
4174872
4238296
4350540
4189252
4255552
4201236
6434420
4458356
4398100
4328280
4343092
4389596
4284660
4279960
4278564
4415800
4317720
4288796
4287424
4335468
4315904
4334132
4286820
4292856
4274372
4357548
4300588
4367848
4440696
4243196
4306900
4364044
4294036
4412148
4257292
4393512
4353624
4356696
4314728
4339372
4319604
4325860
4306304
4355548
4274876
4394408
4291352
4288664
4270992
4379160
4372844
4270320
4370788
4269864
4325772
4307668
4258420
4355592
4253792
4377092
4272352
4436012
4367040
4331904
4379640
4284820
4303404
4281448
4273600
4468464
4367760
4455128
4361312
4338384
4368168
4276532
6650712
6680388
4281132
4350940
4336288
4280836
4354996
4424924
4375368
4413108
4315404
4308300
4313792
4363768
4354388
4358588
4358284
4400792
4370688
4371804
4451280
4345844
4381736
6849840
4712612
4291912
4370572
4294196
4279992
4357096
4355564
4369428
4389028
4364284
4338024
4272800
4442588
4374884
4305560
4390612
4277400
4334544
4393688
4403692
4362732
4372296
4407932
4334716
4419012
4425280
4351336
4322856
4407828
4348540
4262156
4406944
4326600
4426328
4380724
4295960
4302316
4417256
4462348
4365652
4337056
4424020
4283512
4374996
4401212
4334204
4535184
4374588
4378208
4368596
4401520
4401984
4370488
4324664
4424576
4343240
4469196
4433604
4404568
4383396
4325112
4321644
5878512
4273224
4434700
4401172
4259572
4422716
4273584
4338304
4407252
4359480
4346160
4529412
4427024
4400700
4266896
4377048
4324096
4330412
4400352
4405512
4375024
4390724
4345840
4401248
4365020
4265584
4295672
4181976
4452648
4266216
4295796
4458392
4410544
6712644
4446144
4434352
4249616
4399896
4355124
4440528
4362296
4278288
4313608
4333392
4372756
4475288
4329200
4341068
4483984
4431064
4352076
4385088
4387000
4319648
4379804
4255076
4440248
4341028
4357596
4279504
4454016
4473756
4298056
4348012
4353488
4419712
4397508
4279896
4365512
4334504
4326500
4307196
4258952
4280480
4392692
4288064
4452748
4344752
4430828
4493732
4257636
4358804
4342252
4326888
4341828
4308004
4347548
4485980
4347940
4245840
4275788
4283832
4329236
4330196
4263596
4243092
4315628
4289240
4327924
4324908
4329172
4335828
4332052
4508980
4480040
4305060
4417544
4294408
4265196
4256012
4334968
4299096
4595940
4200868
4235676
4202620
4264652
4200616
4219628
4228080
4209012
4267768
4256260
4279168
4242536
4316392
4209940
4277068
4182028
4300536
4215528
4275268
4247380
4337700
4318356
4336356
4260468
4279820
4302792
4278756
4359912
4298864
4359384
4315372
4283792
4456796
4297584
4362268
4306436
4372420
4300656
4273080
4253992
4311604
4350496
4325324
4337816
4276440
4441448
4343388
4290112
4278848
4381180
4308480
4334968
4261400
4335708
4370168
4288000
4295476
4308292
4196320
4230240
4187588
4240352
4204288
4230232
4239744
4252840
4376988
4254552
4190516
4231268
4189552
4196940
4187176
4227808
4260384
4710688
4200216
4442516
4283292
4291672
4306736
4314076
4272132
4327812
4280368
4349960
4345336
4332244
4345968
4284668
4310608
4323932
4241456
4346892
4290224
4280076
4299960
4263952
4377360
4338336
4386044
4317468
4272808
4411904
4269100
4305760
4264044
4283068
4286076
4288876
4347144
4254980
4398684
4287056
4336320
4297640
4299392
4413660
4279068
4312116
4298244
4307356
4325496
4344900
4290752
4275824
4325972
4373488
4326484
4300984
4293340
4264632
4331520
4276360
4276732
4307632
4302164
4295532
4300632
4320320
4250756
4304852
4303124
4324928
4323732
4267428
4317588
4279780
4292220
4328624
4321800
4280012
4285168
4361444
4349488
4253056
4331240
4278196
4322140
4301680
4247644
4313032
4331120
4290352
4285692
4358108
4275228
4187396
4320260
4176636
4337972
4263668
4363488
4305720
4240096
4475616
4311792
4291892
4280468
4266108
4431204
4297152
4256536
4358504
4354600
4328788
4309180
4364520
4311040
4289472
4294284
4288720
6837748
4238944
4329044
4238488
4298064
4298180
4292792
4347920
4298664
4309300
4322656
4307456
4302552
4335384
4283348
4324684
4271036
4366168
4287880
4285696
4341132
4302864
4425240
4300152
4282912
4297696
4282532
4339512
4286700
4335576
4267256
4241632
4315972
4337944
4286104
4285548
4289036
4324548
4280232
4287504
4311892
4338436
4287900
4319812
4326092
4339932
4316300
4289328
4342096
4348712
4325508
4305120
4334184
4277748
4267948
4330488
4287376
4414948
4308068
4261544
4238832
4383724
4192484
4278452
4309088
4301480
4330508
4282708
4281320
4250088
4489208
4279640
4243064
4188856
4178780
4247264
4189732
4218276
4262564
4194028
4315608
4950700
6743436
4234476
4217992
4281068
4210316
6660244
4204180
4232256
4273056
4203100
4182268
4273372
4258056
4300368
4386692
6721852
4164132
4226820
4234040
4220412
4238208
4188068
4316036
4207024
4186924
4176556
4250520
4219996
4251208
4265320
4372580
4220660
4208400
4196444
4231160
4215552
4270848
4201660
4325264
4203232
4227660
4236632
4310380
4255744
4273652
4262720
4322948
4271080
4391424
4268024
4346092
4372828
4292068
4288500
4275188
4267184
4316172
4322760
4349264
4261900
4327232
4287700
4269432
4354004
4255852
4276544
4373468
4323964
4337936
4287100
4287044
4334148
4291720
4326448
4229284
4349424
4331532
4281392
4315444
4281544
4333408
4322144
4262196
4379676
4264184
4347244
4335524
4245388
4277428
4226080
4299636
4182052
4254828
4192460
4259380
4362856
4337888
6600712
4250404
4325988
4257240
4244740
4260544
4180620
4243764
4353020
4389976
4253068
4326456
4455196
4273704
4305824
4291572
4340184
4456424
4299556
4365424
4365544
4356964
4454108
4455604
4431648
4336544
4361520
4453344
4368472
4448116
4324264
4349000
4322544
4360976
4365096
4328912
4342836
4393752
4347652
4276612
4374364
4359152
4348412
4266696
4374520
4408156
4427868
4314508
4237428
4282160
4268740
4317780
5368328
4278992
4309244
4411136
4291308
4286776
4395372
4269936
4258516
4411712
4216636
4327048
4352272
4369572
4315660
4354996
4376820
4250028
4294700
4439932
4270260
4383104
4282868
4343320
4308560
4377260
4261416
4387640
4366956
4316892
4358600
4344200
4341556
4306076
4289852
4258596
4387420
4310128
4269720
4308336
4337216
4377120
4386024
4230408
4450160
4294620
4358020
4319556
4295832
4396464
4290924
4334728
4302260
4340404
4307464
4378736
4308560
4374692
4254360
4391544
4341384
4363480
4248928
4339752
4311632
4297176
4279256
4250912
4353056
4404192
4346192
4365312
4351272
4293340
4279416
4254348
4315120
4366580
4379300
4353344
4275156
4249356
4378180
6792132
4371392
4432824
4364964
4256256
4392344
4289968
4338288
4339368
4342284
5346828
4541684
4239384
4204572
4248616
4239800
4200424
4221264
4230848
4294640
4183764
4209940
4172560
4190228
4298348
4326464
4167436
4185400
4268064
4401832
4407348
4289204
4293352
4362688
4386192
4295948
4190556
4262248
4194416
4273104
4363972
4370420
4281196
4218924
4194732
4223492
4307464
4192904
4332328
4205384
4208632
4211072
4165864
4243928
4200516
4199772
4205884
4276004
4314588
4258808
4213092
4181960
4285392
4277428
4201648
4399720
4261096
4201976
4204060
4283576
4267944
4181660
4337132
4261860
4282652
4290328
4171760
4377368
4360364
4305852
6123384
4267216
4321852
4263476
4199472
4243588
4231160
6713636
4268800
4378144
4153704
4286712
4227056
4196372
4194404
4208896
4270392
4191228
4266716
4349300
4289208
4231112
4236716
4246724
4202600
4255136
4231808
4199536
4321608
4277432
4320332
4387788
4191564
4221624
4291768
4283040
4203764
4205108
4311716
4236548
4302348
4199068
4288420
4197176
4237168
4379692
4253596
4414196
4259528
4259096
4365388
4278688
4366168
4330800
4180420
4249340
4267796
4255296
4402316
4244568
4543284
5870336
5687056
4379748
4356604
4416948
4371972
4333564
4336188
4401356
6853980
4366800
4271860
4368620
4473072
4364240
4266272
4411392
4340604
4496460
5143016
4320812
4408204
4354944
4411408
4343720
4316012
4271148
4291820
4388820
4380808
4460552
4319504
4520316
4429304
4380252
4590692
4259108
4264384
4392468
4362452
4428352
4379748
4368936
4276104
4283664
4393732
4332012
4457292
4476460
4387232
4380352
4404764
4400940
4224736
4424468
4353596
4505992
4319228
4353640
4370380
4331100
4408536
4362300
4428920
 
