Procesando...
  Filtro             : sierpinski
  Implementación     : ASM
  Archivo de entrada : lena.1024x1024.bmp
17732568
19043120
17735964
17448696
17538692
17466312
17629724
17564756
17351492
17444260
17542920
17437768
17426744
17316556
17460768
17346048
17532212
17687516
17549056
17381464
17403520
17527744
17472504
17343128
17467608
17449700
17463656
17436384
17416408
17453688
17300868
17470328
21783792
18707208
18421488
17455720
17414580
17457136
17540836
17431940
17593020
17553804
17344096
17392200
17561916
17421508
17415600
17429020
17424756
17334584
17515620
17507876
17422336
17447928
17391588
17629392
17547824
17508444
17559672
17667024
17298376
17308832
17393300
17340284
17554064
17427552
17351132
17425892
17288044
17382520
17421100
17435852
17458904
17454480
17357848
17498400
17433728
17380536
17324828
17348456
17803308
17428420
17336224
18406376
17540512
17432124
17385604
17492348
17547844
17466656
17509012
17470744
17555508
17533332
17922748
17514940
17351700
17442872
17404212
17621832
17527756
17341432
17386560
17461940
17380644
17342096
17437172
17484748
17511784
17411112
17738200
17567880
17538556
17441912
17456788
17482708
17528212
17403024
17514576
20245252
17376096
17510840
17447900
17479760
17414688
17579520
17396108
18003948
17632604
17455824
17493600
17409664
17383896
17528104
17508488
17409820
17480088
17407164
17591852
18272252
17421252
17503924
17405272
17452080
17412948
17391636
17428484
17391184
17415752
17453672
17462716
17477200
17506980
18712312
17452740
17356184
17405092
17435572
17325648
17413224
17292664
17589704
17361780
17344732
17377180
17329884
17437136
17405712
17450724
17477312
17276016
17376952
17280532
17361224
17384820
17507436
17459220
17542572
17516316
17431200
17284892
17378364
17443752
17428384
17298356
17434196
17254356
17349116
17359116
17170212
17485960
17319536
17487792
17331916
17481404
17490148
17308360
17433864
17458000
17528660
17473848
17373168
17432928
17474664
17448340
17636032
17511188
17400900
17338852
17487696
17445332
17548852
17391068
17546276
18083616
17485728
17531300
17579572
17502860
17456176
17591816
18515988
17523132
17424192
17609608
17587288
17334932
17665148
17562228
17400496
17334160
17386960
17350876
17406460
17697304
17468292
17468128
23424072
17216036
17336236
17337124
17290764
17273620
17409380
17352624
17163520
17200836
18500512
17293352
23979660
17425600
17472312
17562040
17569932
17552012
17589192
17394500
17284552
17588500
17655596
17547900
17417628
17440588
17252628
17373872
17400940
17279340
17422912
17300244
17420036
17364464
17319336
17290360
17392404
17511304
17569288
17446480
17555124
17596864
17490908
17515272
17488292
17595556
17725280
17403824
17559172
17417640
17431684
17447104
17616964
17472652
17454736
17397100
17493772
17751420
17213280
17297196
17433204
17456872
17379416
17395336
17342732
17221040
17359040
17525068
17462908
17465172
17455760
17382264
17435744
17481832
17536904
17531212
17345780
17489492
17459176
17721008
17434484
17674452
17483732
17287760
17157140
17344436
17382096
17361264
17388376
25343288
17645880
17442048
17534524
17381500
17440088
17361224
17339612
17398564
17363160
17462392
17611804
17417528
17481612
17545864
17447732
17560752
17509376
17329236
17425252
17503840
17406108
17878228
17313276
17374756
17514156
17472680
17395192
17523128
17298336
17248084
17424252
17275104
17335820
17385548
17421692
20142812
17489788
17475784
17367316
17433372
17454680
17381060
17448080
17408576
17411412
17452652
17321780
17614772
17484220
17479132
17434544
17593964
17613636
17590860
17417612
17394900
17559700
17377724
17530208
17451408
17483132
17466960
17494008
17563660
17371456
17351548
17505976
17574204
17416652
17589228
17415000
17388204
17541148
17483276
17630876
17363992
17435056
17405544
17494412
17360412
17542680
17396104
17309572
24259180
17515940
17228480
17433112
18520884
17332384
17341720
17412724
17432188
17508784
17489672
17462944
17383788
17412636
17338660
17427596
17427336
17497424
17457756
17334964
17329880
17286864
17330308
17176832
17490912
17277312
17403556
22057356
17479672
17494296
17276896
17557108
17399820
17482232
17459580
17405388
17543872
17401716
17463096
17405584
17332700
17391748
17436796
17408268
17419548
17604396
17459320
17450508
17423772
17673168
17511548
17446440
17400580
17361700
17400852
17471592
17441472
17532136
17340600
17387060
17472244
17471348
17585524
17227308
17233228
17477260
17350684
17406864
17535252
17584568
17461584
17325136
17358528
17485220
25097260
17529928
17501288
27193204
17498520
17575944
17482600
17514328
17571392
17473248
17572888
17551956
17371988
17502504
17551492
17455268
17423528
17425868
17526000
17456436
17403036
17592120
17525732
17414152
17418892
17441312
17281756
17505168
17680756
17497144
17548788
17516312
17405828
17431128
17384224
17526776
17543756
17550820
17306048
17414272
17448176
17356432
17332112
17385800
17589112
17801636
17420836
17372480
17390268
17493720
17406420
17447960
17441820
17462572
17460716
17958984
17416256
17525388
17461220
17398100
17592156
17349696
17426056
17499696
17418216
17563440
17589476
17907048
17524196
17404368
17588512
17351276
17450828
18093960
17389896
17280592
17436788
17502828
17337716
17327668
17446440
17278544
17469012
17457888
17483820
17439468
17370716
17458940
17474976
17459976
17810860
17616712
18231416
17331436
17288904
17206112
17421424
17404712
17434964
17332076
17370572
17492772
17225316
17227024
17402680
17438672
17505560
17508060
17569104
17597504
17366512
17484484
17427476
17401776
17630524
17454612
17441692
17538784
17501748
17501924
17469764
17406740
17516100
17597932
17473628
17519168
17546636
17298844
17386172
17856076
17573576
17543312
17592828
17499080
17536068
17635860
17700960
17543988
17569948
17623764
17718456
17645968
17638216
17650020
17610384
17560064
17731820
17667140
17651568
17718684
17647720
17687264
18978184
17586700
17685344
17825900
17627856
17605480
17651656
17779168
17555868
17618644
17673688
17631212
17711640
17645024
17679080
17661256
17724744
17593940
17671792
17643304
17612384
17740780
17635620
17691000
17578712
17777952
17756840
17544456
17631896
17620604
17625280
17685312
17774560
17621460
17420712
17598340
17668016
17528340
17546916
17541724
17538700
17629912
17533256
17675904
17531152
21607144
18062836
17635220
17693500
17928924
17522760
17560584
17604484
17422676
17384792
17515872
17746480
17513360
17679620
17541020
17696372
17584284
17445500
17309768
17511064
17635396
17605728
17884204
17716080
17597708
17822352
17688032
25453752
17514052
17581424
17565920
17535640
17570256
17641312
17608236
17503128
17544768
17663440
17549672
17608832
17406624
17578788
17657676
17519180
17619700
17570248
17651264
17524196
17670320
17559148
17556656
17673048
17638788
17624780
17663132
17762048
17508092
17600888
17552100
17598292
17443936
17615620
17484392
17550188
17602748
17449024
17548804
17460612
17896540
17670472
17894640
19133844
17462512
17671404
17630732
23758824
17619156
17525276
17595156
17406440
17505192
17523188
17485652
17664436
17520360
17467956
17469272
17577040
17526568
17428636
17577672
17354936
17701760
17523400
17493604
18396904
17487900
17555332
18111816
17870000
17724380
21198608
17716184
17702876
18044652
17658932
17730400
17945116
17515356
17654928
17550948
17605880
17545812
17647640
17395332
17691028
17940580
17685988
17593008
17731780
17569124
17656532
17597948
17804204
17544260
17788908
17613968
17656440
17643984
17747360
17593368
17447468
17663484
17581660
17537752
17560780
17743212
17598676
17413348
17546676
17659684
17564068
17612316
17594948
17582432
17788488
17884780
17754192
17687268
17516204
17900144
17654376
17536760
17744260
18371644
17791904
17763584
17780836
17768104
17498652
17573904
17742160
17588828
17401944
17685256
17807728
17585372
17588260
17640000
17705152
17617728
17630172
17667208
17682528
17691068
17630424
17577728
17562584
17722056
17487068
17661312
17551452
17632544
17695168
17456756
27305088
17630928
17597052
17564668
17562476
17796748
17828248
17963940
18078884
17820328
17512464
17806672
21056484
17585416
17918904
17550628
17991532
18121708
17838592
20343992
17581024
17587672
17894988
17788616
17822364
17756960
17622076
18027028
18145672
17818440
17966788
17652980
17571288
17822628
17752780
17760388
17633260
17651428
17503300
17279864
17778960
17922636
17676688
17939664
17925848
18089500
17814360
17851380
17738952
17837968
17951468
17935288
18072328
17908696
17894144
17909940
17995800
17857700
17952148
17708072
17786368
18118368
18034436
17947320
18036892
17959452
17885776
17925004
18056184
17986472
18047116
18097436
17989396
18148228
17920612
17938512
18108812
18149316
18021068
17884676
18060908
18109932
17896880
18013564
18067164
18219320
17986816
17953420
17991280
18080336
17852604
17931652
17865956
18009840
17848712
17792340
17899440
18038344
17816880
17733324
17926500
17751616
17955180
17886756
17892176
19863212
17710612
17783344
23639412
18066404
17990544
17947452
18176880
20658840
17667564
19396264
17637180
17797652
17807204
17835444
18089956
17836012
17867204
18108672
17543940
17616468
17531688
17669164
17667048
25466928
17599008
17984276
18169416
17728748
 
17767220
17907580
18069448
18043528
18105076
27185096
17943664
18061444
17927988
17877820
17949164
17949908
17949532
17608112
17637620
17676724
17548832
17573032
17571744
17873304
17924216
17908500
18015976
24550676
18116232
17819400
18053788
18138332
17946032
18114640
18011152
18319604
18253616
17936988
18855944
17967804
17959028
18014728
18084048
18088844
17926524
17939412
18029128
17916848
17832468
17918240
18166052
17885352
17986412
17994820
17987576
23258568
17673148
18183432
18159328
18080060
18063884
17729620
17690008
17904628
17865068
17611396
17966964
18486472
17714012
17893132
17803904
17781492
17816300
17998684
17849336
18036660
17743912
17537580
17677260
17514296
17639996
17702904
17872000
17705988
17617920
17601460
17669168
17607964
26871340
17680748
17814684
17572584
17527728
17533560
17539316
17564452
17438440
17594404
17443552
27700628
17687480
17680008
17624496
17547332
17639356
17452516
17619356
17520248
17688844
17624272
26094944
18074384
17692116
17683772
17808492
17572992
17675384
17680860
17621032
17651152
17752096
23171424
17510760
17528860
22792932
17536380
17557600
17627720
17502360
17426040
17666588
17654728
17624876
17546804
17715892
17707904
17633048
17641372
19076108
17700020
17708216
17658956
17657448
17861428
17692524
17983860
18279560
18078964
18044144
18637912
18002040
18129240
22260544
17924840
18165276
18023388
17883948
18070756
18014444
18137456
18020660
18107360
18129296
18155244
17996764
18127376
18068784
18239188
18126864
18146900
18077612
18155872
18358200
18202412
18154884
18061912
18023148
17844644
18065284
18123592
21544152
18044188
18170224
18048160
17964520
17956228
17902580
18045608
17894532
17896044
17875024
17988212
18082784
17922672
17918564
17549292
17757788
18068392
17938568
17888496
17968500
17837892
18207760
17884740
18024520
18095684
17892356
17977208
17852224
17968172
18157024
17955964
18134152
18106620
18074936
17905932
17758356
18078060
18071008
18084088
18205616
18331736
18028772
17894492
18010092
18054964
18005156
18265780
18108064
17882644
17947484
18136904
17993740
17956752
17825952
17954824
17464052
17584244
17493136
17723460
17865000
18007188
18128464
17936012
18140016
17928504
17928996
17879256
17941636
17499900
17380956
17756660
17875236
18009952
17736620
17779728
17958236
17903820
17827476
17996592
18104348
18054632
18881728
18181164
18134888
18084928
18071096
18107560
18099592
18055884
17925880
18010168
17930776
18018988
18161172
18111260
17762668
17901496
17964812
17890080
17877924
17937784
17815580
17959364
18156924
18112728
18990756
18175864
18351520
18126044
18183040
18174068
17973592
18030532
18036232
17927136
17930932
17859836
18218028
18058028
18098544
18119552
18130552
18058624
18153276
18145076
17973220
18088572
18210764
18022152
18174328
17842852
22178148
18079552
18064564
17921548
17922768
17962284
17973296
18427208
18052456
17942120
18059856
18063184
18158296
18085196
18119868
18202568
18143480
18140916
18039788
18153756
18137640
18058348
18044280
18247528
17879696
17971296
18006460
17982836
18140712
18209728
21581944
18064744
18044492
17964736
18989328
18105152
18266352
29669564
17916524
18250932
18177084
18150964
17858904
17893664
17998104
17956368
18049804
17864216
17905636
17871836
19950204
18015584
17850888
17498620
17498596
17633644
17518120
17397920
17996716
17674052
17617292
17675704
17590024
17742860
17829532
17567292
17835600
17536544
17700144
17742584
17778616
17914820
18095024
18149776
17845708
17556140
23393316
18021972
17963256
17281068
17560296
17442196
17514864
17540064
17679680
17649676
17663600
17666376
17455948
17657544
17489332
17951864
17714576
17742720
17984560
17866620
17844932
17903332
18130796
18048900
17942816
17643676
17686004
17688456
17665600
17789760
17984868
17747964
17695536
17637160
18055760
17990764
17901984
17919904
17928576
17863652
17581320
17605624
18368392
17458408
17675036
17732376
17657104
17570140
20881760
17562180
17611044
17493500
18028912
17710176
18018696
17866132
17799960
18092624
18062372
18113100
17867708
17876792
17989728
17890976
17934612
18058328
18294236
18188216
17885724
17984244
18037192
17915772
17810380
17931060
17916120
17849284
17884900
18033440
18003060
17896412
17910788
17992332
17970360
17843164
17876036
17977704
21690728
17682732
17429108
17651236
17551336
17791916
17573468
17646172
17660028
17648580
17532792
17801404
17878684
17639636
17569044
17638432
17786420
17566420
17879692
18011052
17864724
18017624
18080920
17711084
17586736
17567828
17927432
17661280
17939760
17507572
17759944
17762504
17912032
17482792
17386536
17699124
17673072
17792440
18056292
17813848
17737164
17908664
17644340
24622600
17543244
18190148
18161288
18086716
18063716
18124784
18086616
18062592
17962624
18100764
17979520
18011744
18618752
17856088
18021932
18002292
17969552
18115504
18281664
18049912
17914160
23999060
17678064
17849128
17891356
17781832
17858628
17935428
17718944
17750136
17875936
17908152
18026116
17911036
17991872
18119732
17933412
18051584
17916772
17987964
17960868
18046708
17887136
18002608
17908452
17907020
17682000
17731620
17669876
17743988
17865000
17926064
17908248
17892424
17884932
18007432
18112116
17846740
17904172
18124564
18033372
17927596
17946348
18117456
17884200
18090976
18175764
18011572
17807496
17988604
17373880
17521696
17577780
17495216
17351620
17692980
17566832
17672876
17525328
17482760
17465384
17477768
17687644
17618304
17373868
17528176
17355812
28477676
17848380
17631380
17625860
17662452
17628064
17698888
17652472
17631936
17715036
17882072
17589540
17761284
17756988
17753148
17629644
17634668
17657092
17601992
18776092
17768100
20523392
17885144
17661740
17753460
17952376
18083088
18104808
18024604
18053388
18002864
18099708
18151912
18072856
18245128
17832152
17775684
18212836
18007588
18066248
18467004
17891496
17550972
17411544
17633496
17649352
17276284
17576876
17714288
17649868
17571176
17646756
17607708
18028996
17891064
17841884
18140960
17589876
17628980
17695100
17588704
17707320
20621320
17499196
18264312
17531860
17443468
17526244
17597164
17801976
17407616
17636452
17831072
17995952
17980608
17812232
17939204
17507600
17696136
17618068
17814504
17660724
17570128
17957728
17958716
17817740
17932980
18145568
18176604
17957728
24338736
17972688
17934732
22810820
17756676
17786536
17585544
17804908
17772412
17952628
18207504
18018976
18153040
18002252
17989768
18125748
18112108
18202920
18070992
17964724
18094640
17937524
17864816
17987068
18054464
17922244
18030500
18049416
18066516
18171436
17812740
17965460
17800312
17900732
17846404
17782508
17911492
17891448
17864052
17946596
18016432
17938428
17751852
17959344
17912760
17845368
17886900
17752628
17929468
17854404
17832456
17820400
17941400
17969652
17875736
18079560
18096200
18098732
18130784
18229488
17903732
17786880
18012452
18052644
18111908
17871600
17994936
17879740
17821300
18013016
17887388
17895376
17708116
17952940
18024852
17821900
17978492
17660856
24359216
18066012
17947256
18098000
18135020
18074572
24984804
17959388
17891180
17985008
18092924
17920264
18030444
17974040
17994024
17850780
17993884
17795780
17907876
17985112
17839860
17951720
17826772
17918720
17970964
17947804
17982696
17974796
17975660
18034252
18069808
19051888
18165236
18209056
18163324
17737292
17842128
17974856
17846720
17921556
17902504
17978700
18001408
18035620
17997480
18085328
18122132
18176724
18084544
17979148
18052564
18025160
18081304
18166800
18158860
18167160
18190504
18157560
18173264
18006700
17867492
18020720
24149328
17766324
18036324
18011968
17957996
17999092
17959656
17951620
17928440
18049332
17963212
18026560
17915836
17883132
18014916
18093616
17738724
17975248
17963384
21955956
17410524
18061808
18165052
18210268
18700676
18083100
18058084
17916004
17953592
18123128
17992608
18069808
18065948
18016852
18017616
17962812
18101868
18110564
18097128
17875232
18093104
17951584
18074912
18061264
18090244
17999324
17868564
18127148
18199544
18099960
17944684
18021364
17778200
17617944
17485268
17373044
17570744
17544732
17516216
17538012
17429256
17516896
17593012
20185156
17643488
17617164
17965404
17943104
18060268
20001596
17609368
17632080
20158588
18087712
18101200
18043700
17511472
17516816
17606316
17608452
17503140
17630648
17617532
17661688
17702912
17612956
17592820
17844484
17976976
17658356
17542752
20077372
17908756
18110484
18193492
18197348
18172912
18004668
18188280
18222840
18028032
18072980
18179752
17999636
18196280
17966096
17964216
18133408
17959880
18019160
18059872
18004684
17967604
18203156
18187384
17964636
17931408
18651160
18122676
18007320
18062132
17855916
17920664
17942372
18190808
18004944
17775604
17934036
18139964
18633596
18256540
18127112
18041392
18076476
18028988
18054312
18100356
18206324
17770180
18030524
18086068
17941616
18114036
18028352
17575832
17544000
17600036
17672624
17605972
17521492
19205764
17421788
17543568
17802836
18012736
17710804
17879124
17878208
17909208
17889300
17833752
18069540
17910136
18026708
18026732
18082496
17992320
17992128
29083856
 
17941968
17936668
17394200
17508324
17947544
17889096
17979260
17927008
17853696
17893700
18059124
17993364
17853780
18012252
17868104
17931668
17881576
18238992
17790844
18085804
17909512
17964824
18036568
17947100
17890692
18027300
17813880
17962976
17988364
18282460
17952724
20651140
18065944
17998324
25108748
17657368
17965652
17982012
17904824
18083204
18116752
18059164
18007204
17598884
17604548
17237668
17762108
17937980
17721400
18052440
17906300
17835136
26943948
18143684
18008888
18109424
17950632
17913616
17804224
18051712
18167028
18219588
18363408
18011792
17901608
18041768
17984396
17989160
18034632
17398660
17843636
17959500
18042720
17916916
17721352
17985304
17834872
18001528
17890552
17919184
20353204
17771900
17578772
18127568
17920064
17860848
17974728
18011060
17897456
18033108
17920572
18012988
18608416
18036712
18185752
17944344
17956220
18019816
17831724
18044152
17722620
17942160
17890364
18087704
17694840
18103120
18055484
18148348
18065720
18097652
18098652
18056312
18153972
18094856
17861708
18034544
18061768
18187732
17969240
18128528
18109160
17931388
18030872
18036836
17969528
18083024
17943504
18011436
17976600
18060240
17957896
17996632
18093720
17856092
17995344
18080132
21337604
17355940
17375472
17660348
17529972
17550260
17435732
17543620
17633220
17659836
17501860
27393052
17474236
17441004
17587896
18008688
17891808
17928200
17951220
27140016
17819252
17833388
17875196
17878400
18034492
17959308
18076032
18013684
17879680
18045864
18046856
18004032
17988544
18217008
18034036
17903228
18047440
19539080
18679088
21211320
17786700
17851808
17839592
18019968
18023508
17736028
17829220
17860476
17901680
18101968
17951040
17942260
18289296
18030860
18146260
18110128
18131148
17972488
18087104
18194036
17927640
18002112
18102704
18187976
18149928
17664740
17761760
23179048
18108228
18013212
18138012
18249084
18062908
17970688
18134608
18123868
17924736
17981664
17559944
17356444
25575760
17596844
17620924
17424844
17760812
17540700
17558056
18080932
18182232
18138456
17953780
18099452
23168184
18111852
17828612
26619588
18087788
18055244
17527108
18127308
17606692
18162648
17859536
17913416
18001120
17853336
18151644
18113676
18033648
18080832
17886964
17918788
17726792
17782664
17594520
17534748
17614812
17660656
17633936
17487456
17974956
17967764
17830944
26172008
17634420
17655924
18017404
17994976
17909748
18058352
17984324
17928192
18042060
18051728
18196904
17927068
18129064
19705192
17894512
17922640
17806604
17798908
17895056
18060364
17825648
18020776
17878788
17682628
17790700
17819520
18075320
18018792
18068028
17858636
17839168
18078636
17970264
18084756
18038548
18096368
18045524
17983484
18076716
18076628
18166540
18151968
17863256
18117984
18142584
18000732
18061796
17963840
18001088
20082212
18047668
18049408
18189836
17699084
17575248
17529580
17545860
17526780
17822216
17566872
17435272
17580060
17778260
17679996
17533612
17514616
17801360
17662312
17631976
17594832
17667060
17717284
17825936
17750372
17621624
23844144
17800004
18118916
24446048
17749768
17813988
17835856
17670700
18112828
17998092
17976732
18095456
18086224
17614548
18083324
18646196
18222196
17996920
17989372
18025576
18051936
18105424
18120480
18087836
18139140
18127432
18194748
18012140
17904488
18136440
18023100
17970712
18906224
18223972
17913620
17517832
18055480
17602136
17706820
17955164
18028868
18191408
17889420
18032608
18049748
17745716
17831536
17885452
17914744
18006068
18012644
17910852
17950392
17926236
17923032
18056812
18061412
18113748
17871648
18069752
18175300
17963804
17874804
18193452
18142700
18079616
18114632
17919344
24044704
17563804
17680556
17535172
17736776
17831008
18120928
17928932
18056668
18177108
17576872
17583988
17603884
17508608
17663916
21197320
17841988
17607580
22880964
17596228
17950712
18093928
18144780
18133376
17984600
18249004
18023324
18073724
26915992
18149384
17999244
17993328
18236584
18200008
18264656
17957948
18029768
18117012
18028972
18735372
18062936
18056128
18048132
18193836
17958964
17607364
17829944
17641392
17870316
18049528
19112860
18090288
17826452
18015156
17934668
18046828
18103452
18049476
18065652
18032932
18055512
17971600
18090112
18085200
18319060
18179400
18055072
18109300
18016136
18018248
18145100
17993784
17632040
17809940
17667256
17714140
17593336
17888560
17661116
17691388
17830872
17606172
17581232
17578488
17950976
17792260
17629788
17977716
18033248
18032552
17964320
19695472
17923136
19236268
17946684
17996388
17992428
17888280
17890140
17865052
17832420
18058276
17888548
17939860
17854392
17888260
18018940
21755124
17324392
17267616
17478252
17922724
17719760
27830116
17955436
17966044
17878192
17990540
17861008
17999508
17925980
17815420
17936296
18050676
17950228
17886260
17942988
18781444
17835108
17921380
17956880
17953652
18074840
17983012
18014060
17565928
17858748
17681604
17628160
17646048
17716028
17582712
17758240
17849324
17648160
17636916
17584852
17676748
17482000
17526604
17630576
17693844
17801184
17507736
17673080
17663412
17670560
17573868
17530292
17689620
17472360
17647068
17553540
17798336
17750528
17884428
17973816
17931356
17999864
18065288
17810220
17967780
18435732
18122220
18894076
18109620
18222700
18054468
25421776
18139352
18105140
18062776
17958656
18008280
18013276
18145096
18150956
17873880
17602096
18017648
17775564
18059660
18057380
17917636
18029204
18057956
18050708
18228060
17498344
17756220
17396120
17778508
17710588
17720388
21429008
17620212
17717096
17612956
17414284
17871396
17824000
17966816
18040720
18102340
17939492
18070868
17900260
17906104
17768352
17591492
17604100
17745372
17584740
17526756
17504928
17610404
17839776
17845248
17958292
18525936
18015756
18007584
17813916
17769204
17590160
17548708
17563840
17708000
17590032
18001528
17990776
17961772
17876428
18024232
17821984
18017092
18050032
18001964
17988984
17502084
17847132
17949200
17965788
17826672
17446380
17465784
17940548
17947312
17919892
17803080
17838804
17563544
17498696
17631476
17626536
18088160
17807080
17499328
17661580
18138368
18009388
17999880
18091984
18169128
18101740
18252320
17977192
18201480
18288688
18026720
18024312
18104596
18008728
17952884
18238052
18143272
17974580
17848076
18014544
17906860
18066016
17957496
17954460
18056652
18021988
17960528
18000128
18023012
17969060
17958752
18041752
18208696
17836288
18094444
18096888
17907060
18088340
18104356
18096112
17991288
17669912
17581880
17454908
17945608
18155688
17983460
18066644
17830188
17869300
17959660
18030828
18065032
17946740
18191140
18120580
18097996
18114972
18108592
18194072
18143764
18090272
18087876
17979960
17884448
18083980
18027764
18120648
17854848
18111612
18016280
17881480
18018448
18057036
18113480
18174220
18085792
18050560
18133096
18066012
17977300
18028496
18112832
18163040
18356320
18060128
18022408
18044916
17958024
18195800
18079564
17991216
18124092
18098900
18054000
18122148
18283968
18142072
18002832
17996224
17853752
17943872
17903812
18400880
18026404
17891652
18089704
18113376
17970336
17807088
18000860
18072224
18053228
18054356
18130612
18137824
23269220
17774700
17751088
17559292
17641632
17780868
17605340
17647780
17497600
17458740
17657772
17636780
17516400
17678836
17828508
17688144
17674316
17949624
17615740
17977332
18031028
18187524
18048356
18745684
17906904
18182048
17963604
18131500
17905428
18070764
18108284
17909596
17966036
18181172
18063012
18008844
18262176
18109156
17863732
18005476
18153028
18019148
18000736
18080140
18096780
17943452
17976588
18087504
18775068
17913736
17599164
17779096
17973024
17925160
17930664
17887656
18004912
18045740
17997876
18003396
17713652
18076568
17719000
17822908
18180344
17933364
21081672
19011992
17931796
18186640
17942640
17927568
17989628
17963276
17828316
17926696
17972612
17726500
17874168
17787992
17899528
18007440
17752228
17937228
17790204
17733636
17784648
17973600
17921780
17899368
18031316
18066060
18072040
17910788
17956392
18001500
17998000
18058212
18202260
17963452
17905496
17958908
17678324
17611620
17923532
17990544
18693472
17949912
18265764
18581404
18130124
26897288
17935856
18019500
18001816
17976624
17945688
17888952
17980728
17936500
17890136
17994248
18035992
17993640
18015588
18130492
17952936
17799460
17928348
19437916
17494444
26363124
17553636
19884964
17602764
17784852
17494912
17586180
17516264
17394964
17506252
17557508
17571004
17556996
17523112
17581080
17548016
17590120
17592356
17639620
17736080
17728448
17859420
17863280
17703036
18150988
17733280
17672044
19572592
17586936
17636932
17680036
17598716
17644476
17607140
17568988
17530152
17698656
17418968
17489956
17708880
17453980
17631200
17716036
17930124
20820704
18614224
20081380
18062428
17891672
20683160
18400716
17848740
17917428
17913008
17954816
17725736
17765024
17798436
17531768
17553584
17450376
17410468
17495256
17463164
17464960
17451112
17625996
17512704
17558704
23107308
17552292
17721740
19923200
17790620
17615072
17683132
17890996
17739224
17899232
18107264
17991708
 
17994240
17869384
17883444
17818608
17769664
17857996
18045376
17890104
17903444
17866720
17792968
17969176
17936076
17714844
17953868
17939172
17996808
17874484
17497028
26126180
17486228
17506444
17572964
17888528
17965260
17969564
17883872
18119088
17840548
17734740
18000804
17527060
17487832
17456152
17661840
17703868
17546124
17606488
17516604
17668556
17680116
17530476
17537136
17754776
17559248
17635872
17677132
17563596
17997552
27635872
17796236
18059404
17917492
17894556
17910924
17980288
17900276
17937768
17919904
17905072
17952144
17993344
17895148
18052824
17922068
24790768
17952228
18005404
23699332
17775940
17600900
17994828
17976092
17988656
17885584
23324384
18190588
17974280
17849164
17962984
18030020
17837628
18008412
17903196
17984384
18015396
18208588
18180872
17926072
17711560
17734188
17957396
17611372
17645072
17711684
17709388
17692880
17714772
25659836
17575768
17681368
17649640
17703960
17985436
17807808
17566124
17656508
17543064
17523552
17542048
17500396
17556280
17299592
17531612
18015724
17962464
24197704
17954176
17990092
26405952
17943212
17871732
18122112
18077916
17887172
17687116
18083372
18397676
18004132
17978764
17878348
18107596
18047864
18102668
18134380
17863580
18081844
17996024
17741452
17849704
17839908
18240628
18037508
18127472
18210872
18195440
18298800
18444888
18335596
18033212
17592116
17831512
17746756
17671692
17637120
17681680
23016204
17621308
17620436
17437552
17557412
17352740
17492596
17721048
18172276
18129956
18145220
18141804
17975924
18205532
18105056
17931968
18007196
18136260
18116860
17765216
17801540
18022772
18015668
17850440
18074988
18187164
18085360
18189892
18568464
17971104
17963068
17929876
17982516
18020912
17908172
17978288
17888636
17946188
17946344
17917296
17937648
17885984
18013656
17906196
17895064
18973684
18156248
18052336
27683272
17927668
17877404
18071328
18035136
17826020
19300552
17915276
17971556
22987328
17990092
17918360
17851504
17862912
18061276
17765052
17865064
17709908
17882620
18033624
17989784
17723304
19095340
18010936
18168288
18109832
18041824
18010196
18072564
18094128
17989308
22585880
17577104
17494220
17439684
17607260
17496204
17447060
17475324
17448624
17504564
17582740
17531240
17673628
17736908
17551876
18093504
18195952
18093296
18331484
17928856
17914328
17862984
17893596
17739356
17635896
17586712
17692732
17841720
17864912
17709396
17916136
17880688
17758952
18103440
17934324
17981976
17978696
18096000
18006116
17976792
17957436
17904440
18000128
17711172
17992580
18018956
17929788
18005788
17929156
17993976
25731812
17940976
18122576
17832484
18001716
17834328
17884108
17995640
17905532
17874312
17722196
17628728
17634708
17789704
17901472
17792200
17969144
17604300
17929076
17881060
18034236
18037000
17971776
17883992
17659268
17711996
17830088
18029692
18018420
18078096
18066768
17963908
18206344
18034044
18105628
18104452
18144896
17860960
17986268
17766660
17981004
17966264
18033992
18260028
17844220
17939152
18068484
18316960
17952732
18067744
18132736
18071668
17927216
17918368
23408880
17741304
17747704
18131460
18137508
17985596
17847416
17917548
17946148
18098556
18256920
18139240
17976388
18132916
17899756
18188808
17972360
18000408
18100404
18794416
17803876
17643552
18331656
17681436
17656348
17986264
17885688
18150996
17876284
18051448
18054716
17908540
18054260
17486108
17884656
17828308
18045440
18056848
17557032
17520340
17453512
17571832
18113428
18022264
18043280
18092128
18073136
18002424
18094428
18199732
18065600
17774720
17900940
18091124
17927112
17854444
17958728
18098736
17959184
17808160
18148612
18201208
17852568
17881808
18204984
17971324
17999616
18089300
18132312
17832328
17988560
18028692
17731796
17888160
17995116
17946872
17921764
18111248
17617540
18613920
17911416
18008120
17753100
17764108
18117136
17610408
17814292
17683344
17762420
17647864
17554580
17392676
17619164
17533952
18147876
17631096
18157256
17886632
18016820
17966052
18061792
18104332
18176556
18093808
17851012
17966816
18054228
17933748
17835432
18272308
17942704
18025928
17927428
18104972
17812616
18061140
19647984
17974060
21495708
17968828
17978288
17969624
17981136
17861492
17969172
17979072
17789764
18065044
17820492
19754212
17936624
18135276
18088072
17867860
17989988
17895048
17720772
17897808
17479604
17731292
17742408
17846708
17980364
18057720
17890604
17890600
17889236
18094200
18079564
17809908
17818192
18044608
17918176
18142120
17800604
17807336
17811256
17861768
17709156
17897548
17859808
20138788
17934836
26767680
17966400
17747908
18072300
18115116
17682828
17934600
17927388
18601640
17994640
18384724
18391168
17990464
26961132
18089728
18092588
17903848
17814928
17526620
17557952
19250924
17866692
17860312
17937216
17962536
17995716
18016964
18090720
17943820
18256852
18040600
17894688
18030016
18036232
18101568
17947524
18089084
17997772
18143516
18093312
17981304
17980500
18049036
18050224
18093112
17893616
18092772
18000548
18821372
17998908
18092224
18100428
17958948
18016236
17915260
18276152
18060004
17955400
17903124
17975060
17946296
18093116
18070816
18253176
17991740
18837660
21580620
18161960
18006500
18106656
18250508
17979968
18061692
17796876
17839912
17839604
18546252
18079444
18083536
17827116
17797068
17970536
17727856
17772776
17561720
17525236
17497428
17557784
17579368
17495240
17538872
17585296
17392528
17484200
17467824
17519500
17505612
17567088
17551724
17451764
17594164
17519844
17507440
17552728
17626972
17622336
17557892
17616164
17609860
17421992
17564268
17515864
17555208
17501936
17832616
18022632
17887200
18138280
27837744
17635348
18031616
17928884
17575472
17495048
19892152
17601304
17554708
17827132
17809568
18017056
17932656
18032768
18049200
17945624
17972068
17972896
18011856
17887196
17884812
17970232
18096992
17944456
18135120
17966336
18023468
18101740
17568220
17523652
17543024
17552668
17510496
17686224
17530792
17578768
17985180
17877760
17865420
17883232
17948904
17914200
17830504
17711156
17572992
17560804
17531588
17639228
17984212
17831680
17836884
17579080
17547620
17438020
17735020
17572080
18102764
17769280
17828184
17752120
17634900
17665308
17770796
17713464
17407108
17670544
17456100
17502388
17537296
17638584
17389368
17548416
17622760
17590324
17580232
17551324
17815424
17622364
17577944
17594636
17630616
17722688
17597512
17715132
17686064
17474160
17535516
17612000
17582856
17670796
17645008
17607320
17539116
17563912
17479044
17679308
17615972
17663560
17649556
17438460
17674600
17449952
17665384
17662988
17844516
17944508
17435324
17329736
17445640
17668708
17667576
17621344
17655564
17854376
17792884
17541948
17697360
17686704
17986060
18043376
17876648
17529884
17560276
17960820
18061564
17987472
18246480
17869352
18151536
18022904
18069880
18080380
18142852
18167284
17937772
18066024
18141900
17925724
18025916
17719820
17739524
17486216
17538680
17604140
17593288
17879392
17813336
17763784
17606272
17590568
17428580
25182568
17426912
17613868
17635600
17531596
18143764
17566120
17539556
17666044
17686640
17801700
17630900
17509448
17613576
17571016
17577648
17461616
18012200
17973456
17748640
17980216
17951860
17722204
17888508
17915600
18109892
17604352
17836228
17902468
18944828
17521188
17506384
17706732
17774072
17611772
17766128
17492288
17660412
17798636
17672184
17698268
17581388
17683572
17952476
17954244
17556252
17695456
17801816
17553760
17509672
17646704
17731544
17671580
17517392
17597036
17859316
17548776
17533556
17755424
17692656
17692364
17952140
17624148
17588264
17615832
17672292
17572872
17550544
17649652
17572472
17578308
17694808
18148400
17917460
18020024
18026792
18157448
17976076
17976696
18058936
18146688
17915280
18023544
17864028
17906588
17582792
17721232
17913292
17800592
18014500
18017768
18034568
18089184
18086656
18092636
18094488
18231652
18183856
18118904
18017216
17592412
17655856
17710136
17844096
17676992
17710704
17726216
17652240
17688368
17680972
17750868
17558336
17724500
17628868
17489520
17554872
17524340
17567744
17616252
17736912
17650632
17625668
18310024
18231256
18160736
18481876
17870048
17971688
18116872
18044460
18041216
17751568
17710512
17826704
18041460
17885080
17933020
17832488
17688616
17771220
17734548
17464720
17479144
17417796
17408516
17374960
17733464
17550888
17397520
17514024
22980132
17508936
18019928
18047444
18108540
17963872
18023744
17382584
17535100
17625124
17542180
17761040
17923972
17629384
18073620
17865076
17611008
17591224
17634708
17485500
17587496
17619624
17742248
17567628
17454968
17610968
20981460
17436948
18032352
17638876
17652500
17748172
17811500
17661188
17600224
17702044
17609376
17481644
17657328
17716268
17721116
17760636
17658876
17682476
17397928
17556124
17645076
17633612
17517508
17499916
17346484
17342284
17496256
17628880
17519256
17594136
17546772
17442864
17412592
17474896
17564928
17501880
17451264
17400256
17438644
17506892
17619624
17621956
17380336
17493248
18226640
17483252
17545896
17648592
17740672
17550896
17621612
17781636
17781808
 
17573528
18125908
18140244
18141408
18108988
17698228
17654188
17528112
17645492
17653512
17819104
17883432
18016284
21536324
18028300
17994148
22047752
17603724
17581780
17986580
18218760
17918552
18008424
17936908
17936352
17983508
17844724
17995424
17828300
18073336
17978120
17924828
18060540
17833620
18016984
17830988
18001348
17988668
17917612
17560200
17377188
17737008
17729128
17557352
17626548
17768044
17749284
17910132
17743512
17574200
17802944
17766520
17580732
17618088
17766592
17669408
17637608
17554516
17602136
17462584
17385796
17475136
17564828
17417124
17554248
17597356
17714012
17570360
17487972
17658096
17507528
17679768
17584592
17459456
17633596
17401084
17547464
17466968
17424256
17546084
17668340
17425696
17434024
17656816
17523944
17622284
17754060
17518632
17784844
17586336
17720228
17660700
17852392
17416620
17791780
17876288
18090920
17813108
17862328
17713496
17673084
17618508
17593800
17636168
17576944
17573840
17590956
17588776
17709856
17565864
17611516
17644552
17420488
17403680
17613760
17657372
18983136
17699600
17701304
18673680
17578308
17796016
17944500
18107332
17896900
17991924
18007544
17823336
17943928
17920920
17877652
17929684
17818368
17904868
17753400
17855028
17747004
18045888
17742588
17656156
17587616
17525672
17577840
17613792
17454484
17443132
17592072
17651008
17584468
17622360
17726732
17734780
17789968
17566176
17597512
17625600
17658556
17505300
17838304
17666044
17697952
17682744
17698900
17520436
21921344
17747688
17604012
17772372
17485544
17834380
17511544
17499200
17618452
17897396
17676916
17626160
17535388
17487640
17632636
17720336
17608744
20774112
17549196
17828812
17884800
17665612
17701232
17703148
17837908
17937452
17578300
17700364
17905092
17523120
17738996
17617764
17342240
17662560
17685252
18022676
18328912
17744828
17831472
18238240
17622340
17728544
17694180
17584020
17702532
17875536
17971936
17949356
18044560
18040228
17760936
17558256
18116368
18034084
18087236
17630872
17715696
17696336
17682120
25262324
17444712
17652892
17614584
17811956
18320740
17694560
17624424
18060284
17567576
17469620
17557456
17659940
17672256
17741356
17407992
17519572
17526696
17610304
17444624
17591640
17529564
17598536
17737920
23756300
17727388
17512148
17843876
17995284
17522076
25261156
17765288
17833220
17492768
17736592
17810296
17564524
17566040
17636296
17683816
17535520
18083408
18035784
17945216
17901600
17983948
18065252
17904644
17958148
20059308
17465088
17612776
17990232
17700428
17702132
18424024
18091656
18115248
19666432
17964464
17864760
17913220
17767736
17911644
17907876
17861644
17825520
17951608
18001356
17802488
17551108
17877976
17786572
18018932
17907136
17678088
17999888
18120136
18236568
18032572
18002052
17999232
17799636
17568516
17487652
17621116
17631100
17528684
17630772
17450952
17932672
18002320
17793684
17921904
17863356
17922416
17753628
17920800
17986832
18009508
17997164
17956500
17987736
18382704
25577344
18058720
17980516
17961312
17896888
18065144
18181264
17983656
17730796
27042188
17755196
17773472
17776612
17973804
18021184
18006144
17876748
17814464
17553264
17322984
17485588
17459064
17285636
17433016
17735260
17598184
17662720
17509536
17638208
17608588
17517468
17558468
17552960
17432324
17441616
17504640
17578868
17573280
25718132
17701064
17574784
17551328
17566048
18030204
17846720
18009476
18145704
17928144
17389316
17439392
17701432
17729400
17653144
17492756
18054768
17883056
17547824
17668856
17691512
17706616
17660852
17733540
17871464
17639084
17636724
17824112
17686288
17637124
18047548
18199948
18105848
17652432
17575180
18024000
17874336
18168020
17865872
18193648
18216436
17889836
17979836
18076524
17967116
18284956
18207604
18197820
17955792
18032544
17979068
17876724
18019932
18063088
18624388
17932408
17979304
17966080
17957148
18050424
18106164
18207936
17933920
17599160
17672924
17474280
25736640
17504440
17557284
17667908
17649484
17538464
17745228
17758768
17648272
17660512
17796524
17864972
18030148
18418360
17713816
17620436
17702824
17576468
17469156
17774140
17648172
17573520
17536580
17628244
17724660
17702244
17608564
17639656
18174740
17751636
17608864
17651572
17662128
17605788
17828040
17383344
20153460
17411716
17540436
17452404
17440888
17490084
17589604
17374640
17398444
17663072
17472460
17610824
17554336
17643052
17561656
17726804
17570224
17351868
17424640
17497740
17526968
17597600
17633484
27373408
17639336
17728052
17596932
17404276
17597848
17461080
17590548
17671256
17596912
17668180
17468448
17648304
17544312
17786268
17534288
17982892
17638108
17469244
17846224
17873280
17669844
17720184
17580444
17639240
17629608
17815924
17662292
17807112
17737492
17570440
17532624
17576488
17371720
17601048
17735504
17856308
17822160
17619036
17623316
17556928
17575280
17602776
17503980
17632156
17680660
20340164
17668360
17726360
25828408
17489360
17633944
17837288
17692356
17750700
17542580
17500272
17522124
17671884
17667196
17592620
17758980
17801480
17552912
17616252
17603220
17563428
18153608
17624360
17619012
17428680
17487192
17304300
17379752
17438344
17668048
17313796
17506320
17631348
17608388
17862312
17875780
17888680
18015136
17964996
18137912
18023280
18024672
17866084
17838116
18009740
17776488
18079064
18401296
17952364
17906316
18110104
18190736
17939708
18014588
17762216
17658876
17917124
18517756
18160932
18113684
17971736
17843480
17749216
17428368
17566260
17508776
17643544
17401652
17723640
17739220
17459684
17657792
17632500
17466104
22662524
17493376
17649416
17676740
17635996
17686524
17690008
17639144
19766732
17392892
17634460
17421792
17451312
17432812
17425392
17482920
17351752
17429912
17427080
17546456
17910280
17670204
17502928
17567368
17516120
17602136
17587712
17486284
17635044
17527256
17628124
17516980
17511280
17491360
17429428
17601984
19154872
17603852
17503324
27799808
17554848
17310716
17422496
17512708
17531580
17348648
17436744
17552572
17414720
17500304
17298000
17403060
17547944
17513832
17492416
17695352
17487488
17331464
17521400
17594556
17496172
17645172
17413624
17353420
17453268
17466084
17514484
19666728
17640496
17658524
17569168
17703348
17451744
17639616
17784584
17454040
17572296
17519312
17575324
17569268
17452672
17609348
17625632
17695620
17360756
17569856
17618144
17648196
17591708
17679276
17680844
17619216
17579552
17732028
17435792
17528152
17759932
17459852
17478228
17511716
17655292
17789704
17657012
17596404
17595256
17742008
17723440
17507548
17562568
17739940
17703904
17541660
17494412
17459500
17342644
19250124
17372284
17349768
17521884
17527124
17676604
18350788
17581396
17766640
17821436
17692780
17761656
17849948
18057388
17922264
17602564
17810192
17521852
17977116
17896236
18016192
18189096
18054616
17765664
17690972
17563016
17964104
17732264
26602336
17729524
17550236
18083040
17779472
17804696
17975788
17882256
17921692
17719680
17729360
17888180
17853416
17856168
17948868
17934448
17492812
17526044
17960636
17538424
17696888
17489476
17451532
17621356
17442316
17411260
17549836
17352572
17461776
17281908
17915808
17405544
17427096
17527908
17403768
17492900
17851556
17743008
17749160
17758336
17723292
21068852
17706244
17671428
17781972
23786708
17842284
17611416
17917096
17716856
17600620
17536056
17614760
17454048
17600780
17352288
17382120
17354124
17403920
17525028
17967668
17963308
18076620
17895476
17872616
17837340
17814268
17405964
17453708
17388296
17447184
17548060
17544036
18444628
17959176
17458152
17945332
18097412
17535472
17585460
17490748
17554868
17785496
17781792
17654956
17835792
17554020
23093048
17530804
26976072
17576224
19428012
17838356
17607456
17755488
18021708
17859940
17893300
17753736
17835756
17701320
17858764
17624048
17844872
17920864
17766256
18033704
18129368
17658716
17794676
17741324
17663724
17571848
17554356
17665188
17720348
17665116
17501460
17643976
17418916
17639760
17428712
17633872
17278296
17508500
17685668
17607844
17623268
17489612
17571020
17546364
17677464
17660112
17691504
17767240
25120368
17865500
17759516
17526424
17707824
17665208
17538704
17752448
17760704
17830136
17662372
17695652
17758556
17592560
17578560
17359384
17632496
17457604
17942232
17849368
18172176
17969484
17925504
17950380
18275916
17753760
17814520
23037436
17890200
17637220
17643192
17683984
17486124
17575292
17860124
17467052
17542056
17604412
17679232
17701276
17658156
17506164
17579220
17606888
17713904
17849872
17539344
17767916
17568164
17737252
17628284
17580424
17617736
17529588
17569216
17600028
17896748
18284752
17429752
17613056
17530448
17591880
17589488
17461452
17674316
17521692
17440776
17402000
17514968
17483352
17424340
17491456
17655756
17705092
17438328
17628904
17454100
17304432
17469768
17555332
17877364
17642672
17773792
17774364
17497512
17613028
17627264
17450936
17588856
17493512
17395984
17465472
17470592
17423660
17573948
17606656
17469936
17631312
17502036
20747688
17549568
17599680
25457680
17371220
17483264
17550928
18651928
18141124
17816228
17542152
17813920
17990488
 
18023184
17583096
17685932
17582128
17644316
17668776
17612024
17871220
17383728
17449140
17840500
17923596
17763260
17586552
17961592
17909428
18467780
17485912
17712676
17886984
17782184
17529092
17418824
17521296
17381324
17882784
17966860
18007272
17932572
17954280
17886460
17613696
17688068
17560000
17586108
17647300
17480764
17475192
17423920
17534624
17504920
17439300
17371708
17406196
17386528
17691460
17538356
17455304
18449376
17568912
17538700
17490152
17633300
17602576
17940868
17584880
17823200
17590556
17423804
17432656
17538876
17616488
17503636
17541592
17392304
17535012
17405016
17584836
17620224
17634656
17473072
17551124
17619728
17573356
17490440
17436512
17457092
17421336
17438440
17450088
17522020
17591608
17588172
17611388
17664472
17505276
17753092
17461608
17475140
17531540
17626004
17478732
17595024
17505952
17538592
17396748
17538480
17545268
17666848
17532564
17561944
17749380
17714996
17612988
17419976
17573788
17420688
17536852
17414276
17390964
17431476
17429964
17503996
17635252
17474308
17615792
17585684
17480300
17877680
17692480
17580820
17716456
17520576
17568076
17429388
17516400
17569900
17598828
17706116
17567048
17652540
17773004
17593360
17603880
17541760
17646236
17614468
17634104
17575268
17611828
17570724
17602180
17526768
17595504
17591460
17638272
19336164
18193908
17425036
17372148
18134724
17471284
17822584
17557984
17575508
17749488
17592756
17557596
17521776
17681692
17606224
17502152
17525212
17548312
17608284
17466304
17389888
17413104
17555100
17602424
17620208
17721096
17724856
17655000
20454556
17736704
17505060
17670556
24773584
17642196
17695596
17549820
17596748
17580600
17693884
17620732
17604536
17690668
17592332
17625704
17814572
17558540
17525204
17587004
17594152
17561288
17740360
17612768
17488276
17319284
17566304
17543808
17561788
17663352
17622112
17604000
17371712
17509236
17528060
17533512
17498228
17377956
17575344
17600072
17588252
17413556
17672076
17581604
26738308
17549216
17486948
17621608
17460820
17569804
17738252
18131800
17473940
18082528
18084844
17945332
17918920
17962764
17858908
17888348
17951288
17922344
17983368
17632400
17667456
17772440
17775896
17556188
17682992
17692612
17516572
17521772
17865796
17584852
17564244
17687404
17606084
17514908
17481740
17553516
17790404
17793636
17651004
17619644
17534672
17608496
17507768
17738208
17710592
17730536
17481720
17563888
17594052
17696704
17642012
17664816
17597308
17605508
17606524
17673572
17559764
17625916
17669728
17713340
17635440
17701304
17522264
17475996
17559504
18055732
17669888
17850180
17485820
17444364
17564928
17560904
17349596
17516464
17608504
17646988
17609704
17662212
17663172
17656560
17860744
17867448
17714944
17560140
17436956
17666172
17297120
17513116
17746516
17961444
17456608
17480836
17525656
17507524
17494328
17413384
17688496
17657588
17492008
17579756
17782772
17712124
17720540
18021244
17566796
17655204
17754500
17654072
17583596
21092932
17608640
17727752
17673844
18185512
17378344
17445012
17436376
17521904
17544680
17698208
17442500
17597252
17362008
17187368
17441872
17376920
17409288
17727628
17362812
17413936
17564872
17523336
17836480
17949760
17648152
17595412
17603768
17668584
17528640
17581448
17703492
17674116
17577352
17725980
17653416
17658080
17578380
17666596
17543676
17577544
17677420
17664820
17421964
17571680
17687384
17655820
18697372
17451400
17292684
24950940
17633052
17980916
17576360
17671924
17488244
17608056
17410444
17470972
17396812
17454812
17411960
17301000
17549124
17370560
17726968
17569984
17530644
17448316
17586620
17541560
17727732
17552828
17604292
17574836
17427560
17444464
17453836
17406476
17682840
17402748
17530568
17567784
17468228
17544680
17552324
17513524
17457008
17640672
17670564
17666336
17601488
17531376
17567856
17539656
17596064
17868792
17527624
17552376
17679352
17589608
17616712
18773084
17980832
17659476
17753688
17803900
17632456
17760952
18058104
17486888
17585804
26854244
17740924
17514036
17619168
17705312
17390860
17454672
17615060
17481576
17400656
17566152
17574972
17947524
17654856
17488204
17471872
17678200
17471368
17628116
17606732
17307112
17553808
17521576
17572132
17422132
17441456
17657084
17451692
17458088
22735912
17491684
17731324
17643144
17661416
17628444
17721600
17657892
17594428
17711004
17525148
17577316
17448584
17577608
17572488
17562620
17540416
17475136
17538296
17533524
17515004
17713344
17761100
17410760
17487172
17685828
17355280
17420036
17591608
17751744
17525044
17568912
17789028
17521016
17472808
17427836
17631916
17712388
17660096
17633616
17547612
17656708
17450228
17542764
17591248
17489988
17490396
17665972
17700460
17450896
17571924
17609040
17667316
17735128
17332988
17624964
17537784
17764672
17736764
17579740
17515092
17501548
17577668
17546144
17669932
17515408
17440748
17388984
18196532
17452172
17499876
17472180
17519992
17659212
17568328
17670716
17696972
17752084
17575864
17645824
17658056
22592340
17643516
17474400
17669016
17363564
17456520
17533460
17389180
17442172
17348280
24926628
17578200
17578112
17676344
17659288
17601408
17528092
17497200
17587824
17652908
17550328
23998852
17652404
17469596
17499864
17296112
17339700
17364588
17325960
17365696
17649508
17365224
17392780
17494988
17560388
17565844
17480396
17379028
17544792
17596472
17542900
17433364
17619368
17377820
17451980
17586844
17504548
17565136
17747900
17760116
17581392
17687196
17640768
17632396
17396468
17486228
17358440
17446544
17523344
17567620
17733880
17652560
17858688
17483504
17742316
17608036
17665232
17525952
17451296
17409824
17484004
17417848
17579984
17404788
17537324
17518856
17469244
17485580
17388004
17449544
17472452
17480712
17495708
17446388
17399732
17500672
17368604
19983300
17398952
17425404
17965884
17472196
17605420
17435036
17501508
17506464
17386620
17534984
17719144
17647112
17505716
17421840
17612780
17515488
17501860
17487900
17673264
17745308
17544560
17488720
17491228
17799868
17380068
17457532
22121776
17469508
18873944
17827512
17587804
17591288
17674044
17871428
17457568
17597352
17517632
17432608
17547476
17465048
17319996
17351180
17851080
17858768
17702860
17718580
17498588
17582988
17579296
17551068
17488336
18052008
17390616
17373788
17551720
17462024
17451376
17575472
17361080
17673980
17564876
17469736
17694144
17699720
17680832
17770520
17518524
17607512
17407016
17474064
17438256
17599500
17333676
17498624
17474344
17422208
17539712
17467412
17474128
17539148
17433524
17438512
17557340
17597472
17604524
17503976
17622224
17558936
17614340
17688076
17733368
17704264
17580060
17329272
17524420
17519104
17589672
18244008
17381000
17610312
17381680
17391696
17669676
17809404
17432440
17683184
17688396
17835864
17613180
17779720
17510012
17659372
17699440
17742444
17484532
17636968
17770120
17458172
17595396
17495156
17480452
17693060
17800808
17585572
17614076
17552356
17505856
17502152
17582708
17687740
17424224
17631180
17541404
17507196
17625152
17544044
17561392
17490856
17550236
17530720
17458884
17536560
17446000
17463908
17446668
17559928
17428488
17499368
17691108
17581924
17543476
18029072
17464240
17488352
17548560
17495712
18250960
17489920
17320696
17572216
17664164
17647120
17667304
17636104
17637724
17442392
17770912
17477144
17651124
17421420
17268048
17440876
17536788
27475776
17743864
17576248
17613044
17590440
17417296
17406572
17653908
17598384
17672188
17501924
17442892
17536884
17528188
17450288
17541932
17893676
17440136
17487916
17622740
17596540
17504652
17581884
17643176
17469096
17525392
17538924
17545552
17528480
17485540
17528080
17381612
17543844
17573388
17593784
17527996
17486124
17367516
17553344
17435704
17448116
17405096
17381516
17478068
17516664
17417344
17470736
17694264
17514732
17501904
23986872
17749828
17656704
17863568
17637796
17639760
17655184
17569760
17647416
17678776
17637560
17431932
17611964
17632532
17467140
17659044
17516120
17679700
17555748
17769400
17924580
17992264
17405052
17724880
17455936
17993212
17560248
17724584
17646788
18343460
17486824
17472696
17587796
17619680
17575300
17724060
17745312
17664088
17682264
17675304
17730688
17682464
17608212
17694508
17573940
17537696
17523916
17427604
17574028
18201944
17578240
17561500
18053348
17828632
17795252
17616444
28277940
17353588
17410256
17617628
17535824
17533440
17387792
17495824
17498000
17512396
17369892
17550188
17545520
17732048
17665456
17499304
17613352
17701288
17591652
17471488
17343168
17510420
17368812
17413892
17496200
18195124
17507556
17677944
20861776
17547984
17810272
17654120
18066568
18120840
17997524
17950720
17649776
17627612
17504584
17776140
17716284
17675296
17604720
17594672
17557176
17390252
17338908
17633452
22156500
17836584
17572720
17763032
17601040
17572812
17657316
17634492
17661800
17533612
17564552
17606416
17579476
17523012
17594380
17497516
17490964
17670368
17591380
17859344
17570604
17591484
17474628
17442292
17536360
17487904
17332116
17462152
17496444
17519060
17490992
17575668
17496872
17432448
17567676
17507820
 
17560912
17580276
17581132
17544024
17644996
17856396
17559356
17700540
17590660
17609616
17585768
17615212
17664248
17565404
17531484
18013008
17664944
17501152
17610840
17580276
17603012
17574360
17523028
17469476
17557672
17450740
17488088
17358544
17618112
17451084
17639740
17733632
17687920
17622692
17657232
17674076
17801248
17496312
17797384
17340360
17330928
22777904
17673448
17673356
17550832
17731696
17585696
17694268
17667392
17494272
17488908
17478696
17508432
17482340
17455196
17462692
17574276
17662312
17528380
17637832
17611364
17405160
17560388
23146852
17725768
22414724
17908144
17687404
17629576
17671992
17389312
17587608
17551356
17577580
17706696
17508928
17711856
17606660
17438900
17501712
17508088
17445096
17566680
17576640
17766944
17703476
17680472
17720508
17523256
17609784
17514264
17424964
17858220
17579900
17690032
17656020
17667788
17576696
17581980
17424976
17587784
17693512
17437644
17493268
17431296
17665808
17612400
17552580
17577420
17569948
17847200
17547932
17583964
17528120
17636204
17684696
17566396
17591064
17567880
17562032
17593608
17573368
17654664
17477280
17512312
17306520
17442024
17513384
17499040
17488924
17499128
17637112
17434004
17578240
17442628
17617676
17466212
17292440
17490780
17589684
17825584
17665984
17572140
17659844
17628260
17703248
17674072
17697540
17721360
17502536
17724676
17561460
17549080
17412740
17447036
17390336
17530628
17423244
17453508
17635712
17620288
17511268
17813196
17703412
17567956
17976912
17683240
17568228
17769360
17701244
17539260
17621408
17485604
17767748
17637692
17513156
17601780
17658672
17666392
17710936
17577940
17550704
17706544
17467164
17628616
17675812
17781000
17546484
17634796
17496288
17522008
17597396
17641076
17674132
17540500
17697316
20185556
17409384
17468600
17483644
17535972
17514744
17469624
17643916
17979364
17366448
17902940
17912492
17592760
17388576
17478860
17515948
17724160
17888560
17648480
17508848
17630384
17644736
17611228
17509196
17691024
17520528
17608824
17694684
21778988
17504332
17501460
17511256
17577596
17402016
17382156
17607612
17569824
17670440
17862472
17932352
17650888
17509752
18324336
17735580
17710984
17571252
17593760
17957172
17584344
17525944
17476160
17368904
17413600
17520524
17378420
17705940
17507408
17858944
17655876
17766996
17857032
17714700
17689100
17440028
17487268
17670192
17587976
17591660
17455744
17575024
17445396
17507392
17596572
17568420
17500248
17628200
17472020
17492676
17813824
17516696
17504232
21039264
17692420
17667744
17550112
17687568
18031364
17659972
17745428
17405176
17630340
17695144
17933332
17535284
17582140
17669504
17536100
17487764
17597420
17523012
17465128
17485980
17606168
17667216
17468416
17723968
17630644
17523040
17643424
17596280
17915852
17625656
17658600
17447368
23897132
17547148
17365660
17568644
17590916
17540396
17622252
17685728
17429432
17525296
17966328
17549968
17630268
17539892
17417124
17445484
17489392
17719008
17655320
17601332
17370316
17568852
26873868
17532392
17533300
17407556
17319764
17559956
17388144
17527308
17584580
17684744
17655420
17637564
17571952
17599868
17586616
17517560
17638124
17711196
17503320
17499488
17676968
17667752
17552056
17564012
17588892
17421768
17520276
17461684
17568828
17404708
17374872
17409804
17495700
17593020
17559984
17967560
17634864
17663228
17511792
17619864
17633344
17336880
17619008
17551240
17546644
17682716
17476660
17519604
17628172
17681164
17693888
17712644
17714196
17603456
17551140
17901424
17608368
17574972
17882764
17538444
17565920
17782852
17520864
17679740
17507300
17716200
17428060
17419288
17427348
17343128
17458288
17378368
24219856
17549580
17320536
17395460
17377884
17387988
17495580
17520568
17524628
17440132
17412044
17279124
17409468
17304292
17437036
17569536
17425740
17478980
17454780
17535676
17449612
17641860
17462760
17674252
17512632
18775804
17420712
17683448
17810340
17529712
17664648
17608828
17590592
17501072
17442040
17540084
17419680
17394512
17586984
17461320
17327828
17502348
17534268
17523196
17456184
17375220
17526548
17533736
25546820
17587364
17709544
17594140
17556512
17918556
17555072
17568532
23323784
17327236
17453836
17581668
17544948
17698496
17459400
17317020
17568904
17440572
17485660
17609628
17683940
17442928
17597120
17788720
17604796
17535444
17675240
17544044
17530552
17463748
17656000
17725784
17682088
17419616
17833500
17504216
17490252
17387600
17613636
17535876
17512332
17453880
17517312
17392096
17518600
17378908
17533856
17672624
17705532
17566252
17760132
17524164
17508380
17534908
17436548
17520648
17924436
17642844
17604816
17715460
17618416
17496872
17625564
17744732
17595476
17505996
17607416
17438504
17598420
17665752
17502624
17683872
17507796
17584812
17554304
17478940
17575364
17618460
17390960
17539172
17395692
17391304
17500132
17581204
17398076
17511620
17567204
17522928
17476916
17628148
17629500
17491176
17933532
17696776
17477092
17453728
17547392
17535756
17345392
17471508
17408352
17548392
17596900
17450012
17463316
17788548
17452144
17606324
17436624
17478172
17358580
17563584
17511516
17340516
17417060
17475664
17363560
17339260
17407284
17265340
17343400
17331232
17435140
17647324
17596936
17570396
17522436
17536060
17408348
17407708
17530388
17676504
18348928
17601584
17508324
17614424
17503248
17694616
17438276
17579656
17648076
17565184
17510656
17530800
17793388
17319448
17412632
17570048
17483872
17471156
17399400
17531420
17614548
17561516
17501904
17790108
17660840
17633924
17710856
17642936
17517044
17456616
17664180
17255716
17539744
26974864
17556512
17541892
17535124
17543964
17577816
17449764
17406808
17373172
17437096
17477812
17691972
17437464
17148112
17473564
17565796
17553352
17695612
17602552
17696420
17655648
18195300
17473344
17876792
19807112
17952212
17830456
17782820
17763312
17730748
18078124
17931928
17854196
17886964
17861904
17265220
17429584
17643148
17526792
17489728
17616944
17384432
17636148
17510312
17396380
17450920
17732440
17508824
17605064
17439396
17696576
17546744
17505900
17416484
17419264
17343816
17493260
17494844
17452436
17738732
17604228
17633356
17693580
17425180
17624024
17491556
17658916
17588656
17711744
20387056
17516836
17474924
17327624
17379620
17526864
17445028
17634276
17468460
17603968
17607564
17408840
17559012
17564668
17616360
17588388
17296312
17553924
18493752
17473184
17493548
17477344
17332296
17332380
17309676
17262088
17372352
17532276
17353476
17421968
17554336
17601348
17463972
17525360
18567732
17723008
17581604
17729836
17713976
17658860
17504804
17582960
17609804
17427608
17560108
17667820
17661184
17560592
17642204
17470840
17561720
17523756
17412188
17454676
17442756
17420496
17451444
17399112
17494644
17439044
17457176
17317544
17368436
17416868
17428688
17465072
17605160
17598752
17461540
17687452
17452032
17454660
17494428
17399776
17412804
17435812
23776744
17520496
17685136
17363264
17394896
17638932
17422420
17488252
17349676
17360256
17431220
17523560
17460116
17606984
17516824
17592244
17494980
17652552
17683932
17596068
17553732
17719940
17682844
17586712
17594980
17647416
17633516
17674116
25357184
17717244
17716276
17507220
17672288
17448800
17464476
17487348
17488392
17679384
17793644
17623864
17517108
18121636
17691160
17464900
17404868
17462112
17358352
17442392
17422160
17330736
17478200
17375700
17429036
17437348
17500796
17484112
17584876
17361944
17519428
17754412
17607492
17553592
17552156
17757712
17596244
17638124
17654932
17541712
17620584
18617744
17405768
17350676
17467600
17354876
17337052
17487436
17403268
17433692
17479012
17192208
17223084
17380696
17355052
17287136
17314620
17451464
17344576
17337048
17390676
17488400
17523548
17495972
17579808
17583764
17614916
17693456
17647472
17649696
17656224
17644196
17598824
17406904
17684808
17438392
17485040
17422072
17552604
27703608
17509216
17599784
17510200
17624048
17455164
17417976
17539324
17483504
17405128
17543364
17595068
17669088
17547164
18284324
17605140
17460732
17461808
17416092
17487540
17486940
17561376
17517276
17664900
17498068
17566040
17577244
17699624
17481172
17746232
17578280
21159432
17717360
17746528
17487536
17562800
17489544
17541436
18513304
17410276
22132032
17486084
17696468
17636816
17523240
17442560
17630324
17460484
17618324
17583256
17605504
17666340
17694424
17720728
17467808
17619636
17855352
17429892
17584984
17409364
17433416
17452456
17578020
17565692
17563764
17730612
17510272
17629388
17593000
17747384
17467684
17409228
17586012
17495516
17391928
17436500
18131284
17272996
17454544
17689636
17640200
17610244
17622908
17561936
17370412
17466712
17491104
17734200
17706172
17423952
17467604
17437924
17597872
17532328
17583148
17456656
17479556
17594748
17334084
17385704
17590912
17580680
17551820
17472552
24657480
17534788
17639288
17644180
17579264
17698132
17769628
17657392
18227136
17397088
17422932
17477564
17320456
17536704
17459508
17228172
17337468
17373244
17576488
17379332
17378256
17452028
17507264
17465968
17653772
17549740
17501944
 
17468180
20054448
17436776
17611804
17606448
17512588
17463240
17562356
17447780
17620712
17632256
17511336
17582088
17568676
17679220
17514376
17582228
17508840
17414620
17405400
17368552
17695868
17493668
17570208
17501936
17487880
17595656
17398268
24491928
17578280
17459784
17305872
17584632
17542772
17385432
17295908
17351732
17354376
17465984
17598444
17573432
17428368
17298608
17285556
17260956
17351172
17283140
17268440
17379860
17583248
18970036
17606320
17739188
21722816
17396744
17429096
17694128
17556008
17433684
17479648
17594628
17368208
17498264
17458296
17522416
17357656
17572888
17422944
17475128
17672444
17404000
17542392
17626764
17532328
17468704
17618860
17677840
17571636
17393940
17514964
17487196
17640280
17434940
17392428
17384680
17392600
17322988
17468884
17487912
17343452
17636324
17385688
17223400
17604864
17581704
17410864
17384884
17529240
17524196
17553280
17646300
17549004
17612332
17539360
17498716
18909292
17672316
17662668
17753864
17647044
17519948
17531372
17433224
17511512
17493204
17711044
17756724
17450728
17394652
17446664
17602132
17490272
25339632
17600260
17693944
17760232
20087336
17597932
17375080
17494536
17395172
17448468
17454024
17607708
17405048
17616240
17523264
17381460
17460400
17619992
17541692
17559648
17449532
17477584
17488960
17544772
17463456
17634472
17614012
17617120
17455608
17470608
17526016
17463628
17489244
17459304
17631332
17499272
17488856
17369332
17457432
17374304
17491500
18974812
17542020
17489380
25896580
17560616
17913500
17562476
17282872
17833140
17690132
17555128
17436260
17540792
17634388
17578900
17502176
17514056
17473492
17523528
17441564
17419752
17331492
17533556
17410108
17491132
17501456
17531824
17482760
17514292
17645984
17562952
17491148
17654760
17616292
17334540
17480496
17458876
17285588
17354460
17352320
17461788
17509664
17485188
17639100
17595188
17631208
17657792
17572640
17400324
17527892
17541596
17498896
17584100
17616232
17880756
17629132
17578332
17523536
17664876
17438076
17439884
17560148
17430064
17463568
17419524
17536640
17432072
17601228
17491052
17619412
17507356
17621840
17535348
17417112
17710692
17513820
17640788
17546376
17410448
17579520
17620364
17498176
17409580
17405104
17818048
17431304
17467088
20387664
17583936
17713008
17423580
17399660
17391392
17613736
17521804
17498856
17484620
17439984
17495436
17384140
17378248
17556068
17490080
17330876
17535768
17437216
17609440
17591372
17449340
17332144
17368800
17323820
17414560
17342776
17353800
17548892
17405380
17301016
17415900
17514068
17496976
17594444
17477292
17429308
17555148
17623188
17592428
17429344
17490520
25180528
17578964
17464476
20248168
17435332
17608444
17418212
17417288
17599736
17465848
17545184
17608552
17554492
17655244
17564512
17304608
17405288
17405484
17427708
17446404
17340368
17406460
17499552
17514036
17406040
17357912
17454700
17563736
17402076
18270024
17839736
17777460
17564556
17701568
17491992
17613192
17514596
17476776
17780612
17824028
17928808
17768796
17589024
17323692
17562116
17638824
17842296
17832608
17909148
18005928
17948740
17743248
17970996
18142180
17271468
17451492
17366964
17540696
17420536
17407012
17444028
17360356
17322304
17404208
17415660
17523272
17399844
17455280
17683020
17671932
17574408
17793620
17457788
17418648
17612752
17622436
17642412
17474024
17521292
18697968
18862468
17441592
23293388
17854788
17390996
17590464
17605704
17610972
17407784
17548804
17692256
17506580
17486468
17495828
17491156
17647464
17598680
17552004
17623380
17698000
17803432
17983128
17867508
17711152
17557964
17561284
17579948
17660304
17624976
17705132
17625076
17444364
17578608
17332396
17512916
17496388
17400344
17527232
17465676
17535148
17525700
17621640
17400952
17603276
17418896
17665436
17712024
17521916
17661636
17678364
17362872
17712120
17699636
17713168
17430512
17546040
17576752
17804224
22175988
17795392
17553592
17503352
17367104
17379840
17614080
17403312
17429792
17526616
17576728
17461368
17417556
17380352
17432536
17502900
17475708
17479256
17408988
17495144
17547832
17506260
17676664
17535488
17457456
17584160
17452300
17460904
23925484
17554896
17430972
17373048
17577940
17549012
17593436
17612884
17604852
17531440
17701812
17516388
17677172
17437044
17604540
17530604
17705564
17534424
17543124
17492040
17684936
17642572
17593904
17477732
17588392
17718960
17701196
17438944
17632120
17466356
17424944
17438988
17364084
17364556
17445188
17638076
17593016
17493116
17559864
17522704
17474032
17649068
17573316
17625156
17555832
17656904
17532588
17360656
17581660
17460588
17544876
17590600
17675916
17375068
17504568
17422344
17485240
17559848
17627988
17598008
17517492
17653636
17615672
17538836
17381264
17454072
17597752
17537456
17598384
17609744
17625788
17539032
17558468
17715032
23069760
17491888
17501392
22546856
17424060
17607884
17443012
17610736
17470768
17502188
17514036
17600780
17465660
17434372
17487216
17624108
17506584
17507956
17415568
17343036
17447448
17519192
17538452
17497824
17542060
17445936
17558560
17520284
17492732
17628836
17492864
17768072
17438704
17451544
17469988
17411084
17516304
17471396
17421064
17636504
17561236
17541220
17583948
17662708
17729996
17380148
17536272
17559576
17595540
17741828
17639000
17554496
17743492
17431580
17530448
17492180
17532860
17622640
17930172
17382952
17523604
17666160
17661972
17568004
17622396
17436668
17486056
17613060
17613264
17554404
17676728
17513832
17402900
17525252
17484976
17629096
17389564
17482092
17531868
17477360
17514056
17511264
17637360
17597172
17526288
20730324
17618104
17545676
17538468
17634072
17614416
17537756
17763420
17544612
17452136
17682528
17432932
17449184
17517612
17479464
17388456
17640912
17626988
17463828
17546668
17590400
17738548
19341924
17614112
17486520
25601096
17544700
17618860
17549984
17430688
17459448
17508376
17395864
17411116
17461604
17597808
17488476
17318928
17356676
17327604
17502924
17286276
17273280
17391132
17329508
17344452
17457840
17327608
17415420
17311008
17480160
17497488
17404752
17540792
17485552
17540016
26524568
17649732
17648220
17550324
17579508
17452292
17553012
17480980
17498608
17396464
17357556
17376936
17461672
17358740
17420560
17491840
17369596
17224832
17492864
17457504
17301288
17314404
17466028
17567356
25246564
18464312
17785552
17572012
22532712
17507012
17387296
17572236
17614564
17504140
17673132
17646412
17424012
17505724
17460372
17366328
17476532
17275968
17406812
17434276
17399472
17580392
17614064
17511840
17607524
17440352
17530276
17377592
17478988
17563356
17707340
17480872
26312228
17428872
17580772
17569944
17438056
17556036
17530608
17370488
17194920
17360976
17276360
17360636
17285792
17426928
17391056
17520496
17552460
17439304
17737456
17371308
17397996
26635952
17337036
17326672
17435356
17423436
17469680
17677352
17472304
17435652
17658948
17544808
17536008
17337760
17449872
17375508
17417744
17437860
17339496
17531584
17509784
17580076
17490776
17618376
17719428
17726764
17446972
17663040
17506348
17401652
17290884
17412372
17622636
17604036
17337076
17554704
17462056
17293436
17408960
17331288
17316204
17356680
17334568
17375552
17423900
17275860
17461552
17603872
17490128
17750348
17831588
17575760
17636000
26426156
17538312
17369560
17254984
17478068
17354948
17356308
17388972
17337364
17342216
17649504
17340784
17456992
17446068
17341916
17467524
17430444
17413764
17364040
17276248
17323696
17523064
19536768
17284684
17412508
17977620
17630004
17497648
17584696
17598272
17372528
17383072
17319852
17436236
17450336
17330964
17504192
17310888
17354864
17316576
17555864
17343048
17478388
17402008
17492220
17364940
17334368
17361724
17410792
17479112
17972512
17459716
17485536
17572224
17610016
17438892
17518444
17433880
17922044
17599276
17633364
17550084
18196448
17621532
17600660
17666620
17481748
17580624
17670792
17658556
17422696
17540652
17487712
17448468
17586288
17564852
17597388
17633244
17606424
17552272
17517328
17615200
17534648
17863288
17596984
17424588
24683848
17445320
17520232
17546344
17784236
19392400
17566520
17534360
21890404
17348608
17454832
17471380
17333832
17450744
17384328
17396172
17461580
17502012
17423624
17448468
17316184
17436768
17393936
17469652
17433964
17270988
17338888
17436080
17491332
17580460
17476632
17549376
17556808
17486328
17633212
17428768
18057396
17616192
17570480
17487008
17549680
17369008
17355280
17411544
17183212
17589868
17487300
17570500
17501244
17501952
17417200
17499456
17600984
26599424
17475048
17437988
17530408
17417512
17797092
17473796
17514068
17274852
17449312
17590312
17500324
17414600
17470744
17370560
17510344
17847112
17779536
17596740
17461228
17447544
17389036
18881544
17509236
17496072
17552956
17580100
17510548
17672824
17533672
27597888
17632540
17609864
17622024
17300284
17618536
17492544
17388524
17199376
17539040
17538204
17174380
17424176
17749628
17437656
17336844
17407980
17463124
17485272
17594456
17643932
17686320
17667704
17648408
17597792
17603732
17474328
17395780
17504740
 
17325652
17611180
17335432
17523764
17556348
17236100
17388480
17396232
17304296
17382844
17345724
17530916
17509800
17476716
17443312
17577532
17540224
17666964
17579136
17530704
17614480
17429436
17471012
17577000
17554848
27015420
17697816
17686132
17461008
17618040
17739504
17628380
17614672
17619108
17515316
17400132
17523156
17458708
17429596
17363064
17601328
17395536
17538096
17474096
17727824
17406228
17583168
17397700
17442112
17650568
17431772
17470164
17553856
17511860
17291632
17456780
17525568
17803172
17614564
17897948
17799448
17831644
17837920
17906620
17492616
17688684
17517504
17727316
19102704
17458836
17506064
17355588
17421180
17466792
17498988
17585572
17691268
17613820
17620504
17536340
17489888
17584128
17442808
19985936
17413060
17623360
18372944
17423476
17464272
17423964
17583504
17691196
17430556
17615888
20177768
17447892
17591652
17507344
17671280
17517224
17477524
17430612
17469608
17492000
17496116
17621640
17383244
17393968
17275708
17314012
17437532
17434156
17362336
17435784
17375288
17528084
17452848
17461964
17610488
17588280
17345332
17549012
23437892
17674728
17527120
17611196
17720172
17575432
17720312
17485796
17488728
17484612
17525040
18178232
17664700
17417748
17583440
17705496
17579068
17616588
17594744
17445892
17355972
17321032
17367312
17425220
17364544
17551736
17511304
17544232
17509932
17481540
17427252
25718796
17641688
17516876
17379140
17476016
17360168
17405320
17447864
17481432
17413444
17368072
17465808
17472268
17319452
17420632
17306824
17511752
17429076
17324360
17456264
17502292
17286520
17327088
17313188
17448728
17330540
17240052
17722804
17577384
23387952
17679772
17806516
17564348
17478980
17681668
17610376
17890140
17471388
17439848
17351572
21249404
17637832
17476808
17599588
17537508
17588380
17358516
17597176
17454308
17345628
17371800
17409020
17541804
17581356
17507068
17316116
17242664
17475836
17432052
17326516
17419744
17468008
17355100
26068556
17671804
17524428
17636064
17422900
17673680
17395712
17471208
17350196
17433760
17469676
17454552
17573548
17432492
17433928
26502712
17709944
17550496
17473732
18487168
17457696
17488856
17379624
17548344
17446860
17497036
17393352
17347776
17581416
17355424
17412880
17378292
26820568
17513168
17514876
17769472
17702720
17721536
17704748
17501688
17563332
17351944
17585432
17340252
17427376
17418848
17394792
17369252
17584624
17497412
17386996
17542916
17474884
17485356
24799212
17467116
17434552
17611836
17520528
17546928
17523656
17460296
17446956
17590908
17303592
17253980
17419152
17689584
17529400
17399312
17437688
17542608
17529304
17520404
18571056
17428632
17460692
17286068
17548216
17660596
17810068
17781904
17906128
17598392
17381512
17339736
17613516
17426660
17467352
17527888
17445376
17420904
17406208
17455188
17607952
17604096
17649504
17704436
17595404
17514956
17530748
17299520
17313600
17654324
17522960
19266992
17377036
17516280
17609844
17536308
17619920
17644488
17444304
17573596
17628516
17527200
17424888
17463968
17558628
17414300
17500016
17370268
17354644
17556864
17438552
17531092
17710452
17377932
17353640
17576704
27343104
17608532
17394364
17382260
17466436
17255788
17428780
17492416
17429420
17557660
17412184
17477420
17531676
17409956
17791672
17526532
17468656
17330976
17342120
17331004
17339552
17405480
17639836
17418792
17665396
17401748
17374984
17369860
17424772
17383260
17327096
17407564
17377288
17315208
17208608
17338540
17340132
17454812
17403060
17421152
17604924
17417060
17485968
17580688
17706316
17699112
17429488
17471800
17547108
17406592
17461684
17610352
17524472
17397732
17430556
17546996
17490496
17913288
17499696
17727936
17714524
17479452
17519328
17550412
17675304
17984824
17427024
17321464
17563576
17452340
17362924
17548448
17593944
17767888
17523592
17596760
17427092
17490536
17342616
17679772
17428604
17397840
17555092
17472872
17635064
17565512
17448032
17303508
17642632
17921236
17638580
17512132
17713096
19911576
17637072
17499360
17977664
17766636
17801364
17600756
17465000
17367424
17353484
17597448
17559016
17701956
17584232
17392676
17406056
17708576
17480172
17401168
17394624
17488216
17425800
17572616
17420992
17548504
17373152
17610832
17506696
17434132
17460376
17480636
17492672
17592456
17604244
17407636
17548240
17691884
17571576
17631748
17681708
17486496
17687944
17595016
17665468
17486516
17553692
17525820
17568784
17347840
17557652
17463240
17507928
17604312
17614524
17609884
17663120
17528068
17588236
17554068
17457008
17571228
17677084
26186052
17718172
23107324
17490692
17403148
17395704
17475032
17404916
17648516
17473948
17413576
17441844
17408728
17377604
17548180
17552736
17362916
17484500
17776296
17571244
17633392
17659460
17354208
17434560
17416864
17305284
17386856
17648936
17664848
17401084
17437720
17455552
17283012
17211580
17462460
21137444
17428248
17466268
19975596
17436956
17383636
17397644
17502892
17439520
17442612
17347412
17479980
17452952
17582332
17523868
17466172
17400084
17247664
17261088
17541300
17348664
17346896
17474600
17368844
17394064
17340904
17461904
17947728
18075112
17421972
17591356
17598048
17602028
17525436
17616756
17446900
17402680
17492212
17347452
17508360
17733660
17950848
17961348
17781440
17806516
17663008
17700176
17407180
17304552
17412788
17463516
18186852
17662588
17445608
17656464
17655828
17478096
17558224
17696536
17511192
17443824
17369628
17827380
17488688
17598420
17334120
17371708
17398956
17330136
17479992
17420160
17546320
17521468
17459972
17529768
17635232
17520844
17556376
17488600
17505544
17731660
17606400
17488924
17479660
17342340
17385404
17486328
17467492
17450808
17358444
17460624
17722492
17879876
17785472
17685088
17763128
17580332
17559608
17336904
17551776
17480900
17561536
17715260
18507612
17685880
17941248
17615244
17380808
17478140
17567020
17642964
17581044
17642160
17546820
17464172
17691624
17637016
17445028
17508840
17830548
17417528
17414944
17576904
17431608
17477976
17454796
17579028
17847620
17535096
17548180
17312536
17695616
17653400
17683164
17778644
17570404
17518556
17573820
17497064
17434524
17497588
17634564
17459336
25582232
17823768
17432964
17561472
17591272
17780812
17525020
17558220
17388120
17383304
17448712
17422608
17525256
17436212
17401040
17482080
17450496
17395176
17900500
17724984
17816580
17676220
17325832
17639584
17351040
17432716
17626724
17483476
17425088
17535472
17538216
17532280
17417264
17457596
17577452
17504908
17500104
17651784
17597552
17721652
17606384
17709304
17849456
17781640
17524272
17457812
17532348
17365516
17434988
17380328
17337264
17459316
17538172
17494880
17421040
17471948
17411836
17493336
17642228
17434928
17499692
17666396
17555984
17503332
17438792
17334804
17461728
17452160
17534928
17411628
17538184
17547912
17366688
17336152
17394632
17342944
17438164
17301368
17324220
22096968
17436868
17400456
17508612
17506392
17390880
17504936
17461400
17437724
17521920
17495116
17762448
17592324
17281336
17375920
17706192
17661796
17429188
17330456
17523936
17337164
17505896
17459052
17513980
17492496
17486508
17418372
17327976
17552288
17490812
17359976
17531256
17351548
17348796
17541612
17244916
17478436
17389020
17364388
17504924
17398976
17544996
17354088
17520916
17225604
17497272
17957096
17487936
17562392
17689404
17554488
17607820
17418264
17608972
17509524
17543080
17564348
17505280
17505052
17397976
17461740
17423020
17486940
17639292
17486204
17801212
17589676
17411412
17425944
17661328
17616424
17608660
17622856
17599428
17489160
18270936
17257072
25682256
17638716
17505476
17513032
17380312
17377188
17328664
17555540
17383948
17515520
17406148
17519660
17560248
17385504
17412748
17464764
17438072
17453276
17508572
17423012
17673060
17489468
17277960
17384464
17777656
17613920
25860636
17506188
17449256
17531560
17611600
17482740
17426104
17527004
17547148
17293576
17507836
17427068
17517468
17670764
17503100
17542456
17478212
17465100
19644412
17540048
17565044
26220780
17363680
17603024
17613104
17619904
17560336
17741608
17631860
17370772
17569048
17465696
17374940
17475068
18847764
17483288
24446468
17544588
17546288
17562644
17590192
20403504
17472184
17551752
17421044
17584480
17392696
17419400
17554648
17652936
17451960
17368548
17376176
17304260
17430476
17465820
17365308
17509408
17376148
17896680
17496208
17413072
17377420
20608780
17451976
17449884
25938696
17538688
17599076
17537992
17693816
17559908
17456628
17540012
17540748
17714268
17415476
17579516
17440668
17394564
17273184
17602004
17467792
17592368
17396892
17388300
17991932
17403648
17583192
17554532
17671764
17507348
17468220
25635684
17416044
17443592
17706684
17379144
17483684
17710392
17518804
17515264
17634120
17641100
17649556
17619732
17576428
17519212
17464924
19122052
17528680
17363820
18096104
17459308
17487552
17377572
17632732
22531128
17469076
17590708
17967120
17551996
17493124
17280852
17331236
17588656
17631788
17663552
17656384
17411588
17655224
17540192
17416440
17412404
17403548
17573380
17578276
17676380
17609664
 
17727152
17456784
17628576
17620876
17727592
17472464
17445396
17522376
17368088
17555720
17418228
17538256
17355500
17623696
17462128
17573648
17363716
17432200
17632624
17600844
17379688
17500904
17619612
17308548
17767136
17412624
17687092
17408204
25490384
17345048
17424104
17374564
17387024
17452556
17451740
17579508
17452300
17464684
21274012
17259244
17437588
17555804
17340884
17405488
17501332
17569544
17520180
17470852
17293324
17434016
17388940
17291312
17477536
17283844
17532828
17436772
17353744
17456656
17555988
19156316
17350040
17647828
17547932
17538368
17473044
17440556
17577532
17994760
17616244
17547332
17637344
17469192
17425012
17420140
17461520
17422848
17436188
17408076
17319356
17423424
17466308
17332604
17453984
17429484
17474184
17815728
17482536
17538676
17509272
17688072
17407636
17519164
17436776
17460088
17609812
17550128
17551428
17533392
17378012
17512256
17439020
17442988
17588768
17456804
17391776
17342356
17270688
17462424
17389124
17481996
17440068
17579952
17502928
17400772
17526256
17392104
17659828
17412876
17631296
17371896
17819676
17882760
17354260
17635644
17439072
17527640
17467156
17387820
17547944
17487140
17359080
17378092
17324168
17465208
17454692
17455880
17413468
17358684
17359200
17368384
17290672
17404596
17571480
17618788
17722440
17316292
17464368
17481420
17410836
19745404
17579880
17600996
17433676
17553460
17455904
17514620
17300648
17423048
17444636
17470260
17374748
17341888
17353804
17463216
17373088
17349872
17389712
17381144
17348740
17581784
17397552
17286812
17293324
17375392
17354812
17323028
17572196
17390596
17633776
17414204
17430284
17465468
17456212
17619684
17417772
17470500
17470772
17545764
17390880
17431004
17457700
17599988
17511608
17372728
17390632
17400392
17439224
17431092
23078524
17806412
17386648
17400832
17296816
17371520
17628600
17443820
17443808
17526604
17387312
17381308
17386404
17487108
17499016
17450048
17659200
17782380
17464296
17711196
17689984
17511392
17743140
17470372
17386612
17421428
17480108
17455452
17507892
17545732
17491236
17538376
17487496
17554420
17348452
23941764
17622128
17242552
17327364
17461860
17437260
17907356
17415948
17651652
17439008
17491808
17461700
17521424
17390336
17456716
17518732
17488428
17532248
17450324
17481408
17560300
17504108
17370752
17873784
17398960
17546128
17437640
17415800
17519824
17637700
17550844
22635456
17598156
17477664
17518288
17839696
17305980
17286552
17379996
17355076
17466628
17398572
17326068
17321536
17323168
17411308
17344332
17323740
17221976
20910640
17565948
17409608
17759920
17404188
17569516
17485300
17473580
17503676
17460432
17386400
17616264
17356440
17458580
17450252
17514692
17451752
17697196
17541144
17435880
17387728
17418568
17490800
17470176
19107876
17486688
17492284
17487952
17437628
18945708
17687364
17536052
17602372
17399724
17534228
17579676
17538960
17602196
17610948
17431044
17397508
17303108
17520220
17474528
17418996
22434352
17741256
17498476
17429196
17691872
17654764
17715360
22914964
17555060
17592092
17515540
17424136
17686044
17415780
17819804
17392024
17554896
17684440
17498532
17591096
17483200
17681128
17540284
17315384
17513048
17654896
17439856
19473716
17470640
17324276
17513860
17498884
17569096
17487488
17565380
17518852
17464444
17530232
17432584
17422376
17529472
17550016
17721188
17547924
17638248
17599400
17339016
17381972
17340204
17449064
17342424
17598116
17417900
18955988
17490424
17437444
17862796
17367864
17438244
17634828
17534600
17469564
17395148
17709068
17487424
17527000
17536848
17610544
17530376
17536624
17450936
17662288
17485124
17587788
17492540
17287640
17315992
17451028
17401860
17402308
17319308
17507476
17408420
17261464
17425336
17469508
17507064
17551872
17419136
17428320
17545000
17853184
17533780
17537784
17628652
17353440
17293556
17541912
17281816
17339248
17313084
17379876
17374640
17356756
17281644
17298284
17320964
17498776
17433352
17444020
17372400
17449376
17378612
17387128
17467544
17628764
17404440
17486140
17488264
17633324
17651816
17293660
17453636
17502872
17419156
17474860
17468464
17407776
17589664
17449588
17593308
17505532
17524884
17437380
17418024
17383360
17646200
17482324
17629440
17299264
17210448
17313068
17530384
17415024
17273660
17294472
17325548
17374896
17414216
17421388
17271628
17315812
17400572
17314060
17319048
17587200
17642176
17479040
17514888
17551780
17732508
17698216
19066772
17792624
17484012
17522716
17627460
17560720
17754880
17379476
17360972
17351808
17409536
17414816
17499324
17515548
17680424
17582108
17538612
17612816
17441712
17474856
17449292
17433180
17497976
18933880
18018392
17425880
17728328
17538296
17561292
17546192
17593028
17689900
17465832
17495208
17546484
17559236
17522180
17505092
17597372
17654812
17625512
17615244
17405640
17539456
17604068
17432652
17615596
17554028
17614084
17466320
17743492
17612496
17528424
17733120
17500560
17532636
17545692
17502852
17674788
17473504
17475412
17445576
17591168
17649416
17694732
17598268
17711848
17578760
17674540
17583360
17502208
17421120
17646424
17652920
17680856
17479272
17477844
17380928
17308888
17638088
17646448
17563512
17676568
17621088
17605516
17617728
17629284
17417492
17424136
17507420
17593668
17510884
17553464
17535608
17515020
17506000
17589412
17414684
17514604
17415904
17470392
17537948
17321008
17236964
17668620
17439104
17700344
17634548
17412672
17252504
17431076
17295336
17226032
17360016
17614592
17425920
17528788
17619592
17476868
17667772
17467964
17339548
17613248
17402484
17447216
17421032
19297968
17480044
18935668
17491180
17416956
17470172
17295868
17448928
17516912
17523304
17505336
17518780
17398848
17619040
17575572
17472448
17493180
17356088
17410996
17540816
17445684
17582012
17650748
17570128
17637792
17375968
17632812
17409988
19842272
17597788
17351364
17584532
25732552
17625164
17452644
17589132
17425976
17408432
17544744
17331480
17564068
17573808
17436464
17486508
17611948
17526084
17550960
17558004
17499844
17513856
17417352
17533580
17643316
17496548
17388424
17431944
17445476
17575544
17445532
17600436
17400948
17384368
17880048
17452904
17536264
17452680
17428044
17437644
17373448
17701112
17471900
17440244
17403296
17476384
17573540
17422172
17501396
17574304
17368420
17476196
17956572
17548916
17331208
18169732
17713860
17346016
17583380
17615360
17508508
17637980
17435108
17592652
17552196
17671232
17602908
17507608
17367544
17501560
17891192
17667556
17493440
17453652
17531440
20304372
17474592
17305720
17367592
17311852
17510836
17599404
17455496
17563844
17454564
17509140
17425788
17423804
17399704
17357720
17291264
17414020
17389736
17571848
17469616
17447444
17557316
17376100
17312844
22623836
17534824
17462712
17565540
17377260
17626484
17572608
17412768
17560180
17415836
17274740
17471736
17339832
17322588
17481640
17424148
17477468
17368008
17342152
17455696
17527604
24062252
17686468
17587340
17486216
17454604
17400240
17452224
17559184
17452688
17705884
17633476
17913404
17588152
17548940
18545888
17488484
17571424
17382812
17501256
17451484
19972240
17550132
17515720
17601788
17682656
17381948
17545004
17619996
17639848
17398392
17678204
17633700
17442596
17710544
17488400
17690060
18510448
17518980
17414552
22875676
17693592
17777356
17564956
17501368
17471784
17412440
17500700
17627768
17369496
17474860
17732324
17492588
17606836
17797584
17535232
17252496
17508896
17642032
17410024
17550824
20335032
17638692
17661144
17384036
17394040
17478112
17547248
17505660
17436600
17582012
17539728
17624036
17387780
17563152
17718980
17401896
17597600
17383368
25824184
17662904
17546656
17580168
17553764
17696432
17565768
21747432
17538024
17326300
17299500
17428344
17403288
17457548
17595228
17556940
17416360
17567508
17494432
17457276
17301640
19015848
17411712
17446628
17570804
17433488
17443860
17419884
17413220
24228540
17578468
17541540
17448240
17504144
17509420
17470232
17492220
17450004
17405424
17577960
17488608
17516624
17378496
17389444
18500992
17391668
17343864
17716660
17373496
17323520
17451100
17488936
17427400
17636332
17432136
17562048
17389660
17560612
17587240
17554932
17473524
17465948
17642332
17417744
17483188
17553604
17514144
17524656
17562384
17527156
17466988
17499980
17408452
17557048
17720376
17363260
17488740
17523372
17398636
17329128
17519248
17557564
17419672
17425040
17606760
17650040
17437348
17325140
17505668
17506968
17400856
17358772
17343920
17577408
18755456
17750648
17275008
18801200
17553624
17789992
17417104
17456776
19544772
17756800
17572284
25746508
17336704
17465876
17526772
17456012
17634176
17405696
17549384
17500680
17507256
17505856
17400408
17772140
17274668
17677124
17506532
17396912
17380804
17407084
17370444
17322460
17297700
17305120
17258952
17504372
17486864
23642348
17475272
17711576
17318680
17542640
17694128
17555520
17617756
17536684
17549552
17480820
17593748
18045488
17472960
17566636
17619776
17480600
17597352
17666524
17507668
17650268
17569908
17403208
17599564
17627204
17618264
17555912
17612552
 
