Procesando...
  Filtro             : sierpinski
  Implementación     : ASM
  Archivo de entrada : lena.256x256.bmp
1157436
1228284
1214980
1175688
1157384
1154840
1153156
1150888
1174656
1211188
1153064
1170348
1401036
1226244
1199808
1193720
1178420
1177296
1222252
1158184
1193880
1314612
1168252
1200428
1162552
1159120
1153992
1209420
1154952
1156268
1152968
1157504
1154104
1156840
1153640
1158624
1154256
1207244
1157160
1155912
1158008
1198624
1153500
1168968
1188964
1158112
1155992
1153140
1155236
1207028
1275448
1154748
1212236
1152380
1153920
1153200
1180496
1153424
1173700
1209032
1166224
1170096
1206004
1181264
1196680
1164868
1198868
1191484
1163764
1157732
1192868
1154972
1173192
1178052
1218508
1170916
1164564
1161620
1177500
1174340
1168676
1178968
1212552
1212496
1179128
1202556
1176744
1178588
1162416
1217216
1178052
1192784
1165604
1162668
1178164
1178160
1162864
1218168
1153856
1160568
1182296
1221184
1189104
1205572
1194820
1177220
1193660
1170744
1174072
1178632
1164824
1163044
1173036
1155720
1164852
1171420
1153884
1165188
1163204
1176292
1160472
1154232
1153680
1177880
1202872
1164656
1201916
1186616
1163352
1156704
1154972
1154456
1158400
1153944
1157524
1153280
1172824
1160812
1179476
1161424
1163960
1165944
1179280
1162980
1229492
1190612
1161296
1203100
1165768
1164108
1217504
1155156
1153508
1154628
1155316
1174252
1153952
1155672
1155012
1154604
1155340
1156392
1166040
1178096
1217284
1183032
1184124
1161180
1194648
1162496
1220820
1155168
1154760
1153968
1156708
1221816
1180116
1163160
1161356
1155244
1157048
1177536
1157036
1216660
1172612
1214196
1212236
1163928
1186712
1197780
1171984
1175220
1210048
1169188
1168056
1165144
1164848
1224048
1159948
1166380
1171320
1159144
1177836
1161576
1157340
1176788
1194048
1253788
1179916
1197852
1182860
1179672
1166280
1235568
1177940
1165604
1159616
1166188
1180272
1180748
1203148
1178296
1168024
1179136
1166100
1164548
1186708
1204160
1210560
1218360
1209520
1181568
1182140
1168032
1164524
1175024
1178048
1180984
1178796
1179996
1176632
1179576
1177688
1180872
1177132
1162792
1167876
1168444
1210200
1165256
1191068
1194732
1169996
1164036
1180400
1170868
1161976
1179928
1166060
1178412
1160112
1163320
1156268
1155640
1178652
1177804
1211520
1167040
1196388
1209128
1215136
1203548
1171044
1179504
1172968
1178400
1179716
1210008
1189676
1177336
1176796
1166284
1160740
1168780
1158500
1171584
1178680
1165480
1162604
1188616
1211656
1184856
1199184
1158980
1179720
1161484
1203364
1154916
1154912
1461388
1185656
1181664
1163232
1167272
1160568
1167616
1164408
1162592
1176960
1197504
1288384
1162656
1192728
1236992
1158588
1205660
1327984
1181964
1182412
1208660
1179100
1165424
1165180
1169676
1154264
1153764
1156792
1154004
1176916
1165504
1215320
1169564
1182248
1187664
1178360
1159036
1155560
1155948
1157192
1154768
1154640
1179244
1186456
1178956
1178076
1161796
1165252
1163900
1156244
1154764
1153852
1198476
1160280
1177280
1178256
1158636
1155840
1197368
1155004
1156192
1154136
1157816
1154848
1155328
1155628
1154240
1155524
1155384
1178256
1174676
1170856
1192220
1200864
1159972
1185484
1156896
1153836
1161240
1155048
1154892
1153380
1156260
1164460
1179996
1178432
1218984
1176736
1157732
1202904
1165612
1176364
1164620
1192356
1194044
1181660
1216472
1164284
1163172
1185620
1154664
1155484
1178900
1179036
1162252
1167872
1178476
1175012
1179140
1162784
1176656
1162412
1207092
1182128
1254900
1182160
1202240
1191152
1180876
1163444
1166936
1164600
1165664
1166244
1161400
1212684
1177552
1166068
1176976
1165412
1208020
1166640
1161264
1181656
1189188
1216620
1162704
1248760
1168844
1166260
1181592
1181272
1183628
1178616
1177700
1163768
1168820
1174388
1166400
1210436
1179424
1178656
1176020
1155592
1167112
1225756
1189884
1187912
1195984
1164272
1165604
1162184
1174928
1155020
1165388
1164872
1161172
1165452
1162280
1206404
1164984
1162232
1163580
1164056
1174208
1225956
1206316
1184608
1179968
1191848
1164756
1216080
1157360
1176764
1155652
1155228
1165404
1165040
1163428
1165132
1162064
1162872
1157372
1156648
1154760
1155456
1201136
1203908
1163288
1195696
1169444
1164052
1211720
1161980
1168596
1263592
1160524
1177712
1182336
1201800
1160932
1154352
1166992
1178708
1166400
1177488
1162816
1197868
1196464
1174324
1202072
1165576
1164224
1160700
1157448
1179344
1177680
1168756
1180192
1162912
1702792
1729240
1752408
1674440
1470172
1173696
1166620
1169672
1215360
1163336
1192508
1205532
1164972
1164920
1158144
1156812
1186808
1154872
1156056
1172544
1155408
1173844
1168580
1166012
1178544
1185524
1179460
1178108
1183856
1216432
1188744
1234424
1279152
1373172
1203864
1794640
1982564
1352920
1185300
1186292
1170212
1159472
1167152
1165520
1159200
1171220
1162956
1158824
1161864
1205432
1203068
1198996
1278200
1161924
1187144
1176192
1165176
1191348
1180096
1168652
1179972
1158696
1156448
1157400
1175956
1157080
1209148
1173996
1179192
1181120
1198140
1179512
1185964
1191928
1175164
1157404
1160580
1157184
1166656
1171888
1155504
1156464
1179756
1173336
1165536
1225532
1178076
1161520
1163628
1154320
1167236
1197152
1168360
1203328
1176564
1180708
1179976
1166092
1221840
1178256
1235020
1177152
1174652
1170660
1181152
1164720
1223260
1155392
1156648
1156348
1176920
1280724
1193668
1185444
1197476
1156572
1167776
1219104
1156056
1196780
1154060
1159464
1153496
1157336
1214288
1157988
1156724
1155920
1152516
1154300
1154128
1154784
1192224
1157352
1263632
1184424
1158196
1155824
1155976
1174964
1155708
1212812
1158440
1153512
1157176
1155000
1155000
1156524
1177272
1157884
1155640
1172144
1190456
1206216
1158248
1211612
1229652
1178680
1157560
1172344
1153764
1153476
1215768
1154000
1159420
1154520
1161984
1154380
1233524
1154348
1159516
1174856
1171224
1189000
1264876
1163908
1185768
1166556
1157704
1159972
1156420
1225240
1161560
1159896
1159108
1159208
1158224
1250184
1161380
1160584
1221892
1160296
1158504
1158996
1196332
1186360
1273112
1199080
1183880
1224972
1170052
1167076
1166996
1162360
1159684
1159932
1211564
1179684
1153896
1159360
1153952
1160232
1156608
1159900
1247108
1161564
1180660
1219420
1178820
1184472
1166576
1170244
1165844
1169984
1170076
1175832
1193788
1160868
1154392
1155716
1158396
1155972
1155620
1175376
1170308
1206828
1165980
1250104
1174732
1164960
1175148
1170052
1158640
1763636
1771260
1761144
1187908
1175752
1302900
1165844
1158464
1159356
1165236
1158296
1180800
1202180
1242708
1207944
1189796
1164844
1158116
1155928
1159556
1163952
1157092
1159648
1158952
1161688
1163000
1161588
1178340
1179712
1166520
1175840
1167236
1174564
1198216
1161952
1191092
1173520
1168708
1158936
1168124
1735704
1215972
1187900
1720924
1778944
1639812
1182128
1224652
1171132
1168404
1167948
1173188
1176496
1217888
1214128
1176336
1210408
1174236
1189096
1176492
1174716
1179560
1188520
1161696
1183764
1167652
1176760
1166352
1169988
1157168
1157876
1177216
1155544
1157128
1186292
1252100
1234612
1188856
1160436
1161580
1177172
1154596
1157732
1208728
1156204
1155608
1155968
1157128
1158048
1216964
1161756
1155600
1157644
1179100
1163616
1264592
1156552
1174564
1181260
1172648
1165156
1168696
1225664
1160896
1155996
1158932
1154896
1160004
1159104
1220156
1156332
1180820
1159004
1178524
1154664
1191860
1200168
1162032
1195224
1165980
1221492
1168748
1170728
1162680
1160624
1156312
1155748
1158980
1157828
1228104
1162300
1178308
1163776
1176160
1155468
1155208
1187464
1209572
1330992
1208108
1157996
1179812
1162032
1171596
1165900
1182896
1183940
1174128
1156432
1162452
1157088
1166092
1179996
1162252
1172412
1189696
1161948
1191984
1181868
1183120
1189840
1167468
1179920
1163788
1158636
1155372
1158760
1163316
1155528
1215780
1167004
1164864
1179224
1179328
1169196
1157464
1165948
1270692
1209816
1200088
1207560
1173752
1228500
1159928
1162904
1179916
1160452
1166832
1811172
1166552
1157924
1223512
1184776
1167804
1167180
1157500
1201004
1172200
1219140
1160852
1193176
1197168
1181424
1176044
1180884
1226712
1158160
1243340
1159472
1168856
1174400
1179464
1177940
1794124
1789656
1382500
1259008
1201632
1197080
1198212
1184376
1219984
1181676
1168060
1224536
1158116
1155244
1179272
 
1167036
1174428
1179884
1178292
1164008
1154216
1167924
1154736
1220964
1166448
1176000
1186248
1166656
1209232
1200304
1250360
1177016
1158848
1159136
1155608
1218084
1167224
1163328
1156852
1157344
1157632
1188404
1168796
1173740
1167604
1162384
1219764
1196032
1196556
1217084
1211340
1165804
1159068
1180224
1162996
1219936
1815904
1178472
1162356
1165224
1157324
1212832
1177872
1178208
1156904
1157672
1162916
1212240
1180756
1184640
1205536
1165680
1176412
1158540
1179032
1179396
1178324
1160532
1941392
4479694
1538296
1218748
1190852
1194892
1156292
1169616
1163392
1225380
1203912
1167708
1208120
1202212
1179724
1178480
1222500
1180672
1179556
1161880
1164948
1178124
1176152
1166716
1163636
1207020
1178236
1166296
1165944
1165264
1181188
1213320
1168964
1206700
1191368
1205284
1180788
1165764
1211716
1165736
1182908
1162280
1179068
1176796
1210404
1168564
1192472
1154016
1203472
1153484
1160284
1188648
1192572
1158268
1198504
1160820
1156320
1167296
1163216
1218368
1165368
1164376
1161496
1154376
1152968
1167236
1166348
1161108
1162332
1170696
1180520
1162884
1197016
1182916
1233076
1212836
1170200
1162812
1162468
1163752
1163424
1165024
1162884
1161908
1156440
1154084
1196376
1154352
1155560
1179832
1165360
1176576
1162644
1265816
1205856
1203788
1193108
1180024
1159716
1166172
1162364
1162716
1178428
1161496
1168456
1163784
1163892
1164296
1166276
1161352
1197128
1163024
1162088
1191236
1219792
1184200
1214208
1168560
1174608
1180456
1168668
1169312
1164172
1156840
1178740
1208520
1180240
1183020
1181304
1210572
1163848
1163368
1162348
1164808
1194392
1220676
1175088
1241304
1194144
1212928
1168824
1167044
1177748
1178904
1175080
1167304
1168020
1164140
1165484
1179252
1166956
1165924
1165192
1165360
1157940
1194944
1192052
1204484
1205848
1164556
1162864
1165352
1157608
1195880
1180872
1174948
1175312
1190680
1168568
1207800
1178772
1164256
1167884
1166628
1165204
1221508
1214920
1180084
1203556
1186944
1165276
1180224
1210276
1185668
1160596
1167764
1170064
1166924
1158616
1160988
1178936
1167056
1170364
1182580
1163956
1180352
1227108
1171380
1197664
1203024
1170596
1165540
1175360
1168992
1179032
1168576
1163612
1179560
1163516
1159168
1166232
1163456
1162132
1176952
1161312
1178816
1201156
1202976
1182656
1205404
1182568
1181808
1166052
1178236
1166888
1163376
1211248
1179396
1177928
1178956
1165876
1200388
1166452
1165820
1163880
1167628
1178584
1189724
1246548
1175560
1196524
1307524
1190724
1182488
1169496
1172280
1167896
1175476
1166496
1179028
1163656
1178948
1162892
1163600
1166952
1155764
1154416
1187060
1215920
1165876
1196144
1180940
1177728
1161228
1217652
1173696
1162128
1172116
1171280
1171504
1174732
1831124
1842848
1830680
1691540
1194764
1178092
1180868
1216612
1220676
1159728
1215728
1171376
1174900
1203980
1170220
1164784
1175980
1197404
1181728
1167932
1168188
1168864
1165380
1168836
1270308
1174972
1183148
1156936
1210532
1199580
1197372
1213952
1172952
1171912
1171820
1183116
1222452
1182780
1165144
1166580
1166864
1161748
1154012
1210040
1156452
1160224
1155672
1155344
1155368
1203800
1166296
1187348
1184440
1189996
1185560
1161036
1168756
1165732
1182308
1203184
1180604
1163604
1162844
1165240
1177876
1167132
1164008
1208220
1180564
1169280
1195520
1156808
1191576
1169800
1161972
1158052
1178900
1165620
1211420
1178456
1162360
1167452
1161340
1174416
1156460
1155408
1180636
1166684
1164248
1179844
1195268
1190300
1177096
1211000
1175924
1218008
1179464
1176676
1157204
1157572
1179868
1199692
1166080
1177128
1160896
1179424
1165848
1164412
1179104
1255564
1156308
1230720
1168008
1184520
1186448
1169064
1170364
1165504
1173388
1160248
1183324
1166836
1170984
1210584
1181208
1178368
1181120
1166620
1182248
1169236
1195980
1214908
1209192
1189720
1253016
1180704
1165724
1165936
1183924
1162164
1191236
1177836
1177876
1157888
1165828
1178496
1178688
1164276
1960648
1946620
1989764
2045020
1217340
1179240
1242928
1226164
1164536
1168064
1163908
1165648
1159712
1210228
1176092
1199208
1176420
1158664
1165432
1176900
1172088
1170944
1151744
1191372
1211364
1217380
1157016
1189952
1171116
1167256
1154548
1153076
1172204
1155240
1158348
1158288
1177028
1165212
1162152
1160648
1155692
1154288
1153868
1152744
1551004
1190168
1181560
1212428
1194736
1167200
1235000
1179532
1170264
1165328
1234624
1154800
1158020
1182832
1173352
1177112
1178960
1171832
1231924
1155892
1157004
1178128
1271236
1741148
1760680
1770100
1755892
1620516
1174248
1183504
1222396
1179272
1173540
1170576
1196908
1197948
1172332
1167004
1182840
1211348
1170088
1178668
1198544
1235472
1185936
1186276
1212292
1187360
1164884
1171060
1166452
1167420
1162372
1163860
1165832
1168972
1155496
1208176
1157056
1161640
1155268
1184408
1168988
1200260
1167684
1178316
1173244
1164660
1158264
1162244
1164416
1161328
1159472
1158676
1155460
1181448
1206428
1159004
1154472
1158308
1153600
1199388
1155044
1175976
1313456
1159988
1201904
1158416
1166032
1176520
1154912
1199824
1174908
1203744
1178608
1266944
1158448
1179260
1177568
1167588
1156028
1169340
1164184
1169008
1206704
1264120
1201652
1204568
1199840
1173080
1172168
1163940
1173176
1182680
1162852
1182260
1178976
1168692
1155640
1169752
1207548
1184404
1269112
1180488
1178768
1207972
1171236
1201560
1206504
1169952
1183912
1181568
1179584
1174584
1157720
1176116
1219628
1191200
1174904
1185688
1169284
1168948
1179824
1164932
1163320
1202916
1203424
1154876
1203372
1172164
1169472
1197248
1168532
1169116
1206156
1171060
1164460
1185724
1163952
1169596
1178924
1170844
1210556
1222944
1884460
1314016
1392308
1168960
1216228
1214104
1185236
1164468
1163456
1176560
1164140
1162088
1163048
1178708
1154420
1153988
1155984
1155312
1196108
1153720
1153852
1153424
1160876
1193400
1161604
1220600
1162724
1157076
1157368
1153612
1169108
1161784
1184696
1178516
1182196
1163108
1181640
1175780
1220632
1178072
1164708
1161000
1175820
1185808
1188648
1155532
1173908
1159196
1158108
1164348
1155104
1155108
1180540
1202844
1166944
1168704
1165636
1211004
1176960
1166128
1153912
1154984
1155780
1156380
1182624
1174904
1172296
1189328
1160740
1171308
1168244
1168676
1169696
1175904
1157924
1155112
1158436
1154628
1155620
1213848
1194136
1165904
1166952
1206488
1197608
1219060
1158324
1182768
1162960
1175920
1176888
1177440
1156676
1179788
1165460
1162820
1162620
1165604
1199544
1166900
1162080
1163028
1164236
1162948
1176472
1192868
1191488
1164800
1197852
1210844
1162568
1156824
1156344
1156072
1158276
1195416
1155668
1155748
1155172
1179592
1162788
1161012
1156064
1157048
1156900
1158388
1187536
1160592
1204580
1175684
1158672
1155484
1155576
1154904
1154300
1167036
1162300
1155364
1203860
1174340
1155968
1156476
1221076
1179812
1164356
1164996
1162000
1199456
1172180
1195868
1182592
1158044
1158116
1154044
1158156
1155908
1204060
1156312
1155856
1153884
1168908
1173392
1155756
1165024
1164236
1207148
1167164
1194544
1190336
1180324
1195072
1225872
1169460
1164700
1177688
1203680
1165952
1161484
1169888
1163640
1166164
1178056
1174500
1211332
1162916
1198408
1178680
1167116
1189828
1183372
1164908
1189448
1166000
1182244
1167644
1164332
1178536
1162472
1163252
1162008
1167540
1163888
1210816
1162940
1163816
1155408
1155844
1155200
1208192
1192436
1156800
1200448
1168268
1207432
1180200
1169976
1167620
1164272
1166712
1201848
1164444
1181060
1164752
1183212
1179332
1182700
1173640
1158448
1167256
1198828
1877848
1814620
1393168
1160816
1159628
1155316
1180736
1185784
1170592
1169312
1169076
1184700
1169344
1181268
1212436
1181176
1168024
1165316
1185384
1176204
1210064
1163740
1203892
1186696
1192700
1172724
1239620
1156684
1209028
1179048
1168796
1183936
1174992
1181964
1182308
1176916
1171144
1162888
1217272
1220160
1211004
1203652
1187372
1200668
1188644
1176872
1168612
1223284
1182156
1169776
1173372
1170900
1171632
1184160
1162588
1200784
1167544
1168288
1167944
1183568
1168908
1194128
1195204
1203212
1201444
1185448
1219360
1167728
1166208
1218808
1180076
1169068
1169248
1168808
1180712
1164640
1166132
1166932
1172088
1181688
 
1168372
1167140
1250384
1162668
1202904
1188316
1194128
1187036
1168152
1174532
1218868
1180380
1288648
1268416
1267336
1167580
1157944
1181024
1206616
1163276
1180192
1159348
1204036
1226672
1189536
1233296
1173560
1765608
1739664
1735300
1737168
1742752
1191436
1157900
1169704
1163296
1158300
1154896
1298864
1176708
1166936
1178336
1175080
1216456
1183276
1185000
1231868
1185492
1166656
1214080
1179792
1170800
1315460
1164060
1180156
1165320
1164976
1184564
1217828
1214276
1178464
1234100
1166052
1186132
1270384
1181496
1191304
1163520
1163756
1167204
1177788
1229552
1161564
1153276
1179780
1267832
1159668
1154852
1156096
1156136
1158920
1154156
1209488
1153196
1192516
1190252
1163008
1174260
1163332
1164852
1215076
1157036
1156800
1154284
1154908
1158344
1156740
1192292
1174844
1154904
1156208
1209264
1164084
1161068
1161084
1190448
1164924
1240164
1178496
1160916
1161756
1154664
1272080
1214944
1155184
1171688
1165136
1162944
1154984
1153792
1212152
1172660
1178208
1162792
1154620
1181100
1208496
1230572
1201872
1189752
1155104
1158064
1155024
1154528
1152880
1303868
1156068
1154908
1153264
1153304
1153076
1184760
1154264
1165620
1190824
1171196
1234932
1193236
1191912
1259064
1158420
1157696
1155752
1154316
1154708
1153084
1154440
1154364
1171940
1177568
1164264
1154980
1172564
1154596
1177332
1176448
1211928
1204732
1170936
1179840
1247308
1154896
1157880
1155928
1159268
1156568
1199612
1162088
1219672
1179452
1163408
1178276
1177056
1213468
1156348
1164956
1162252
1205948
1220536
1188344
1197972
1236020
1154708
1153748
1176628
1156860
1217456
1158968
1154076
1163892
1153400
1156704
1176668
1161464
1210124
1159848
1154760
1172312
1191284
1195132
1169832
1258524
1184748
1161440
1161840
1157528
1156784
1154124
1217792
1154540
1158816
1171328
1166512
1168224
1163456
1158232
1177364
1267940
1157492
1226076
1185684
1200880
1191404
1165448
1180516
1168208
1165708
1221168
1163700
1167432
1161256
1158116
1153772
1154984
1152600
1157084
1157776
1154572
1216208
1571300
1834344
1676020
1310468
1757204
1201212
1166780
1166936
1166580
1161164
1166796
1162220
1154988
1171148
1155952
1217132
1157108
1156180
1175636
1177800
1162076
1276744
1174632
1193532
1206928
1168668
1157036
1157416
1174004
1155876
1180664
1163936
1185732
1160664
1169080
1480552
1192344
1193500
1179436
1168292
1178756
1161516
1217780
1172200
1186920
1176272
1170740
1162324
1177776
1174364
1172636
1168000
1174524
1182384
1159584
1182380
1184248
1176864
1177480
1244444
1164252
1166824
1207360
1192876
1161712
1204712
1173072
1162620
1181864
1161092
1181344
1165140
1159760
1178900
1166476
1174044
1180172
1179084
1178148
1161280
1166524
1229264
1165560
1195000
1181808
1183876
1189608
1160508
1227540
1157260
1163532
1156604
1164252
1177516
1166680
1155332
1168140
1162584
1167588
1155296
1158872
1175576
1216108
1170880
1200764
1163920
1175068
1166320
1161692
1164320
1155600
1158652
1172216
1173204
1167788
1166504
1173996
1180572
1166392
1179020
1155884
1255220
1172416
1206496
1195268
1198932
1169300
1195964
1172560
1239056
1182672
1166648
1167532
1207808
1170392
1233628
1163288
1157304
1172412
1162104
1223752
1177556
1240548
1194936
1182412
1217676
1160736
1192068
1171152
1228472
1212120
1160320
1155416
1181336
1155164
1158956
1228272
1163292
1155160
1289668
1158692
1158468
1155476
1157824
1154660
1197340
1218488
1205336
2894744
3312420
1306608
1194776
1173700
1180460
1172040
1166640
1171524
1200792
1184520
1179412
1182488
1179808
1172132
1178408
1175864
1174832
1215260
1157772
1193376
1251420
1181500
1166084
1169564
1226824
1183548
1163728
1167864
1154872
1182240
1173772
1161524
1161220
1220772
1178832
1183140
1248488
1203428
1200156
1165140
1195492
1166756
1159752
1212320
1160392
1173192
1162776
1154336
1161584
1153800
1159624
1261548
1179700
1155252
1159128
1154124
1159224
1155900
1189280
1179904
1164452
1210100
1220704
1161252
1157644
1159288
1286536
1163372
1215480
1159476
1179468
1206224
1179128
1167408
1167164
1192076
1156944
1179604
1181088
1218604
1158472
1208912
1214476
1180092
1185168
1165128
1163548
1158272
1162660
1188304
1160880
1156144
1161000
1155172
1160184
1344164
1161492
1194628
1159820
1187564
1185176
1161476
1182700
1159760
1159676
1157488
1155160
1157908
1278732
1185860
1156456
1158372
1155516
1158456
1154596
1160708
1167652
1190852
1157708
1183324
1232792
1172176
1192184
1191096
1164424
1181844
1170708
1168020
1169780
1200560
1201572
1919620
1444520
1774356
1791476
1552608
1195336
1181732
1167096
1163252
1186004
1208384
1174008
1184596
1216908
1172080
1163540
1170188
1162012
1167144
1162784
1163212
1153476
1160136
1176700
1167252
1154036
1160168
1177508
1168604
1161452
1196972
1200064
1161748
1194780
1155300
1200436
1155220
1159088
1153164
1160236
1282408
1161980
1201532
1160148
1152852
1179456
1154288
1160288
1153420
1159888
1152280
1296860
1177124
1158812
1251864
1162804
1153832
1158560
1165548
1190936
1172216
1179564
1166684
1163344
1161596
1178064
1163588
1181104
1164988
1168412
1161952
1163308
1211316
1156484
1223540
1192344
1160996
1265388
1159312
1158616
1158712
1162980
1167080
1170816
1164224
1167792
1179968
1168512
1209584
1183656
1166568
1159756
1162428
1215668
1172320
1204108
1170608
1163660
1160644
1158272
1162376
1195092
1160300
1520692
1440908
1276988
1275224
1269332
1269240
1266376
1274152
1176040
1184180
1208284
1186304
1194140
1209988
1173336
1181412
1165576
1195044
1186852
1169992
1280920
1174576
1177548
1164148
1225032
1155432
1154328
1156520
1159976
1166304
1208812
1220328
1184668
1172396
1177980
1162260
1161924
1173780
1170256
1166068
1166392
1179024
1154380
1161848
1155504
1156768
1155428
1161996
1176868
1164040
1181532
1172636
1381592
1178532
1215960
1168648
1216724
1166172
1156500
1158640
1155696
1153764
1171540
1164992
1176020
1206892
1246772
1159260
1166080
1164448
1163500
1175224
1193292
1187644
1176736
1208364
1168352
1209808
1194964
1179152
1161476
1177592
1162220
1162744
1164376
1163476
1208960
1166740
1235240
1157132
1163392
1209372
1205836
1220496
1170356
1214268
1187376
1211964
1160268
1154964
1156320
1156120
1155840
1160584
1198348
1158132
1154380
1161516
1173852
1159228
1157236
1159416
1166964
1202736
1201128
1168268
1193336
1166652
1176144
1163800
1168716
1168196
1168112
1163356
1170312
1326068
1178328
1155056
1158244
1154404
1158228
1154600
1158972
1157744
1194040
1160936
1190380
1186480
1168428
1169312
1167600
1168744
1307568
1206720
1158372
1169304
1158544
1158532
1157364
1158804
1181424
1159272
1175656
1159548
1162712
1199620
1164712
1175036
1162360
1159332
1159708
1160232
1197108
1153900
1158236
1154484
1159244
1153696
1163524
1159336
1158996
1156464
1167760
1160316
1213488
1215888
1199720
1163480
1176556
1161236
1199236
1161932
1172180
1160960
1156916
1170576
1161444
1182476
1159860
1166372
1187156
1160108
1154164
1158708
1180736
1164852
1255656
1187216
1180080
1181300
1159280
1183884
1214644
1183604
1175880
1168328
1162912
1181080
1171472
1204848
1153304
1157172
1152716
1157944
1153044
1157908
1189536
1212568
1159076
1234384
1188800
1209592
1171740
1165804
1179460
1171704
1170612
1155096
1192432
1177768
1161328
1161640
1162824
1161516
1161856
1198036
1289616
1209756
1171952
1180372
1184040
1157132
1165768
1162044
1254460
1160552
1154852
1191852
1153776
1154472
1152252
1171952
1154392
1153584
1208436
1169804
1166672
1255152
1218152
1171480
1195220
1178428
1205592
1179708
1163316
1162044
1164036
1161720
1172780
1195788
1158084
1155400
1154544
1154732
1156868
1153492
1154428
1159556
1191704
1169836
1189080
1183924
1158512
1156172
1153888
1154376
1155976
1155084
1152848
1154392
1175808
1155572
1153764
1197516
1154340
1159808
1154344
1154992
1153436
1200600
1216880
1184920
1197268
1157844
1161128
1167312
1166048
1162744
1164720
1162008
1162328
1160228
1170908
1176496
1163116
1176368
1162936
1162016
1163848
1165584
1206160
1203756
1185792
1155992
1176276
1156524
1156216
1153308
1204140
1159948
1179620
1162252
1165084
1153268
1154808
1153652
1154192
1155748
1195972
1153836
1190824
1240880
1161428
1183836
1156768
1209200
1155060
1154824
 
1198388
1155612
1153084
1154440
1154548
1153452
1153432
1165924
1301580
1155724
1178528
1186988
1158796
1195012
1187340
1178120
1251444
1178024
1161124
1165096
1157664
1160156
1174712
1164776
1163984
1164284
1176944
1162012
1163120
1177268
1162452
1171156
1164412
1152892
1230736
1286948
1189196
1198608
1178032
1166100
1204512
1177632
1161540
1206968
1178128
1165668
1224400
1172436
1163756
1163740
1177232
1162668
1163364
1162512
1273144
1230084
1178468
1203348
1162924
1167440
1179688
1163072
1168392
1948176
1804088
1163800
1173264
1178900
1206596
1179540
1170752
1172396
1180240
1176364
1165848
1229868
1179380
1203028
1199936
1166656
1173516
1178464
1177580
1224184
1171704
1154624
1160344
1166348
1162660
1153624
1176964
1160808
1172532
1164396
1160544
1227760
1236456
1172672
1272204
1176396
1179436
1174492
1209664
1167980
1159408
1158768
1178372
1165736
1164696
1155516
1169800
1171696
1158160
1153176
1177156
1164692
1206540
1219428
1303656
1195832
1168200
1178220
1163168
1176208
1170392
1163064
1163204
1151796
1169004
1219352
1177280
1163780
1162820
1821772
1916832
1825208
2012156
1918828
1782888
1205928
1185852
1165156
1157712
1160044
1165696
1158996
1168056
1165276
1174700
1177080
1173672
1167772
1169024
1176828
1154828
1164584
1175676
1213932
1183108
1231116
1191480
1154632
1160880
1186608
1164536
1160992
1157872
1152320
1172140
1154896
1177360
1162768
1161224
1162816
1161272
1154856
1177444
1153468
1216052
1164264
1249600
1186288
1166896
1166912
1152552
1154480
1151976
1213004
1152700
1153624
1157148
1169560
1216648
1171920
1152996
1159828
1163508
1179200
1171912
1195816
1167896
1200408
1189920
1177092
1227860
1176452
1167628
1161960
1153960
1153152
1166364
1175936
1166712
1161944
1173140
1175744
1164076
1153844
1165880
1190228
1201504
1215040
1215212
1163464
1173796
1177736
1162984
1161440
1243256
1173528
1176512
1165064
1164064
1161668
1171340
1154448
1163436
1162336
1159724
1153108
1181996
1235844
1183044
1201780
1167764
1162260
1159248
1153476
1163720
1165472
1163992
1161908
1178740
1158352
1159556
1177864
1162568
1219212
1171256
1153500
1166672
1207924
1153720
1179460
1176684
1165732
1229088
1178752
1171952
1165960
1162680
1220360
1159684
1156296
1175432
1157332
1215880
1179856
1172976
1178412
1223952
1201012
1175632
1193716
1212056
1163276
1167260
1163660
1164524
1177840
1154880
1165440
1272516
1190980
1179264
1177664
1165396
1165024
1159168
1171784
1172020
1224796
1203852
1181080
1200884
1179448
1177672
1203928
1170452
1223932
1154748
1156292
1153244
1154792
1152772
1153408
1153400
1160588
1224000
1167776
1161488
1161592
1190096
1187964
1170988
1253676
1163368
1154448
1154452
1154580
1152720
1173928
1177920
1195472
1178084
1161872
1161744
1158408
1177596
1157728
1218564
1174048
1171480
1191052
1181948
1191976
1207800
1179840
1195816
1167624
1204520
1156884
1177780
1179772
1159976
1268968
1178968
1162204
1166028
1178508
1162624
1173524
1177744
1251988
1197380
1178200
1201264
1180120
1211736
1166260
1194412
1176812
1178032
1166048
1173860
1191360
1181592
1177376
1176648
1165604
1177028
1177816
1163604
1155412
1189240
1165712
1182752
1210268
1159824
1153956
1153744
1154528
1335548
1157056
1168544
1179772
1180364
1161728
1167296
1180044
1166120
1160636
1166892
1167132
1167528
1213728
1179452
1239560
1181400
1169040
1213912
1171252
1176736
1167324
1168988
1173776
1158808
1167300
1162552
1175836
1176668
1173124
1178200
1177556
1155668
1171808
1214416
1215940
1214240
1167724
1163092
1166464
1153320
1156444
1153964
1155684
1155640
1179608
1209104
1179172
1162376
1164364
1162704
1162600
1160968
1164552
1201136
1194828
1186240
1195688
1164772
1217284
1177932
1178724
1174088
1170860
1175360
1168528
1176872
1174096
1154732
1163560
1169588
1160928
1166116
1156348
1157524
1198172
1153976
1223480
1188176
1157692
1206224
1155916
1157536
1192124
1158428
1153848
1157692
1160796
1182524
1155524
1159116
1155500
1158916
1153652
1157232
1163848
1190472
1154788
1239672
1166484
1155120
1157824
1153360
1157328
1153156
1162312
1154420
1157608
1152616
1157412
1152740
1160324
1196312
1156852
1152892
1157464
1189088
1178356
1179380
1211228
1171304
1197196
1183320
1169432
1181864
1179928
1160896
1181340
1161160
1181028
1168248
1166908
1181248
1173632
1181244
1166796
1192032
1198584
1156888
1186472
1169552
1159220
1160012
1182424
1159844
1163808
1160840
1165256
1746676
1853456
1233440
1222904
1236928
1194316
1176692
1176840
1158896
1201112
1177688
1182528
1200044
1173220
1175824
1169832
1175616
1169000
1162344
1170032
1163016
1156708
1175636
1289528
1159376
1154872
1157996
1154224
1157984
1153724
1199988
1173720
1182436
1191996
1162760
1173932
1173924
1154244
1179536
1182148
1181644
1182180
1166192
1166536
1159752
1158092
1263476
1268488
1156800
1158760
1181748
1198312
1153700
1227924
1290528
1176556
1201872
1177848
1169588
1165948
1183412
1171024
1163560
1178420
1269092
1166748
1182800
1178692
1162256
1173396
1194016
1281940
1166388
1188612
1195872
1165524
1167732
1190316
1159220
1162360
1171360
1165664
1170248
1173972
1180752
1156128
1206664
1164652
1166748
1160252
1165616
1167248
1190100
1208840
1179356
1169864
1177692
1168924
1161492
1165152
1170988
1202840
1176748
1218508
1177968
1166604
1178332
1244844
1197728
1161684
1163860
1167208
1199620
1215740
1179344
1211544
1180156
1169628
1167216
1178056
1160852
1224964
1168640
1165060
1181780
1161984
1181060
1207812
1168248
1165504
1165956
1165116
1169628
1211460
1191152
1246296
1231448
1174476
1203456
1182872
1178568
1166404
1164304
1161460
1154964
1204856
1157088
1158092
1154008
1155076
1154820
1172912
1153824
1271940
1194092
1154048
1173816
1174904
1157748
1160684
1156280
1153852
1154424
1153472
1154588
1165440
1202148
1154168
1155292
1175500
1204392
1177320
1175264
1164260
1224132
1211288
1161816
1250556
1181700
1162108
1179620
1165904
1207496
1177584
1175080
1178736
1166848
1160988
1173540
1177232
1180928
1205664
1180124
1178040
1167888
1201408
1239816
1172988
1195164
1165004
1177672
1171004
1181700
1174692
1170392
1187292
1489520
1233212
1205872
1174060
1189448
1157352
1170836
1157576
1160432
1187304
1215244
1161856
1200272
1164148
1218092
1181936
1177220
1181208
1180100
1181024
1180000
1181944
1173284
1181580
1166248
1160956
1178860
1165740
1164220
1180100
1208812
1184084
1237056
1200156
1169436
1166500
1167480
1162632
1170588
1178380
1163924
1165560
1215268
1177052
1166076
1171788
1164928
1162836
1159076
1154520
1161148
1222640
1174372
1195440
1246452
1170260
1165932
1180712
1162272
1161956
1165244
1163372
1164320
1164092
1175956
1165320
1165096
1177332
1191340
1177692
1169780
1225348
1181180
1203732
1217868
1165412
1170904
1178756
1237636
1192284
1209312
1178000
1181692
1178076
1164720
1166084
1182368
1164752
1181256
1209908
1182336
1165548
1203736
1159188
1179644
1165172
1155340
1165948
1156792
1182024
1208100
1183328
1179120
1164376
1164776
1216736
1178032
1167248
1160520
1220124
1178320
1170756
1205928
1251848
1177208
1202276
1172800
1215112
1165840
1179704
1182836
1176504
1169884
1163352
1166884
1178552
1168132
1174984
1165924
1178336
1154216
1182644
1166108
1203676
1245216
1185384
1278112
1183336
1169940
1163008
1166952
1161988
1166948
1163036
1300764
1173072
1160116
1155128
1168376
1162952
1166808
1172220
1185324
1155404
1241016
1170756
1198124
1206972
1180648
1187292
1179364
1212808
1179232
1168692
1162808
1167900
1179504
1166760
1201528
1167420
1163280
1166716
1163068
1166180
1171380
1200768
1168976
1190248
1171468
1212504
1159452
1154072
1159336
1154344
1159072
1158448
1204676
1170260
1174356
1168180
1175060
1174368
1177368
1170296
1161488
1197804
1213720
1218508
1189484
1166220
1161320
1160288
1155992
1159612
1154704
1158468
1157508
1157868
1153584
1159032
1154132
1158272
1196352
1159712
1173288
1160080
1185464
1237992
1869708
1760116
1703712
1271372
1168084
1164800
1169036
1162148
1214644
1175324
1181372
1153420
1178840
1153672
2610652
1201024
2937044
3763428
1326896
2019032
1753508
1206600
1177788
1171188
1182140
1185356
1171816
1184064
1162812
1169572
1170388
1172220
1175504
1169232
1169420
1163108
 
1174616
1158600
1210856
1254236
1192636
1206216
1217152
1841760
1805148
1438772
1271872
1155440
1182544
1164988
1181752
1157648
1181048
1164104
1164376
1164760
1183060
1160972
1159808
1187348
1217292
1164684
1201056
1173108
1164356
1168352
1162332
1208396
1164712
1231872
1156404
1161124
1158068
1160048
1200444
1197140
1159744
1160196
1180008
1159488
1217824
1172480
1187212
1185772
1161352
1178360
1215832
1180308
1170976
1178240
1165860
1267340
1164044
1180408
1212488
1166060
1167520
1165216
1176284
1156144
1180760
1212064
1181688
1205676
1190324
1171772
1202440
1172176
1207980
1184756
1164500
1166040
1156180
1174968
1154560
1177084
1176796
1168004
1165408
1183072
1162052
1206728
1197008
1213928
1217836
1169048
1167168
1166056
1168972
1160784
1167536
1167172
1164844
1178192
1162772
1154004
1171540
1165056
1168508
1157496
1163436
1154692
1196512
1191696
1185844
1210640
1167132
1213120
1154668
1160984
1196964
1159008
1155168
1159836
1172024
1182388
1163744
1167584
1161376
1168240
1195252
1159160
1153624
1202496
1156420
1228228
1207068
1167284
1165776
1169704
1165504
1161264
1179424
1166324
1169460
1168692
1174536
1157340
1156748
1167588
1165500
1162636
1176752
1179052
1220864
1165856
1216328
1220800
1183380
1178156
1166996
1161788
1169364
1163272
1183440
1165472
1169024
1167476
1183408
1162384
1164668
1155748
1161108
1167012
1195352
1193300
1183200
1218652
1181900
1183992
1167380
1179376
1180480
1183024
1164152
1168680
1173172
1161748
1155560
1181576
1166360
1212784
1179016
1209616
1165864
1208212
1178364
1181440
1213324
1184924
1743212
1799824
1779588
1815232
1771692
1814628
1834764
1780020
1196172
1159884
1160628
1155200
1198888
1157204
1159468
1211240
1212064
1177288
1188220
1161232
1157000
1160168
1179528
1161424
1181316
1166908
1168960
1165968
1158264
1203888
1173680
1169496
1178516
1203552
1166616
1167872
1257232
1191076
1204360
1198368
1187052
1183120
1173276
1828944
1238464
1652944
1232192
1193624
1184028
1203752
1170520
1178324
1171724
1163384
1182624
1163100
1203136
1229940
1170108
1193184
1173028
1184592
1181396
1222692
1183428
1183288
1205908
1182880
1178772
1182092
1156128
1161604
1166076
1176216
1180732
1166552
1169160
1206364
1181744
1244148
1184916
1175956
1168944
1776224
1707340
1716356
1204644
1168232
1181300
1171160
1178400
1170780
1166444
1225304
1165116
1163312
1171092
1172708
1215812
1162636
1259680
1183864
1179036
1186712
1159652
1159460
1178684
1167484
1155732
1171632
1164788
1169524
1185472
1163092
1159172
1225656
1180096
1160136
1196976
1195692
1161080
1212216
1174428
1170468
1162864
1157304
1160532
1176392
1183568
1164464
1174184
1158772
1160688
1163776
1182512
1165960
1229424
1169008
1167416
1194384
1208364
1171324
1255700
1165696
1158260
1162112
1156160
1161484
1221844
1161696
1153716
1159892
1223832
1169252
1153504
1218748
1165464
1167692
1163172
1159120
1196828
1162368
1196940
1193676
1167148
1187084
1167864
1165380
1218440
1182148
1166132
1166064
1166540
1158776
1177992
1181872
1163740
1179940
1178996
1233024
1170424
1200844
1164028
1186656
1236720
1180348
1167116
1156808
1162488
1153220
1221356
1176708
1168268
1176024
1157664
1153404
1152796
1152792
1155216
1153808
1157320
1207500
1194652
1176644
1190208
1182160
1163452
1178384
1162400
1167280
1172748
1164980
1164068
1159324
1165452
1162212
1157032
1177356
1161856
1219996
1176784
1161396
1214056
1182920
1179312
1186620
1179464
1166108
1157288
1165072
1163208
1221924
1180852
1161160
1180880
1162284
1161520
1177100
1164488
1161744
1156900
1153984
1156588
1206220
1159708
1174640
1176044
1155900
1169688
1210700
1169208
1163040
1162312
1154496
1152524
1153512
1210400
1154624
1171144
1153248
1152144
1154724
1160628
1194516
1206768
1178740
1325856
1175856
1161276
1157408
1159624
1158836
1173088
1180444
1181788
1174232
1207432
1776400
1807260
1734616
1800348
1926056
2078824
1904140
1918056
1949912
2037964
1245372
1244268
1185960
1217400
1212716
1214092
1229868
1190192
1162072
1164516
1167200
1163896
1168676
1154352
1181940
1162432
1159636
1240652
1194320
1175208
1203464
1170320
1164272
1168796
1154016
1181272
1179892
1166824
1165184
1166084
1160976
1194876
1153748
1160372
1172132
1181124
1161924
1214052
1223612
1163412
1190604
1183184
1208588
1213520
1216676
1218476
1280048
1212196
1206120
1184288
1178956
1171620
1176172
1171060
1166196
1170132
1207348
1182964
1197612
1211116
1170048
1198868
1231388
1166688
1173808
1156208
1158444
1155212
1178284
1154368
1181600
1163732
1165724
1178904
1167172
1176412
1177352
1189956
1169608
1195332
1174612
1193424
1183120
1229096
1165004
1177528
1153640
1158172
1155364
1206192
1315584
1160200
1172600
1158104
1155172
1180464
1161312
1215188
1172772
1170056
1198556
1175576
1196996
1182720
1166656
1208288
1175868
1159220
1154696
1169312
1160468
1166704
1177084
1206632
1164952
1167260
1173260
1208364
1164000
1166464
1183584
1207772
1174916
1187692
1170792
1164456
1215380
1165436
1165664
1162960
1162360
1177740
1166084
1157768
1212176
1159912
1155672
1154148
1172696
1153612
1154980
1185652
1191320
1160208
1186588
1162392
1179952
1162588
1157956
1155108
1155628
1153780
1154428
1164180
1162436
1163048
1171908
1155532
1153520
1154000
1155692
1154584
1183240
1225416
1185456
1190920
1161808
1166296
1162972
1164164
1166740
1154964
1155536
1154868
1155276
1155628
1156540
1159848
1202248
1177852
1162248
1165536
1161656
1213716
1158924
1205928
1223300
1184656
1184896
1178876
1162876
1162580
1178500
1164660
1161412
1210860
1163164
1155356
1154548
1158120
1159760
1160344
1177996
1184696
1195248
1156344
1196360
1184148
1178640
1180116
1177508
1163220
1166644
1163724
1162788
1166864
1164512
1156144
1155284
1157956
1157480
1154928
1190488
1170200
1178728
1190492
1161256
1194520
1181720
1662348
1285156
1271836
1203416
1235748
1184656
1178904
1162692
1180504
1179520
1164252
1166936
1209112
1177784
1163112
1201008
1206776
1164996
1210004
1156032
1154836
1207636
1153880
1152956
1154380
1162460
1155740
1153540
1789296
1804940
1738732
1720768
1768768
2917220
1212976
1176660
1203136
1184692
1205348
1262080
1175344
1172384
1159736
1167648
1182440
1155260
1170416
1161944
1209440
1163540
1165976
1161268
1165996
1154180
1194764
1160076
1186096
1196492
1160192
1218232
1180780
1170200
1181620
1168724
1177296
1169348
1181964
1182376
1201668
1181936
1183480
1166548
1181744
1165912
1210648
1169376
1257292
1316040
1345988
1210676
1796420
1773892
1422316
1191412
1178892
1169688
1193228
1184820
1166184
1180248
1165780
1181172
1158108
1159068
1157252
1182940
1167112
1164856
1190512
1170124
1184196
1193308
1168304
1166596
1166832
1184144
1182868
1165428
1213560
1168304
1166912
1164872
1167852
1158036
1158856
1192232
1155840
1157416
1159684
1247268
1180676
1202576
1187660
1160672
1212232
1164644
1165912
1184112
1169388
1160912
1166212
1157700
1164632
1169776
1161408
1168492
1154408
1181004
1165016
1194640
1202056
1171156
1198716
1223940
1166068
1161688
1156824
1153276
1156524
1152728
1171764
1217804
1180332
1160744
1164244
1160828
1164364
1161068
1164792
1177372
1201524
1197876
1170228
1194344
1208256
1165480
1161940
1164136
1169044
1165356
1158128
1157364
1194732
1158792
1158168
1157156
1157208
1156988
1157052
1152688
1172908
1200596
1165700
1182844
1241792
1176968
1167256
1166096
1166408
1165628
1170064
1212324
1166512
1164176
1167184
1177712
1233968
1177168
1157700
1155140
1181456
1181880
1219800
1167940
1207044
1171800
1166580
1165988
1165256
1157700
1157524
1157492
1157532
1156340
1194352
1158020
1152672
1157076
1154700
1157356
1152108
1158656
1194956
1244628
1183608
1194632
1188112
1166396
1166468
1181976
1213440
1176632
1167788
1161708
1166048
1176472
1157068
1157984
1157436
1152948
1157712
1156172
1157904
1187024
1165428
1179356
1193192
1165308
1155368
1158124
1153808
1199456
1153176
1161408
1153760
1181696
1160544
1179164
1161664
1165600
1176824
1164496
1206432
1166676
1219008
1161316
1178912
1187268
1171036
1164556
1180452
1154756
1158640
1153364
1159708
1197072
1156732
1210764
1153156
1152888
1153180
1152852
1153152
1152480
1196112
1162344
1174248
1167884
1152668
1152848
 
1152656
1153328
1153904
1153880
1157292
1152788
1172068
1211140
1177020
1161248
1160776
1154172
1152792
1152652
1253988
1191208
1161160
1186212
1158928
1155156
1154916
1154036
1190952
1227876
1165892
1161036
1158132
1164064
1161568
1276872
1284712
1273568
1265264
1265464
1264460
1204004
1227600
1174836
1173312
1156260
1156836
1204780
1176340
1155480
1172616
1157004
1173508
1153604
1188968
1206772
1185468
1158328
1172052
1165980
1189344
1179240
1206088
1163096
1190356
1197472
1219452
1194488
1194804
1197036
1162608
1195040
1165960
1180256
1164472
1182808
1156992
1859036
1819936
1692148
1224044
1165876
1236468
1228768
1162984
1201208
1170064
1183776
1214480
1183476
1161580
1180984
1180384
1184204
1165572
1172908
1180264
1188784
1165596
1197320
1164848
1169080
1194292
1206364
1206520
1171652
1235104
1203700
1166720
1162396
1163356
1167852
1163488
1166120
1161340
1161816
1178132
1161984
1161476
1192104
1165552
1165724
1161172
1165540
1220636
1226124
1197596
1183616
1167816
1186372
1178588
1165028
1164456
1177812
1161224
1214024
1161780
1154632
1163848
1162848
1160796
1209172
1160160
1161472
1173840
1230820
1167056
1198508
1164332
1165296
1209800
1164908
1161792
1161148
1162236
1163044
1165716
1201496
1169376
1176748
1158304
1177324
1166556
1161088
1166192
1211216
1201084
1162760
1213396
1169276
1214156
1182708
1175424
1167496
1155180
1159784
1154376
1158876
1153980
1199704
1154316
1161940
1157484
1159496
1153972
1159244
1190136
1167452
1178164
1185768
1160536
1155036
1159236
1158628
1158544
1159108
1158452
1158236
1158716
1159420
1157980
1158468
1159688
1157860
1196028
1157356
1159792
1216788
1169716
1203124
1240696
1153624
1159496
1151552
1163708
1153240
1159836
1153100
1157608
1152324
1159408
1153908
1207152
1164944
1167376
1153072
1177696
1238608
1203248
1160692
1196928
1232872
1163892
1164944
1162020
1168032
1160288
1213556
1155444
1157840
1152208
1157748
1152628
1156724
1153016
1170696
1160104
1162432
1198620
1181148
1216684
1195604
1227136
1177572
1167516
1159640
1168052
1704208
1290932
1266152
1269956
1263928
1266876
1303796
1307724
1202124
1179584
1160744
1205724
1190352
1169000
1249736
1168288
1165252
1163128
1179632
1198752
1179328
1196036
1166496
1166692
1179644
1165988
1179252
1167264
1164404
1166232
1163552
1154992
1208756
1210756
1331628
1184048
1174220
1155960
1176440
1153216
1158420
1156512
1154056
1155416
1153904
1169876
1156312
1152676
1152376
1160864
1165160
1177240
1201728
1231524
1172236
1186544
1187472
1181288
1163060
1176540
1175840
1738372
1694428
1174744
1194852
1165236
1165744
1156920
1170716
1176236
1165860
1165232
1168940
1218372
1338828
1181464
1206648
1190216
1158760
1153896
1152876
1155392
1156208
1208876
1222740
1155608
1216804
1166376
1161744
1165540
1176828
1160364
1154896
1164828
1219972
1161912
1190940
1183256
1216684
1169644
1161440
1168784
1156472
1199712
1219764
1177432
1164136
1176752
1177076
1161844
1225324
1166728
1153980
1177520
1191652
1209760
1172216
1193868
1180024
1171712
1154508
1156104
1155768
1154380
1225748
1154260
1153404
1157608
1153440
1157072
1215740
1155084
1157512
1156140
1154520
1186600
1196544
1235412
1179520
1156464
1166424
1161304
1165840
1178124
1163492
1155060
1155440
1153696
1167544
1164008
1154232
1157616
1156200
1219088
1153288
1152744
1190804
1275920
1183912
1189120
1156084
1158512
1155452
1157072
1209440
1155992
1153608
1224244
1177304
1157180
1154008
1156512
1154020
1215032
1176644
1156128
1158716
1200512
1162216
1177796
1240428
1156332
1155268
1163540
1160292
1179664
1164036
1163196
1176408
1178972
1176688
1167192
1154348
1177904
1160908
1164876
1165876
1199212
1201788
1160920
1184072
1231576
1154640
1154060
1155428
1156400
1155808
1156128
1156660
1160892
1155896
1224656
1154792
1154900
1154092
1155448
1154632
1152808
1186668
1183960
1168488
1184384
1159684
1161464
1178300
1166488
1163120
1164668
1165664
1164836
1162472
1165020
1156868
1155096
1156088
1155904
1156532
1156904
1155340
1206704
1180936
1176848
1182360
1156452
1165592
1155768
1165288
1162748
1223416
1178636
1161064
1162968
1177828
1161996
1157276
1155904
1173208
1178260
1162056
1175912
1212588
1168236
1206948
1223048
1169896
1179404
1162904
1179912
1175628
1159060
1155020
1213448
1179020
1247216
1179480
1166432
1157744
1156940
1154040
1213392
1189164
1186932
1161356
1183360
1156420
1154216
1222504
1160868
1158056
1157064
1163116
1165488
1162280
1230644
1160528
1166856
1155844
1154780
1154084
1154412
1157536
1254676
1158424
1191152
1857404
1803248
1801516
1856936
1814936
1548364
1157120
1184520
1163020
1178824
1164756
1166140
1156108
1180804
1159296
1166068
1178024
1221076
1166900
1182164
1186140
1168688
1164400
1165156
1206964
1164836
1161956
1163480
1162088
1157032
1154824
1154832
1303244
1284124
1302256
1708680
1812152
1720344
1728620
1542144
1196020
1163032
1178124
1159716
1154580
1162564
1156536
1160292
1154096
1159124
1166116
1169560
1164448
1167932
1161812
1162952
1154176
1160264
1211768
1182976
1174784
1214464
1163648
1205840
1154248
1152980
1156424
1160404
1154776
1172956
1383360
1182396
1902020
1176992
1168408
1162988
1161788
1160900
1165960
1232484
1162172
1196536
1197856
1155740
1155752
1157084
1154980
1193824
1155520
1162224
1156784
1177656
1162376
1161280
1178356
1160732
1171320
1170860
1160556
1168272
1225616
1182696
1191948
1181520
1166676
1165292
1161792
1156744
1167268
1162396
1166796
1177336
1161672
1178080
1167004
1178528
1161768
1164300
1176520
1155448
1186784
1231428
1173292
1191416
1181524
1168332
1165808
1208680
1177636
1165032
1161992
1156052
1178524
1166180
1265260
1172568
1183864
1156040
1205880
1171556
1165256
1219108
1176848
1239516
1193144
1182848
1174656
1179156
1166792
1164036
1164772
1166004
1163280
1164428
1161176
1158948
1174632
1178372
1164044
1165700
1174868
1208944
1224160
1161296
1197712
1186972
1285060
1161680
1171196
1211736
1174976
1164664
1169520
1155404
1163676
1162480
1205104
1178488
1156896
1156280
1163188
1164436
1187420
1245436
1176772
1214140
1176516
1180632
1179932
1199276
1167396
1176480
1163936
1164628
1168272
1178196
1189580
1167372
1163288
1163256
1180292
1178700
1160996
1210100
1276460
1182580
1217832
1176712
1165872
1179356
1158312
1166108
1162948
1174184
1166116
1179112
1165056
1163364
1177212
1175096
1172856
1178444
1159736
1166112
1199608
1216800
1189536
1192580
1158660
1155420
1154608
1181456
1162524
1167344
1158024
1158736
1171220
1158552
1172984
1159920
1177216
1174208
1165876
1168928
1165804
1201376
1183344
1240488
1186340
1154004
1159416
1154232
1307916
1201956
1159720
1154456
1169020
1179920
1159108
1200456
1159772
1153984
1194816
1154140
1782732
1845700
1783356
1774548
1287648
1356452
1298992
1182044
1179588
1181988
1182900
1182052
1170400
1167784
1171388
1184596
1162704
1186572
1161984
1167332
1161940
1191664
1198144
1183520
1228912
1164916
1167736
1167320
1168548
1168792
1159448
1309560
1176008
1709796
1180412
1162340
1159956
1159092
1204292
1159156
1158452
1158828
1194132
1160076
1176584
1189588
1160444
1160956
1159556
1159728
1165952
1161456
1159420
1160312
1159020
1172976
1182464
1171828
1180732
1181896
1213184
1169260
1182016
1204400
1163312
1189428
1176296
1219392
1156564
1159044
1156836
1791412
1240592
1169184
1168908
1162288
1172244
1167600
1179612
1159048
1170188
1162676
1216876
1205240
1213872
1177384
1196464
1171264
1182524
1180188
1162384
1180056
1177832
1167024
1159124
1164564
1178412
1178044
1165548
1216532
1166088
1163276
1161720
1166028
1199752
1215988
1180548
1194652
1165300
1165548
1161788
1206224
1186552
1166308
1165312
1162020
1176568
1168048
1177188
1161964
1165012
1163200
1201288
1165124
1161868
1210988
1167820
1199752
1188864
1171064
1163540
1170896
1205908
1170024
1162700
1166832
1164316
1166116
1161984
1171404
1162048
1211904
1165668
1167512
1156992
1199824
1200016
1165680
1246704
1183052
1155088
1156048
1156160
1153716
1168864
1163252
1177144
1175696
1178116
1165784
1206076
1182772
1162552
1166852
1163644
1165776
1188488
1237104
1159848
1187012
1168036
1156900
1158880
1180996
1183064
1170172
1167868
1176908
1166464
1162664
1179824
 
1175712
1213680
1166456
1166076
1153576
1158396
1190528
1168996
1232788
1189872
1165248
1154492
1186052
1212284
1170568
1154704
1160136
1164336
1166464
1211040
1166596
1161300
1164788
1167852
1178680
1153824
1157428
1214672
1178492
1193400
1181820
1178744
1166748
1167924
1161616
1202972
1163904
1166232
1183280
1161220
1153664
1158872
1157716
1199400
1166388
1167408
1161712
1195940
1199008
1166112
1202776
1168496
1184860
1161688
1182972
1162684
1168528
1161532
1167304
1177372
1166176
1152172
1162044
1165200
1185340
1165536
1184200
1161268
1188996
1170148
1228964
1204644
1172440
1167508
1165392
1163816
1162996
1165976
1164428
1207360
1164304
1163592
1167700
1162564
1162872
1266068
1153392
1170044
1170968
1216540
1173416
1197632
1189640
1164296
1164236
1204244
1181760
1178580
1178008
1177600
1167224
1157628
1201528
1168152
1163988
1161408
1166880
1165084
1162752
1249836
1194644
1178956
1187936
1169336
1165624
1161888
1163292
1164740
1161748
1162352
1199624
1162332
1395824
1279672
1316664
1277640
1268696
1194576
1778128
1193000
1226236
1167208
1197928
1168776
1171652
1164264
1203724
1172588
1154228
1161052
1185732
1178588
1180044
1177324
1166504
1177592
1218316
1156140
1159208
1171084
1186036
1188672
1174580
1206872
1183432
1184908
1178628
1179852
1175816
1162520
1166120
1180580
1166384
1170624
1192592
1164160
1156084
1175824
1156384
1167424
1162996
1210216
1181940
1173224
1193916
1162384
1184812
1171160
1164416
1162952
1170432
1165176
1207772
1196104
1171464
1177708
1181448
1177352
1207920
1154236
1176936
1188044
1257376
1177436
1199592
1188532
1202084
1162016
1167892
1171092
1162316
1164244
1166132
1205512
1179340
1173008
1208720
1184224
1159868
1169744
1168012
1171760
1215536
1216004
1182500
1227512
1183280
1168136
1176476
1163172
1180708
1163548
1182032
1171092
1169144
1162924
1165684
1160500
1217488
1163940
1167152
1158416
1170752
1199864
1175860
1195148
1187224
1174092
1162792
1287096
1160036
1166248
1176564
1169476
1178808
1177872
1176180
1166728
1162652
1215012
1176600
1180124
1197912
1167420
1220032
1164652
1187292
1172264
1173312
1157524
1162384
1164340
1212292
1176620
1168752
1160112
1189160
1165972
1157524
1153452
1157368
1156480
1161656
1152268
1181200
1235052
1159636
1195744
1158228
1165024
1154172
1158036
1199188
1181196
1178480
1176460
1155544
1181224
1167268
1210152
1176908
1158276
1153776
1159220
1154772
1194968
1217592
1171592
1190612
1220688
1169700
1160672
1161964
1154528
1161636
1154252
1158264
1165168
1166388
1163076
1210500
1162456
1176544
1153276
1156296
1175320
1197268
1157768
1179688
1220364
1181372
1164644
1161616
1156444
1157120
1154556
1158780
1157260
1153832
1153072
1192532
1152560
1157684
1155320
1166532
1223584
1194856
1198424
1158504
1204416
1158552
1182692
1164000
1206776
1377568
1183988
1174200
1165300
1177660
1201280
1164680
1176648
1161812
1161216
1170952
1153876
1210768
1211352
1162876
1202392
1185972
1164808
1181276
1164124
1823716
1789460
1780460
1786332
1782180
1753996
1742708
1158132
1827888
1221464
1202044
1176556
1240688
1253032
1285736
1347956
1191060
1180036
1172380
1161428
1213144
1158540
1156060
1153864
1157092
1153656
1155224
1154488
1157592
1153424
1191676
1155060
1168136
1299792
1202168
1169168
1195588
1220780
1159884
1155508
1155244
1159276
1170116
1178576
1162880
1166140
1174540
1208944
1166104
1162652
1162840
1207692
1179288
1163212
1197792
1200484
1168036
1189860
1166844
1167660
1161536
1172064
1166352
1162532
1161816
1181320
1162620
1161152
1169748
1165084
1177296
1167404
1167116
1162804
1177832
1207148
1194264
1210736
1210008
1184624
1182848
1167340
1167504
1178808
1178476
1177448
1176376
1207992
1164768
1177296
1176956
1228916
1166872
1165952
1210800
1177088
1203848
1171872
1188612
1183688
1156076
1173644
1181636
1162916
1204736
1178748
1162992
1182508
1223668
1178480
1178220
1159704
1155132
1171352
1171244
1166132
1199264
1196152
1168812
1366772
1187752
1238536
1165196
1162048
1165608
1155284
1163968
1162204
1210692
1178728
1163636
1155384
1278788
1156156
1154620
1210468
1154292
1198180
1182496
1170880
1187140
1180228
1219272
1153052
1154172
1152444
1154652
1291940
1754168
1668848
1802132
1800760
1592204
1792212
1805232
1271480
1266396
1303884
1292952
1282268
1285988
1272064
1269552
1266692
1153748
1153860
1176972
1178540
1152916
1156408
1202208
1155916
1198912
1153808
1152388
1153832
1153548
1179052
1211316
1182388
1177996
1183208
1168564
1167968
1163800
1180172
1179920
1178360
1163172
1179516
1191480
1183008
1179104
1169064
1165520
1170656
1164864
1178772
1205148
1340348
1174072
1185340
1167780
1161124
1169536
1156784
1156200
1178432
1167468
1176984
1158556
1203148
1178488
1163264
1160264
1178848
1164256
1162136
1179172
1204180
1218028
1181444
1181036
1160744
1170596
1214584
1181132
1161768
1203480
1166368
1165076
1209588
1168324
1174840
1165216
1164172
1162912
1178212
1163216
1186364
1215052
1173764
1179976
1183912
1163856
1179448
1162904
1168368
1160744
1213848
1178372
1179988
1210616
1246064
1173984
1157040
1166896
1168020
1155568
1177304
1201936
1261832
1180744
1204492
1168888
1163972
1166420
1205324
1176876
1164252
1161992
1164864
1156412
1154588
1204064
1153628
1153464
1154148
1154684
1154556
1153628
1187688
1225880
1185252
1182304
1158508
1173892
1179916
1178728
1164528
1171764
1179132
1201648
1165920
1173132
1154348
1164288
1161752
1173048
1154064
1173416
1165328
1203344
1213344
1186160
1180220
1161072
1183692
1165204
1162836
1161956
1162780
1162988
1177484
1365944
1156352
1155116
1154940
1152768
1156472
1154036
1153748
1160492
1244784
1158424
1177664
1161204
1186584
1163924
1162664
1163316
1162824
1174700
1155840
1154308
1172236
1155864
1156816
1169944
1155864
1153856
1154952
1153324
1227024
1251156
1175232
1236076
1172464
1170000
1161320
1178260
1160840
1162888
1157696
1162312
1152904
1206856
1164676
1155972
1153092
1177804
1161768
1161712
1154580
1205920
1183936
1180728
1195244
1168804
1217824
1156148
1156084
1153948
1155232
1189248
1155912
1205016
1167468
1172136
1174236
1174320
1200720
1178048
1165952
1179084
1208284
1165680
1234288
1182036
1160212
1171368
1174148
1166368
1161996
1168340
1179476
1240536
1170616
1173100
1166452
1211472
1177432
1178364
1162768
1161300
1172608
1196360
1159568
1803000
1756412
1713064
1345748
1272760
1314332
1271116
1319368
1266200
1175728
1179468
1163956
1167200
1161488
1164552
1178316
1200540
1159340
1197672
1161876
1181328
1237340
1159968
1160152
1155824
1158440
1158516
1157504
1189900
1167700
1211292
1177600
1162304
1156868
1167296
1175656
1176908
1160460
1173460
1222712
1183680
1249476
1170444
1174812
1156912
1155344
1178420
1207160
1162368
1163664
1161768
1161832
1164676
1178688
1201140
1165212
1175256
1162772
1161900
1211356
1195316
1157060
1179888
1160328
1157392
1154544
1154668
1153160
1173220
1153992
1153556
1156836
1153632
1191272
1153832
1168128
1179208
1162276
1164732
1225420
1186800
1219424
1192672
1210092
1170848
1182476
1161980
1207328
1166700
1163148
1182972
1181648
1172004
1178324
1209440
1178196
1166140
1162148
1179240
1178104
1155452
1235928
1157488
1207436
1182748
1168924
1209292
1180228
1177152
1163316
1156796
1171036
1198624
1167568
1210592
1179332
1211212
1165300
1177644
1209956
1177536
1188016
1197940
1165808
1199048
1168148
1165744
1163084
1326396
1158572
1160284
1154620
1154616
1167352
1205292
1178488
1165656
1163152
1158324
1165364
1172664
1196792
1206836
1232512
1185596
1183632
1163028
1217528
1214912
1178356
1166244
1162712
1162720
1177604
1209792
1165204
1164980
1164844
1177980
1161516
1178460
1168576
1166712
1263032
1167680
1183112
1186264
1172276
1173040
1212252
1164868
1162556
1163112
1192928
1179056
1164908
1162112
1163384
1164352
1163640
1163424
1163188
1161992
1185332
1206332
1165760
1238452
1170136
1169424
1167184
1179120
1158508
1168540
1177200
1162244
1164636
1165676
1211168
1167400
1178224
1166364
1176928
1164984
1169620
1202444
1199480
1166732
1185692
1214384
1183676
1162876
1162456
1162096
1180112
1164584
1157832
1176904
1165260
1160944
1162360
1164704
1164088
1167828
1203632
1170316
1194692
1184620
1193388
 
1192708
1223832
1183880
1164200
1162112
1177576
1164636
1164416
1162628
1161040
1177132
1177944
1210704
1177924
1166804
1161980
1159352
1163044
1224356
1212600
1206016
1178768
1169848
1211676
1178468
1177524
1154356
1221864
1168116
1162320
1167356
1177444
1157092
1178652
1164332
1160872
1180108
1175028
1203504
1205532
1170596
1180868
1160292
1168352
1157532
1168528
1206536
1196708
1179772
1163332
1172576
1177848
1162056
1178784
1167412
1179436
1162188
1159320
1199892
1212268
1218652
1202404
1174584
1166072
1179124
1162852
1211260
1163392
1161548
1178924
1161684
1164248
1162676
1163752
1161004
1162280
1161856
1161612
1153852
1229760
1193120
1155132
1184908
1163168
1161424
1179140
1173216
1181188
1178872
1167008
1161808
1157884
1177300
1207832
1176860
1178136
1162272
1162960
1161812
1205168
1190848
1207732
1181992
1195788
1216448
1183004
1178756
1162056
1165140
1164644
1181196
1213992
1166212
1177900
1168648
1154332
1177948
1181320
1165152
1176948
1166972
1200764
1165056
1183148
1187880
1169468
1217672
1180856
1164868
1163560
1172648
1177720
1162936
1203040
1178684
1154872
1179620
1163232
1179968
1164404
1167512
1177192
1205580
1166412
1192780
1187648
1167260
1212088
1168900
1175456
1163600
1162420
1162820
1162808
1179256
1163384
1166568
1162836
1162372
1201348
1166680
1162736
1194680
1198336
1159276
1229192
1172928
1187404
1165256
1172228
1167956
1164096
1164760
1167172
1164520
1216676
1179652
1166476
1163848
1167688
1165676
1211604
1163248
1194948
1187504
1182092
1191760
1168428
1167704
1163964
1169316
1194308
1173264
1170480
1164516
1163948
1168580
1164276
1165312
1268796
1158496
1169432
1161080
1188756
1220084
1180660
1186132
1188756
1185048
1166296
1164112
1180440
1208436
1168052
1179148
1169572
1166756
1217008
1173104
1170540
1156512
1178048
1178616
1162736
1200444
1211740
1170792
1199008
1174116
1172720
1181316
1164456
1203368
1167056
1177368
1167744
1162524
1178628
1163852
1162796
1176944
1158900
1158392
1166144
1163660
1193692
1191172
1194464
1196464
1218400
1196216
1221684
1186428
1183196
1180620
1211124
1169832
1181892
1165016
1182524
1167320
1155948
1167592
1178304
1180656
1181400
1203176
1180924
1189768
1204528
1185556
1183672
1168052
1179428
1181624
1210504
1167816
1177760
1169456
1176300
1163240
1164860
1177068
1154868
1212840
1177176
1177808
1211700
1198260
1191124
1176180
1183876
1610928
1759460
1189428
1169444
1169392
1164684
1178976
1177432
1175200
1177772
1178728
1176732
1167328
1181940
1157428
1225548
1167600
1187908
1182828
1182300
1169352
1165100
1883580
1632220
1216428
1263624
1182112
1180524
1182388
1171000
1176684
1157392
1179244
1161576
1200588
1186520
1215140
1218272
1209160
1171436
1174596
1214824
1180464
1178912
1205540
1171496
1168472
1163112
1173260
1166084
1162948
1178636
1172128
1173852
1156776
1166188
1202612
1192936
1166420
1206856
1157620
1167908
1177560
1157972
1172280
1162776
1154736
1151496
1164616
1160856
1158444
1156300
1171720
1163020
1177048
1172416
1161712
1216200
1194700
1172128
1212848
1174268
1156952
1156612
1155676
1154624
1178648
1162624
1311660
1161116
1200428
1167604
1162748
1163540
1207080
1156176
1199748
1155660
1195676
1160236
1178060
1178880
1156160
1175164
1159060
1154000
1180732
1161860
1212020
1158136
1156804
1154240
1162692
1176896
1159100
1155920
1215700
1178372
1179116
1205416
1178384
1216940
1165556
1163120
1164716
1181788
1205036
1178576
1206512
1154124
1155484
1154284
1154340
1160696
1165944
1161296
1209692
1177512
1166856
1184804
1182220
1161428
1186956
1208344
1158228
1172064
1180216
1171844
1154444
1201472
1174140
1200948
1177500
1179124
1207964
1175140
1166652
1168808
1160096
1168416
1200772
1255260
1205868
1218004
1165056
1175724
1155812
1167000
1159864
1164612
1163244
1164628
1161056
1166744
1165524
1213824
1173256
1164848
1161884
1165092
1169820
1191460
1156272
1195592
1188008
1155652
1185576
1164540
1163028
1177644
1163480
1246984
1178752
1161608
1165056
1154128
1154340
1153604
1190336
1158968
1177736
1197672
1222012
1214468
1203608
1179540
1162440
1162792
1162116
1155512
1152948
1154192
1154736
1155100
1155696
1154588
1153932
1153944
1158528
1154856
1154556
1194896
1189804
1183484
1180612
1179012
1155176
1155028
1199120
1164692
1159092
1178224
1191648
1167600
1165788
1178264
1176544
1172480
1177428
1197568
1216588
1155060
1183044
1198424
1159384
1195432
1155916
1154968
1326964
1155684
1154516
1157108
1152884
1155020
1152968
1193160
1154328
1161384
1154932
1193420
1228336
1216236
1179908
1252600
1225560
1222508
1218236
1179384
1176120
1163720
1218948
1173352
1168216
1172888
1177116
1201416
1235028
1165076
1164480
1177236
1160896
1158828
1165888
1164372
1207972
1193936
1209112
1198056
1182488
1182716
1178216
1166132
1210356
1165144
1163696
1162624
1163688
1178468
1159564
1177816
1163264
1208332
1177184
1165736
1177500
1210004
1182496
1203564
1180288
1171188
1182760
1167820
1166936
1160848
1208048
1177932
1164908
1169884
1176324
1155640
1191592
1166212
1177920
1176684
1162104
1203476
1224916
1187732
1184200
1161144
1170768
1160432
1161464
1173428
1157444
1201624
1176480
1164340
1161904
1161608
1163004
1160528
1197160
1176020
1171984
1153544
1206372
1189232
1163036
1183420
1158980
1158160
1155180
1197332
1154024
1153488
1153856
1153864
1152584
1153788
1192840
1155364
1154520
1154340
1153668
1166236
1157376
1210276
1175620
1182532
1181480
1220592
1154592
1155488
1203236
1154444
1153764
1153196
1154008
1153100
1152796
1153228
1156192
1196368
1153500
1155636
1153512
1212928
1218548
1165904
1200792
1170112
1164688
1159640
1155648
1198164
1164968
1206512
1177472
1172340
1194068
1178796
1166144
1163820
1154740
1177212
1158672
1188048
1229072
1180028
1209484
1196952
1178608
1187056
1160392
1158244
1197516
1170936
1164880
1164112
1162284
1167604
1207256
1162012
1154944
1153440
1157200
1153788
1263096
1187856
1762276
1828844
1805192
1716968
1202712
1267456
1206500
1192860
1211912
1291436
1176464
1173376
1176004
1202876
1181872
1176020
1167140
1175228
1214740
1238468
1184368
1184512
1184940
1166516
1209264
1184520
1207452
1214608
1178712
1166460
1178320
1176908
1164384
1225228
1205236
1181792
1171148
1203080
1217412
1202908
1205760
1172088
1323624
1158704
1195220
1176184
1166608
1178424
1175632
1155232
1170760
1164464
1166660
1201452
1170440
1164280
1166112
1165352
1182176
1174784
1192608
1186864
1185100
1192008
1179284
1166628
1157712
1161808
1178428
1211632
1178632
1167272
1165780
1159684
1155184
1159932
1154328
1160800
1154980
1159360
1153844
1188744
1160376
1214596
1259560
1174248
1164960
1166312
1164852
1166728
1206788
1182804
1161048
1170256
1280928
1160848
1167112
1155868
1164456
1161544
1199456
1167360
1221616
1156732
1179684
1165292
1173504
1166764
1162356
1180088
1175268
1204920
1169648
1153296
1154876
1159912
1153700
1153528
1176556
1161200
1178228
1160136
1249632
1194100
1181212
1206528
1222612
1162216
1155332
1153564
1162520
1153188
1155872
1164984
1161988
1160536
1159672
1176404
1167952
1162428
1162672
1166760
1163936
1205776
1179936
1183368
1189640
1220224
1181216
1163020
1206128
1160208
1166772
1160896
1187328
1191028
1177356
1164380
1177024
1162276
1291264
1173388
1200892
1194648
1218404
1179452
1202848
1202428
1160276
1203964
1166464
1166448
1163148
1164192
1177164
1179732
1177472
1162000
1208036
1172420
1154240
1158408
1164680
1163616
1213364
1226428
1164496
1189488
1161852
1166980
1162152
1209532
1168064
1166688
1159656
1166376
1177616
1154744
1179352
1177060
1163400
1170416
1163364
1221604
1161428
1210980
1183624
1169552
1207788
1168880
1209832
1173976
1175812
1164924
1160992
1178808
1178856
1167464
1162060
1154492
1156976
1177300
1162940
1163392
1168176
1162824
1202128
1157340
1172844
1177496
1171112
1165812
1206860
1158196
1156684
1203980
1155140
1158528
1218180
1156500
1178464
1163692
1180092
1163584
1164384
1166364
1195872
1226020
1162844
1189588
1170676
1169200
1163780
1166668
1164612
1163604
1165892
1171936
1171572
1158108
1157276
1156316
1154540
1155624
1155096
1155224
1156208
1200100
1765984
1775148
1918580
1929168
1796296
1492928
1193488
1191948
1186952
1202484
 
1155488
1164428
1171120
1864892
2030732
1956948
1919136
1853096
1840316
1842004
1832708
1826412
1506580
1163040
1161540
1166184
1181992
1199664
1178984
1171456
1177628
1164712
1162112
1154560
1155880
1166936
1166064
1175676
1177832
1165932
1224400
1252988
1184804
1242804
1186384
1170248
1161972
1162256
1164952
1162204
1164552
1163864
1177668
1164860
1167916
1166520
1178988
1178452
1168208
1178236
1158056
1198776
1199528
1185052
1204568
1185732
1170896
1179196
1164144
1166380
1169460
1167272
1176620
1209336
1176272
1162200
1161268
1162360
1162944
1204512
1167060
1154760
1185832
1180300
1184340
1222692
1170840
1180628
1167160
1162112
1210032
1162484
1179484
1178312
1161888
1161516
1176536
1162684
1160204
1210036
1154724
1153540
1182108
1179140
1158000
1187036
1212524
1159412
1156020
1155564
1153740
1153272
1156360
1153376
1167084
1179548
1166780
1177320
1200316
1165744
1164588
1163084
1180832
1199932
1202852
1175148
1190968
1184016
1167164
1161768
1166608
1161696
1211044
1164604
1166032
1161412
1176900
1161828
1162032
1210240
1162736
1162728
1160388
1186852
1199620
1181360
1184436
1183116
1225844
1166040
1155236
1176056
1160052
1155916
1153556
1154512
1207836
1156120
1154408
1153316
1153988
1154536
1212924
1157148
1168384
1186704
1160356
1190744
1158160
1161428
1154184
1157404
1154468
1157876
1208068
1157660
1153384
1155036
1153420
1153236
1153800
1153336
1170884
1154744
1156948
1186024
1183508
1169552
1195652
1166924
1164444
1179192
1163756
1179404
1162244
1159232
1154172
1165000
1222120
1180704
1162484
1154824
1180200
1158196
1172752
1178708
1187776
1180156
1191108
1205576
1164332
1161872
1160092
1229840
1178396
1166284
1155876
1178356
1171400
1178000
1225016
1173956
1158140
1166316
1161608
1773736
1217076
1191948
1202948
1216488
1165388
1164224
1178208
1163516
1198820
1161884
1181556
1201680
1170728
1229692
1210936
1281212
1193340
1215760
1175748
1170632
1168344
1211348
1229560
1190296
1205996
1175172
1170364
1155080
1177052
1162780
1207940
1215040
1169840
1171952
1178396
1162004
1152968
1164116
1160776
1210140
1210116
1185908
1200300
1177936
1194924
1221024
1178280
1161932
1206812
1176456
1156992
1153528
1153084
1163704
1160652
1162632
1164600
1172448
1172496
1163872
1160452
1205664
1199676
1191344
1164072
1188864
1160992
1174496
1156520
1165216
1161896
1163420
1167056
1166004
1158344
1167108
1162164
1158508
1160208
1165484
1161544
1206204
1194768
1181764
1177040
1200128
1192548
1164132
1168252
1155424
1178568
1161168
1161112
1178568
1157236
1155792
1171816
1165412
1338852
1172720
1168940
1177732
1200624
1164476
1202080
1162140
1184972
1172156
1207180
1156152
1153680
1154100
1152668
1153264
1153832
1153788
1154356
1154524
1152896
1195584
1177056
1170980
1158076
1178032
1186844
1203556
1202676
1212612
1167196
1177944
1162308
1162504
1166452
1206100
1181076
1162720
1154352
1173740
1165224
1163976
1164344
1162216
1178140
1160692
1156016
1249048
1206420
1173660
1195432
1170436
1162612
1157840
1177556
1177640
1158084
1166204
1179216
1179624
1173088
1167124
1165588
1179476
1171380
1154268
1178940
1174072
1189448
1180788
1258808
1201936
1181824
1178480
1176656
1257296
1159396
1165032
1207124
1164348
1163836
1163132
1173980
1166804
1164748
1162312
1205432
1176232
1187548
1210624
1166672
1199448
1171772
1167408
1157080
1165296
1163696
1201864
1158132
1154400
1176120
1162296
1168172
1161524
1175840
1155032
1156052
1153308
1172712
1194632
1203776
1166268
1212960
1164284
1202452
1172748
1200964
1165332
1178764
1157088
1177876
1178976
1176312
1164928
1168788
1157888
1153792
1204764
1176460
1178480
1202992
1221372
1197748
1203504
1156748
1251028
1158328
1190692
1165044
1175768
1161476
1181932
1174496
1154456
1156852
1205844
1163888
1162696
1156792
1168204
1205520
1209360
1230052
1211292
1518968
1291380
1934240
1829080
1190232
1967240
1890656
1851744
1814096
1697320
1697760
1167932
1159056
1156736
1178196
1161408
1162016
1198836
1161644
1230564
1212140
1174464
1163896
1161872
1165020
1159540
1160604
1153364
1156548
1151556
1156244
1152980
1189376
1151880
1161132
1175592
1162800
1163240
1203704
1166640
1204144
1168684
1158272
1154356
1153748
1159440
1176320
1163972
1173556
1158012
1164036
1169740
1161308
1254204
1156424
1171056
1163964
1176516
1199260
1210004
1168184
1203912
1159072
1154208
1158184
1153076
1163472
1197632
1169616
1166400
1166504
1166464
1159844
1179260
1166424
1171900
1171064
1205324
1168348
1200584
1192504
1186556
1280460
1166996
1180732
1181272
1210800
1175712
1155880
1159528
1177380
1210780
1178196
1179524
1161260
1158920
1154180
1157720
1155976
1157608
1197180
1155364
1174900
1181860
1178916
1183960
1160732
1212020
1164660
1182236
1164856
1222972
1153024
1168244
1152704
1160352
1155464
1278324
1172864
1157044
1206556
1202692
1182424
1189940
1169432
1172168
1160944
1212512
1163284
1158316
1153780
1155516
1163192
1153244
1153256
1163408
1162228
1160904
1158644
1153424
1177244
1198560
1194520
1184288
1204976
1168396
1164548
1179124
1161364
1160904
1156832
1178456
1162280
1200324
1157716
1155448
1155012
1154992
1174748
1156500
1157540
1165704
1193136
1232872
1187264
1201748
1159544
1180672
1165048
1215076
1168416
1167040
1156328
1162436
1160608
1161892
1155692
1159868
1156108
1182872
1164268
1161000
1244252
1190748
1156116
1174132
1177944
1161600
1154848
1180724
1176880
1168448
1178676
1224880
1164788
1163420
1161772
1158156
1154000
1178156
1164684
1163444
1161868
1205052
1217428
1168760
1254016
1159916
1156956
1177096
1162188
1156732
1154548
1154072
1153776
1155164
1157788
1175932
1156508
1154804
1155628
1153904
1155108
1154600
1209812
1181704
1196596
1193184
1162592
1176000
1175272
1165980
1187528
1178408
1174772
1164468
1162296
1164540
1160572
1757928
1717236
1740232
1790204
1736288
1755356
1223944
1202340
1207044
1184908
1166428
1170620
1177184
1171132
1164828
1216500
1176676
1159596
1155300
1160580
1154604
1171400
1157356
1159192
1153440
1158896
1190208
1176396
1175724
1212384
1169620
1163400
1166660
1201836
1166624
1179640
1167360
1198000
1168884
1161880
1167700
1177188
1167732
1204892
1168504
1163680
1183248
1193540
1159400
1171512
1182180
1181892
1170528
1195968
1205984
1154124
1159428
1154332
1159556
1154020
1159984
1168408
1159424
1200460
1169452
1160584
1168484
1182084
1204472
1210920
1198076
1184616
1156404
1186620
1166044
1167272
1173484
1162032
1165864
1176560
1181444
1167388
1180244
1164872
1179964
1166160
1177832
1160664
1204616
1212560
1163796
1208120
1179316
1175904
1166180
1159760
1158008
1198028
1156088
1156952
1156356
1156348
1173152
1155596
1154000
1155604
1155636
1167904
1161320
1196876
1192160
1172300
1194688
1159772
1157128
1154904
1154956
1197192
1154656
1153120
1157688
1167772
1161260
1162616
1162948
1162368
1161416
1158724
1154896
1157704
1198424
1203256
1172084
1180128
1181300
1156392
1156960
1173080
1154872
1154740
1179232
1161644
1164780
1178984
1162376
1162652
1179076
1155636
1160944
1154348
1186956
1209428
1163404
1254324
1165768
1164452
1156952
1154892
1156012
1153956
1166516
1161404
1164908
1205820
1161284
1192112
1158528
1172888
1157404
1166108
1162844
1196764
1203992
1168880
1195020
1158000
1266864
1158696
1153780
1199708
1154724
1156552
1175980
1163360
1164132
1156732
1156236
1153776
1153212
1166548
1162980
1179056
1217608
1164540
1185868
1200124
1184192
1178504
1165296
1211772
1177404
1168220
1159724
1165672
1164752
1208580
1164296
1161480
1163552
1162032
1154980
1157736
1169464
1206052
1156936
1182224
1156256
1153760
1201264
1154552
1157752
1154716
1156196
1153248
1156060
1218784
1164236
1179712
1167588
1162208
1166472
1177916
1164080
1198552
1210756
1177956
1849180
1797396
1794856
1192264
1206908
1177352
1161128
1164692
1163648
1155588
1191468
1155920
1152716
1155988
1153708
1154908
1189260
1164772
1211300
1180504
1183860
1167476
1171548
1161724
1160804
1160572
1176708
1154040
1701776
1745484
1748644
1262996
1235304
1252124
1191156
1208988
1223140
1284104
1231668
1187812
1164612
1219544
1189640
1165448
1169352
1182640
1183692
1180468
1165436
1158620
1182408
1161652
1159872
1159596
1159968
1153184
1182528
 
1162104
1208848
1192356
1184644
1192816
1190588
1170716
1184812
1159324
1157056
1162240
1154432
1160928
1153336
1158396
1167296
1167512
1214396
1168876
1173452
1168964
1165280
1165320
1201264
1210828
1173016
1174328
1164104
1158256
1159984
1156736
1160536
1153660
1160768
1154316
1158524
1153052
1157728
1152884
1157472
1152804
1158996
1195428
1167856
1198244
1155824
1187936
1171524
1173740
1178112
1170136
1161272
1166768
1162260
1167040
1161512
1167620
1162568
1205956
1161144
1167352
1160848
1173556
1162416
1199752
1215208
1179580
1210648
1168400
1164128
1165952
1159536
1162724
1160176
1163720
1151404
1155492
1151572
1154308
1164908
1166576
1166436
1164420
1164260
1164480
1200680
1211960
1170364
1180352
1160784
1158184
1202940
1180992
1165784
1161532
1172260
1153320
1157196
1154072
1155636
1195364
1155824
1153560
1171628
1179692
1181024
1211096
1212988
1188904
1182720
1175352
1182896
1186608
1156824
1162552
1207988
1184572
1166348
1169188
1163824
1171452
1161388
1184176
1165588
1237536
1162984
1191216
1254028
1163236
1195316
1169568
1170924
1162200
1166748
1168596
1182860
1160900
1166296
1165436
1166488
1164196
1166500
1154680
1157268
1193728
1159628
1154256
1191444
1171248
1184152
1182560
1160824
1205216
1157392
1162484
1167484
1170544
1168856
1169780
1163200
1157620
1181668
1161748
1166752
1177860
1185928
1152748
1182844
1214876
1164412
1183584
1195176
1169296
1171284
1163616
1173092
1157432
1205732
1156284
1158984
1154444
1160336
1155940
1159096
1155740
1158920
1154352
1157776
1168784
1207376
1162744
1215416
1189524
1165396
1213984
1176700
1167484
1160668
1167936
1152860
1161388
1195696
1159056
1154004
1157616
1154656
1160524
1158260
1183492
1198712
1260244
1177496
1209172
1175544
1162616
1160228
1194880
1183480
1163072
1168664
1162908
1167812
1160992
1168080
1160876
1165424
1162996
1165292
1162076
1167072
1196452
1179732
1180648
1179580
1166664
1158576
1161548
1157992
1168180
1220000
1198596
1217620
1189796
1173884
1167292
1169256
1164776
1170372
1195080
1174400
1198892
1233224
1166952
1239020
1174436
1167320
1167200
1161512
1167920
1162548
1167740
1164380
1164744
1168352
1205768
1173996
1179380
1166612
1166480
1207168
1180960
1194872
1217380
1172008
1192188
1174056
1169160
1168256
1163660
1166836
1166136
1167312
1164224
1166416
1156928
1159764
1156564
1158104
1194664
1158524
1157244
1185768
1204464
1163192
1178564
1184036
1207472
1189688
1162280
1190168
1181280
1216244
1178168
1169132
1164816
1169780
1164124
1169532
1196532
1169676
1162096
1169648
1174048
1215144
1164416
1188348
1174308
1170072
1187964
1182592
1168524
1183092
1169636
1171780
1168632
1180624
1168184
1166612
1163520
1172176
1155564
1201744
1155256
1219348
1208836
1171148
1260820
1171408
1178564
1164680
1185612
1178320
1170100
1162840
1160636
1154732
1160244
1161688
1173460
1155676
1208992
1159484
1160640
1155360
1196148
1178360
1178084
1229516
1161540
1164700
1156052
1157200
1181076
1184292
1178284
1167048
1211384
1169040
1166424
1178784
1158840
1159284
1204168
1170616
1157128
1199600
1158912
1173168
1201512
1170260
1166316
1168672
1180612
1162548
1162900
1179748
1162968
1181352
1164492
1178360
1166520
1178008
1162520
1172276
1155316
1196884
1213744
1164028
1200480
1169448
1164016
1206904
1181936
1177700
1163088
1166928
1180632
1178508
1212108
1173072
1208712
1166608
1165920
1178780
1156628
1165420
1204388
1200804
1190144
1197268
1168064
1164136
1166276
1157048
1159940
1155368
1159568
1197408
1159652
1156376
1183176
1162964
1167404
1163264
1166536
1162272
1182616
1214120
1178520
1181300
1186404
1166624
1173456
1163816
1163128
1165080
1213892
1163912
1167240
1161212
1168128
1164084
1168308
1168304
1171332
1167688
1175320
1200832
1216728
1183532
1209712
1185944
1175948
1185692
1154760
1183036
1162876
1214928
1175388
1167568
1161444
1167820
1161804
1167004
1152748
1162488
1203048
1184172
1200032
1195628
1191952
1188420
1185484
1163564
1183380
1154520
1162460
1164060
1168480
1162472
1216252
1160820
1216456
1177200
1169568
1161860
1171240
1160768
1201472
1236424
1158440
1183528
1179324
1197232
1170816
1182232
1181744
1162344
1167660
1181168
1169276
1175696
1155924
1159820
1160472
1157964
1160640
1164584
1183492
1215372
1205052
1231108
1189768
1163744
1158840
1161540
1159360
1216264
1154464
1214076
1153184
1168944
1154976
1161424
1154036
1216244
1153516
1160732
1155152
1162720
1459076
1198020
1269240
1212776
1234712
1285356
1212352
1201552
1202936
1174896
1173628
1179408
1174760
1156724
1168380
1230436
1178364
1161984
1178284
1196740
1166208
1227716
1189576
1198008
1173848
1163012
1179024
1162852
1164244
1176656
1209132
1198696
1155252
1153764
1188836
1156296
1153900
1153336
1155576
1156092
1155012
1198828
1200660
1158644
1183240
1179148
1166984
1207868
1177632
1161560
1163892
1164608
1163264
1153400
1152724
1156012
1155224
1153420
1154448
1152896
1152276
1156596
1191580
1182932
1175200
1178276
1160664
1156000
1202544
1154188
1167240
1278404
1159352
1168060
1166540
1208348
1157500
1172540
1165136
1164540
1177856
1176940
1163340
1223704
1185184
1266744
1237340
1169212
1165588
1174112
1165872
1164900
1177616
1168624
1173364
1166848
1201624
1179672
1177264
1165856
1160352
1178432
1161756
1199876
1218612
1165960
1196372
1169220
1158332
1178296
1165088
1162232
1212940
1162244
1164984
1278204
1178880
1155412
1156880
1193844
1179028
1167972
1210880
1177172
1193540
1192016
1174976
1184476
1179452
1164976
1213848
1180756
1163180
1154096
1169464
1202200
1180488
1174700
1164720
1160960
1168044
1153212
1220676
1153080
1158300
1203672
1159104
1177116
1174448
1157276
1313648
1156360
1159812
1154376
1156952
1159204
1195468
1159720
1180660
1205844
1169932
1165156
1166756
1161040
1205068
1171416
1250140
1156604
1203104
1159088
1155308
1157388
1153364
1349756
1157284
1158116
1155136
1157856
1194388
1159076
1154692
1158772
1155836
1157468
1175148
1159888
1198048
1182792
1193008
1176364
1160204
1156860
1159272
1154488
1196908
1158016
1158036
1157928
1159852
1158560
1158284
1161216
1159676
1157788
1158052
1158392
1159980
1263192
1213376
1196476
1192664
1170532
1166108
1211172
1212128
1172172
1160236
1157984
1160320
1157508
1157572
1160648
1177192
1157388
1159976
1158460
1158292
1182184
1228468
1164476
1198220
1167496
1254044
1170848
1162388
1161464
1160276
1215120
1218540
1742028
1204184
1163148
1181580
1167248
1214436
1179520
1166224
1166364
1211284
1164708
1174532
1184912
1193932
1161868
1155076
1163884
1154816
1158208
1181068
1167372
1170928
1203336
1177432
1165268
1163820
1166796
1166320
1211804
1181552
1209556
1168960
1214852
1172808
1165920
1199796
1178912
1177052
1159908
1287248
1153556
1158144
1176084
1165940
1160056
1158716
1154544
1160088
1154856
1181420
1205316
1214260
1167100
1258480
1184072
1156608
1201812
1188056
1182696
1178980
1168280
1177524
1184940
1161776
1182464
1177808
1170048
1168620
1211596
1181172
1181484
1200636
1159652
1199548
1193764
1220856
1153044
1162084
1152336
1181368
1163668
1171772
1163964
1279000
1157328
1161004
1169884
1170976
1172116
1160132
1177828
1172684
1211864
1176484
1187172
1161100
1164632
1156980
1200912
1179700
1165904
1162084
1205464
1176596
1168512
1161760
1167148
1178432
1205272
1173260
1160032
1166784
1208184
1247756
1189900
1198668
1159660
1156672
1178736
1162056
1162632
1178008
1153592
1155848
1161924
1153908
1170120
1165532
1162492
1172668
1177040
1166032
1163760
1198420
1217088
1187164
1211120
1170928
1180736
1178304
1265560
1159440
1176792
1168340
1178312
1178592
1160016
1177576
1162576
1167700
1200136
1175664
1165664
1160648
1218772
1181532
1183936
1243544
1166436
1161600
1153660
1158660
1162320
1154908
1199296
1167632
1159996
1164496
1176580
1161444
1198712
1155248
1191552
1176860
1175432
1206444
1170324
1193756
1158572
1166028
1161028
1158308
1153556
1166168
1162840
1161988
1173132
1160996
1153780
1166348
1160580
1162248
1178736
1161372
1161032
1237972
1188492
1162180
1179756
1154048
1154888
1152500
1153708
1153416
1304240
1199620
1153784
1173668
1153228
1152372
1153612
1152816
1154404
1173124
1156600
1176288
1200136
1169312
1187992
1190036
1213056
 
