Procesando...
  Filtro             : sierpinski
  Implementación     : ASM
  Archivo de entrada : lena.512x512.bmp
5232496
4706220
4691776
4789256
5144628
5017564
4674116
4693564
4684172
4671060
4647608
4654216
4676504
4531684
4642128
4804316
4680980
4624148
4708376
4600744
4705880
4668068
4613492
4543004
4601296
4662020
4678100
4525072
4582024
4575600
4633156
4627860
4571056
4551164
4614812
4588872
4673388
4562328
4613792
4622192
4627120
4660768
4595924
4630564
4693328
4660104
4612048
4608500
4606504
4721940
4676100
4692356
4696640
4613404
4721432
4707904
4556112
4581824
4632580
4637492
4532632
4621292
4542664
4750412
4686036
4680424
4590076
4753732
4586940
4692020
4700584
4541068
4621416
4590588
4744456
4880980
4628960
4608364
4712812
4623816
4621256
4609372
4644752
4606688
4634668
4623296
5041952
4680972
5122832
4693148
4706228
4507748
4741176
4676468
4644692
7195608
4915248
4816556
4719580
6081496
4677956
4727748
4981052
4713912
4720200
4575560
4633048
4551316
4647384
4581340
4550148
4597952
4668896
4613512
4522292
4550724
4510284
4720120
4637604
4591520
4603060
4539768
4634980
4621188
4565964
4550516
4496868
4599260
4579372
4583304
4500976
4548248
4578540
4587272
4570284
4589180
4638548
4560312
4613704
4643044
4628120
4665304
4682756
4726136
4659312
4630504
4613584
4677140
4672324
4658512
4556532
4655356
4572928
4734516
4676124
4642496
4724316
4560080
4623464
4595612
4519184
4695152
4643472
4639884
4645376
4629372
4622640
4632760
4621236
4574364
5562520
4586396
4567400
4524768
4593560
4692696
4674008
4536608
4549620
4562276
5723172
4691688
4578416
4578476
4633948
4705416
4569308
4613624
4622720
4635796
4679356
4717620
4645592
4619276
4642684
4651696
4630292
4645864
4601504
4626120
4629088
4661368
4660408
4609240
4617308
4634104
4632260
4581156
4600880
4678512
4629180
4534528
4576964
4658244
4587224
4672756
4629236
4651416
4607368
4577188
4638916
4574096
4643688
4599728
4663448
4583172
4660432
4628704
4622928
4689496
4638188
4619416
4642836
4568468
4576384
4643580
4621592
4643732
4675664
4674204
4756172
4648804
4639608
4575592
4632400
4617648
4593404
4608600
4599488
4649804
4525308
4614248
4615392
4639288
4642620
4559440
4566476
4653736
4623072
4633900
4532368
4561560
4560212
4567900
4632800
4541352
4602208
4600656
4659124
5014424
4671988
4517716
4590108
4579936
4628272
4575836
4585568
4613508
4611580
5069964
4648428
4556328
4756944
4638888
4644768
4633236
4601668
4704512
4639888
4553464
4578088
4600712
4624908
4665116
4578696
4587780
4578140
4629044
4719248
4638728
4572476
4570172
4653596
4658604
4616600
4562460
4588056
4682704
4592304
4618280
4638340
4568144
4651060
4640804
4624508
4569528
4592764
4645680
4643472
4684104
4637600
4685128
4655468
4644108
4573152
4674576
4649172
4640148
4657444
4582164
4678140
4627092
4570140
4668104
4557360
4662352
4682496
4680264
4578304
4579272
4547976
4635472
4672600
4579532
4635704
4636660
4669832
4659016
4585796
4615696
4677056
4672544
4602504
4631912
4669804
4652488
4663036
4580788
4702392
4637772
7478472
4813232
4574200
4663524
4601208
4684628
4678848
4604816
4691300
4628252
4645656
4653916
4624712
4666964
4604132
4695856
4634344
4624796
4564620
4614252
4652724
4693632
4576092
4615492
4623572
4614840
4673284
4574792
4567132
4618396
4661140
4600128
4612912
4486628
4715696
4587364
4613936
4593972
4653352
4799948
4592612
4661884
4624716
4729040
4627488
4701080
4708764
4691844
4630328
4748544
4611688
4662504
4603056
4657500
4598284
4705888
4587728
4617840
4662424
4604724
4647140
4657368
4625000
4691424
4587228
4667084
4653620
4613280
4628376
4715404
4724060
4740288
4723824
4739628
4769692
4635356
4647388
4739740
4677320
4660184
4559408
4661644
4662796
4646572
4641028
4716924
4687140
4670224
4683492
5284408
4591304
4546584
4702624
4669172
4633292
4570504
4503608
4694352
4616104
4544104
4538900
4520504
4537104
4568256
4574824
4656768
4536420
4556876
4629252
4589196
4679584
4594816
4591160
4651212
4662048
4670496
4623620
4674200
4738408
4703660
4715612
4667952
4735864
4630348
4650992
4695452
4620596
4669948
4625300
4603192
4649276
4626988
4723348
4560928
4610860
4559100
4611260
4764828
4652400
4604468
4707004
4581428
4665196
4647740
4637680
4596492
4596212
4634404
4583920
4682528
4762508
4714936
4592688
4594968
4535420
4568240
4738444
4738556
4579384
4678632
4640952
4772568
4599048
4543632
5243600
7231556
4548584
4598972
4517292
4673172
4611684
4609268
4553892
4573864
4620716
4617728
4589572
4799748
4582064
4511032
4547256
4595216
4576868
4570692
4563064
4671088
4585988
4649188
4643372
4605484
4617432
4582948
4522688
4666464
4595112
4664916
4679912
4692112
4642196
4624716
4536276
5150440
4684972
4679252
4682224
4566384
4617772
4595636
4639876
4661992
4557728
4650104
4603668
4690320
4584800
4625352
4643288
4639240
4621096
4725940
4569512
4745028
4779264
4575664
4719068
4566128
4612020
4706840
4704680
4689008
4627280
4531892
4705364
4557972
4619104
4534740
4564636
4752004
4630980
4615324
4602700
4632588
4618808
4662064
4665112
4596744
6730840
4984980
4590128
4580088
4563724
4641396
4653604
4613492
4598988
4624760
4681896
4560500
4684076
4652364
4626388
4726100
4625104
4583940
4652472
4742124
4861168
4798788
4677840
4632172
4729388
4703916
4693924
4629236
4553980
4648596
4652092
4598352
4531792
4609612
4597136
4596228
4708872
6972808
4680852
4598868
4719688
4569480
4632556
4663200
4589376
4731704
4646644
4630664
4645896
4628700
4676540
4638996
4728672
4669020
4642764
4717756
4592740
4682580
4587636
4763876
4770796
4699964
4629752
4616376
4605400
4596128
4669024
4549324
4660968
4581952
4636252
4646036
4621100
4562680
4659176
4627732
4651908
4542152
4699032
4714232
4708052
4595856
6353648
7307392
4943472
4762704
4703384
4566516
4582848
4791000
4659048
4656884
4647440
4650148
4581496
4590752
4666804
4757860
4779112
4639064
4579220
4676028
4577104
4643456
4637392
4574804
4628024
4570512
4550008
4656760
4536500
4601044
4534648
4571732
4573668
4579164
4521916
4604200
5806880
4676068
4712148
4614084
4686920
4685448
4613840
4619588
4621192
4673680
4642876
4598656
4636632
4577972
4598960
4596912
4665928
4586000
4634148
4620552
4594308
4579072
4587124
4569000
4704092
4624996
4647160
4633440
4640832
4676956
4589064
4631428
4664712
4590976
4710244
4616748
4644112
4559556
4741560
4652276
4553556
4562568
4654636
4646296
4670284
4588252
4657700
4691144
4838600
4627200
4580184
4777360
4632820
4714656
4603912
4603184
4647496
5040440
4603680
4573792
4588124
4667380
4705468
4672988
4628384
4646552
4551920
4684548
4666424
4685216
4701088
4647956
4629452
4647992
5979308
6927856
4738680
4562064
4535680
4623884
4582800
4578544
4654700
4714404
4654680
4486844
4599920
4698176
4637544
4691236
4702952
4697272
4720184
4762748
4651060
4649588
4652364
4679836
4664096
4706088
4549488
4641900
4563428
4674672
6848824
5019024
4922188
4597936
4507628
4559800
4546720
4786596
4739940
4693520
7242416
4602764
4507804
4512828
4790040
4538236
4609300
4627520
4609728
4559388
4537292
4682748
4592696
4677028
4577356
4558524
4680572
4677488
4606260
4612752
4620092
4668112
4711804
4760840
4680720
4679472
4755200
4750656
5077956
4629016
4709576
4736236
4698560
4681856
4640620
4707872
4691032
4717720
4702292
4696628
4783412
4588872
4608888
4583116
4610728
4716612
4647548
4611968
4557952
4498632
4514152
4607356
4586428
4615664
4582552
4678568
4697912
4616108
4570308
4640044
4665764
4653864
4685348
4642496
4567216
4606964
4724384
4639744
4605316
4698060
4662920
4620900
4653744
4673452
4633876
4681148
4612956
4645976
4606052
4619952
4627860
4987692
4881472
4590596
4602000
4602012
4568184
4656752
4618188
4654732
4645584
4651056
4578532
4688184
4581596
4575120
4551392
4573512
4638048
4657948
4732236
4718236
4886912
4719936
4622064
4558724
4509416
4550456
4628440
4776600
6788104
4561652
4580864
4661396
4623188
4602756
4578376
4596168
4576540
4558032
4557628
4599436
4646952
4558948
4560384
4642272
4559980
4606440
4669252
4540948
4654068
4551184
4694124
4682316
4644624
4587268
4579356
4561320
4554932
4670672
4582184
4653524
4729324
4679660
4580552
4602204
4736976
4678872
4524792
4597228
4598712
4637304
5049280
4541256
4557128
4636020
4709992
4674736
4625084
4560664
4611524
5664336
 
5675956
4559444
4614408
4710764
4696804
4746084
4572564
4680064
4680084
4635496
4650680
4666120
4632944
4653192
4637716
4695480
4690784
4613480
4567860
4682356
4772824
4589632
4678408
4623988
4689828
4572864
4637620
4685688
4632436
4686500
4614920
4652004
4575264
4642060
4619988
4574932
4683036
4570640
4576984
4642176
4626900
4633304
4614704
4760868
4646436
4591856
4718548
4618032
4579140
4685248
4572300
4633816
4578860
4738724
4578896
4636072
4686704
4709244
4718536
4631984
4626808
4660572
4546668
4669348
4614104
4575516
4631152
4715368
4600304
5026932
5007928
4816012
4609636
4654652
4699108
4637708
4578076
4622572
4631732
4696316
4698128
4670108
4673864
4562568
4615456
4702704
4712324
4734004
4673524
4630220
4625020
4555176
4738636
4841192
4639336
4595896
4596224
4698068
4628560
4635672
4660048
4618648
8808772
4584472
4545764
4595316
4668648
4565352
4562264
4586644
4691292
4521396
4725260
4640628
4583864
4712400
4657200
4593496
4578296
4482568
4546052
4665108
4585800
4525724
4704908
4611724
4545356
4629288
4707432
4649264
4672324
4584272
4610152
4597356
4684360
4512040
4604388
4677840
4689060
4611096
4608964
4548604
4596696
4573824
4613400
4781964
4617640
4608964
4633288
4698456
4733860
4578496
4597684
4682176
4691460
4601264
6692668
4730524
4504512
4701956
4796776
4738152
4547580
4712196
4567004
4656184
4617040
4585920
5005776
4626716
4576308
4654932
4638956
4586228
4617204
4600532
4646676
7784904
6792192
4701536
4570504
4637024
4561732
4568412
4717808
4654124
4664764
4631752
4529624
4628660
4636752
4558920
4734192
4670060
4776880
5011012
4689812
4684980
4607592
4669960
4684976
4621648
4605212
4739812
6822364
4613992
4577652
4656848
4640596
4702212
4610576
4531388
4732780
4587812
7373596
4581544
4647264
4591564
4623312
4628944
4533956
4622068
4590136
4614848
4530064
4593292
4595784
4542328
4550752
4537828
4648172
4650440
4707356
4582188
4673508
4626744
4639528
4635464
4602968
4639628
4688576
4623140
7258540
4700852
4694996
4618940
4706760
4652056
4704824
4611084
4661876
4562696
4673816
4582424
4640556
4577420
4577812
4563608
4617456
4556832
4629432
4647856
4589656
4691392
4632504
4649424
4555956
4588908
4675484
4569724
4703972
4608392
4559004
4613852
4653544
4574424
4727156
4650284
4574868
4662384
4463420
4661552
4717408
4570448
4691300
4699748
4699992
4674424
4688304
4625472
4724480
4657176
5068304
4574396
4602692
4541200
4668748
4596396
4613260
4548936
4811000
4688336
4894744
4717316
4671684
4656588
4648212
4649844
4581392
4670088
4741104
4759200
4597844
4619532
4619048
4744992
4590808
4711684
4590996
4739692
4610548
4669848
4687496
4700640
4769068
4676580
4703604
4603148
4644356
4712456
4902720
4750464
4701444
4738876
4536284
4644380
4622520
4849088
4698908
4659068
4584520
4638452
4605812
4695440
4604956
4722444
4703348
4722132
4631312
4671412
4686328
4702236
4750580
4739976
4631620
4640400
4713108
4650096
4757824
4639472
4742116
4689224
4583392
4680908
4771100
4681960
4657788
4739640
4671052
5147652
4652760
4602500
4571104
4797708
4718360
4722928
4762868
4613272
4637984
4658328
4568556
4565288
4621652
4649100
4586440
4748080
4633272
4566384
4683212
4647992
4663520
4520424
4661084
4710784
4612408
5001224
5769164
4932932
4741336
4684304
4706032
4580152
4615396
4573332
4717108
4682400
4676748
4675676
4627476
4649592
4709052
4564424
4632736
4742500
4666004
4635676
4603960
4669804
4760220
4608688
4702644
4636296
4596460
4732416
4624684
4559680
4641684
4684316
4685888
4677308
4551144
4719212
4652824
4740480
4520216
4674208
4730116
4575104
4673864
4631704
4700184
4782472
4638724
4643948
4608832
4572972
4775948
4630184
4701020
4656704
4771520
4793928
4709984
4801712
4664868
4710896
4745928
4711148
4689132
4728028
4559896
4667152
4648520
4663844
4671912
4624320
4635136
4716580
4801544
4500024
4638652
4581668
4675180
4623788
4665012
4745996
4793344
6902592
4722864
4656248
4608636
4754476
4704936
4725064
4726420
4638792
4721980
4703052
4653728
4633932
4629496
4700516
4718068
4631460
4694752
4727036
4723212
4666364
4573012
4720968
4753344
4703004
4603816
4728680
4696012
4554648
4751136
4546724
4640992
4697744
4717676
4724644
4687044
4568960
4645300
4686516
4680200
4735852
4688152
4685180
4615244
4719236
4567000
4709116
4686836
4731616
4719496
4775616
4647296
4638956
4767500
4650096
4707108
4704780
6756272
4700212
4638868
4658708
4597820
4642932
4700336
4764104
4519076
4630208
4697016
5079848
4555372
4607320
4669776
4659024
4728376
4594428
4584060
4555652
4580336
7194520
4725056
4784408
4735424
4705212
4652256
4649544
4747192
4711256
4739444
4724140
4706296
4610028
4632840
4655196
4671280
4791948
4728592
4761460
4802132
4697184
4659984
4762864
4827992
4708820
4592120
4696040
4752136
5242376
4598920
4641716
4686016
4686256
4631656
4620992
4640508
4638860
4595804
4600432
4581712
4659032
4579600
4621260
5707932
4575028
4624384
4649876
4630028
4647788
4615624
4645668
4664804
4632488
6697116
4880836
4574484
4580920
4586060
4577364
4591332
4680584
4596140
4641472
4527392
4609120
4624700
4709892
4594012
4684568
4561752
4787384
4684288
4535524
4717468
4498872
4691456
4659412
4521180
4514016
4573140
4683780
4608208
4562556
4496996
4466592
4665992
4584616
4611664
4582068
4635180
4628876
4597840
4690216
4664804
4679372
4699732
4633100
4635080
4666572
4654020
4609844
4598124
4672320
4644152
4705084
4631100
4680264
4609192
4607500
4676780
4667236
4628400
4507716
4634176
4718680
4561964
4557980
4548560
4659008
4606384
4599216
4521600
4526504
4584900
4714620
4580008
4610248
4591852
4637468
4548136
4727332
4581096
4604136
4657328
4539840
4580036
4677356
4606064
4547032
4589660
4594404
4629556
5013216
4714204
4563856
4633164
4732288
4658248
4592700
4765812
4698648
4586380
4674792
4644576
4666828
4571544
4628236
4611788
4600328
4602144
4571948
4589192
4603556
4612560
4651572
4584700
4634232
4768176
4650464
4651124
4576288
4641712
4618256
4588992
4667744
4637864
4645020
4661052
4633448
4647308
4660320
4628092
4526884
4681984
4699252
4692088
4678192
4569596
4591024
4724204
4663192
4625264
4639388
4611924
4683552
4623776
4853320
4619692
4681380
4590312
4654356
4704744
4708216
4640996
4645996
4716396
4527952
4720056
4576536
4629860
4672468
4632624
4588468
4595256
4597336
4705692
4643780
4649376
4639080
4667576
4620104
4627832
5139084
4734932
4631700
4639480
4630124
4656780
4570708
4630284
4682240
4707176
4680220
4557828
4601112
4646768
4643884
4634976
4567084
4604308
4652844
4682104
4723796
4615636
4646760
4604776
4621984
4621172
4629728
4667460
4670160
4600628
4572260
4684788
4614308
4655784
4734620
4629020
4562576
4565176
4745712
4598116
4615412
4617944
4664320
4662040
4655520
4640488
4678156
4724096
4655984
4650512
4662084
4585532
4643440
4755256
4707776
4651720
4628740
4504344
4733016
4748064
4677320
4578360
4765476
4736092
4615400
4640700
4599484
4639388
5367248
7113164
4744736
4676624
4759284
4795012
4682804
4603408
4621836
4617376
4625156
4605404
4632160
4597876
4651872
4535212
4604820
4508792
4546308
4586384
4577780
4555624
4625224
4630796
4645872
4605984
4513400
4556220
4618372
4681768
4553536
4615772
4698264
4607068
4524320
4522844
4616040
4550316
4672320
4594612
4507792
4560008
4608688
4645880
4631296
4597504
4667120
4607320
4648008
4652780
4588136
4568456
4918144
4557216
4701852
4603296
4759432
4620572
4651784
4600624
4654200
4735512
7156592
4711024
4635188
4700068
4641304
4706728
4563180
4620852
4625620
4652536
4773276
7034004
4607248
4536020
4618268
4577852
4630720
4636320
4567560
4623332
4636680
4688320
4596072
4545532
4685512
4601528
4632256
4610600
4674704
4706988
4668108
4640484
4645276
4719816
4854336
4759788
4603908
4634912
4623904
4704860
4741088
4718488
4752844
4530460
4662704
4580372
4605288
4623244
4622544
4593624
4693488
4654596
4629092
4668468
4545088
4639112
4615088
4556564
4745304
4608956
4571680
5676048
4467972
4608052
4578152
4616764
4596776
4537184
4624440
4650068
4631060
7015176
4597624
4657828
4630988
4626140
4630452
4568840
6396152
4688188
4622688
4572856
4508644
4701032
4640500
4613836
4619660
4706036
4672288
4714116
4658376
4567012
4653640
 
4610320
4608472
4560688
4682836
4628204
4692356
4560100
4621320
4628276
4632244
4605272
4590408
4559992
4705464
4608456
4619420
4586912
4590388
4661328
4649668
4691236
4628988
4565852
4674824
4642700
4663384
4485076
4600724
4641060
4618548
4631788
4630972
4674036
4675600
4650412
4584996
4545184
4483232
4787128
4664696
4520388
4593108
4538320
4539396
4652724
4521720
4567328
4607200
4679672
4651200
4688016
4490644
4608904
4734300
4587816
4569932
4556460
4694920
7059448
4825352
4650576
4624456
4700952
4665872
4672408
4665768
4604752
4603904
4709372
4704216
4567112
4589880
4663536
4598020
4633348
4694588
4734576
4649332
4689624
4686136
4597184
4773380
4597628
4612216
4568956
4543000
4658544
4611108
4598104
4612440
4710728
4907560
4661576
4595232
4625340
4570668
4694132
4760296
4718780
4606088
4527112
4677140
4714628
4602516
4611812
4592096
4626872
4730292
4601344
4547032
4667024
4568980
4559164
4592232
4552556
4663436
4693128
4576244
4616616
5928812
4542360
4603868
4533172
4573188
4551960
4637296
4539876
4530220
4527920
6781028
4729220
4655456
4697540
4660784
4620448
4671640
4610804
4578728
4594764
4716484
4574176
4614064
4544040
4516528
4711992
4638512
4565248
4503472
4619644
4586788
4610688
4545788
4624120
4518252
4528392
4566496
4679396
4521380
4588732
4731504
4552836
4641012
4531076
4565684
4614440
4572140
4612176
4595980
4634168
4533712
4538764
4581544
4558152
4687096
4622204
4617732
4533052
4670948
4710424
4695720
4607796
4630720
4518472
4594940
4683728
4538432
4585772
4596572
4572360
4600964
4598124
4548796
4617164
5085276
4630876
4552896
4554448
4588188
4527768
4618348
6689028
4593240
4557700
4564892
4537888
4592664
4529056
4636544
4736552
4688736
4576256
4682888
4634792
4637236
4712668
4685188
4625888
4619044
4579684
4573092
4643496
4590992
4704804
4646560
4583996
4612852
4616624
4587912
4637792
4699004
4605632
4631492
4633312
4646052
4766512
4478112
4569836
4676348
4669200
4588652
4658724
4705600
4708956
4573740
4683120
4625080
4670220
4713792
4572892
4642228
4712760
4627816
4603024
4656300
4588788
4638224
4659756
4652136
4637568
4635580
4560724
4617804
4713116
4647084
4632072
4565252
4629020
4619188
4553176
4569728
4641612
4573220
4654568
4648644
4576492
4629288
4675856
4642428
6978316
4660964
6750892
4569112
4532220
4588468
4526380
4680004
6891600
7146688
4590616
4586584
4639260
4639028
4528476
4529476
4609336
4721364
4598008
4704508
4584084
4680424
4628856
4626864
4571032
4659128
4627868
4644196
4595564
4767296
4720300
4732744
4727820
4732792
4704184
4697612
4783120
4697632
4653632
4640900
4646200
4559364
4658252
4826584
4706528
4632588
4715276
4646496
4634860
4631952
4629924
4586652
4643416
4569624
4563620
4662960
4647184
4634012
4712588
4644696
4707276
4568072
4630428
4631140
4567200
6439472
4637508
4578084
4568384
4659924
4579712
4641328
4614340
4610216
4622384
4545652
7151648
4529572
4695400
4694252
4591784
4528704
4584508
4627840
4668512
4652980
4578664
4678140
4632340
4615100
4643120
4647420
4683888
4653748
4612228
4683980
4686108
4630348
4646480
4564292
4570252
4654140
4606104
4644260
4614184
4588160
4659384
4590380
4567312
4602812
4577984
4565332
4758396
4703672
4649104
4658112
4593140
4646960
4634108
4671284
4649412
4572644
4716888
4640648
4721200
4619628
4705200
4729136
4632340
4667508
4716508
4622012
4650044
4746844
4772280
4669948
4754068
4632168
4633832
4729416
4559252
4733008
4606764
4734016
4631204
4758628
4561108
4629932
4645148
4786716
4641080
4702988
4624352
5148076
4613076
4730288
4606720
4858900
4678196
4569208
4703384
4855172
4685620
4747780
4795036
4648160
4604728
4659024
4567900
4729776
4711544
4638516
4703200
4770768
4725680
4738028
4534112
4642032
4613312
4536036
4702440
4597248
4769016
4671568
4582976
4693732
4623856
4615492
4748512
4701776
4673680
4592164
4739876
4726500
4631264
4566284
4678312
4666932
4693116
4619120
4720628
4647472
4767076
4699752
4761072
4655600
4685548
4629352
4734708
4663360
4646240
4634396
4764148
4558904
4701628
4568572
4701760
4589796
4552616
4708092
4705940
4742864
4721992
4673644
4648556
6923388
4613736
4521076
4595468
4568604
4713032
4659912
6734120
4718200
4540820
4687116
4706576
4660636
4683440
4587280
4751916
4682448
5974164
4685024
4653084
4683192
4774596
4644924
4735464
4683896
4599636
4679308
4554732
4729348
4713036
4772268
4707988
4717540
4715072
4788728
4658312
4659004
4701000
4683400
4711392
4718056
4747508
4725624
4751800
4709464
4585264
4662128
4587744
4647324
4729192
4709580
4668812
4702656
4733048
4622128
4702328
4656596
4619456
4575980
4640000
4666680
4646756
4724292
4635596
4659140
4736812
4686632
4740844
4572576
4660232
4647236
4758052
4624992
4651908
4661548
4656524
4652148
4751284
4706972
4738556
4705292
4614656
4650384
4652020
4642936
4650272
4732436
4648112
5341072
4971600
4655232
4697936
4601860
4595312
4720772
4566100
4690676
4894848
4661944
5529544
4643524
4715264
4620284
4707508
4696028
4683244
4695304
4695244
4698388
4657652
4652184
4629708
4650184
4704108
4709052
4784856
4645572
4717624
4760160
4712844
4683904
4593908
4640080
4672780
4762056
4708600
4742360
4628896
4726340
4561968
4685504
4650328
4622272
4701252
4629120
4652464
4632200
4715472
4743672
4750208
4700340
4738880
4755132
4745080
4641104
4684756
4766576
4638692
4701604
4608224
4699816
4587228
4672540
4577164
4729504
4762344
4673616
4712584
4665476
4670432
4723588
4715572
5022352
4522932
4625416
4555552
4684384
4632888
4718496
4715064
4704428
4682772
7121476
4657644
4572044
4698492
4685596
4637756
4688260
4654020
4666312
4709020
4796920
4606352
4539056
4693436
4737028
4682324
4680092
4706812
4650400
4571288
4628568
4667704
4734460
4890240
4748404
4815292
4705580
4769836
4705604
4718712
4556100
4677460
4735964
4760360
4754836
4635536
4551168
4534896
4651456
4658604
4752224
4562824
4650940
4723384
4674188
4587312
4576684
4665696
4676136
4661300
4633452
4583828
4666596
4649188
4643232
4577992
4664596
4629160
4695268
4571984
4612472
4555644
4742596
5438752
4918932
4582760
4759452
5141552
4811040
4649652
4602100
4556752
4769684
4744208
4704176
4599756
4625644
4667188
4681112
4547632
4605240
4650912
4650608
4602576
4537976
4576556
4712108
4651760
4672044
4578460
4646212
4589556
4686648
4636256
4629348
4675284
4669804
4688296
4625212
4524148
4688152
4655308
4663632
4595772
4566532
4725496
4591700
4563672
4611352
4626668
4708260
4578712
4565944
4569288
4673576
4560672
4682852
4515056
4493552
4592256
4592640
4640944
4584272
4598156
4611940
4658000
4647792
4604020
4591900
4700068
4676300
4638944
4536536
4601420
4651392
4674912
4569276
4489660
4587016
4625456
4728712
4667132
4609072
4487076
4606876
4639092
4569220
4570720
4557192
4567804
4628052
4593308
4506112
4571520
4481952
4588256
4578544
4571640
4657756
4682564
4640180
4555732
4579444
4647756
4707676
4533140
4570548
4615592
4697980
4612276
4657104
4659316
4726580
4765836
4575888
4607680
4611844
4639564
4665956
4690676
4756516
4612328
4619612
4628652
4651180
4720748
4599104
4565452
4902036
4657120
4626492
4625952
4611176
4562508
4624304
4558512
4633012
4623660
4685320
4603292
4611396
4681280
4641504
4636388
4701224
4525560
4666760
4606208
4691372
4682956
4552868
4655500
6898472
4622236
4581484
4690496
4615772
4668820
4543876
4604092
4614220
4963084
4940172
4673528
4601216
4627868
4606184
4621164
4652580
4647612
4581324
4581552
4581808
4591888
4589408
4695960
4611596
4629136
4640276
4647008
4631432
4644168
4582880
4723128
4750020
4714060
4662680
4629192
4594756
4647432
4696924
4704056
4672744
4659160
4659740
4679692
4636708
4682212
4562340
4611144
4659184
4587552
4684620
4583328
4758248
4636752
4709416
4590028
4653664
4572964
4660856
4565080
4683572
4628180
4582028
4625632
4588728
4658392
4570612
4681008
4639160
4635216
4689052
4528256
4707964
4577288
4627936
4543396
4599784
4580316
4616672
4593776
4620480
4625636
4610176
4635500
4666696
4630572
4645732
4581600
4628412
4472092
4625564
4644840
4659456
4668948
4716056
4622092
7230036
6649980
4606296
4609120
4587940
4748908
4769664
4677168
4629124
4662636
4584516
4684212
4665632
4581664
4644228
4663612
4736096
 
4634244
4617084
4618352
4642872
4660716
4563088
4672452
4573216
4663344
4571740
4657512
4567088
4650864
4623592
4599320
4666092
4537220
4683636
4653100
4670784
4625340
4686796
4554632
4670664
4652472
4712748
4579372
4706972
4576472
4827144
4694848
4641292
4576984
4721444
4678684
4590132
4560132
4658500
4677788
4654200
4626760
4628928
4668432
4667116
4573292
4690068
4589640
4676236
4589908
4617236
4631128
4632768
4880820
4629576
4575316
4693248
4600152
4600040
7239448
6642384
4645208
4531596
4710784
4682856
4602620
4599916
4603072
4600248
4658580
4592024
4686788
4767040
4668916
4730304
4681096
4618864
4646648
4662652
4698764
4639640
4702912
4636368
4641692
4722264
4678500
4621680
4920720
4563872
4635884
4646608
4617768
4741168
4587972
4610244
4563512
4545284
4762636
4602272
4616144
4590012
4637736
4697052
4665732
4605192
4631716
4624436
4680500
4671104
4575612
4606804
4656936
4583700
4653460
4606600
4568472
4665048
4591100
4559204
4608328
4566768
4671160
4628020
4611400
4597808
4630964
4608660
5650640
7189204
4496032
4516504
4686636
4690140
4637392
4575280
4614456
4584312
4645176
4628360
4607400
4664404
4620520
4612184
4522020
4674292
4783276
4637472
4685364
4606960
4618652
4612532
4675568
4647016
4555180
4596168
4639280
4668224
4616556
4599252
4619544
4626484
4625024
4619032
4581312
4636676
4581760
4647756
4662284
4592036
4634672
4548332
4662344
4573248
4527704
4682476
4704748
4612648
4596248
4640796
4698324
4637048
4542180
4676136
4554760
4636524
4629800
4656832
4601380
4553876
4648092
4706616
4605632
4607844
4637236
4605628
4639272
4535296
4509988
4713604
4693152
4522064
4547636
4533092
7319640
6059076
4516064
4572824
4519684
4609640
4627712
4603248
4617460
4525840
4566708
4633872
4610932
4558476
4587032
4692096
4659704
4691640
4602188
4758792
4691704
4556348
4559232
4630956
4701688
4622116
4575664
4621572
4624248
4681728
4620984
4620720
4559020
4555272
4655468
4673032
4625524
4575508
4633404
4668884
4619884
4689656
4619608
4577784
4619344
4603256
4666308
4579432
4757296
4622788
4556772
4590072
4540144
4663096
4600136
4629928
4590560
4489588
4690872
4671648
4608188
4620668
4628028
4572724
4692124
4556392
4570720
4566248
4649720
4701804
4518176
4566656
4648188
7055016
4582636
4614208
4566232
4588692
4629968
4685536
6701684
5720508
4643828
4595024
4612880
4612724
4646664
4607088
4641248
4643088
4553700
4643484
4569256
4638496
4660516
4650140
4639264
4654904
4702328
4527736
4617332
4589480
4572104
4609996
4551600
4625492
4731796
4670936
4699724
4592928
4584012
4542468
4617488
4650052
4565616
4595040
4670948
4699788
4623236
4603308
4616508
4581520
4685684
4571100
4638952
4666288
4688416
4727548
4669436
4555924
4775104
4600836
4588032
4644392
4720584
4765824
4703492
4723592
4687564
4571964
4653476
4697076
4742948
4724136
4568316
4593268
4622212
4525196
4555380
4550236
4724796
4683220
4609528
4554164
4573988
4659420
4625000
4617580
4658864
4745920
4582292
4643548
4609804
4605720
4620028
4842188
4624132
4571980
4591928
4663840
4611400
4630884
4705408
4524908
4616544
4691032
4644108
4600076
4582656
4595600
4600112
4653036
4586220
4683064
4681964
4650652
4631448
4669380
4630832
4558972
4559060
4607620
4635920
4715384
4650004
4636524
4612700
4590836
4551100
4652608
4610224
4684260
4549676
4643252
4677964
4643084
4564972
4578808
4610468
4576168
4627748
4573244
4657556
4686764
4569444
4653648
4602408
4673240
4706592
4707216
4594648
4667124
4589696
4575020
4604648
4673632
4695692
4607676
4627024
4649672
4656700
4701768
4587184
4704068
4549184
4600032
4636056
4598584
4579420
6985704
5003068
4502096
4665548
4606304
4611476
4608412
4671392
4744612
4523284
4614604
4610408
4628312
4630040
4592216
4604756
4591920
4635208
4809192
4543536
4687764
4713548
4704756
4703324
4665708
4655728
4735512
4657732
4515144
4660552
4573812
4666008
4613040
4581728
4590648
4630376
4628476
4548288
4647960
4580880
4591800
4590012
4691664
4573220
4513880
4578664
4746972
4624504
4523216
4610984
4739584
4635144
4569516
4665396
4632376
4537848
4579144
7926524
6988628
4544028
4665260
4745044
4629748
4573124
4638988
4648228
4550644
4669656
4667404
4606620
4598216
4663728
4584092
4609488
4651220
4622852
4581804
4584032
4635096
4740756
4626472
4675552
4626120
4634580
4570992
4652020
4701624
4632780
4671832
4713576
4690856
4547972
4699768
4572380
4679348
4608872
4659908
4701544
4663216
4672780
4621044
4699588
4653848
4571908
4637696
4630096
4627432
4504536
4624044
4670972
4549324
4720804
4627976
4623196
4654196
4647928
4661436
4545884
4597736
4690260
4628572
4563284
4576224
4647684
4510504
4652148
4641924
4603432
4619884
4570352
4695356
4619764
4629688
4685256
7364980
5262396
4568892
4560736
4607804
4617184
4609632
4578408
4613720
4620908
4629420
4573016
4591708
4638412
4638660
4556584
8007108
6746580
4768296
4647456
4499064
4609076
4550324
4646308
4582284
4643496
4574388
4579912
4656716
4564064
4620252
4604192
4553236
4694836
4602080
4639400
4606448
4577512
4648996
4606688
4566568
4608844
4657240
4579772
4637132
4646340
4570868
4626272
4640316
4624540
4590108
4726524
4697876
4667356
4639348
4582804
4578432
4637448
4659384
4615188
4629116
4628592
4737432
4683440
4570116
4625460
4640056
4630592
4640124
4566316
4555032
4721844
4641056
4650176
4590632
4626100
4666720
4728304
5002820
4591352
4598684
4624768
4647228
4706440
4636992
4649292
7258112
4741316
4689012
4589776
4605460
4559232
4616704
4614552
4608688
4727616
4675592
4617428
6827564
7413936
4608728
4587824
4646720
4579984
4671580
4676308
4648816
4638524
4605976
4660832
4613776
4627144
4683220
4628120
4839812
4561424
4600324
4561404
4646728
4685744
4621280
4720948
4609460
4584816
4661500
4712208
4621988
4623148
4602136
4674144
4705516
4609784
4704136
4676976
4679092
4597580
4607184
4609304
4619412
4633628
4683372
4620524
4611444
4649820
4637792
4665924
4605440
4620108
4725812
4624816
4639032
4552420
4579724
4645212
4637200
4646412
4570832
4611428
4614408
4639812
4660428
4608496
4578276
4685308
4695428
4636464
4647912
4622980
4677236
4687260
4553956
4614512
4599316
4674076
5134712
4621236
4596992
4626908
4631616
4648656
4626832
5149192
4583624
4629040
4644932
4669436
4762840
6781644
4541928
4663796
4622892
4583712
4644296
4592140
4572280
4589572
4573172
4661744
4620860
4599668
4625604
4665668
4740824
4669036
4642172
4662952
4630964
4680072
4668232
4679372
4519872
4624264
4650068
4741208
4625980
4528748
4699520
4593548
4740840
4680540
4652344
4714716
4620316
4642108
4621484
4675136
4676800
4748248
4608052
4535396
4646644
4720564
5054364
4738032
4662428
4672444
4567792
4682232
4750464
4587572
4726208
4636604
5221400
4645172
4593604
4685460
4648488
4680848
4527220
4556228
4602232
4599624
7037288
4706112
4581232
4672224
4690988
4663692
4651468
4552136
4693616
4959520
4720872
4672532
4712212
4660108
4707748
7555400
4682424
4756384
4664176
4707372
4699464
4708656
4724832
4732948
4736672
4691600
4712044
4650204
4660676
4667764
4558424
4713016
4666092
4565444
4582068
4619536
4628644
4675936
4654584
4605768
4611660
4637816
4503016
4615336
4540100
4629628
4551048
4722920
4627320
4609152
4605440
4568408
4600564
4714832
4634640
4609836
4731864
4626312
5336748
4658580
4626268
4546312
4559536
4673184
4647152
5102896
7063232
4654112
4670028
4737172
4622976
4663644
4656804
4645220
4631992
4619416
4597444
4633216
4646892
4631668
4652788
5668328
4705760
4647992
4626764
4969872
4624844
4653708
4640184
4582884
4791200
4590464
4757072
4575068
4649532
4653652
4655052
4629288
4625576
4618728
4706744
4992032
4658788
4635724
4814608
4647596
4549220
4639592
4598756
4657472
4641768
4743200
4641780
4565868
4635444
4641016
4658704
4642972
4649548
4695436
4601352
4696208
4566988
4630836
4574392
4690360
4631624
4586816
4571540
4699072
4665336
4679992
4559148
4681100
4593072
4672376
4718964
4532132
4620248
4796056
4662964
4576808
4578208
4687024
4546192
4511084
4663176
4579832
4557484
4575484
4658416
4503740
4577644
4612452
4582664
4709616
4612496
4590816
4668184
4641488
4592720
4657608
4556504
4656600
4706248
4601608
4659024
4572180
4567704
4527332
4536260
4573864
4531960
 
4649720
4546516
4640024
4576132
4674528
4542624
4566660
4675344
4713608
4686808
4585676
4536768
4650316
4658608
4507000
4675760
4706048
4591436
4546432
4583008
4648932
4565764
4566840
4608456
4554740
4657864
4610620
4631848
4577724
4606392
4733208
4606756
4595992
4601768
4591560
4648672
4683636
4580852
4563416
4554352
4639324
4571788
4553376
4602156
4686524
4538792
4473616
4600860
4514908
4633172
4602572
4656912
6935220
4969320
6387360
4541460
4597680
4686396
4540440
4649672
4557408
4667320
4542544
4870796
4507792
4598016
4513476
4570164
4588164
4601024
4741524
4568420
4589920
4648060
4605440
4569732
4697652
4572332
4555924
4652328
4545792
4542520
4536060
4648808
4629136
4654312
4535176
4530112
4651660
4541848
4578352
4625776
4976056
4528060
4609796
4551496
4495224
4600768
4634160
4581960
4554472
4564012
4655180
4615840
4605600
4483712
4672968
4562908
4630272
4558088
4600472
4595252
4636320
4602780
4581284
4639836
4657920
4626628
4595660
4632080
4673652
4851400
4588508
4714136
4667168
4550004
4692988
4655992
4639444
4569472
4662368
4578680
4912744
6667096
4588116
4516204
4594692
4708444
4581676
4480300
4526212
4654724
4595208
4628736
4705436
4820860
4522028
7216568
6645564
4756092
4687632
4570940
4661708
4526716
4567844
4557224
4543716
4665660
4539144
4585908
4643244
4576604
4602292
4556592
4523024
4693712
4586912
4653504
4628004
4572424
4671284
4544356
4513356
4702248
4632604
4582896
4592304
4731108
4658592
4622260
4588568
4553568
4631784
4645096
4639264
4595964
4576588
4682892
4575508
4716724
4679704
4663448
4676824
4591228
4616840
4596016
4528616
4705016
4642548
4592028
4545932
4629188
4625444
4715224
4594280
4620972
7467204
4584996
4675188
4611036
4632748
4632264
4632124
4687800
4607608
4635232
4577908
4715112
4682052
4624112
4582892
4712876
4620364
4700444
4585988
4591568
4673160
4775736
4640124
4636372
4669852
4585192
4704044
4663576
4622672
4630824
4640180
4696472
4715124
4671524
4647540
4812708
4594792
4595996
4626764
4632992
4714956
4623284
4653184
4563076
4644292
4562688
4619992
4602560
4683996
4626812
4588532
4615968
4650104
4657452
4642196
4646524
4601808
4707876
4565352
4635808
4579864
4648364
4512752
4712604
4717912
4651660
4642572
4609176
4626468
7284408
6514156
4548528
4577516
4534824
4623476
4609144
4623844
4593076
4525896
4634260
4643192
4587980
4565976
4550956
4619076
4628864
4544828
4613352
4546756
4648996
4774592
4727080
4861596
4561508
4664992
4638364
4632224
4648840
4634252
4641268
4653332
4659648
4597460
4599880
4632260
4601216
4656852
4619764
4659656
4671928
4584040
4559916
4690092
4636940
4599840
4667164
4637272
4567900
4616788
4681496
4561952
4636868
4584536
4698152
4666268
4570232
4589196
4611928
4682652
4719020
4626016
4645956
4654096
4602092
4638244
4695652
4639620
4711692
4673640
4671752
4651964
5281048
4688120
4589276
4656208
4559816
4560544
4737456
4666660
4508696
4618128
5165104
4813076
4522892
4594304
4651028
4564624
4685876
4552304
4639448
4590924
4587340
4716952
4739504
4615420
4632772
4612824
4695644
4605220
4588848
4637776
4658296
4616452
4635392
4702572
4618244
4542652
5495080
4603592
4471916
4657212
4611648
4578104
4731336
4743440
4556576
4697448
4634028
4650132
4621600
4620636
4698100
4559472
4701124
4576996
4628648
4620980
4642372
4573140
4842040
4587048
4590372
4662524
4687976
4637400
4681556
4593156
4665988
4617360
4635268
4684880
4630808
4733852
4556360
4631004
4665096
4638568
4675912
4637640
4635596
4626344
4652360
4630052
6291272
4551040
4573104
4637532
4654560
4650136
4574232
4669312
4663288
4639948
6937640
4594716
4826088
4616516
4615884
4618024
4729728
4684476
4602888
4634108
4603388
4665496
4583088
4620724
4614688
4606112
4621644
4725548
4591324
4946588
4647468
4657044
4570692
4631244
4560568
4677508
4642056
6202956
4619244
4607264
4518004
4520812
4704996
4592736
4586264
4639676
4631952
4565860
4882156
4590964
4635612
4583204
4517980
4562044
4662976
4526848
4581308
4619628
4559976
4603920
4575760
4626420
4637460
4577316
4692124
4643820
4615928
4695440
4640472
4718472
4653592
4643020
4630992
4716636
4640660
4591524
4605328
4695876
4608132
4545368
4587416
5088792
4602416
4622492
4631268
4623168
4634092
4722212
4619864
4673652
4704696
7346752
4569876
4672776
4673368
4563584
4602204
4651208
4657556
4607636
4629272
4621892
4713256
4654964
4651208
4730100
4738836
4601836
4480228
4754040
4680988
4686780
4550272
4624724
4592648
4877656
4645288
6771876
4839848
4615448
4600448
4619688
4617208
4584856
4706276
4713652
4642644
4623836
4691168
4636472
4673024
4687172
4653584
4625724
4695044
4742348
4589464
4631980
4701916
4635760
4667960
4687040
4665948
4569192
4644336
4647856
4699188
4634404
4554416
4731632
4569672
4624904
4750144
4663636
4665924
4571280
4477016
4647828
4658940
4606700
4673572
4579244
4612640
4637352
4680444
4649868
4628932
4630512
4621216
4587116
4646272
5357792
4649028
4734984
4660712
4538424
4574088
4549592
4651128
4523668
4620592
4616720
4582688
4550780
4711688
4732200
4642128
4579704
4664116
4637616
4678232
4687260
4619444
4879168
4638476
4640708
4696992
4647452
4630276
4651004
4665492
4628448
4651456
4666208
4690912
4720164
4587188
4561652
4696564
4705668
4603928
4598708
4681844
4586668
4703820
4552684
4582524
4577020
4590184
4653072
4629408
4653692
4627380
4604060
4698992
5265184
4647464
4627136
4628596
4632884
4631424
4611928
4675652
4600432
4625180
4903208
5081376
4770500
4512944
4642252
4695452
4736656
4602912
4588704
4608520
4549808
4596412
4654440
4661892
4644736
4541380
4679500
4596828
4646148
4656488
4657924
4640624
4602496
4744420
4544700
4662552
4666892
4786056
4671628
4637820
4605956
4624448
4662088
4630324
4661516
4621020
4594088
4669736
4593296
4624404
4592396
4664628
4660312
4573304
4566680
4723424
4572380
4703124
4764848
4736020
4648452
4597264
4648608
4580236
4697824
4555904
4626068
4559468
4669476
4698500
4614848
4708060
4669024
4559348
4680068
4637132
4690360
4595348
4693640
4610452
4597856
4656608
4584276
4626744
4583056
4594104
4615504
4709004
4525028
4582084
4630824
4605592
4622792
4615940
4630248
4595168
4635304
4518924
4682316
4702340
4665704
4694528
4633144
4644512
4588780
4603324
4641932
4619412
4642096
4635912
4728512
4581248
4623800
4597428
4582460
4534648
4576420
4641172
4687600
4659204
4707944
4588032
4628276
5482976
5064468
4627180
4575128
4581612
4686712
4604884
4571924
4630496
4560496
4655232
4670148
4570308
4618604
4668344
4644576
4644832
4591528
4597856
4566744
4680976
4574764
4589504
4671884
5210864
4661752
4621868
4569860
4601404
4573320
4657712
4624424
4613572
4621100
4848204
4631648
4594452
4681596
4555780
4589044
4585412
4603988
4681256
4750208
4649280
4804540
4648372
4563596
4583800
4586200
8028420
6933000
4588788
4592120
4526092
4660416
4646236
4637256
4623484
4586220
4645828
4566708
4581120
4631548
4684728
4643432
4632864
4613464
4640936
4623296
4654204
4651928
4652168
4623348
4618268
4621440
4616896
4636488
4603884
4587488
4710816
4616676
4644972
4572916
4714904
4638864
4576148
4627508
4669416
4697364
4517548
4576372
4662340
4710768
4658512
4543152
4658496
4593588
4620104
4645860
4645888
4677584
4590924
4558212
4580144
4594644
4646036
4606472
4598568
4682972
4642348
4589920
4610212
4570596
4760976
4618516
4754704
4697100
4696812
4596948
4594932
4605616
4722048
6989472
4645916
4564848
4570012
4532292
4654932
6885268
6886832
4626852
4715408
4798240
4621192
4735824
4692620
4661616
4661316
4563888
4614788
4619336
4622340
4600108
4612020
4624392
4742736
4652604
4627612
4578784
4693456
4661600
4595632
4616980
4584536
4655344
4571772
4651900
4618436
4755924
4629684
4578720
4655652
4571504
4671272
4649528
4596856
4598260
4571300
4618808
4541716
4628764
4553876
4623904
4631688
5297700
4642204
4613024
4604580
4636876
4606632
4711860
4612780
4570484
4607260
6896984
4744964
4637528
4645136
4635428
4724584
4658612
4699832
4627572
4739236
4608700
4690092
4580960
4599212
4747184
5083572
4713960
4557252
4612944
4817512
4592932
4623344
4694172
4649776
4609576
6900352
4745576
4720644
4623804
4785112
4613652
4644440
4555044
4593888
4722256
4624680
4564892
4689096
 
4611560
4676316
4646220
4639520
4643328
4580960
4660660
4574136
4566144
4577100
4635644
4691888
4714100
4621636
4702032
4650588
4635444
4658840
4654728
4643880
6828352
6985032
6439116
5123560
4685280
4573448
4722884
4704552
4743908
4655660
4591576
4644924
4620572
4686392
4633576
4637500
4591304
4649796
4733484
4717932
4721052
4553352
4588420
4525580
4527044
4602256
4639416
4648440
4619360
4633824
7391432
6736204
4638260
4667660
4632460
4534632
4571264
4650588
4572656
4648232
4738960
4596432
4619672
4647272
4666044
4678440
4764272
4641324
4684852
4613232
4583664
4578400
4612456
4620240
4576872
4650772
4639176
4658000
4628616
4594948
4635540
4619396
4666708
4601944
4581452
4567528
4622088
4626796
4698536
4650008
4617616
4571868
4671040
4690244
4717188
4705512
4620472
4655900
4662832
4593144
4656152
4661640
4656920
4551736
4748020
4670212
4582064
4805692
4690552
4726772
4702468
4679340
4659108
4757352
4704948
4703720
4714880
4710600
4664072
4621492
4773064
4665420
5113464
4760156
4698544
4636872
4654136
4691656
4658540
5795932
6828924
4606536
4683356
4725228
4628112
4633384
4656324
4681828
4718624
4636408
4646400
4710500
4684132
4755136
4557456
4644868
4689832
4651904
4722088
4641700
4683544
4685788
4871988
4701484
4705600
4704096
4675604
4694260
4709992
4651368
4668128
4569776
4625848
4684304
4624096
4693504
4627524
4656400
4567420
4704572
4693904
4708564
4646276
4641056
4719900
4703056
4650292
4693156
4562308
4665300
4610168
4599664
4641164
4540716
4653200
4738388
4684264
4732020
4637396
4758000
4659012
4634936
4692684
4506096
4694528
4719996
4661524
5059052
4706572
4712296
4659892
4694636
6904972
5327952
4694292
4612336
4661700
4633688
4638400
4742240
4653372
4645204
4699652
4647528
4912424
4621084
4665616
4791752
4736264
4594400
4584888
4704100
4711748
4724248
4773756
4817844
4661152
4618856
4725608
4558336
4727084
4645052
4709528
4696904
4568020
4625064
4706344
4697896
4711128
4666136
4696652
4718352
4562692
4577860
4726728
4708276
4619768
4635496
4667948
4569128
4564240
4675052
4648244
4580268
4736668
4625756
4772664
4740536
4713800
4704624
4612348
4633608
4657552
4760568
7258700
4648768
4716740
4620332
4685860
4684344
4623372
4652148
4644884
4597464
4707120
4728600
4910972
4651292
4658720
4664204
4650180
4760284
4701396
4767776
4735808
4617924
4714368
4669408
4701528
4619108
4604668
4709476
4678164
4658628
4740508
4728188
4650032
4623236
4592436
4710104
4615168
4667972
4586660
4753080
4575444
4620740
4597912
4748192
4719264
4652408
4614796
4658652
4704396
4667872
4634220
4677952
4746768
4798856
4624732
4781916
4625844
4659208
4771096
4639228
4563612
4637212
4633784
4754948
4651404
4770680
4699464
4730300
4868576
5027844
4579660
4620800
4569052
4574392
4504760
4510392
4545404
4697548
4643564
4739080
4684948
4702184
4760704
4943952
4680368
4658092
4604328
4693176
7348164
4549560
4659920
4657140
4664508
4682844
4748596
4661432
4770376
4729632
4691684
4681700
4678172
4741200
4714416
4725048
4700220
4697520
4728400
4689932
4807464
4640884
4651256
4594280
4648496
4700128
4607932
4680892
4651880
4679048
4693756
4576380
4690944
4590088
4578984
4513796
4568972
4702200
4634868
4582704
4478044
4584620
4573896
4646920
4530916
4516268
4589396
4545100
4719792
4620796
4530868
4584636
4598368
4677972
4552292
4713072
4602960
4711424
4638352
4580116
4657100
4620268
4682216
4601024
5050412
4585872
4653532
4648184
4626844
4625832
4703392
4643832
4688492
7241628
6750988
4597616
4664796
4624004
4556924
4549452
4679452
4594984
4543800
4595968
4562892
4629948
4612552
4660328
4529260
4621356
4538520
4638152
4628904
4620332
4631268
4568364
4643596
4533936
4707804
4528648
4695956
4593576
4621988
4652016
4575396
4605532
4665204
4628872
4552124
4663320
4641112
4526256
4591340
4641516
4550264
4559912
4577460
4523972
4633952
4596348
4550232
4617328
4570568
4582160
4521200
4465488
4582320
4624552
4598376
4608784
4618748
4554416
4541620
4582844
4662244
4564704
4602896
4550644
4535188
4557704
4594412
4634648
4569460
4606340
4555368
4609760
4591784
4565108
4551684
4734956
4615692
4584920
4513288
6467276
6737344
4581320
4670860
4625328
4633112
4625620
4652156
4608056
4621912
4564732
4668104
4618008
4587792
4609240
4642008
4625192
4716684
4635420
4629428
4612776
4582436
4597120
4594504
4628912
4664648
4651796
4558800
4582908
4593284
4611052
4584136
4639268
4634884
4593460
4613116
4649752
4616404
4525824
4665628
4588436
4637656
4574984
4573296
4654332
4608428
4585504
4567300
4576900
4647716
4593400
4562996
4559120
4555816
4622216
4615840
4525808
4576820
4518156
4594624
4677480
4512748
4558136
4537304
4557700
4624304
4533928
4552292
4545044
4555196
4666924
4550824
4615504
4702560
4593940
4635992
4572764
4630640
4599852
4674792
4583824
4521012
4539504
4640768
4534100
4531740
4577820
4599124
4691620
4616088
4555856
4622540
4615468
4553896
4649332
5930616
7363136
4667624
4549164
4618936
4561768
4668708
6719336
4569032
4610804
4626204
4559664
4658052
4716140
4563840
4614588
4587464
7222104
4651424
4662292
4637596
4656320
4638544
4609904
4553204
4568368
4623816
4633676
4674776
4545144
4614472
4737676
4606332
4592780
4615148
4592212
4608092
4645012
4573528
4629996
4549136
4700476
4662752
4534512
4560564
4539436
4647596
4668556
4611104
4558708
4630368
4592204
4565740
4618144
4515328
4614692
4526512
4596936
4576496
4606520
4713464
4625116
4571160
4544220
4592504
4651876
4609296
4628552
4561944
4612368
4567012
4609112
4632692
4617660
4562144
4665348
4701076
4623740
4630588
4671856
4597496
4706088
4628672
4640336
4632348
4666324
4634784
4694972
6052804
4533912
4650904
4678724
4592728
4646964
4724920
4942188
4626916
5037868
4673080
4619568
4572896
4706708
4580284
4576832
4678064
5632788
7270732
4546144
4609660
4629812
4632760
4624396
4583932
4536348
4589996
4680232
4659836
4557128
4609620
4653932
4644776
4628292
4556900
4728760
4596904
4629604
4624924
4679924
4595148
4718616
4621052
4721824
4698876
4591912
4709136
4558828
4565248
4577184
4635400
4634588
4715596
4525284
4655832
4628600
4681260
4657684
4624492
4649664
4596844
4644240
4571732
4637104
4645896
4617360
4583472
4564984
4694976
4596956
4696764
4726168
4671220
4495988
4668220
4646776
4627420
4616328
4688948
4665020
4625164
4606000
4598780
4712188
4674824
4700728
4698692
4698212
4663096
4633576
4577168
4562160
4597744
4662748
7176980
4463176
4688880
4579008
4688416
4640396
4663032
4581652
4839880
4638256
4674148
4626628
4654924
4564920
4641820
4599128
4639612
4696280
4715792
4650412
4688692
4706936
4584340
4728832
4664428
4618344
4578108
4573964
4731836
4767416
4765856
4632928
4699508
4606436
4610728
4626196
4602568
4602008
4560444
4631936
4523464
4549836
4908060
4599728
4648640
5028068
4566640
4684176
4611268
4627804
4581048
4616112
4688712
5238840
4629900
4596916
4616004
4629432
4727092
4590720
4632884
4721796
4703484
4862296
4646624
4638156
4706264
4646652
4657212
4721428
4711436
4578628
4626080
4573416
4638312
4588184
4703640
4647064
4640652
4644904
4580872
4617840
4655496
4572216
4898516
4947996
4636292
4634540
4657364
4568184
4630900
4611752
4736380
4658504
4650716
4570520
4736644
4570992
4604332
4646640
4714496
4653624
4543744
4682748
4623292
4687320
4649920
4635432
4706264
4611840
4606292
4575904
4616008
4610400
4556552
4629384
4650136
4600904
4678252
4635876
4651812
4630212
4607852
4632132
4609264
4619032
4657560
4637200
4588464
4629136
4681396
4644280
4634620
4559592
4576732
4653976
4676460
6805468
4873236
4587708
5026568
4544512
4683108
4605916
4694928
4530380
4601976
4584872
4621356
4631896
4663972
4647752
4579736
4609980
4537480
4614032
4577812
4579752
4521268
4632112
4657588
4539144
4642032
4566884
4591084
4687124
4534688
4554924
4514376
4633892
4531004
4578680
4573596
4648496
4556852
4624804
4598308
4566276
4540672
4640032
4553244
4527188
4614916
4717384
4673192
4570820
4575984
4579636
4636836
4691604
4555040
4610980
4567300
4715352
4632364
4644052
4639388
4655708
4619040
4629208
4684308
4622608
4589508
4568876
4573204
4571824
4567468
4572284
4580048
4589928
4640296
4584876
4598412
4597148
4700052
6631100
4520260
4565256
 
4597616
5088924
4657740
6077004
7672284
9404448
4777548
4549156
4723576
4637372
4573684
4570532
8310668
6774692
4564040
4538120
4625760
4655860
4566828
4607636
4507968
4681828
4621516
4590752
4659488
4627560
4699596
4653764
4577892
4654836
4676532
4605084
4708640
4636172
4671256
4567784
4627048
4628460
4626964
4775080
4714396
4578820
4657352
4606500
4678068
4689720
4647604
4670100
4651236
4698756
4549600
4658332
4590004
4714720
4649708
4659992
4625404
4702468
4561268
4635040
4657896
4707508
4614488
4646188
4629084
4663504
4706072
4638108
4560652
4699208
4681476
4585356
4622268
4726380
4648888
4679392
4578536
4488296
4626080
4630744
4571756
4589328
4722652
4642588
4599784
7220016
4659040
4598092
4575024
4593656
4700712
4757064
7124772
4609392
4650244
4628692
4654720
4595368
4618296
4716436
4556516
4631688
4591524
4605468
4627212
4678940
4608416
4652452
4575440
4592188
4605248
4579944
4669692
4604452
4573820
4655144
4686988
4478380
4563880
4626444
4653680
4653672
4707004
4637136
4701692
4691884
4680836
4620612
4647528
4649952
4636364
4589648
4627644
4518004
4793208
4582300
4574948
4623340
4631796
4656184
4627680
4653444
4609424
4571644
4550924
4639300
4627392
4620356
4556540
4679544
4573380
4627804
4620424
4664560
4729088
4725460
4601524
4643092
4654532
4678564
4530468
5045548
4712000
4633272
4759328
4624688
4721444
4654492
5040120
8786724
4606984
4624320
4587560
4602828
4702584
4590392
4661004
4580252
4569052
4537548
4562672
4623392
4674648
4640540
4588336
4535840
4580804
4772028
4590384
4692384
4598732
4526360
4654704
4644348
4661048
4621636
4505408
4774220
4608432
4583596
4623664
4636832
4770260
4649468
4658448
4625648
4606740
4703304
4740864
4513276
4812220
4589568
4642992
4779872
4595268
4694748
4683788
4649236
4675564
4607144
4544556
4662892
4556520
4634140
4637616
4558220
4735356
4656792
4591568
4642472
4511596
4616780
4591224
4655596
4602012
5240008
4607268
4597376
4640172
4621608
4527076
5167472
4601368
4551144
4588732
4596736
4693844
4667572
4655432
4632984
4729736
4756492
4707932
4645464
4607212
4713664
4714880
4576008
4624256
4694648
4762496
4684376
4573620
4631104
4640968
4591036
4632760
4601200
4656456
4570916
4616804
4646400
4589736
4628128
4648160
4630800
4721784
4638120
4624136
4601516
4687516
4599908
4633248
4693496
4682244
4627628
4654440
4599528
4544976
4698172
4634188
4629052
4743340
4589688
4754624
4696920
4616636
4629612
4631172
4685436
4740300
4576248
4527180
4826488
4528252
4719428
4627368
4682300
4698620
4697068
4718620
4654628
4637056
4673840
4532820
4728944
4618152
4746792
4651600
4783000
5098308
4701184
4647020
4756708
4648228
4733256
4656504
4658012
4652752
4714940
4669876
4733588
4699492
4634212
4639156
4627136
4677080
4684080
4631608
4636172
4538708
4593536
4617960
4771916
4649100
4713372
4707160
4700536
4718320
4649060
4808300
4684800
4576124
4643892
4669816
4711384
4712368
4691596
4774652
4731276
4619536
4652684
4639140
4689980
4659296
4688220
4750144
4777664
4694944
4726744
4645924
4679148
4758372
4779268
4738768
4872172
4576616
4653408
4648784
4732084
4685888
4633908
4699016
4744336
4723508
4707696
4651176
4718480
4609560
4709192
4945928
4659324
4651472
4599288
4600244
5778548
4710588
4718856
4647648
4624960
4649448
4653292
4595888
5715896
4660032
4620552
4601072
4621660
4671884
4604408
4682940
4653004
4588920
4692680
4705708
4648156
4657444
4714460
4575476
4608572
4577160
4668600
4677476
4592800
4510692
4656620
4594516
4605888
4626560
4708056
4538708
4560884
4510272
4558192
4686564
4719636
4628452
4611876
4652672
4653600
4787196
4588148
4690964
4639372
4623780
4689256
4719720
4691912
4659076
4786316
4628024
4733920
4611188
4613836
4608284
4705708
4756832
4643332
4585908
4706548
4731028
4628608
4626508
4558164
4658020
4649380
4556308
4773256
4583348
4695572
4706928
4694124
4692596
4663036
4758580
4781988
4880596
4664660
4726980
4652380
4667340
4622344
4681236
4687180
7366728
4715788
4607124
4586224
4561504
4550428
4601684
4534036
4673332
4673408
4577724
4655872
4643732
4521608
4621792
4677308
4612640
4522220
4693864
4701416
4679512
4667828
4571020
4707624
4606396
4742476
4773648
4707428
4725328
4665612
4654680
4623768
4710012
4685200
4701360
4727816
4724540
4641536
4669008
4729376
4710496
4667628
4713024
4618884
4741104
4698672
4687740
4656232
4644968
4655516
4554216
4649644
4714248
4658744
4703216
4773392
4621596
4699752
4660164
4716928
4631996
4706648
4661388
4660468
4574272
4659236
6088868
4654456
4602744
4752084
4742300
4705924
4584624
4653368
4602128
4750508
7103020
4728952
4658004
4641800
4533588
4723180
4587100
4687140
4687244
4624032
4647232
4728932
4703264
4715732
4574092
4608284
4669328
4593396
4652392
4617564
4607192
4728384
4618676
4525664
4603936
4692900
4709968
4654504
4588360
4683344
4730756
4607044
4635240
4659016
4774944
4665180
4627600
4530972
4664752
4803032
4647900
4649020
4691232
4594564
4781984
4558224
4644620
4625340
4583208
4599072
4561736
4833936
4579924
4636420
4577264
4765348
4617852
4694912
4731132
4634080
4586524
4662032
4564500
4593952
4644632
4580032
4704308
4758476
4598628
4621416
4627096
4629168
4576588
4591492
4638680
4555784
4624232
4630544
4592872
4518852
4628820
4607880
4616672
4609036
4551268
4510668
4576556
4557360
4603380
4654152
4589776
4630604
4606424
4675872
4644844
4751360
4767844
4632212
4603864
4653644
4739396
4599968
4649948
4656664
4700560
4587816
4582544
4699732
4616356
4545696
4618148
4573696
4644104
4636616
4678692
4626420
4631172
4629296
4567576
4658372
4634028
4690248
4578940
4625868
4702400
4628420
4630072
4670480
4600480
4648440
4597772
4615736
4696356
4574360
4685604
4558804
4677184
4604308
4624216
4606860
4611656
4592368
4615608
4786712
4632612
4595444
4634096
4688472
4718056
4666468
4560736
4705944
4611436
4621884
4601368
4657728
4582288
4571768
4562868
4632108
4627228
4635960
4578156
4674032
4620876
4657764
4570812
4568260
4586428
4680364
4610796
4652616
4530064
4622904
4727120
4730892
4738468
4583900
4629564
4685412
4617340
4572640
4558912
4781796
4674648
4569808
4698944
4572864
4680264
4600976
4584476
4583812
4583696
4644572
4629668
4646516
4573300
4630628
4623296
4524216
4623088
4602668
4539396
4613108
4627824
4584780
4588728
4666492
4530416
4635044
4522332
4588696
4525660
4595396
4645296
4572872
4583280
4640596
4658992
4648656
4629860
4661268
4622880
4646224
4653456
4648268
4664620
4671336
4702312
4574680
4675456
4724404
4614616
4655812
4583024
4617652
4688432
4650280
4632520
4647120
4658100
4646000
4716132
4623604
4644764
4616312
4659404
4650820
4645664
4765388
4634136
4635804
4752752
4621772
4617284
4632172
4658404
4707196
4720312
4729968
4571660
4643552
4642228
4637992
4568044
4714012
4565352
4574272
4674500
4576016
4584684
4681852
4634992
4652624
4577408
4588000
4626768
4618732
4652020
4637608
4614952
4643312
4587468
4634368
5029796
5028528
4647036
4559916
4999672
4551388
4613252
4777772
4760172
4629152
4690076
4633912
4699648
4623288
4655900
4689364
4575092
4623944
7171372
4626188
4649092
4647008
4576560
4571308
4639056
4674128
4627928
4608504
4548764
4627108
4641872
4641652
4534176
4763124
4738300
4627652
4560608
4660044
4597832
4612676
4650064
4589312
4632680
4560516
4602996
4568608
4638244
4579960
4703372
4620724
4559004
4653888
4553568
4647360
4580304
4680072
4627020
4711148
4619592
4588856
4620144
4697964
4649004
4621940
4599388
4595652
4656612
4718428
5223704
4597868
4634960
4668544
4567968
4646592
4631196
4668124
4707192
7254672
4943192
4573352
4665556
4636964
4625620
4611256
4578404
4613452
4659448
4617096
4599720
7324592
6763324
4554116
4571836
4622084
4563724
4638504
4606636
4663788
4541788
4665408
4535332
4601800
4648324
4628956
4638608
4710608
4642840
4695776
4661192
4681900
4636292
4653088
4648988
4666144
4590756
4628024
4651964
4749700
4826652
4650328
4694256
4639880
4644592
4577668
4660680
4707804
4585312
4603880
4587140
4588228
4638480
4661924
4666412
4635740
4652080
4583356
4665028
4593808
4638612
4570452
4668012
4610852
4709724
4650824
4664328
4640808
4623772
4642148
4713164
4709364
4637036
7146340
4691224
4541140
4507304
4586976
 
4522692
4628152
4565956
4622100
4642680
7235032
4592920
4589344
4762804
4577944
4668236
4578172
4657976
4526796
4577312
4599012
4593144
4532808
4533476
4582752
4648224
4626796
4533196
4479428
4572712
4726360
4537240
4607044
4521012
4605968
4584340
4671724
4591364
4533248
4619800
4613968
4640232
4548420
4623932
4578424
4623212
4576536
4623760
4526072
4559520
4552588
4644412
4514716
4509764
4526832
4683224
4581072
4606344
4531696
4651132
4772472
4577756
4578292
4582068
4584044
4629764
4642284
4561664
4619412
4681452
4658032
4567016
4542212
4751548
4704884
4594800
4671096
4717012
4628484
7201552
4763536
4716552
4586944
4549744
4590860
4703748
4556572
4650788
4596776
4743736
4617400
4601008
4583168
4704124
4726884
4735700
4630404
4644060
4639376
4679904
4649740
4605880
4717380
4559640
4642364
4553884
4562840
4777760
4678188
4606048
4586728
4691968
4797604
4688004
4611772
4735908
4637584
4604264
4716872
4587960
4586800
4617216
4676216
4641008
4574568
4590672
4568084
4616948
4689736
4640712
4603540
4672724
4600744
4660800
4605800
4594992
4686272
4612932
4700640
4636976
4583000
4621304
4556160
4600960
4623128
4625944
4603116
4674420
4628860
4576820
4582204
4647892
4603900
4642344
4587220
4601296
4688632
4621328
4667328
4617456
4804836
4749992
4722460
4635624
4660356
4543100
4718944
4702988
4549824
4651464
4671180
4624996
7381400
4976980
4664272
4610720
4487064
4640376
4617888
4587076
4661764
4565720
4662784
4585396
4681460
4590576
4636196
4648824
4573640
4631900
4613888
4528308
4641332
4649908
4678308
4559404
4680028
4585592
4707220
4574976
4631836
4636452
4630036
4716536
4599576
4642032
4665496
4544044
4685124
4649808
4633840
4587728
4605456
4672692
4568464
4682396
4509380
4621200
4631852
4659720
4613164
4491440
4535380
4615372
4601620
4593716
4517480
4545752
4589748
4649404
4527416
4597056
4570172
4666428
4611312
6816404
4638576
4556704
4624756
4584944
4569596
4581480
4699280
4729856
5339444
4562096
4558832
4580756
4561300
4598260
4578304
4614312
4640660
6388324
4562596
4621496
4568756
4606516
4597120
4625360
4691292
4627876
4610628
4587712
4652228
4549492
4683360
4582948
4576964
4590840
4614488
4696016
4794208
4602476
4633868
4617676
4634740
4720168
4716316
4636508
4601420
4619944
4624632
4701636
4710912
4676504
4685600
4635992
4573836
4645944
4570336
4633632
4604928
4575480
4565344
4641172
4770108
4688208
4571296
4775172
4627352
4585484
4603296
4627028
4578740
4628388
4621344
4592900
4607584
4644344
4624148
4583160
4644536
4669336
4570880
4650324
4644184
6589040
4586920
4646864
4529232
4590496
4654904
4668576
4687184
4616516
4770012
4733308
4756060
4726972
4634752
6938692
4628508
4575088
4530540
4619456
4668208
6857788
5003296
4558520
4707740
4620172
4747052
4596772
4647240
4696416
4612708
4591008
4718264
4576504
4610524
4595028
4762756
4589408
4560936
4824036
4742672
4702680
4632900
4814632
4595176
4660812
4532832
4722044
4713232
4690892
4627848
4633168
4637628
4560492
4580640
4785168
4709864
4615592
4867112
4749572
4668332
4548000
4624740
4589856
4580572
4592392
4671352
4619696
4589788
4678348
4867780
4645496
4572708
7003584
4596096
4668468
4659548
4705140
4863456
4585128
4612064
4579172
4742764
4552340
4673964
4559604
4597944
4657792
4602548
4489752
4504488
4589552
4633076
4564388
5301976
5014744
4551364
4592864
4653824
4541108
4612548
4570172
4572992
4656392
4561824
4607104
4608992
4549868
4622104
4649920
4719120
4763800
4560932
4653860
4583184
4609916
4672628
4695372
4645864
4580976
4526068
4566068
4580400
4561196
4564856
4511256
4618800
4681656
4579864
4648756
4570224
4634272
4670040
4538348
4636296
4574104
4585608
4565056
4691656
4593680
4641888
4667472
4511136
4718436
4657900
4600280
4575708
4735804
4529936
4636408
4762548
4604828
4634292
7693744
7660892
4619280
4508476
4614308
4598280
4562036
4598644
4766860
4549976
4623532
4576232
4600672
4597796
4638464
4632948
4596900
4585436
4683588
4589188
4565464
4728504
4549032
4678336
4658712
4952016
4622588
4703648
4705384
4714828
4607324
4717916
4641232
4641740
4739652
4639460
4618868
4612080
4704184
4717048
4611084
4631528
4639016
4523876
4662516
4619728
4604212
4742668
4717452
4825748
4675636
4585756
4618572
4543988
4704984
4562424
4674816
4563776
4646276
4656956
4537712
4564516
4821264
4557636
4573384
4557284
4617280
4754236
4707132
4616272
4623256
4701304
4773812
4699944
4629004
4630024
4540112
4702852
4715596
4629208
4576308
4862828
4697536
4678452
4561056
4571180
4531416
4584448
4725808
4623640
4689644
4679152
4708908
4612336
4558072
5161672
4712100
4647904
4627608
4561856
4562608
4615928
4629752
4613100
4639252
4522224
4955156
4665080
4606592
4639784
4508416
4626564
4572436
4647388
4551168
4588876
4644880
4624496
4564640
4630820
4599988
4656080
4607484
4610568
4608020
4605508
4624952
4562164
4625696
4633980
4674936
4659408
4547576
4516024
4554548
4706216
4610884
4611636
4560652
4648016
4568520
4644800
4627648
4595164
4600972
4656456
4555268
4618088
4691724
4685264
4628864
4608424
4619392
4672640
4694948
4670152
4722072
4618588
4599036
5625844
4673308
4627500
4615940
4645128
4696440
4601068
4580324
4611096
4713084
4577352
4535932
4537332
4539884
4717556
4594324
5063192
4517268
4576528
4693124
4638188
4585436
4598508
4502460
4615724
5574084
4694500
4549716
4695788
4661924
4637180
4712956
4641792
4592552
4627744
4602532
4593536
4578848
4677304
4594416
4630268
4516612
4617124
4614984
4574180
4624972
4510240
4604980
4609268
4593844
4585640
4526808
4562860
4599748
4647304
4562344
4573632
4502584
4634220
4578596
4599812
4555500
4668972
4520732
4612332
4665344
4562164
4667376
4637144
4683880
4578496
4653616
4607760
4887348
4621552
4676592
4638524
4713060
4746368
4513568
4600868
4655036
4530344
4688584
4586344
4635884
4621984
4674444
4662016
4627960
5198628
4601532
4568532
4659916
4546108
4637148
4545800
4630356
4597328
4602332
4651336
5655384
4734844
4607632
4672176
4616256
4668356
4708516
4694828
4652988
4678164
5085276
4743524
4790480
4967936
4629648
4698596
4514284
4779132
4652868
4611916
5061168
4669676
4602236
4659152
4674284
4811640
4649720
4686344
4588060
4568080
4711632
4642232
4642300
4537048
4546532
4745876
4626116
4582948
4550420
4588444
4595528
4544448
4565548
4516904
4651256
4562024
4651800
4536612
4627112
4584860
4573112
4637124
4618540
4567764
6129116
4938008
4624192
4588992
4552444
4707844
4687164
4607980
4572400
4642824
4682428
4625268
4696956
4613732
4641340
4674660
4636524
4610344
4549712
4656260
4641968
4594660
4685972
6231816
4596204
4568572
4529136
4582968
4531820
4632372
5142264
5378540
4647392
4631564
4645448
4658096
4628328
4610020
4541036
4633280
4653308
4598096
4678100
4596692
4637324
4602836
4632164
4564164
4671048
4652736
4624732
4566828
4631100
4780632
4710168
4746536
4613532
4621076
4650632
4608484
4616820
4614876
4710748
4691556
4672916
4734508
4698344
4719344
4702160
4621984
4667252
4634784
4835500
4668288
4722640
4551136
4749056
4685972
4732068
4713312
7230624
4650196
4737584
4612952
4667384
4642884
4659732
4710580
4636432
4612912
4689156
4723516
4772336
4703936
4638172
4685892
4712856
4745928
4706780
4665000
4705364
4763328
4680700
4654888
4649376
4731528
4826784
4584396
4655508
4710644
4595212
4661636
4692896
4756020
4725184
4698668
4767992
4732764
4563536
4751592
4567460
4738432
4721580
4650592
4689512
4707560
4694756
4734044
4561584
4710412
4794380
4687504
4661784
4628748
4721376
4762880
4687168
4721140
4518160
4686888
4983116
4708876
4577812
4617932
4737836
4655688
4644444
4718252
4654044
5039812
4702260
4587196
4611788
4708664
4658964
4735392
4588812
4684412
4757312
4816552
4783068
4638736
4719772
4753272
4662416
4634048
4574304
4705156
4559092
4684380
4727276
4544072
4706824
4668684
4672772
4623948
4589580
4740024
4537820
5194956
5340640
4870028
4595340
4764908
4666328
4752024
4705864
4703192
4712844
4683044
4644868
4627648
4623512
4813852
4717856
4704916
4622088
4683224
4660828
4644160
4770956
4657744
4662904
4655964
4597452
4647116
4605776
4756484
4765508
4768000
4652380
4631904
4776952
4651816
4686320
4657668
4671280
4598452
4636424
4633324
4685236
4675328
 
4707640
4751188
4722188
4690196
4652848
4636696
4575660
4604168
4618244
4790304
4708132
4686276
4648248
4609020
4564068
4597156
4730448
4633392
4686108
4645340
4662772
4656180
4696344
4547852
4712012
4711620
4601072
4649348
4785772
4710872
4677284
4678612
4650004
4656484
4572512
4738332
4667956
4751044
4541164
4745004
4673976
4600276
4638504
4697052
4718356
4615924
4689532
4693972
9805460
4776648
4658020
4663044
4720468
4711608
4650628
4658268
4564004
4624056
4698908
4652060
4754072
4583096
4670732
4649172
4689804
4711460
4525484
4720076
4678776
4641000
4681160
4621084
4819984
4720824
4582888
4661432
4690360
4761668
4633476
4639364
4620120
4540864
4599220
4751176
4663924
4542024
4661436
4715376
4606476
4576636
4700452
4623648
4572824
4581176
4637576
4499392
4648620
4630040
4623156
4701812
4629836
4686152
4592832
4599180
4700896
4611052
4745476
4689168
4551144
4636808
4640912
5641156
4581980
4571012
4595236
4626752
4738352
4559448
4548088
4631172
4572760
4592596
4705548
4492404
4594440
4652076
4646908
4659364
4657856
4648080
4515380
4634124
4732936
4671140
4583280
4734792
4578844
4615744
4621512
4620632
4655616
4703232
4627264
4594776
4614732
4653016
4629692
4657268
4676540
4719996
4659636
4766496
4747904
4728504
4646980
4560580
4628768
4739852
4614040
4715132
4807784
4658336
4600556
4633508
4729948
4543504
4661152
4522532
4568964
4655220
4694476
4647816
4455016
4612964
4721440
4660100
4707680
4611060
4537268
4663256
4649376
4617680
4558504
4628132
4614836
4671408
4579656
4548748
5918864
7033644
4601164
4595692
4592620
4579860
4561048
4570404
4532024
4646092
4587520
4526228
4576940
4571916
4636156
4612504
4637592
4533112
4522812
4526264
4569784
4596692
4536316
4634236
4530480
4543060
4578988
4667776
4584300
4619488
4627396
4619736
4580936
4613164
4694860
4677208
4638696
4649456
7331392
4625708
4650908
4533584
4636208
4545888
4647456
4586100
4585848
4655348
4609508
4641884
4678168
4585272
4560688
4681184
4649608
4568788
4649188
4608912
4660228
4654884
4627860
4664436
4553424
4597992
4634688
4636756
4592468
4532148
4700548
4618036
4655764
4585680
4569288
4679384
4650012
4627508
4899976
4650312
4618340
4679784
4543532
4623868
4605908
4666724
4625344
4653632
4625736
4554492
4700208
4628932
4582468
4626472
4662084
4648856
4712492
4630936
4604856
5825484
4551864
4615292
4586084
4625948
4624668
4654916
4660932
4595440
4621940
4643660
4655704
4648784
4590288
4573576
4575848
4727652
4656828
4600644
4572252
4672900
4635224
4573048
4658796
4596732
4621588
4654616
4589452
4586608
4690320
4618116
4612344
4619084
4600228
4707708
4677292
4634720
4580940
6829368
6301020
4722824
4615128
4555080
4560408
4655360
4696088
4517124
4509264
4653324
4612772
4594816
4498960
4629712
4694068
4551124
4577620
4621964
4608188
4684976
4696548
4630828
4606552
4546836
4641488
4655572
4658544
4583312
4670972
4625288
4506196
4504740
4522060
4536912
4549064
4532356
4599592
4605932
4687808
4664060
4584956
4475832
4613560
4694864
4623044
4680608
4655920
5897764
4506800
4622584
4575792
4603700
4583672
4663068
4605832
4677952
4536900
7952544
4829464
4528780
4622596
4586484
4530964
4640548
4544232
4593932
4526448
4742600
4540520
4616464
4575488
4548276
4585756
4532560
4604148
4586776
4618600
4488276
4557376
4626544
4583228
4504260
4580828
4624112
4678336
4642728
4608172
5759628
4553588
4557000
4544488
4562076
4601984
4603068
4601984
6776752
4758396
4704972
4641832
4707472
4528328
4606200
4615340
4612156
4586288
4526052
4584784
4640544
4574168
4539220
4576048
4561500
4533400
4567456
4522640
4512816
4581360
4682396
4624112
4581572
4573040
4557836
4570820
4516320
4593436
4607836
4609632
4632608
4534020
4649360
4528908
4611520
4604076
4596444
4594648
4605688
4598900
4586668
4633432
4534868
4689680
4521268
4550608
4597880
4541192
5024312
4638172
4536300
4553148
4496028
4575424
4603452
4595020
4590904
4521084
7318144
4656388
4608968
4633892
4563104
4667352
4597832
4637160
4624204
4655824
4653816
4670912
4560928
4606988
4597472
4572300
4653840
4564596
4690484
4647200
4620776
4733452
4659144
4635548
4728100
4555984
4689292
4593872
4608736
6937152
7245968
4562860
4654324
4691240
4577508
4767396
4604332
4580712
4570016
4685544
4577704
4662276
4504216
4627836
4636676
4663208
4579008
4575284
4627908
4787828
4629564
4613972
4533188
4585568
4632716
4643392
4698584
4541308
4576376
4637756
4694092
4703292
4564744
4633004
4644500
4657400
4593652
4611676
4581832
4617076
4620296
4689180
4572780
4680228
4666308
4603284
4616124
4573440
4648208
6937452
4574872
4581176
4770116
4620944
4640948
4613916
4571940
4656596
4606888
4638172
4633168
4594308
4580196
4681640
4669440
4562540
4611600
4666052
4628656
4565336
4564124
4611504
4698512
4539288
4728636
4596276
4607672
4626832
4605928
4682184
4740460
4615188
4654440
4692944
4697636
4676900
4810724
4652800
4886028
4571544
4589432
4780004
4694256
5064560
4543624
4628676
4754644
4666932
4539552
4629952
4550452
4618244
4611652
4606700
4593320
4598616
4647080
4662188
4684084
4572376
4623212
4649996
4688356
4599168
4621612
4578412
4606464
4533380
4591440
4637272
4659920
4599960
4628060
4666400
4604956
4614456
5745452
4680000
4641668
4543084
4582624
4684600
4568860
4479240
4559072
4628484
4576140
4578244
4723212
4671604
4645232
4654708
4687408
4637716
4634984
4617424
4582680
4607904
4642976
4648448
4665124
6839468
4600560
4535104
4604040
4602860
4580768
4557240
4643728
4614180
4639496
4568096
4760480
4583044
4635100
4619792
4718576
4721748
4620624
4580848
4641348
4613508
4595024
4704660
4583500
4647168
4633152
4639196
4688324
4573032
4615208
4595904
4548580
4632772
4660612
4572648
4548480
4606088
4621480
4657896
4550836
4629892
4611772
4635148
4643868
4669152
4601044
4525280
5000032
4556252
4550352
4631724
4690560
4669564
4607652
4612728
4635776
4582304
4947916
5028116
4630964
4598616
4601996
4598296
4569580
4656004
4587188
4575632
4613204
4577028
4566048
4635712
4619732
4648300
4607160
4637628
4639308
4542528
4626072
4598768
4577140
4660616
4671788
4563496
4605372
4622232
4707756
4615728
4571312
4607008
4610920
4675804
5262904
4544616
4549976
4579716
4620632
4609896
4722472
4591256
4584904
5039868
4692572
4504564
4610804
4783400
4647556
4571644
4631716
4497296
4750324
4751636
4770704
4603928
4606932
4609364
4659384
4587184
4674012
4574596
4670280
4668564
4654860
4504848
4607928
4725828
4654624
4617356
4587488
4616348
5073392
4580912
4680148
4658300
4553944
4564156
4657188
4806340
4750916
4805476
4681660
4629700
4707580
4637632
4655948
4680680
4730680
4677472
4594064
4589632
4656764
4677932
4607060
4593156
4715056
4616328
4617356
4609224
4553000
4712808
4628116
4634936
4606496
4674140
4673332
4673460
4538356
4616284
4588452
4655900
4651844
4643300
4615188
4655572
4756364
4677140
4637856
4572188
6765580
4787336
4707908
4562572
4629328
4768656
4640884
4559692
4607724
4576312
4760904
4592912
4685688
4581460
4638816
4645608
4536148
4608268
4503384
4542964
4614572
4645304
4572304
4606096
4558844
4601580
4666372
4516948
4594552
4536020
4604240
4648172
4556396
4595180
4593880
4616736
4584208
4531520
4480416
4699160
4655264
7145884
4567184
4557912
4626072
4625756
4609136
4657656
4689256
4638912
4603664
4559228
4580196
4569208
4725772
4637628
4562392
4547812
4709196
4643048
4630360
4681740
4577140
4707580
4579596
4645720
4629480
4620756
4611140
4685716
4615336
4632400
4524912
4600872
4650932
4620972
4591216
4644124
4577444
6855292
4539060
4645576
4604604
4608332
4609292
4606160
4638332
4596964
4599940
4632468
4559724
4613444
4577640
4617004
4561464
4513860
4542572
4558216
4574700
4461556
4644348
4574708
4615580
4651272
4565684
4569888
4634620
4616228
4683756
4584656
4642544
4630168
4685900
4628396
4571112
4565140
4645300
4556188
4584720
4696324
4640264
4982200
4644860
4614976
4695716
4720444
4677516
4574884
4693640
4651316
4575984
4635440
4576900
4556952
4576792
4669100
4566776
4668820
4552948
4641784
4652160
4682108
4578236
4650444
4622312
4749440
4704904
4574772
4678692
4518700
4547744
4674732
4546172
4600512
4580892
6507536
4631300
4696204
4562728
4579072
4671804
4609280
4577664
 
4567480
4534624
4673400
4612612
4485888
4578736
4524784
4666144
4724512
4662692
4647128
4579652
4614484
4649020
4511184
4656216
4563436
4642464
4634648
4555792
4668724
4660868
4548804
4550572
4548476
4492580
5111484
4665216
4597596
4600568
4638124
4692872
4639344
4610788
4590408
4611592
6939324
4792768
4608924
4608152
4598372
4621732
4597900
4622948
4676968
4764760
4730420
4613184
4567028
4592712
4639492
4717744
4836408
4637848
4598636
4601532
4733264
4574728
4564672
4601720
4652228
4844428
4716572
4646732
4567372
4632252
4651860
4656196
4604032
4622588
4651880
4651916
4595860
4633280
4734764
4615452
4703660
4600824
4726920
4752052
4668332
7079568
4688336
4589092
4767848
4770604
4678880
4692408
4637756
4790652
4550920
4706452
4690860
4641128
4626296
4660880
4721444
4705908
4615180
4565228
4566304
4627088
7088284
4616540
4694136
4717784
4706184
4700824
4631080
4614076
4796432
4708660
4769404
4699016
4677724
4678324
4657248
4609604
4862692
4763072
4806672
4652852
4574916
4633712
4696908
4676044
4584812
4690148
4637960
4681772
4630040
4539596
4673136
4708236
4654748
4679068
4721684
4638896
4704964
4657472
4654460
4699348
4862252
4670632
4790220
4575300
4571856
4794540
4693176
4667408
4661672
4664560
4713884
4608428
4647580
4605668
4619476
4693748
4662728
4708692
4737848
4678536
4657260
4688364
4689592
4722424
4788848
4648532
4929024
4674228
4570864
4742732
7044132
4753768
4558820
4620428
4720460
4633724
4560532
4521168
4618456
4641232
6831400
7127588
4570352
4570640
4578504
4744040
4653844
4618088
4711292
4688536
4676092
4626992
4680876
4745008
4658420
4723548
4721392
4667744
4781188
4754672
4666920
4680896
4616068
4663104
4656468
4635416
4649992
4642364
4667504
4646520
4644204
4702588
4701816
4733864
4669192
4742972
4558400
4563436
4749272
4707552
4636252
4656564
4686052
4647652
4559992
4760620
4574788
4688308
4545600
4628028
4689016
4711380
4840844
4905756
4579288
4590496
4637760
4736740
4718792
4500984
4628132
7050692
4758596
4684132
4603352
4683632
4826588
4644188
4714868
4543560
4650992
4660680
4623084
6881956
4608324
4648592
4679488
4707380
4709248
4701028
4608500
4689644
4682488
4672096
4667116
4528696
4625276
4617224
4617924
4741752
4633888
4544872
4627484
4581848
4563808
4660628
4543196
4685492
4630168
4571328
4633920
4622956
4630736
4673364
4614208
4615484
4642600
4606564
4559584
4665552
4583308
4697768
4672732
4687996
4628140
4587268
4688532
4607280
4625680
4660508
4714472
4698804
4695288
4655260
4516576
4659536
4573948
4648672
4697352
4644836
4621364
4626024
4708360
4528060
4569860
7013836
4597044
4841668
4650852
4722676
4563468
4590624
4679984
4670248
4610584
4729316
6953936
4641752
4708632
4690732
4636088
4735484
4555548
4632592
4619220
4693276
4577584
4619776
4714944
4570716
4582856
4552340
4734356
4683420
4713624
4548236
4668288
4714660
4695672
4682408
4566260
4642936
4685100
4748340
4653164
4564608
4594332
4712180
4696644
4574720
4533008
4561900
4724160
4560672
4564980
4695092
4599656
4667540
4695040
4646632
4548756
4565944
4718664
4634240
4654608
4562436
5190876
7059844
5025664
4624140
4700180
4704180
4662836
4591528
4605060
4621744
4674728
4667876
4603504
4563112
4645804
4681420
4616016
4599952
4643296
4664244
4613120
4721488
4631484
4632580
4597512
4620800
4734120
4568232
4541192
4641108
4789992
4592684
4616032
4617112
4677480
4664428
4603840
7297616
4554280
4652348
4605684
4540320
4575952
4518024
4858116
4615144
4647872
4553592
4662876
4646704
4729304
4596320
4572976
4628328
4645716
4727284
4577616
4643484
4645120
4577380
4578696
4560848
4651592
4608828
4637460
4632984
4645308
4618280
4630376
4593136
4651408
4592324
4702608
4594064
4619172
4603572
4634324
4663360
4626080
4699212
4564024
4575412
4742632
4649436
4584656
4639128
4768948
4681152
4653704
4710544
4673944
4655380
4666976
4664064
4620880
4788616
6737484
4611060
4612464
4559176
4603356
4592476
4624608
4595476
4561348
4576132
4633652
4585780
4637448
4646464
4548848
4613720
4617840
4581776
4587752
7282252
6007836
4652188
4572432
4606788
4638096
4594996
4651252
4650096
4677552
4658468
4533260
4627756
4536992
4506960
4603148
4593992
4637788
4751828
4557860
4641340
4687052
4619356
4627896
4632948
4604364
4654980
4618736
4553920
4568652
4595720
4706036
4597672
4610440
4548332
4625840
4628144
4582880
4677360
4636840
4625728
4581000
4556716
4605408
4637312
4650544
4505892
4602856
4559176
4573248
4641068
4611768
4646216
4550344
4618332
4608492
4577352
4603304
4613888
4604824
4585344
4642100
4642288
4686324
4569212
4650432
4564644
4606824
4655564
4601516
5894072
7070992
4539380
4615008
4577624
4603116
4571316
4524800
4678212
4558928
4644816
4528648
4602344
4640528
4529420
4609848
4565348
4545624
4627628
7010304
4629076
4600232
4640664
4570016
4556556
4547900
4601484
4736508
4649228
4614176
4655828
4654116
4660524
4640512
4646732
4891960
4567380
4707672
4709520
4657080
4632628
4637788
4567512
4694760
4560308
4582508
4667564
4614868
4637216
4688936
4621640
4648728
4609460
4596692
4630240
4597236
4556700
4749508
4631272
4607216
4683856
4617488
4731000
4629384
4699776
4621736
4619364
4594480
4671796
4582252
4694308
4579176
4666316
4661336
4674872
4610912
4753096
4580184
4653780
4718560
4559824
4802948
4676276
4592408
4629920
4563620
4988820
4584588
4587224
4618368
4599680
4690156
4661200
4611828
4665508
4598576
6456256
6796888
4583372
4627540
4614936
4607148
4603164
4642500
4602252
4661840
4694936
4572020
4639200
4784144
4680412
4631944
4654604
4693860
4568136
4649396
4645544
4605440
4569580
4617220
4660732
4645384
4537344
4645112
4626328
4645072
4693428
4565904
4647536
4605988
4646868
4588964
4607880
4636416
4685064
4605476
4653044
4581044
4627980
4607544
4651148
4621056
4774564
4600336
4610372
4571004
4634424
4742304
4693224
4640180
4670044
7107480
4569376
4510316
4534776
4674432
4616472
4555524
4573156
4639616
4617220
4576852
4641608
4664684
4626264
4601920
4559772
7270832
4629588
4530292
4601528
4592816
4606832
4581984
4583296
4542816
4567856
4724244
4655888
4584956
4582340
4593568
4549592
4553248
4654516
4693556
4752512
4685408
4608980
4657628
4764396
4624576
4621796
4801436
4700000
4679436
4618624
4686432
4631468
4697712
4612156
4588512
4756308
4633080
4601508
4902008
4677132
4784068
4835012
4775948
4703908
4683252
4606408
4702536
4598176
4532308
4590060
4667488
4625976
4620024
4678272
4561252
7221680
4633792
4641336
4570956
4575480
4590456
4627840
4590316
4675460
4579836
4616060
4687620
7408468
4821584
4620096
4631752
4644280
4627096
4630884
4720080
4669928
4639000
4626480
4646764
4622416
4667224
4552380
4591512
4546876
4739368
4857620
4567924
4635404
4645852
4669848
4646828
4621264
4568412
4616288
4614464
4667376
4618016
4587452
4577836
4564320
4655188
4674060
4544116
4660648
4572876
4588208
4562280
4607168
4658016
4685104
4624036
4647936
4580472
4670328
4731092
4693648
4609448
4708764
4717068
4666372
4621304
4654036
4681544
4652828
4639836
4627492
4625848
4609920
4633696
4566384
4569440
4655108
4604116
4652520
4569924
4643356
4587284
4612636
4664740
6915108
6878228
4691956
4711856
4666524
4603316
4703132
4649348
4561124
4647624
4569744
4639552
4611620
4697192
4630688
4610664
4576800
4637776
4666644
4541784
4583440
4555696
4607312
4646744
4676344
4679472
4565160
4577284
4580944
4616052
4618252
4584820
4598312
4627628
4568940
4591156
4581028
4696988
4607352
4584656
4639744
4646564
4603368
4757208
4626444
4573676
4622340
4783664
4657688
4636580
4585992
4735528
4723392
4582240
4686712
4643040
4619000
4639772
4649500
4647332
4558044
4599316
4595464
4659732
4580492
4582924
4664960
4647968
4649572
4580564
4646916
4579524
4676848
4547692
4570224
4602000
4612080
4546560
7087032
6858320
4728340
4663652
4581836
4673456
4629120
4595772
4699996
4586796
4596264
4587268
4621676
4680228
4775996
4581660
4590288
4629408
4524096
4650204
4555668
4650940
4638516
4569388
4642484
4645844
4581032
4640308
4603980
4675940
4768596
4751296
4647328
4607872
4576312
4629564
4728208
4575136
4641912
4640724
4631728
4648540
4715448
4655168
4684892
4612416
4649612
4670172
4558804
4568424
4649028
4647992
4583440
 
