Procesando...
  Filtro             : sierpinski
  Implementación     : ASM
  Archivo de entrada : lena.816x512.bmp
8519484
7769324
9283044
8630640
7833148
8013156
7992928
8068320
8024372
7873444
7892032
8056588
7887400
7812748
8035884
7859644
7885472
8045612
7845072
7902440
8036352
7899056
7914792
7837204
7925928
7891204
7958912
7944392
7833212
8077672
7799396
7937336
7937392
7915380
7926528
8097204
7836036
7908696
8048064
7935460
7952600
8079696
7841412
7926644
7988084
8356940
7866540
7840912
7914764
7883508
7810948
7944912
7841320
7851320
8055452
7948740
7950992
8040588
7899280
7903924
8077492
7857508
7919564
8037236
7922852
7890312
7936220
7925668
7969056
8058196
7894956
7935896
7878960
7891112
10309488
9593048
11529876
8067964
8175816
7869956
7845528
8044304
7935168
7944328
8077484
7867052
7896280
8034444
7980304
7929620
7990292
7833460
7898032
8043112
7956224
7950040
8066668
7888608
7938700
8038568
7882492
7879896
8098204
7907936
7978308
8108888
8027276
7959620
7983832
7903892
7979720
8032904
7950300
7941180
8075080
7783268
7899200
7953160
7840760
7919172
7942484
7922528
12605136
8059956
7975920
7938056
8067404
7905800
7986560
8026652
7852788
7912832
8037568
7873640
7825172
8062664
8058492
7917628
8015060
7936332
7901116
8028716
7905484
7894336
8070912
7957972
7886828
8004204
7981036
7939668
8068196
7901028
7928952
7908472
11520148
7892352
8075620
8039692
7957572
7948752
7925292
7894236
8057536
7898784
7881328
8059776
7935364
7867508
8212756
7905468
7896120
7926728
7922912
7862828
7997604
7920468
7885340
8077608
8031024
7929768
12057228
7954416
8231200
8006400
7952720
7883096
8086068
8565076
8133116
7951196
7947312
7863644
8031072
7877140
7896820
8060864
8004568
7854528
8090432
7888072
7946928
7934752
7895716
7875856
8057732
7900088
7950096
8029844
7935796
7936912
8977592
7982108
7970188
7988944
8427536
7882796
8011260
8185716
7936840
8010996
7850984
7854728
8020460
7782816
7879904
7982264
7862324
7911268
8008532
7843880
7731708
8031504
7899956
7852372
8037880
7919084
7868180
8717560
7917448
7901376
8138112
7914804
7897736
8015376
11768380
8149652
8540892
7880916
7945976
8143104
7771908
7772184
7986168
7927764
7830468
8083076
7981144
7897052
8079700
8669208
7864768
8019504
7913104
7956840
8024516
8315076
8487536
8043744
7968872
7886432
8083448
7810372
7911048
8093884
8076864
7926424
8208244
7906404
8145936
8022452
7865088
7960648
8149384
7874052
7891156
8137172
8162496
7915228
7943820
7795420
7823300
8084696
7855152
7915572
8035068
7901480
7824320
7965084
8000776
7821668
8041000
7990812
7968196
8027260
7962288
8036940
8047800
8029360
7862460
8239564
7867368
8014276
7974844
7905504
8087708
8014664
7914712
9286420
8023996
7939580
7901548
7969388
7906056
7861584
8182060
7891040
8025868
8025936
7900372
8096120
7976132
7903536
7929648
8066560
7911288
7907948
8126744
7898172
7941944
8061112
7919148
7904892
8065308
7884528
7886772
8023708
7862264
7959012
7974696
7990944
7862508
8069600
8275936
8516408
8289188
7888044
7999812
8070608
7938056
7888872
7957048
8047324
7869232
8054324
7865892
8088476
8261192
7852316
7920596
8192000
7801540
8029516
8121988
7846988
7912772
7889016
7850244
7888888
8050324
7936880
7801964
8017252
7889876
7927800
8100064
7884864
7906296
8076580
7954048
7972516
8027076
7927728
7893772
7790560
7791464
7901576
7892572
7859324
7804096
7892200
7871036
7890164
7923900
7888948
7843168
7883296
7911532
7922252
7960496
7876396
7955140
7891828
7850064
7942028
7947612
7858280
7986884
7972360
7929780
7945876
7920664
8082476
7881976
8092520
7918792
7951584
7901400
7871060
7982112
7839064
7896568
8162224
7839672
8034488
7933672
7895592
7905840
7906040
7934732
8029036
7892876
7930844
7903908
8066608
7840456
8030604
7947056
7862340
7888208
8080760
7885960
7852140
7848996
7956088
7861596
8077312
7879680
8065872
7962976
7857344
7893292
8090352
7916088
7854524
7830116
8103996
7942236
7965584
7944076
8062044
11933568
7908096
7806592
7965896
7819284
7883568
7847012
7937212
7858644
7971324
7927816
7907480
7868772
7926436
7883736
7820072
12011112
7962420
7873688
7856720
7954316
7918144
7871444
8012416
7987688
7923368
8028864
7893620
7879628
7961672
7857364
7992516
7882668
7935132
7910000
7843572
7906784
7820048
7981192
7910324
7837808
7950440
7927652
7945868
7942744
7934992
7866716
7969480
7913764
7905652
7969048
8036244
7849304
7974384
8000612
7858896
7889900
9805940
11698172
8081400
7955240
7956432
7971496
7914700
7920612
8043992
7901272
7908744
7916744
7957496
7937116
7936876
7881072
7836480
7958796
7879532
7833608
7981576
7809160
8021128
7917540
7999860
8092288
7941136
7851196
7873472
7953864
7853212
8047052
7979620
8148584
7896004
7952720
7919800
7935844
8026576
7923076
8149284
7892828
7938484
7892988
7964004
7858520
8695008
8007156
7859856
7819780
8058064
7951600
7965220
8062844
7943288
8116044
7994152
7840744
7883276
8098060
7919804
7877756
8077732
8550048
7895288
8285264
7912600
8062528
7987796
8009560
7898416
8063816
7909988
7957896
7980796
7900460
7908188
7990120
7903216
8048976
7952200
7833924
7876480
8034060
7864536
7908124
8021092
7870372
7951156
8254912
7886468
7891888
8032868
7957872
7909508
7991468
7909392
8109628
8048240
12011180
7998520
8169384
7869896
8169684
13036388
7886668
8194860
8037748
8067620
7978220
7940136
7858028
7853636
8106144
7817244
7985236
7975384
7869712
7910760
8378840
7810464
7893144
7970180
7891904
8024192
8065792
8128384
7913148
8282924
7860712
7920164
8055608
7862120
7927520
8043704
7885272
7874572
8053268
7911856
7973956
7960852
7900848
8176232
8036968
7890448
7980348
8156292
7858288
7959572
8002748
7839360
7841972
8048012
7861428
7876996
8009352
7915592
7920312
8077284
7920184
7877296
7954288
7852620
7879332
7986328
7852380
7898924
8017612
7888076
7930512
8109640
7924712
7879044
8020280
7861720
7817640
12364872
7937120
8015528
8021836
7949268
7931452
8037720
7903460
7954552
8031524
7937228
7916248
8083004
8051112
7868824
8041800
7934584
8123680
8014208
7974832
7928744
8046864
8139592
7908424
8100124
7991468
8146676
8076948
7935244
7953172
8222884
7892752
8133524
8092896
8067376
8056320
8081620
7957672
8097564
8025972
7938824
7870960
11875952
12836656
7979736
8072460
7846824
7904084
8067468
11020792
8075332
7987048
8088744
7858648
7971984
7859604
8025460
8053548
8049256
7894688
8042080
7866652
8027136
8085024
8046476
7891280
8255736
7870640
7809612
8024480
8061404
7916064
8125304
7908272
7890088
8022792
8049876
7901184
8259272
7905140
7872996
8002388
7946280
7933396
7983184
7864792
7993896
8012984
7808128
7920192
8138932
7873116
8839308
8124412
7936260
7916008
8028316
7890480
11793168
8175736
7963892
7983316
8205252
7863800
10549420
7974924
8166112
7909292
7977032
7895712
7929564
12485040
7793236
7866132
8061068
7909500
8029952
8065256
7919056
7880976
8120736
8055272
7824172
8022040
7965948
7946500
8021444
7943032
7850196
8018068
7932076
7922340
7972828
7952828
7948680
8067516
7931720
7927640
8132568
7814364
7950572
8079632
8387540
7856936
8152176
7895288
7876108
8058764
7869820
7891000
8087944
7819360
7905360
8189168
7932536
7934980
7981128
7959676
7860876
8062772
7864116
7995152
8094132
7935468
7868700
7971904
7912988
7958760
8066384
7838584
7889064
8071260
7870756
7918344
8079308
7910888
7934808
8125928
7861492
7823156
8020116
7893340
7941296
8016028
7811460
7959616
7953264
7955860
7892368
8077280
7900628
7934264
7952104
7819408
7919864
7861384
7881124
7904028
7980704
7953360
7936820
7927564
7894220
7839532
7980024
7935604
10743368
8129356
7860428
7898672
7958608
9038396
7901996
8010460
7932016
7948928
7939252
7894500
7865928
8002148
7754864
7906364
7851832
7947808
7797088
7979644
7922188
7838148
7974440
7927296
7878560
7986408
7820748
7873236
7984668
7904988
7905664
7944844
7946416
7862492
7954040
7923136
7821868
8018540
7843896
7876916
7849036
7880372
7837408
7984588
7945160
7894536
7948512
7862012
8148936
8036232
7844700
7892108
7931392
7955956
7875300
9383584
7955340
7913976
8001120
7883100
7909476
7923480
7904344
8054376
8108748
7828756
7924784
8047684
7928460
8063612
7914372
7979488
7907304
8055300
7807120
7921772
7951004
7894200
7933136
7922984
8006088
7927376
8027296
7905380
7900968
7844096
7901284
7937912
7918768
7810280
8127808
 
7913528
7905172
7947484
8030444
7897432
8021440
7872148
7866108
7962072
7825224
7987720
7946380
7879652
7859992
7860104
13040548
11649036
7870844
7965676
7874612
8033392
8045060
7824784
7963844
7910312
12047256
8011120
8059516
7980936
7995648
7975948
7874576
7830496
7944464
7927624
7887760
7884412
7885640
7839060
8053536
7962776
7857784
7904280
7886528
7938132
7803540
7900072
7897508
7824252
7950652
7873052
7905516
7876328
7894164
7879748
7895996
7992800
7854792
7924940
7805204
7883260
7918976
7934460
7895568
7881204
8790552
7867456
7965564
7813144
7864364
7912896
11974596
8129260
8021940
7948972
7914604
8040144
7895684
7901928
8050604
7855084
7889764
7934416
7816424
7929192
7957984
7809368
7816648
7953320
7827024
7822872
7905796
7805840
7816716
7925896
7895624
7879364
7948224
7850396
7853660
8030652
7934512
7859924
7840648
7927660
7892728
7929472
8066716
7870936
7942256
9346992
7937596
7989360
7939140
12031304
8025728
8102128
7980092
8067868
7897280
7924692
8110072
7946184
12566888
8002036
7925272
7897268
7991828
7866408
7800744
7895048
7826148
7918284
7966276
7954164
7857012
7912508
7885216
7952604
7985004
7887836
7942120
8048100
7894460
7880856
7907496
7932220
7903240
7923264
7975728
7812968
7964372
7912244
7878708
7986912
7915760
7882932
8016880
7839220
7872400
7982724
7832660
7896660
7998252
7877216
7877492
7962300
7873924
8044312
7979912
7905260
8005532
8026364
7960028
7948760
8087900
7944840
7943164
7994432
7864516
12224220
8046432
7939604
7894420
8184432
7905688
7949332
7937508
7896564
7997000
8054424
7817064
7938868
7976648
7856924
7951240
7972912
7894404
7893552
7959276
8048928
7889804
8119672
7916452
8049496
7965196
8043152
7858980
8169576
7932400
7930056
8061160
7869240
7820316
8026264
7870724
7869652
8032740
8096072
7916964
7992308
7881176
7928760
8013656
7837444
7961468
7946484
7922264
7867932
7972692
7844972
7813140
8027024
8076792
7854928
10721168
7917356
7959140
7943888
7992120
7833228
8084620
9310240
7951260
7934640
7939288
7851356
8016248
7923348
7921660
8004716
7922852
7916996
8080580
7840500
7913944
8032316
7834252
7934592
8035192
7900572
7934420
8034164
7912720
7919596
7975276
7811056
7908136
8062244
7833940
7890292
8015648
7903132
8037144
8090356
7822760
7918460
8164296
7903372
8061744
7946228
7842232
7853880
7983540
8035424
7869560
8002284
7917076
7983488
8061560
7962032
7923392
8201188
7803724
7898152
8034896
7886912
7827376
8028228
7871916
7955672
8079932
7828588
7905196
8368544
7805668
7911796
8018580
7982304
7885292
8042896
7826504
7840220
8052196
7930932
8058992
8022540
7977268
7907496
8038736
7814412
7909224
8040432
7893204
7867276
8061600
7932492
7847020
8097536
7851484
7889908
8068900
7880196
8092376
8032756
7878872
7849756
8014520
7914524
7816884
7995816
7889084
7869404
8034204
7828732
7853056
8072084
7908276
7877760
8016416
8060496
7897560
8055812
7921996
7824084
8075148
7940608
7832668
7824176
7891460
7888996
7895380
7948572
7905480
8079236
7889364
7919272
8026192
7925616
7921236
8058452
7931788
8077604
7953160
7947072
7896688
8110584
7932296
7895368
8009276
7971664
7935592
7728580
7926640
7942144
7901356
7867760
7938768
7839612
7858828
7809572
7826620
7920156
7802032
7875184
7889644
7733440
7965672
7822192
7911072
7901676
7888944
7969284
8030664
7891532
7893296
7881616
8008752
7961864
8107604
8037344
7933788
7899712
7911784
8115704
7912148
8047536
7884004
8023940
7875304
8013016
7872584
7957628
7990000
7918220
7878932
7948000
7884812
7958036
7927024
7845208
7882848
7941784
7872940
7890748
7918900
7874752
7906396
7913284
7863984
7886772
7816460
7901016
7945748
7930156
7856520
7902024
7847328
7852404
7831924
7873600
7878760
7896884
7824112
7900700
7943468
7953836
7865348
7948480
7871120
7870036
7917900
7859324
7840244
7900284
7825396
7893300
8000460
7853068
7871896
8105380
7892024
7905900
7857640
7851072
8042960
7962188
7950668
7892968
7913908
7890304
7988740
8010040
7886588
7923824
8002908
7864832
7926484
7913552
7883628
7880608
7855600
7859212
7898716
7902732
7937836
7907260
7954748
7839932
7948092
7967908
7865580
7888928
7948680
7898260
7847620
7886776
7971456
7886444
7982284
7914944
7922420
7952336
7894116
7896864
8035384
7901676
7976212
7911772
9705252
7887568
8088552
7931220
10589308
8103800
7940256
8002708
8004996
7917364
7974172
7979356
7962576
7923776
8031120
7976756
7992548
7996368
7858816
7973760
7993480
7980852
7967388
8113460
7967148
8056324
7962864
7895844
7972088
8041780
7967728
8077000
8067164
8050712
7872176
8020844
7969304
8041344
8028512
7894088
8026196
8018504
7974844
8004456
8028816
7965824
7980788
8147576
8005168
7891424
8058040
8103636
7847592
8034912
7799184
7809192
7999616
7954452
7889288
7989436
7928100
7979660
8016772
7853316
7905620
12065312
7865832
7817604
7972980
7807108
8071920
8035868
8047048
7975616
8172796
8002568
7995484
7983648
7908132
7958536
7981304
7955784
8024940
8037312
8097948
7943316
8072868
7961636
7841992
7987580
7870940
7882276
8181328
7937940
8098808
8070724
8116876
7849540
8007664
7790716
7888588
8023664
8001848
7813900
7945480
7886724
7939804
7957468
8135616
7912356
8061364
7811444
7906992
7975428
7929140
7919512
8006088
7974472
8135984
7986348
8096360
9666496
8013544
7937372
7951928
7959496
7855820
8026200
8062332
8022200
8243188
7978816
7890348
7882776
8181140
8155828
7937480
8199048
7948748
8089320
8043732
8025024
7959488
8242608
7897148
7873736
7904552
7875868
7915608
8018316
7973408
7799464
8023184
7935464
7906364
8047468
7877496
7893624
7960544
7818968
7923624
8177396
7929248
7982656
8048752
7998048
7977772
8033020
8001464
7820316
8430464
8107208
7977456
8190764
7834976
7872976
8009836
7881936
7821732
8038784
7834540
7885160
8002732
7821376
7881196
8197232
7956124
7916052
8114108
7832000
7875504
8184184
7898340
8099520
8018888
7901540
7870296
8047896
7923396
7972564
7980208
7902688
7829512
8010344
7923996
7913768
8048748
7916788
7871504
8315264
7941244
7950468
7996388
8028012
7821620
8305812
7974012
7882444
8011128
8036316
7944716
8136080
7921356
7955348
8033372
7889768
7900228
8206936
7893920
7888020
8056084
7980584
7941948
7972008
7954024
7936512
8070948
8098800
7938148
8046204
7972192
7882716
8093924
8015780
7978356
8218712
7912224
8143044
8074236
7939196
7963352
8206232
7996392
8162236
8187900
7982564
8109012
8065596
8035168
7938428
7989616
7916476
7964044
7922772
8014628
7980772
8093124
7959104
7949848
8034040
8013932
7929672
8064008
7960156
7993228
8008608
7905728
7915248
7987560
7954796
7893544
7963384
7960284
7824180
7984068
7902556
7915004
7986192
7976236
7903752
7905628
8001224
9491720
7967388
7937480
7887324
7996700
8117700
11576652
7978876
8056556
7979700
8012176
7989832
8028460
7963156
7971036
7995480
8023624
7924000
8010452
8002416
8023912
8074076
7912984
8126216
7976496
7949764
7921220
8160104
7974840
8006796
7915224
7953876
7988532
8091700
8000736
7976948
7939780
8020852
7922668
8083172
7953760
7899180
8029744
7912844
8011560
7894452
7932532
7903168
7880380
8169032
7880660
7822596
7914136
8040372
7867388
8061780
7921516
7811256
8081648
8037460
7920840
7996060
7952792
7904800
7934448
7838880
7889596
7929640
7937104
7835576
7916908
7881612
7881548
7961028
7981888
7826924
7891780
7986956
7893964
7987200
8101984
7814288
7994788
7883820
7967836
7931740
8083556
7845328
7970308
7931856
8049180
7949844
7884016
7876688
7837304
7881036
7892800
7966100
8147616
7904672
7948584
7921092
7979660
8004604
8061872
7887260
7864708
7943820
7890028
7869484
7939168
7912692
7921520
7885668
7867764
7838592
7930488
8114308
7889368
7945684
7882948
7876696
7917864
7888892
12086984
8219036
7882800
7862688
7910100
7921100
7923860
7954076
7753480
7776104
7876604
7894760
7848948
7931220
7821136
7892244
7864912
7891204
7859904
7859400
7884124
7908036
7961872
7872440
7876912
7937216
7910880
7888884
7964780
7884592
7901352
8011208
7928020
7837112
7947768
7816448
7839596
7886732
7809268
7858416
7900980
7906340
7731392
7941160
7919712
7750744
7902452
7822812
12110396
7911604
7905532
7899984
7864144
7978724
7922040
8046940
7999080
7938064
8002628
7809308
7896184
7942464
7890932
7849636
7922680
 
7824428
7835872
7852356
7839628
7816140
7950224
7894068
7885644
7856988
7887844
7869024
7911572
7960188
7855744
7929948
7861908
7811960
7902436
7822656
7807816
7838740
7916480
7818476
7953344
7787516
7948656
7883460
7856648
7862444
7915000
7831344
7838300
7939500
7744584
7900184
7891204
7747968
7992260
7940044
8001872
7869908
7929184
7905912
7848628
7995932
8139332
7812468
7938428
7838172
8058600
7943996
7782604
7829852
7847676
7804444
7844424
8010288
8021848
7951572
7897340
7861376
7838216
7930180
7812960
7814352
7995292
7978836
7783752
8038732
7816244
7882632
8144052
7871520
7877948
7931920
7861780
7854972
7999248
7849492
7740520
7995132
7854920
7764812
7983972
7848432
7813148
7932132
7887796
7810164
8121700
7857676
7885104
7958204
12000340
8077652
7997432
7825388
7909792
7881112
7765568
7798672
12521404
7747988
7829056
8001796
7778568
7783208
8085816
7838300
7835412
7966444
7980772
7853008
7995384
7860756
7746128
7981612
7962888
7726900
7996892
7774164
7834368
7954428
7827372
7811500
8023788
7760168
7880672
7931744
7883052
7900924
8005500
7901552
7793912
7964072
7834448
7836348
7905316
7856052
7937080
7943384
7837952
7757824
7938892
7744596
7823424
8020084
7806080
7945768
7999244
7856716
7825660
7947560
7846668
10894056
8004796
8659876
7936300
8208996
7831292
7889232
8040492
7999052
12080964
8414380
8028172
7899064
8135768
7809552
7919992
8198892
7865768
7887684
7965856
8052216
7868516
8043860
7742272
7817332
7896092
7933884
7817452
7967044
7812712
7828680
7889032
7803184
7860996
8074864
7724780
7825636
7971472
7838892
7925576
7983956
7770560
7883492
7867384
7869312
7822960
7905984
7831444
7827112
7990752
7817012
7867096
7951568
7769048
7837768
7869328
7828888
7843628
7937544
8282308
7839592
8019828
7795448
7861480
10507140
7865868
7945992
7936352
8072032
7918664
8081388
7851200
7926820
13425024
7788268
7782508
7846976
7783244
7801024
7976696
7823024
7806232
7961380
7864224
7835536
7921676
7838896
7750192
7977444
7814932
7905276
7857920
7860572
7747944
7879624
7796936
7858312
7760484
7799140
7867572
7725168
7864656
7883348
7759080
7968892
7821364
7893836
8026904
7871500
7900140
8021876
7974196
7862696
7991656
8002484
8073252
8043716
11830392
7891016
8010128
11348872
7923292
8092460
7935080
8014052
7962788
7966524
11894004
7919244
7901708
7800336
8006060
7895504
7958884
8010340
7900460
7884828
8070532
7859632
7830884
8013648
8000472
7986052
7959988
7971152
7888056
7958012
7846764
7871404
8040984
7889064
7920420
8018836
7891860
7959796
8032416
7939252
7981568
8077888
7846824
7876704
8031584
7802824
7935472
8075032
8055136
7939252
8059404
7945632
7997016
8051600
7906128
7954536
8213320
7935024
7915004
7977152
7929344
7976032
8337128
12850968
7978980
8072864
7914548
8034552
8143936
7976080
7917836
8102904
7977612
8050952
8882916
7869940
7914500
8176276
7998972
7948920
8099068
8030992
7921700
7992116
7822888
8019724
8092448
7951288
7934164
8138972
8008640
7969888
8107496
7941992
7884920
8104324
7973620
7867008
8101528
7886804
7895188
7950496
7955104
7896572
8014444
7940308
7896284
7994764
7855700
7806676
8088444
7962448
7819412
7948224
8017720
7878416
7953604
7952568
7963940
8095868
7935836
7919148
8024876
8028524
8106832
8074708
8125268
7859812
8037044
8000596
7816428
8765196
7929184
7971724
8030964
7863592
7926224
8181236
8110384
8033524
8123856
7869104
7995456
7957092
7922792
7949284
8104868
8002980
7983340
7867984
7924504
7966888
7895360
7899340
7863652
7943916
8010320
8004748
7947980
7933640
8012868
7928880
7919984
7992512
7828456
7889852
7921224
7965540
7881012
7913180
8017056
7974840
7849840
8104204
7829348
7856856
7952356
7890896
7897504
8064520
7917772
7775896
8065400
7904584
7906380
7989688
7831460
7850032
8311824
7848716
7911364
7992512
7895432
7883104
7888096
7899944
7895212
7928852
7839192
7908088
9371684
7965328
7969688
8001936
7868156
7829052
7955400
8043084
8045064
8028572
8004676
7885824
7950680
7958928
7945108
7988148
7957112
7995172
7982232
7887004
7898812
7983888
7882104
7935672
7971372
8032864
7918104
7938728
7896532
7921624
7818712
7929488
7903912
7929368
7840792
7910724
7913816
7964332
7800084
7885212
7893256
8182136
7866824
7931300
7837884
7905464
7955840
7887608
7927960
11926628
8137824
7903220
7885508
7846836
7868576
7901952
7860964
7796928
7968008
7935652
7875288
7830640
7785224
7816436
7844088
7926852
7789316
7871116
7853436
7781928
7796536
7881376
7856720
7880100
7745468
7838856
7859616
7823312
7804468
7855516
7795672
7741892
7913828
7830916
7761708
9759416
8275584
7794508
7916424
7799644
7929328
7953232
7926352
7833644
11300196
7906084
7745236
7837092
7852296
7793704
9804168
7991336
7974568
7867168
7934224
7859712
7941284
7905900
8058504
7833264
7821216
7859660
7936996
7861188
7919612
7916288
8040564
7805836
7972684
7895876
7948916
7901544
7975760
7898684
8007972
7915468
7987476
7886888
7871388
7879056
8000480
7865068
7896780
7962128
7848072
7937028
7870244
7782236
7959148
7870280
7932884
7829260
7851764
7855012
7894816
8104720
7986060
7964928
8019252
7858348
8048532
7930192
7860496
7879304
8125792
7943024
9445436
7811528
7825156
7733072
8060196
7879372
7901672
9360944
7958340
7844500
7982032
7836012
7918944
7957944
7763984
7761884
7960752
7867588
7922900
7856024
8003824
7856496
8060600
7889216
7950064
7789244
7918512
7798660
7999296
7890092
7936420
7913988
7989516
7803368
7938308
7797792
7861308
7923080
7827140
7819136
7937012
7849464
7885860
7894668
7745904
7795972
8009872
7771412
7858692
7890480
8077340
7835456
7909044
7872628
7817924
7952776
7872476
7832228
8114044
7737500
7831608
7950848
8021776
7865028
7882988
7811832
7872652
7836596
7822104
7885544
7886840
7792920
7809924
7915096
7805028
7942900
7862132
7833500
7771024
7964540
7751484
7869500
7944132
7857036
7857236
7929220
7821872
7749100
8036360
7750712
7826352
7967620
7732380
7773360
8022364
7849808
7831476
7877296
7962472
7873468
8018024
7793128
7820796
7955080
8112364
7803840
8059724
7855324
7811692
7877004
7822844
7776904
7889920
7832536
7843120
7936528
7797660
7769080
7942492
7830524
7848212
7983288
11849672
7759580
7980988
7808980
7856224
7962616
7987812
7889420
8003792
7937596
7871768
8073356
8003396
7848468
8056808
7961712
8029120
8024728
7860060
7856680
8016976
7854904
7839372
7879236
7937044
7734980
8137240
7840520
7845484
7886508
7831180
7806216
8106400
7795412
7766084
7978884
8071156
7809456
8161160
7817048
7860596
7944620
7854916
7735844
12008796
8155208
7834480
8023584
7839988
8016744
7948764
7793020
7739308
8103528
7808196
7809324
7902124
7929852
7947292
7960900
7748504
7857504
8001708
8320436
7793912
7888680
7845892
7803800
7940932
7827584
7858016
8127324
7895592
7749144
7956672
7830572
7954064
7944728
7928168
7797500
8053044
7793320
7911276
7928628
7803432
7912880
7999024
7803448
7932552
8017120
7952584
7933332
8049368
7851764
7910092
8126952
7852416
7794476
12166032
7865868
7900664
8204096
7939676
7896120
8110772
7912920
7963468
7968452
8077824
7915312
8050716
7872820
8019240
8159952
8088596
7894896
8222216
7911396
7920120
8783844
8036408
8043040
8208652
7909596
7958312
8049556
8039672
7982576
8218852
7916696
7980876
7969672
7903628
7927344
8277584
7900060
7927480
7943344
7855464
7890020
8210208
7993292
7956980
8071708
8026576
7930364
8247844
7923612
8104612
8023604
7983240
8011476
8101496
7948180
7906984
8063952
7992000
7859884
8135924
7881500
7962668
12689604
7863404
7894140
7957444
7880284
7915048
8079088
7859568
7896108
8061040
7933644
7955836
8000192
7832256
7912756
8082184
7967888
7858760
7978268
7829496
12517524
7962220
8075996
7916060
7936808
7880352
7955960
8025044
7816648
7802960
8180736
7920880
8024320
7920688
7915496
7839264
7971828
7923836
7967416
8087192
8039132
7923736
7897728
7904296
8035672
7880396
7975684
7959636
7991084
8129884
7854996
8088748
7897864
8039960
7879580
7898344
7930392
7902460
7880608
8161736
7845492
7814468
7979020
11903468
7971848
7929500
7842972
7853028
7900540
7878124
7897568
7919984
8107780
7817480
7899156
8023544
8150596
8189308
7896324
7895852
8039676
7879900
7872448
7862120
8039956
7952416
7874916
7945688
7966140
7889576
 
7856028
7829464
7767500
7867872
7882196
7872652
7868408
7895260
7922832
7876744
7894204
7911628
7882564
7986384
7808744
7822088
7894908
7926736
7797452
7870124
7922148
7909116
7876776
9116960
7893036
7805672
7876352
7815976
7832836
7886720
7852904
7798628
7863644
7927440
11785868
8296184
7872496
7844948
7856172
7806240
7900756
7872832
7956748
7961556
7913108
7935312
7833656
7937988
7920000
7945296
7871156
7880604
7753280
7863120
7902916
7930148
7849212
7890684
8017584
7936088
7869804
7913528
7800248
7921004
7854008
8649116
7789188
8008816
7843776
7913444
7933656
8103412
11868544
7900052
7921748
7884072
7887852
7953380
8023656
7846836
7887476
7883452
7941500
8064592
7964540
7943684
8016700
7926228
7969816
7969388
7920064
8016036
11844388
7952916
7910384
7946960
7853460
7812908
7752148
7887344
7811348
7913744
7863312
7946816
7877352
7905224
7878052
7898004
7855088
7890760
7923632
7875480
7929504
7878820
7886632
7950472
7887980
7905608
8025064
7810396
7887884
7834936
7855388
7930000
9696684
7887824
7907476
7842932
7943640
7875908
7910104
7888684
8092880
7973388
7906792
7885156
7977820
8134556
7915628
8008284
7971500
8331156
7932660
7916104
7926844
7962668
9386936
7934640
7952128
7881416
7942148
8006088
7928816
7944760
7947652
7890500
7939732
7995260
7882336
7894588
7867956
7886228
7953320
8037340
7885452
7984800
7952656
7874000
7929724
8065612
7929716
7887432
8015952
8004320
7926500
7986572
11266556
7988860
8057924
7937744
7966076
7967036
7923992
7962800
8200304
7875968
7873620
7972936
7913096
7877344
7953500
7891052
7884528
7870464
8110144
7974652
9849780
7965508
8205852
8037864
7978336
8019056
7976696
7909188
7884468
7950944
7970036
7958140
8055884
7970456
7921644
8030164
8043256
7942828
8027400
7886540
7912484
7939376
7867292
7919032
7985136
7862340
7925576
8013864
7931564
7976728
7957056
7811056
7900220
7999448
7928448
7898588
10409652
8753056
7988036
7916932
7944208
7926372
7986320
7850784
7935332
7967576
7870120
7950824
8008316
7900244
7939916
8032752
7968232
7971528
8048756
7973264
7839284
7928872
7931012
7982004
8132408
7891064
7880056
8005904
7912780
9475744
8279084
7810576
7977840
7977628
7879844
7937084
8079728
7921580
8025592
7974964
7962768
7936020
8039144
7922548
7865420
7945112
7848488
7902048
8092136
7991016
7964376
8059236
7906596
7875728
8126248
7909268
8050820
8064040
7868188
7923184
7975504
7878424
7836420
8279092
7800180
7966628
7959128
8012932
7915512
7939112
7894492
7930716
8047736
7899244
7958176
7992136
7894548
7879588
8054324
7993756
7813664
8027936
7973804
7907352
7972040
7934728
7898948
8087780
7930384
8018628
8062508
7782572
7819076
8099896
7905008
7988008
7965200
8022468
7807344
8044280
7952480
7943248
8056428
7989588
7835260
8011996
7862728
7967996
8042212
7858640
7855700
8173392
7936052
7804212
8004136
7899572
7892600
8101032
7863912
7788172
8043248
7833916
7850900
7955468
7970372
7926956
8051736
7826280
7907716
7964808
7896608
7797140
7999736
7874840
7799348
7943688
7959776
7966408
8033180
7871592
7907736
7928320
7861736
7820732
8082096
7850704
7888528
8045948
8055024
7845712
8021184
13112212
7907040
8108040
8037060
7955468
8065232
7875904
7983836
8109788
7955200
7994764
8059644
7973924
7920560
8014984
7923460
7906732
8010780
7899148
7828804
7928740
7933452
7808508
8036100
7825124
7854652
8130380
7824808
7875592
7985136
8088680
7872040
8022688
7854016
12676456
8011340
7897056
7861340
8051564
7928840
7875796
8080808
7987260
8013020
8091544
7980396
7905276
7943868
8105340
7846184
8018784
7961844
7993484
7928892
7908588
7883048
8090240
7847724
7841308
8060076
7981108
11739576
8056168
7859900
8004800
8047820
8092728
8000524
7947884
7914192
8080412
8027268
8076692
7979048
8025844
7863140
7925036
7961984
8116992
7916032
8053720
7971032
7969088
8131276
7997248
8028728
8092904
7946588
7909096
8026964
7939872
9113276
8021224
7895840
8007876
8131716
7975712
7990804
12973272
9375184
7933084
7949436
7889852
7973788
7965656
7912100
8036492
7912968
7881192
8004104
7990964
7832588
8078464
7964928
7804172
7924156
7858612
7975688
8030084
7956452
7880948
7945256
8123220
7850040
8082384
11933036
8143892
7888040
8077200
7936760
8026504
7885200
7927788
7810056
7911936
7934004
7924216
7885204
8025604
7951928
8030836
7818448
7889676
7892584
7860796
7948864
7899636
7960136
7883996
7997384
7863052
7920732
7896068
7892976
7928688
8297176
7923976
7933148
7988452
8043304
8120664
8032808
10771064
8034152
7936280
7980864
8085028
7982684
7922008
7963176
7951044
7990888
8057860
7873700
7954972
7996220
7928348
7897200
8069820
7765376
7920368
7957692
7909816
7903520
7939600
7857060
7856560
7871052
8122852
7920240
7891188
7841636
7920508
7831596
7931864
8011652
7771360
7832636
7805220
8024488
7783280
7840476
7890996
7885176
7861368
7907072
7848840
7882836
7805188
7910924
7871140
7847420
7920740
7867240
7851020
7904224
7897340
7811808
8736296
7947096
7905376
7899748
8012196
7873424
7856852
8170956
7870168
7831468
7914084
7990036
7979780
7928420
7837624
7888208
7958328
7845232
7950120
8185488
7968220
8035860
7914372
7963856
7817432
7842852
7896944
8967048
7962456
7853572
7959564
7864356
7904028
7817168
7857768
7842672
7913052
7922076
7954296
7887916
7951636
7888352
7807680
7886788
7915116
7919856
8033992
7907008
7972104
7908332
7908368
7891096
7843744
7978244
7890416
7883472
7888460
7849616
7965564
7804052
7861864
7909800
7858784
7892512
7927684
7849044
7874504
7855260
7808968
7839180
7937692
7994908
7741612
7901564
7797864
12053512
7867416
7983832
7933048
8031032
7815588
7864944
7920432
7748848
7798000
7848340
7884040
7749116
7863204
7777460
7845520
7826436
7735280
7817336
7822184
7825920
7820532
7877580
7741752
7898492
7876584
7775888
7821152
7885788
7747348
7842648
7924980
7822256
7919244
7810412
7766452
7758140
7856088
7772028
12211888
7946172
7831196
8060356
7904904
8150556
7901648
8075368
7890600
7897500
7817276
7742072
7911084
8242956
7734560
7939116
7922568
8151004
7786800
7921120
7850584
8039080
7924004
7923260
7751760
9826572
7936132
8153044
7885236
7992204
7873608
8148456
7902184
7939280
7930280
7969432
7931424
8143980
7900200
8106512
7972676
7809784
7831004
8094128
7831244
7911904
7927192
8047008
7871316
8021844
7883608
7863820
7951816
7911684
7924268
8020020
7888184
7995168
7977716
8715120
7915856
8107684
7871704
7987608
8048388
11994536
8063300
8052432
7858636
7938368
8039808
7955856
7845884
8006832
7863624
7863936
7910716
8062176
7976932
7929072
7747464
7896940
7897508
7835348
7788772
7888184
7884568
7961152
11332552
7892716
7934956
7946848
7900700
7854016
7937048
7916520
7748228
7923760
7882500
7926600
7917692
7909060
7861248
8268428
7893812
7963760
7857236
7879264
7971176
7865208
7938916
7729532
7920880
7877452
7836424
7931340
7828044
7996052
7870864
7973804
7794780
8102736
7733160
7764960
7900808
7838392
7812552
7963948
7808476
7749388
7939056
8122416
7795436
7933632
7797064
7741424
7825612
7868120
7822060
7931612
7816028
7880652
7897272
7742728
7859200
7875692
7809264
7821192
8103972
7834276
7838756
7975220
7789628
7975096
7943540
7960788
7947436
8148640
7781628
8108852
8057012
8074692
7831536
8136712
7805076
7794900
7937188
7839348
7761252
7938108
7750496
7850636
7931544
7895556
7786304
8059052
7838604
7749312
7996844
8002752
7797636
7957208
7741912
7807052
8155128
7821956
7927916
7947664
8832952
7760712
7965840
7892252
7734292
8018044
7911956
12453884
8010272
7928172
7871040
8091404
7803764
8212424
8008492
7952508
7872756
8218408
7914648
7829888
8054788
8095612
7820160
8060620
7784696
7803776
7957336
11726268
7986060
8047060
7846928
7904092
8065532
7879972
7851640
7996432
7862736
7966952
8007536
7837952
7940196
8136428
7814212
7839268
7905268
7881120
7755684
8065904
7863156
7970392
7980376
7887980
7791636
7732584
7903656
7890520
8031560
7933780
7979228
7942688
7928324
7925448
7984368
8000296
8035660
7858340
7949936
8001692
7861964
7925232
7940112
8048680
7918604
7803440
7872280
8034876
7857928
8013000
7908000
8017200
8117656
8051972
7799552
7883040
8024244
7899528
7859088
7876012
7786316
7877384
7886828
7797268
7783768
7862780
7877412
7750012
7904912
 
7808880
7811760
8035352
7802108
7802248
7826280
7806688
7835740
7995896
7734032
7837328
7997396
7870784
7871712
7888468
7845972
7834396
7896884
7824152
7929904
7982952
7801720
7808004
7938092
7744152
7774584
8033944
8117836
7819672
7944088
7773548
7820864
7929456
7802568
7846796
7909296
11729140
7958012
8020572
7812304
7831200
7995564
7756028
7903896
7857348
7864248
7834948
7960476
7837352
7883984
7985300
7771956
7803056
7886124
7879420
7792472
8055900
7830044
7861512
7932504
7781076
7903256
7983376
7828640
7872420
8003980
7889912
7902024
7984352
7720860
7923172
7990644
7792972
7838180
8059156
7847056
7844232
7891736
7930460
7837304
7976896
7840188
7822500
7942780
9315904
7807876
8014016
7912392
8001584
8210532
7880152
7729352
7930680
8012704
7768284
7969576
7837912
8066236
7981624
7742604
7863632
8125284
7739468
8031120
7987756
7885588
7881076
7991976
7826792
7840004
7991940
7849148
7840208
7944876
7820964
7800112
7978104
7828636
7872688
7920072
7848264
7823720
8007552
7788780
7827252
7872940
7795832
7809116
8004168
7808040
7783332
8086288
7770612
7939476
8031460
7785688
7847764
7992312
7837076
7879348
8924156
8335868
7898384
7944292
7846672
7894368
7885776
7816592
7737696
8001788
7785244
7820156
8004448
7847200
7824576
8082344
7793440
7865756
8060872
7818676
7778344
8049072
7897072
7784520
7913272
7865652
7880000
7944400
7839380
7790716
7975184
7890216
7726216
8114012
7756376
7757508
7996956
7785212
7857568
8042636
7783952
7835204
7983768
7848524
7832272
7894388
7797376
7958068
8018308
7858624
7940060
7997472
7983692
7798068
7913296
8020504
7929580
8072360
7825992
7818788
8059976
7854440
7955724
7925408
7963292
7804252
8094260
7751860
7734100
7925912
7836192
7792920
7978912
7795460
7914092
8083996
7797036
7839668
7916616
7791340
7928828
7867572
7816672
7779336
7933136
7918208
7871988
7977576
7843492
7948132
7916304
7904692
7806940
8024488
8034832
7855904
8357948
8005036
7801580
8119652
8014824
8051936
7916352
7990760
7895356
7961036
8028484
8038460
7954980
7826092
7875428
8013784
7826936
7872080
7983488
7914612
7820440
7968968
8096908
7931960
7875156
7928524
8155524
7849544
7949304
7901064
7956492
7930208
8020592
7799604
7908784
7881912
7872572
7870324
7982548
7854432
8019144
7914316
8063296
7904712
7920708
7941672
7810236
7968168
7877704
8181380
7834608
7889340
7908540
7941872
7927964
7896568
7923916
7916288
7956516
8022380
7785196
7908220
7941360
7922280
7911512
7976216
11692212
7963032
8000756
7929220
7944168
8036984
7927444
8094976
7974240
7942416
7974368
7981288
7895304
8011036
7974072
8011908
7849824
8038792
7930140
7813456
7901312
7893444
7801628
7889344
7934420
7938200
7965080
7848820
7893440
7954008
7809564
7901524
7822384
7816244
7860560
7852564
7827584
7792348
7888252
7817596
7903132
7870100
7899088
7983592
7928384
7939428
8065436
11628060
8077952
7986804
7962584
7892532
7951672
8018076
7906204
8010760
7923876
8009616
7996328
7904168
7822276
7966416
7898980
7900360
7973160
8031224
7899868
7792500
7894096
7918500
8107772
7845532
7890424
7848260
7894044
7865116
7929784
7894268
8089120
7887920
8004488
7885076
7887160
7884524
7917716
7883124
8015088
7817792
7982440
7889968
7906608
7860876
7884404
7842844
7970912
7879584
7972836
7980940
8082412
7846852
7872440
7843032
7916344
7889352
7828044
7890292
7933980
7881004
7923228
7905596
8058968
7868620
7942236
7802168
8071920
7864812
7888308
7881356
7958676
7957660
7815068
7973488
7852564
7889328
7990636
7770264
7870848
8012036
7875500
7916392
7945472
7891144
7854252
8003244
7914388
7788320
8209688
7944964
7818336
7963076
7858072
7844884
7941352
7794868
7883988
8002044
7807312
7858832
8125132
7857160
8066756
7909664
7879368
7854852
8060108
7874992
7905244
8082000
7899056
7897712
8108704
8113132
8046656
7964124
7796104
7784628
7967704
7925872
7895696
7955344
7843884
7947648
7929580
7903280
7894928
7974664
7855220
8024656
8026384
7897512
7831684
7978100
7914924
7868852
7927796
7875208
7971996
8179512
7884524
7889924
8033024
7759204
7745996
7969004
7975240
7808388
7941388
7902632
7864608
7983740
7863220
7866720
7960836
7942528
7857920
7948532
8210428
7807328
7973976
7868524
7784572
7921464
7786600
12359660
7990960
7794616
7833040
7983276
7807256
7849448
7971892
7846624
7833928
7995556
7873516
7807236
7930072
7867328
7844836
8001464
7840448
7740440
7944696
7810128
7830612
7911384
7795680
7748236
7960208
7831380
7830368
7954056
7849868
7809240
7907048
7745436
7776020
7915988
7890776
7805064
7913140
7741208
7844216
7951948
7891316
7838816
7968232
7915264
7822644
8114020
7795716
7872324
8015728
7795072
7752516
7946336
7761300
7749172
7896912
7863216
7819336
7956752
7913112
7816212
7916004
7826856
7844052
7906772
7785836
7790788
7999240
7897580
7768776
7910136
7787308
7921932
7736084
7869804
7874556
7826572
7920868
7891724
7830820
7881260
7805656
7814416
7799132
7754432
7736236
7889388
7786364
7826716
7853308
7873028
7828500
7899316
7728948
7899388
7850592
7793760
7888956
7818740
7736520
7818408
7914460
7887356
7772136
7919588
7824268
7811748
8023216
7790284
8031304
7924420
7836360
7923680
7882108
7975968
7841116
7951928
7741240
7745116
8009364
7787652
7841568
7933336
7780828
7838148
8058864
7819148
8058600
7979400
7873128
7843788
8127808
7900112
7828980
7867396
8004876
7830044
7908480
7776904
7825848
7944072
7885552
7787672
8149960
7786956
8006396
7827832
7944688
7827636
7866556
7835268
8025532
7941652
8003908
7861516
7889044
7783284
7824176
7968832
8025532
7778860
7998764
7876152
8140496
12696612
7894064
7904548
8034600
8007240
7908188
9335360
10331096
7825300
7945624
7859556
7907700
7769400
7774472
7889352
7990448
7738264
7837776
7900516
7954236
7917812
7778196
7844516
7970588
7813300
7814840
7797396
7978980
7798620
7854008
8026316
7807612
7876976
8017612
7835768
7900672
7916816
7812464
7829120
7729324
7795216
7837228
7828208
7812732
7829016
7854420
7831212
7782840
7839024
7786796
7829776
7858668
7753592
7804344
7845736
7835376
8045868
7776584
7795552
7831864
7737632
11740672
7921992
7898952
7926224
7971504
7779976
7909032
7851812
11639076
7826832
7884664
7858968
7866092
7853600
7992864
7781784
7959456
7836688
7963992
7854240
7804088
7840028
7889248
7755404
7783576
7792776
7777088
7815560
7739124
7803852
7794612
7772028
7808664
7798004
8120012
7877884
7787216
7887400
7843500
7805784
7889284
7744660
7972188
7804516
7964256
7889200
7878076
7891516
7992116
7897656
7803644
7850340
7900204
12814228
7878916
8040584
8145604
8022564
7922476
7891936
7911580
7956980
7865180
12543688
7914720
7981164
7918160
7935876
7793560
7998336
7941124
7900548
7915688
7950204
8026660
7944664
8181632
7785320
8095352
7887276
7881900
7873244
7881016
8117652
7896540
7885164
7864508
8145204
7897180
8050756
7888896
8080740
7894392
7950368
7880600
7920940
8057428
7898832
7924704
7915744
7846856
7881880
7900708
7915484
7847744
12036820
7860124
7961800
7878588
8001240
7882840
7822796
7994964
8043284
8205308
7937056
7919404
13364564
7880428
7882848
7982740
7994252
7841064
7853772
7902972
7840204
7927824
7884860
7804876
7890368
7880576
7901548
7901000
7892924
7887508
7935312
7884672
7851728
7914968
7947728
7940268
7885992
7802032
7872324
7938552
7902472
7923748
7896940
7810272
7906244
7832768
7875468
7850700
7936880
7793724
7891124
7926120
12364576
7759188
7954308
7920312
7977828
7995308
7810916
7878548
7942964
7899732
7871724
7959680
7905584
12111764
7888176
8305236
7861316
7918380
7802560
7863536
7927572
7917852
7811068
7967760
7800796
7885180
7939116
7901928
7930080
7988032
7900004
7846480
7946424
7921364
7946496
7921300
7921064
7874928
7912904
8027440
7835576
7994052
7871208
7831700
8021836
7820884
7901280
7947072
8069484
7861256
8012540
7943712
8094192
7954896
8055416
7881044
7949944
7817904
7972020
8046288
8072416
7844292
8466024
7908864
7935044
7896656
7941508
7913676
7888936
7908932
7909284
7960944
7867976
7906016
7945384
7958736
8059916
7966832
7965544
7873900
7952388
7883272
7903184
7919180
7955704
7862596
7947772
7925068
7957796
7909252
7879332
7858148
7998940
7877140
7854692
8048472
8072172
7865492
8084376
7838332
7890076
7916400
7815876
 
7916692
7978856
7802988
7844008
7896792
7903088
7822460
7933476
7808200
7851848
8022296
7823748
7838096
8054736
7826756
8169960
8132104
7908780
7960664
8152712
7915256
7864364
8025396
8071412
7897508
7958372
11937568
7749128
8013128
7891712
7814748
8190996
7858912
8021536
7926040
7892964
7880788
7942416
7916976
7843780
8142696
7864264
7796548
7961260
7795812
7930804
7943480
7868640
7752068
7969504
7893836
7881108
8043104
7886256
7879436
7991880
7903344
7857328
8084936
7834692
7903568
8137576
7802516
7912872
8004208
7883252
7934852
7973676
7898324
7953284
8052684
7858824
7874116
7968552
11761380
7916216
7980228
7887252
7903552
8015720
8011540
7817404
8011088
8061032
7894248
7985088
7886960
8033544
8061748
8014920
7926360
8106056
7898156
8021020
7999004
7914992
8048584
7952768
7903208
7910856
8009368
7870696
7999648
7844436
7861316
7857604
7947144
7842196
8146612
8053348
7845060
7907388
7993252
7895128
7890376
7942736
7845144
7930556
7802956
7853252
7873136
7931644
7903868
7935832
7897972
7847804
7952100
14050780
7875572
7951368
8056876
7941048
7877436
8038044
8005548
8002932
7793816
7797208
7996132
7831292
7880264
7908688
7982996
7917816
7918352
7949932
7904692
7828756
8018080
7888260
7858024
8009500
7892596
7925180
7999392
7894064
7899684
8042588
7924780
7910364
7988992
7813192
7853212
7840632
7941200
7852452
7929444
7845888
7858312
8011692
7952744
7991992
8016556
7877636
7854472
7871468
7795588
7942660
7863272
7880824
7816684
7881424
7890372
7856924
7873608
7869892
7800568
7844760
8939680
7855160
7920928
7787476
7803284
7818696
7847052
10452848
7866340
7896844
7872608
7866820
7921268
7957196
7935564
7856928
7935396
7936908
7875108
7835472
7877716
7964688
7902944
7980016
7823256
8079976
7818068
7904124
7903972
8076776
7829464
7964984
7798464
8009936
7861792
8069952
7824116
8026188
7870476
8050256
7836852
7881148
7941320
8034440
7845532
7952596
7809964
8095364
7908172
8040680
7904272
8679108
7853944
7808924
7832192
8037216
7829784
7875216
7807632
7890840
7854028
7929024
7857016
8091040
7962660
7860704
7954624
7892008
7881648
12500528
8707048
7917708
7867148
7929540
7844992
7912172
7806392
7885424
7891060
7931592
7808156
7925576
7873888
7923016
7825964
7910356
7900808
7898224
7904368
7811540
7884888
7916896
7926836
7748780
7803908
7868940
7932304
7876388
7922200
7849580
7816036
7902796
7902548
8450752
7912936
7843744
7986652
7789852
7917388
8351484
7894324
8047560
7947036
8038876
7907880
7943780
8012044
7804736
8002464
7996720
7894896
7854888
7974016
8097212
7936796
8736420
8668392
7923376
7794876
7861152
7905656
7891296
7883324
7858760
7811624
7862904
7902848
7936768
7947320
8228776
7820108
7799584
7994088
7810076
7873232
7833948
7946116
7800808
7848748
7912524
7792840
8693916
7830040
8384760
7918684
8028656
7858244
7870136
8064124
7830284
8020368
7855664
8017300
7895424
8139208
7892200
8135032
7901160
7933540
7898984
7883044
7781068
8313232
7994024
7984064
7889736
7865204
8182552
8248264
7911916
7908728
7907016
7842052
7969476
7895480
7809584
7938924
7970644
7877196
7940480
7828360
7827432
7876920
8046632
7910768
7827828
7924532
7881304
7914504
7974584
7818244
7917964
7891364
7894416
7872956
7947400
7804336
7940408
7902288
7871304
7934512
16441920
8617304
7945560
8114748
7897656
7964468
7884472
7980028
7898812
7830628
7883976
7944524
7940292
7888632
7800080
7833936
7847980
7950732
8016520
12431480
11633064
7917332
7969436
8066476
7928076
7912996
7987828
7974424
7938384
8028812
7978476
7835396
7951416
7869556
7894984
7982968
7852660
7936156
7974788
7798220
7933920
8003408
7884048
7928380
7977936
7756072
7806280
8393212
11652548
7984036
7993888
7905184
7912736
8004028
7986240
7971764
8052872
8025628
7869576
8047708
7887568
8041640
7912336
7877860
7874712
10107368
7932532
8099892
8109328
7959180
7925312
7981664
7848272
7993088
7912628
7895184
8015548
7969256
8044028
7880392
7946992
7887884
8016364
8023388
7937480
8042416
7945900
7936632
7988208
7930376
7794476
7959036
7985304
8156820
7846080
8162540
7928352
9773464
7954888
7918484
7814216
7970788
7915124
7913596
8018192
7974848
7854616
7951852
7993476
7853632
8067384
7834928
7890768
7990568
7893136
7888936
8048408
7948364
7856664
8043904
7918444
12535432
8010720
8035032
7865320
8005644
7900704
8052080
8274956
7939192
7854540
8076712
7880000
7917772
8009768
8087736
7957688
7981720
7933596
7938080
7999436
7905516
7952776
8083228
7889748
7908520
8014132
7889392
8802260
7997968
7867716
7916592
8049580
8388800
12357536
8072392
8074788
8098500
8098008
7910616
7930196
8087996
7998160
8033984
8088140
8550964
7807780
8244784
7904760
8035824
8003848
8036380
7896580
8084600
7943680
7812408
8017880
7923032
7863048
8035068
7971584
7931016
11645616
7942056
7942556
7943552
7782832
7797964
8064912
7847060
7862648
8033832
7962744
7946496
8000876
7961864
7908896
7948296
7937948
7804012
8087568
7877240
7934260
7975768
7883248
7882184
7963628
7922244
7820708
7993636
7864628
7912672
8024128
8039108
7881648
8189432
7852724
7820140
8000756
7846604
8072296
7935888
7847260
7871036
7958164
7843532
8040652
7926820
7865660
7995376
10317572
7940296
7973920
7982312
7901776
7912732
7877516
7803276
7908188
7933672
7964792
7888100
7931068
7964760
7894176
7963800
7857424
7923572
7945204
7931800
7931440
8015968
7893524
7990068
7967772
7982980
7967636
7963564
7995816
7899740
7994852
7942748
7924164
7983484
7975696
7984272
7936836
7950240
7928196
7926160
7914104
7845416
7922080
7914340
7880624
7906944
7933968
7872540
7812308
8047104
7955952
7940956
7813240
7914036
7965788
8052496
7897752
8025732
8849928
7952044
7865332
7906688
7943032
7940032
8962112
7898060
7839924
7860980
7960884
7889436
7810880
7890544
7933068
8156276
7865536
7985832
7929784
8067380
7956392
7903220
7889008
8038288
7894248
7857388
7886204
7937432
7886896
7863140
7892276
9255196
7880944
7884532
7899160
7921472
8070600
7833768
7993700
7811148
7905764
7848636
7895400
7841720
8277764
7912852
8089136
7865800
7977492
7963528
7827696
7797760
7867084
7883940
7891748
7816516
7879516
8032644
7809928
7827736
7840580
7880816
7804324
7930084
7974616
7938680
7852592
7913552
7863540
7796312
7855584
7895036
7922932
7871348
7798056
8001588
7802372
7919688
7898228
9317088
7932724
7926444
7928824
7923128
7992644
7846432
11323516
8032760
7910988
7893524
7992360
7979708
7970544
8002364
7990696
8031448
7964072
8003388
8001660
7903192
7892808
7950876
8010828
7995148
7869220
7968112
7878204
7940164
7939276
7923884
7948244
7949484
7967184
7914200
7962416
8013352
7949616
7999036
7961636
7968524
7886944
10270404
9333464
7962628
7925200
7873388
8003836
7866080
7984868
7989676
7963620
7930320
7985056
7932784
8054328
7962152
7813952
7922512
7914772
7909552
7953320
7957244
7922708
8076824
7982556
7986192
7892508
8103644
7907428
8592628
7897844
7863068
7904836
8182016
7892200
7878940
7922564
7868764
7866728
8025988
7856876
7859000
7924096
7898028
7879064
8018428
7954848
7834048
7987996
7864972
7891936
7954040
7853984
7871496
7974164
7852696
7821072
8040916
7804488
7797756
7921660
7857212
7917484
8037528
7867252
7835580
7842428
7942992
7947600
7970432
7886276
7892812
7984084
7794492
7862032
8139252
7806704
8011660
7977524
7963216
7910052
7920120
7762168
7758836
12710812
7759440
7871996
7935428
7839288
7934500
8035188
7822904
7961968
8029584
7955952
7917408
8017036
7929112
7934124
7995204
7816400
8030824
7873016
7922972
7833588
7925512
7943512
7820440
7904564
7890024
7844932
7959272
7809264
7812732
8074392
7848844
7823052
7927392
7735916
7869940
8053900
11711396
7839944
7930348
7945120
7886292
8120036
7841816
7892244
7928384
7878396
7865448
7932236
7831068
7947052
7948000
7973652
7755584
8070872
7827248
7860644
7907616
7978216
7813556
8056712
7875620
12552216
10286108
7893596
7930912
8122612
7864584
7791660
7917088
7813528
7834344
7888904
7829244
7847116
7922588
7866712
7763936
7903160
7904336
7849496
7961320
7722172
7810948
7915840
7829720
7843232
7998208
7888016
7833380
7942008
7816452
7879000
8000508
7817304
7857140
7968480
7900100
7797548
7875416
12588332
7839932
8009284
7927996
7923184
8037316
7947144
7865248
7999400
 
7888424
7791924
7916416
8025660
7821872
7944440
7811060
7953532
7972228
7798572
7746484
8064224
7853768
7734920
7944548
12415124
7869464
7913416
7832068
7875276
7973652
7854484
7810940
7959744
7792412
7877936
7983044
7912104
7880588
7935204
7833396
7816576
8033704
7752128
7840800
7883320
7856412
7893208
7859136
7850072
7904032
7911940
7848004
7820144
7949488
7830016
7826088
7989852
7854344
7892364
7887076
7825008
7947552
7928976
7881504
12547444
8035024
7837660
7869388
8153360
7853976
7952664
7895108
7859784
7821532
7941048
8020048
7884416
7868152
7854152
7859772
7842528
7889820
7807224
7899992
7852388
7843196
7918296
7857792
8019584
7914544
7842036
7818872
7900360
7757616
7796360
7909312
7867628
7753148
7998724
7842300
7849468
7904836
7897948
7823044
7939248
7818148
7867252
7842356
7834328
7833988
7772472
7827228
7776300
7868344
7816052
7775396
7932784
7875888
7817768
7766028
7953536
7841164
7903488
7804836
7882188
7927536
7969700
9869544
11652528
7880856
7794364
7911696
7781540
7906772
7894392
7882028
7832484
7869168
7827300
7882404
7813892
7908940
7736324
7905412
7802868
7860308
7868664
7918180
12029332
7918472
7875564
7897812
7914996
7990932
7822244
7796960
7819800
7801476
7829672
7793816
7829000
8083128
7746708
8008940
7780560
7884804
7792336
8072924
7800608
7881496
7734596
7898928
7835952
7905440
7757012
7861620
7765228
7891464
7785896
7870852
7835108
7836888
7760560
7768264
7855604
7787780
7908864
7910040
7842028
7923816
7856480
8644376
7929720
7883008
7829000
8076724
7799572
7991204
7961788
8146964
7911612
7894516
7883316
7944324
7899828
7956576
7932604
7922272
7919972
7897100
7911824
7947116
7829340
7946852
7904868
7928288
7862736
7929752
7889948
7916672
8002808
7916668
7972608
7913832
7729208
7927788
8042452
7799052
7807892
7881116
7896496
7946304
7998528
7853040
7878564
7905892
7907748
7943192
7912124
7872768
7917940
7880688
7906908
8004588
8643008
7888876
7850888
7906172
7868956
7951720
7850908
7907288
7820748
7858848
7784488
7894836
7866580
7912688
7913284
7879340
7852964
7854488
7847684
7895496
7903576
7877276
7792820
7926584
7890256
7890340
7860744
7907872
7886432
7810636
7861896
7851716
7941928
7829180
7894112
7885656
7893540
7840528
8061288
12168852
8011012
7930532
7930132
7816808
7861236
7921020
7909440
7814988
7812616
7859760
7986716
7788420
7936352
7936292
7853768
7857424
8022632
7886932
12667576
8257304
7852032
8027636
7832856
7930888
7894236
7929264
7913356
7923148
7982260
7828720
7919592
7922868
7962096
7969292
7933696
8056472
8036988
7967632
7876428
7915704
7990972
7963568
7929360
8029896
7934772
8013968
7997060
7911440
7985012
8006840
8083688
7974356
7922444
7936244
8022020
7929680
10013492
7825308
7940740
7818644
7862660
7877760
7907628
8439496
7924660
8660468
9275888
11763708
7964144
7932256
7945880
7887400
7917744
7852028
7893984
7929260
7873820
7930248
7886684
7938608
7795156
7842560
7932060
7781400
8153712
8019212
8038196
7846800
7990264
8096816
7800228
8028808
7971612
7947664
7900884
7862884
7907564
7942960
8142412
7927748
7931156
9209524
7822528
7977124
8023540
7910480
8118500
7871172
7811360
7925156
7988928
7796044
7912048
7798964
7923544
7996244
7945356
7979820
8216880
8045796
7867288
8020848
8036720
7904200
7940952
8000992
7853616
7871868
7897116
7870412
7960964
7896684
7794620
8061856
7849884
7984992
7999952
7963644
7881316
8107468
7940484
7976728
7884048
7909964
7849792
8003348
7876872
7893048
7958376
7958060
7802432
7968100
7971604
7909444
7999224
7915500
7935532
7928936
7853748
7873032
7988516
7848308
7810632
7960956
7754168
7869608
7943368
7838040
7775928
7898964
7877972
7971172
7924172
7833320
7872884
8078720
7872400
7930172
7864700
7888028
7874304
7933964
7786988
7870924
7947768
7829832
7790000
7987920
7732876
7882204
7958796
7874216
7930024
7938528
7816080
7785320
8059232
7805776
7929592
8168556
7797856
7740904
7913292
7820868
7971048
7982832
7956040
7832884
8121156
7840324
8032328
8011160
8085588
7807572
8038064
7888608
9275632
8140572
7878056
7879792
8007088
7861140
7829000
7913456
7790548
7811572
7926684
7745088
7829792
7927044
7802256
7779032
7871716
7845968
7758080
7943680
7758208
7822064
7916904
7897504
7800740
8043520
7777740
7876844
7980784
7746988
7845400
7962388
7846648
7843032
7944168
7811720
7770108
7949872
7797980
7815212
7993664
7852040
7825560
7993628
7879828
7865008
8004156
7864948
7928332
7947180
7858500
7837516
7961056
7863520
7802708
7867388
7880432
7838912
8005516
7803716
7906904
8092240
7734344
7779380
8027652
7997900
7770204
8006424
7921060
7790972
7983192
7933948
7830920
7976624
7932432
7897720
8028716
7801684
7937732
7862564
7905584
7896180
7993232
7843756
7915756
7934480
7814248
7806760
7950968
7871812
7896676
7956776
7745724
7893864
8025804
7899232
7751840
7738296
8374432
7779156
8683348
7821208
7961920
7914448
8092184
7842720
7916356
7931664
7847652
7890692
7863936
7959452
7892224
8644796
7970396
7988940
7772376
7858880
7961856
7860960
7880856
7898964
7944596
7889524
7823596
7852456
7926548
7927788
7919512
7878432
7852456
7920020
7972392
7920936
8021784
7856712
7969944
7855908
7931756
7967660
7838176
7997604
7885692
8064532
7926696
7947544
8049580
7974508
7896280
7907228
8930724
8727196
7828780
7918100
7917652
7843404
7964128
7913148
7894268
7980412
7838568
7857152
8085404
7849012
7904636
7907344
7991204
7906764
7809264
7832060
7897528
7821692
7907572
7880236
7834752
7810760
8004468
7749172
7946272
7743104
7946316
7824900
8088992
7896780
7869660
7869336
7844068
7967248
7906096
7847796
7912964
7938964
7785532
7836880
7912804
7903396
7836340
7928224
7881260
7867024
7881932
7990052
7868716
7856560
7888608
7914640
7927712
7937628
7847188
7808352
7896432
7862076
7887600
7942028
7833468
7855276
7804432
7867372
7902840
7905840
7898592
7904048
7811368
7858404
7841080
7934752
7875996
7891220
7920744
7899492
7900768
7922472
7933320
7902500
7891392
7898876
7919384
7951492
7939164
7880652
7857424
7881684
7853572
7817400
7890012
7775400
7794444
7751220
7853788
8118848
7889088
7947156
8003884
7813792
7884676
7918284
8080272
7957544
7904672
7842592
7921832
7884016
8048228
7894664
7867052
7970808
7919212
7811928
7866852
7996804
7788916
7971316
7873932
7912404
7955728
7848964
7896456
7954096
7995892
7884980
7878580
7954420
7849060
7988536
7941180
7887044
8035352
7886644
7909996
7859332
7957588
7895040
7969584
7918568
7846296
7875420
7946380
7905556
7936196
7978024
7867588
7872548
8220700
8250932
8001572
8012764
7872656
7899712
7900880
7888172
7879552
7993008
7878500
7901760
7982656
7940652
7858224
7949540
7863400
7878064
7885532
7904832
7908596
7990140
7890224
7784284
7975304
7863932
7905832
7965200
7944056
7830856
7931032
7946096
7918436
7953396
7863544
8012592
7914240
7896248
7914008
7971124
7863352
7880480
8027952
7924336
7927284
7997852
7864604
7800040
8235212
7992384
7804092
8504196
7899652
7815060
7961060
8188724
7889208
7953960
7848712
7917892
7965740
8048072
7930948
8218112
7888296
8186808
7849936
7858984
7868388
8007076
7806120
7886144
7981320
7846960
7890512
7915752
7885004
8048076
8034148
8073736
7950748
7998576
7904056
8057568
8009900
7962984
7878256
7989160
7928212
7900808
8011856
7897772
7931680
8032548
7880524
7855028
8039152
7877184
7888760
7856328
7816672
7949540
8009248
7914016
7887888
8021272
11906600
7927028
8130624
7886596
7869608
7914828
7876992
7924204
8245640
7842952
7857052
7916372
8030308
7929128
8021320
7952908
7778412
7915420
7866372
7944148
7997168
7912872
7793036
7932240
7869176
7878916
7969388
7872588
7859736
7988240
7844764
7738936
7942624
7902640
7937876
8000928
7905068
7864676
8044628
7782412
7872580
8026252
7882928
7911300
7937820
8117596
12591104
7954428
7822860
7912916
7971524
7995968
7899952
7981840
7895704
7874712
8041156
11762172
7853720
8044452
7881284
7895948
7977712
7809480
7890216
8027948
7798080
7791468
8020080
7909332
7952120
7979224
8004756
7812416
7989840
7936864
7985500
8001476
8055972
7862988
7944796
7832640
7892336
8003700
7897164
7891484
8015960
7864560
7881420
8003124
7790232
7871368
7979912
7951364
7942196
8013088
8027380
7909256
7961464
7807968
7852424
 
8122504
7891176
7883844
7953104
7890012
7933944
8740816
7943732
7839444
8028656
7816772
7823544
7932368
8003596
7878644
7937248
7821036
7910160
8050120
7907336
7808872
7970132
7880536
7938496
7960852
7793748
7929560
7950776
7907624
7926328
8002940
7811336
7920760
8047260
7891192
7925708
7861904
8717580
7959552
8049528
7945340
10668408
8022152
7763896
7965248
7968296
7857108
8149508
8038336
8177692
7888592
7994604
7808012
8026280
8132868
7896624
7848716
8044212
7892592
7888472
7723840
7886976
7879428
7836584
8020548
7912504
7977148
7948148
7886436
8059928
7825136
8109916
7894628
7910820
7912284
7869316
7917352
8045640
7878692
7823164
7874748
7903268
7980388
7930636
7916828
8006880
7879104
8069032
7801776
7885520
8066912
7867720
7861984
8167952
8145344
7865480
7905020
7994144
7919984
7961792
8080628
7927036
7960232
7946612
7899128
7931736
7989708
7954316
7890200
7955008
7964060
7955468
7918592
7909996
7968856
7980920
7953592
8077476
7884292
8058932
7939588
7923448
7920812
8085356
7961236
7872284
8035092
7904708
7916644
7893304
7973168
7918296
7967624
7836016
7997596
7800140
7933760
7875988
7783604
7868004
7858324
8037424
7906640
8144948
7842120
10196828
7922308
8058308
7952180
8148560
7782088
7974160
7906252
7968840
7905236
8079900
7899732
7982648
7933440
7929212
7839124
7911724
7770632
7925420
7847072
7921804
7986052
7930432
8053972
7854512
7846624
7888348
7937580
7929572
7831696
7862168
7923292
7796500
7732312
7877576
7844424
7939912
7797372
7866084
7836608
7857004
7861368
7754648
7912000
7851540
7916560
8048972
7964620
7870204
7833852
7877224
7940124
7861204
7995592
7819244
8196276
7843464
8017224
7850180
7882704
7894624
7777588
7876216
8068784
7817836
7902728
8234044
7867924
7903900
7883172
7942452
7860996
7818464
7801188
7888700
7895376
8065564
7884044
8052320
7853872
7846048
7947856
7798816
7852744
7943552
7919596
7806452
7910720
8044504
7881468
7819440
7848624
8021912
7922588
7879928
7900912
7810776
7915836
7905548
7905128
7880000
7944712
7932724
7805696
7896088
7918644
7907360
7897356
7939160
7809172
7894952
7886784
7959080
7902560
7938364
7918644
7867840
7849712
7820696
7901676
7938112
7830740
7896284
7860408
7851848
8965496
8151444
7889476
8030232
7995724
7962240
7802296
8021744
7896936
8031148
7952304
7858616
7939432
7873056
7883568
7903100
8039360
7912900
8068188
7915408
7942496
7931368
7904992
7824024
7848016
7970336
7866604
7922308
8098916
7879292
8014412
7933232
8003384
7835548
7937032
7911136
7900792
8267572
7908372
8074180
7915996
8023148
7857224
7968976
7894128
7840908
7941436
7903268
7933508
7947016
7929916
7980580
7914292
7870532
7799452
7834972
7885396
7946396
7874736
7892532
7780540
7978640
7836724
7815464
8015932
7851620
7881436
7942164
7811868
7915196
7979908
7815880
7898236
8026848
7884468
7808176
7900164
7877908
7876916
8070936
7934512
7856252
7980568
7943432
7924496
7983808
7912984
7874548
8048324
7918472
7969600
12088564
8013380
7870600
7957556
7932984
7857888
7904996
7898184
7881900
8078484
7811064
8028392
7992772
7901468
7916980
7988204
7801684
7965744
7969740
7882408
7876096
7984228
7815128
8195856
7969064
7967720
7934824
7882872
7840304
7951244
7983600
7860116
7909048
8257228
7938740
8066636
8110540
7858228
7884704
8094420
7864204
7881716
8055512
7939752
7875408
7972500
7883780
7915960
8042028
7921212
7811760
7956672
7943964
7880924
7978188
7876892
8129648
7981424
7934396
8027328
8009992
7940632
8256080
8066800
7907872
7903096
8198260
7885684
7813104
8024916
7893868
7863716
8135100
7846944
7908704
8032940
7903272
7810412
8257544
7903212
8991888
8041764
7895484
7889448
8020280
7868976
8225596
8023352
8015628
7978752
7981740
7865000
7859820
8113996
7809092
7905144
8062384
7789248
7852052
7906068
7740456
7797576
8024832
7881596
7891036
7987944
7796952
7901376
8069932
7862664
7760276
9995588
8654136
7879836
8035280
7818948
7981664
8315292
7900128
8068640
7955024
7875356
7904684
8048392
7979668
7984880
8068604
7955284
7911008
8144312
7890496
8331764
8047640
7874388
7951148
8074636
7939448
7935968
11641932
7822460
7883072
8063240
8941232
7980724
8316948
7952740
7891580
7958808
8095828
7967260
8058520
7940032
8048936
8001832
7977080
7911704
7970832
7882720
7998008
8013484
7933664
7890700
8240324
7904044
8009372
7974240
7915732
7901244
7897220
7880416
7965632
8032448
7921864
7918940
8128232
12391732
7843340
8026828
7847388
7856904
7953516
7899776
7855328
7950856
7812168
7842412
8021556
7929244
7965404
7996044
7908436
7811060
7938844
7877088
8067904
8083208
7936236
7862316
8083504
7859120
7865168
7933136
8081960
7947180
8226924
7820280
7815956
7789144
8067192
7813140
7988432
7826592
7925268
7871516
8029240
8082232
7959660
7881104
7903000
7919496
7827540
7988972
7842704
7883224
7903548
7976264
7875544
7950324
7970036
7936068
7852648
7892592
10126528
7854624
8015608
7903868
7994076
7931284
7932000
8015052
7919916
7918252
7933028
7929576
7860048
8001880
7896524
7824816
7957964
7812792
7933444
7907824
7921668
8028924
7924844
8071236
7941736
7844460
7921172
7835584
7917388
7994680
7887520
7960512
7850040
7873912
7948388
8057912
7828988
7854564
7917216
7923492
7810904
7916828
7879812
7843396
7768212
7858664
7982888
7792328
7917696
7839928
7968120
7864856
7918900
12445220
8622088
7921580
8063276
7945468
7921368
8093060
7914112
8033036
7882848
7950580
7801208
8000476
7944748
8077276
7880904
7921296
7935640
7945876
7941852
7935084
7825960
7854428
7929028
7903872
11812068
8004892
7853600
8052268
7831384
7885660
7879100
8071868
7856764
7868332
7934320
7839096
7866620
7891748
7787800
7850088
7851160
7852208
7907952
7815472
7804960
7827036
7971852
8013396
11823460
7941096
7971816
7952568
7820868
8098444
7940200
7929304
7818056
7893552
7836752
7865244
7862936
8079388
7865348
7943840
7826780
7910372
7859808
7941412
7981644
7933276
7822152
7881144
8101144
7932224
8411816
7893276
7801032
7879860
7826988
7820432
7892124
8108696
7936976
8013300
7818228
7909968
7983352
7810284
7803068
7938868
7885988
7824180
7998180
7834304
7908692
7865672
8067616
7742216
7902280
7888428
7783928
7859440
7946304
7815716
7870100
8060404
7757124
7802832
7894420
7822504
7949560
7880812
7966444
7804292
7932844
7751900
7843008
7884852
7859124
7874388
8049472
7893988
7783572
8097092
7745916
7781680
7965680
7779140
8116728
7894568
7836160
7777864
7877428
7820580
7787884
7923648
7856664
7828460
7865276
7815356
7822696
7780248
7811504
7818328
7865932
7824948
7782124
7918116
7769328
7867196
7942788
7812908
7803616
7955000
8025244
7827596
7943512
7865684
7737808
10103272
7930100
7826548
7860116
7742292
7807496
7886472
7875312
7825740
7847096
7791352
7816940
7897528
7786776
7896620
7791676
7851124
7971644
7901488
7853604
7788336
7868316
7974264
7821380
7868124
7998708
8439644
7896508
7741752
7791496
7938244
7826200
7874020
9019764
8351852
7796184
7949840
9681812
7781892
7851460
7895124
7805936
7979352
7999208
7997984
7873580
7837852
7820300
7966108
7740424
7899004
7887784
7777376
7936668
7867068
7898104
7745392
8062580
7921232
7860008
7998796
7764720
7980736
7931884
7885160
7874160
8006764
7910360
7860172
7961504
7912872
7947416
8001036
7865080
7875908
7944320
7847440
7920864
8928564
7823588
7915140
7923348
7846712
7821584
7975536
11327968
7743908
7894032
7823212
7838348
7943572
7836324
7745440
7965300
7803172
7774096
7887860
7774432
7832200
8005168
7849224
7797556
7989848
7840508
7807100
7958500
7821184
7855008
7936292
8360312
7854364
8043236
7842424
7780220
7903176
7977480
10944104
8215924
7738492
7849780
7881796
7903996
7832728
8099596
7862088
7832592
7865160
7859716
7842624
7969964
7792252
7774968
8124816
7821728
7840568
7927180
7861912
7783340
7937248
7876088
7853904
7924192
7903908
7873932
7961312
7730264
7809052
7957300
10313552
9345368
8009352
7911056
8012080
8025032
7800372
7872476
7991948
7934396
7963780
8031208
7896080
8060916
8126800
7941328
7801040
8046988
7930604
7961160
8021632
7907708
7918312
8099576
7833912
7789196
7949588
7932548
7886320
8140212
14306050
8014424
7884396
7824780
7793080
7911016
7896324
7751144
7928136
7834696
7783696
8127184
7758556
7748456
7975892
7979164
 
7787980
7913928
7846748
7850920
8015584
7841448
7881048
7894116
7985912
7790144
7952272
7920500
7808472
7947288
7896004
7879084
7908956
7815572
7917824
7970044
7743704
7874128
7980280
7839696
7968892
7902136
7872740
7856008
7838224
11798416
8192136
7819796
7863132
7908972
7919324
7854596
7901480
7839948
7832828
7876128
7844708
7892476
7799492
7944648
7886100
8003020
7913776
7885352
7893220
7846096
7924632
7847092
7925448
7950804
7958760
7996204
7922712
7843280
7886408
7892912
7798260
7942776
7898120
7881256
7881616
7859868
7885272
7975628
7866208
7910892
7901440
7918388
7857016
7904096
7935940
7862380
7823436
8656388
7999024
7973824
7874548
7844756
7979656
8030632
7878400
7901368
7884880
7891848
7958696
7806540
7890716
7864252
7914868
7863940
7824224
7867284
7911192
7871536
7904032
7902016
7774476
7866984
7873048
7870600
7919288
7911836
7844388
7861820
7904944
7881780
7888092
7812012
7952856
7918360
7849220
7799052
7947696
7821368
7828692
9205752
8217772
7889552
7915592
7882064
8035204
7865732
8025680
7901936
7802252
7851700
7836152
7939432
7875504
7797764
7821748
7900652
8066344
7813696
7873172
8700500
7955552
7902804
8046936
7864248
7894312
8077828
8273588
7811592
7848292
7938064
7897292
7879560
7913616
7888640
7918708
8083116
7896860
7907168
7860648
8002048
7884256
7781472
7829604
7888380
7850304
8033556
7908504
7999024
7995960
7887304
7827252
7867260
7898588
7826252
7812592
8220156
7928660
7987572
7824536
7845092
8104196
7882940
7994692
7935708
7796016
7877176
7869708
7911428
7927452
7856664
7881440
7986068
7814840
7887668
7960516
8045324
7936688
7908072
7886716
7869692
7925496
7920456
7982340
7906144
7878584
7883508
7877480
7841196
8040296
7965244
7812200
7897712
8167644
7919172
8037688
7842720
7854648
7824700
8135748
7821904
7815672
7869752
7898692
7755268
8063648
7901584
7913280
7914356
7960748
7791640
7960284
8235124
7881836
8023680
7976612
7870752
7932056
7873744
7964796
7916796
8037812
7913044
8002124
7898924
8009420
7989440
7819024
7821044
7895380
8016664
7993168
8004992
7821960
7931484
7989464
7860772
7996080
7943752
8318432
7877780
8038040
7864872
7969640
7922628
7882988
7888500
8074264
7814856
7977592
7938704
7863624
7815300
7984052
7829044
7818192
7982864
7893516
7950560
8005972
7878792
8003092
7982436
7992276
7897360
7899644
7892016
7901508
7914620
8161500
8090832
8054848
8153392
7896436
8453076
7839368
7973440
7991020
7900204
7877328
7985208
8000488
7963996
8069100
7985404
12000128
8304392
7821632
7969716
8125532
7794176
7821772
8125784
7828592
7819488
7972728
7940440
7804948
7994812
8011552
7855828
7986948
7833616
7826012
7882548
7982456
7835572
8151148
7927528
7890008
8079552
7932956
8034372
7960944
7840508
7919080
8001028
7800188
7893016
7868276
7894572
11794028
7978760
7854564
7779864
7892792
7799972
7869684
7931528
7791436
7819588
7924860
8019088
7793024
8120360
7860296
8039676
7879764
7777908
7815168
7958348
7919396
7779828
8011224
8023060
7950296
7956384
11667728
8103828
8017516
7960880
7786484
8069304
7788960
8267028
7949544
7834808
7741280
8068172
7828408
7820780
7937192
7881980
7739440
7989628
7830556
7837660
7945368
7777824
7846824
7931880
7927300
7780436
7899664
7790224
7798352
8000424
7784680
7824312
9963424
7898148
8177396
7975648
7974632
7856892
8005556
13014348
7963220
7925416
7845424
7859748
7879732
7790860
7804040
7915312
7872220
7783532
7960404
7787732
7873300
7891980
7787428
7750424
7923780
8678468
7809108
7899012
7772652
7749296
7745716
7849112
7792588
7864168
7801160
7816248
7892052
7739612
7789296
7854584
7827832
7736452
7824372
7784744
7825364
7878120
7887800
7789844
7909752
7861580
7826876
7886444
7899708
7741100
7886396
7797536
7809964
7787720
7901448
7891004
7825204
7818048
7812784
10016716
7870676
7845828
7948112
7980580
7870388
7796560
12680676
7856904
7808008
7802536
7901604
7800868
7852568
7962812
7815964
7797640
7843216
7833056
7802352
7874800
7866964
7851052
7903416
7805464
8608360
7887876
7898424
7928732
7867476
7805292
11949264
8210880
8124224
7844828
7813100
8176924
7822676
7817400
7877720
7930100
7767232
7828660
7842004
7783736
7807148
8169432
7865116
7745800
7822828
7921792
7809212
7734236
7860756
7836652
7843100
7815744
7767948
7868504
7829876
7888700
7829816
7835564
7800276
7854784
7840524
7817036
7792312
7822688
7718296
7736884
7835216
8024072
7830732
7806612
7763544
7857196
7809064
7833352
7872564
7802460
7870528
7797836
7784652
7810464
7842980
7849316
7727848
7844244
7874692
7741136
7746068
7812568
7835696
9138872
7800540
7900980
7755512
7966740
7827340
7865700
7866848
7853280
7918828
7829024
7851380
7888040
7879360
7815120
7814756
7863968
7891240
8072652
7840132
7844264
7884140
8045252
7868608
8027344
7946640
8100964
7862356
7894216
7793828
7797508
7825828
7818256
7916756
7866260
7892424
7892012
7824772
7840260
7860924
7962472
7806940
11739984
7858436
7944200
7983928
7911116
7874248
8902960
8779572
7855016
7854708
7977436
7827776
7817328
7960428
7877220
7871936
7931004
7861308
7802292
7817276
7885184
7849032
7955544
7928304
7861244
7857656
7846888
7861880
7952696
7859152
7923896
7803840
7967572
7829276
7944720
7829280
7964532
7855756
7908740
7902168
7958732
7899204
8010312
7765384
7949904
7846792
7845136
7895900
7946696
7847424
7842856
7918144
7894192
7888936
7989312
7849288
8685088
7994440
7939556
8104648
7830156
7959632
7889504
7924672
8030336
7912488
8035392
7795884
7909772
7887396
7886312
8209728
7917160
7915248
8085240
7828232
8078320
7829572
7881104
7819728
7917660
7885460
7874340
7919820
7944876
7977516
7950892
8009800
7809656
7989464
7965912
7818364
7808888
7946876
7800784
7859340
7870572
7846632
7890472
7937076
7869116
7913956
7959740
7900124
8013004
7987324
7900096
7863592
7988984
8760336
7809128
8003564
7886332
7929956
7960012
7853416
7797856
8182068
7905400
7974744
7977108
7858260
7885292
7998944
7969108
7812388
7985504
7866792
7773576
7898364
8032976
7920192
7973036
8042236
7937272
7976536
8013332
7859492
7952744
7849536
8005224
11944744
8747696
7870292
8081352
8025972
8042632
8206544
9447432
8038120
8023828
7823048
7907440
8125544
7808080
7803948
7974032
8019220
11431256
7988720
7919876
11180868
13002452
7917796
7878400
8007424
8091644
8214876
8039744
7929972
7953944
8002712
7912760
7992056
7945280
8049184
7990268
8278316
7909156
8246900
8021372
7915968
8004324
8093988
7967220
8011112
8200652
7943916
8021448
8047588
7990216
7940208
8087032
8080672
7966936
8038492
7888072
8073692
8138488
8139584
7803272
8118908
7918916
7950096
7971144
7949584
7951112
7928560
8015236
7920000
8031380
7863896
7798720
8196836
8153052
7844384
8607160
7855580
7862328
8040992
7999932
8118244
8010292
7929140
8022432
8173024
7872772
7913560
7955488
7901504
7917124
7963328
7901996
7875616
7991360
7877756
7882572
8098544
7921916
7802212
8032540
7893960
8110304
8080476
7840084
7805300
8012492
7947652
7807888
8032848
9037344
9197200
8526608
8171412
7869076
7922164
7849864
8016652
8050156
8193656
7982136
8130280
7825116
7929516
8105880
7814960
7877080
8001620
7949800
7935892
8106796
7919204
7922664
8087936
7959492
7938948
8014864
7894576
8021736
8008496
7937984
7877168
7974244
7917324
7959756
8067508
7970736
7956448
7947124
7918016
7944476
8154732
8207220
7976056
7990520
7936864
7949464
8194412
8116508
7951364
8073120
7982236
8013196
8084688
8824320
7890020
8077196
8009928
8037824
8013092
8015164
7969660
8056760
7859456
7897848
8029104
7878448
8134408
7982900
7797616
7920784
7989300
7926920
7914228
7976396
8071164
7912824
7884428
7919716
7895700
8156300
7881380
7953412
7907212
8112976
7926028
8043312
7895860
9278332
8024916
7855352
7960304
7757952
8047100
12808720
7900528
7940100
12451124
11681428
7859636
8015436
8097656
7947128
7991484
7996712
7920392
7902600
8018940
7924620
7874676
7981016
8045204
8043644
7990608
7967336
7817512
7943212
7804884
8019664
7826120
7944516
8028176
7894696
7878740
7973448
7842120
7833996
8044736
7857768
7870084
7886740
7869852
7823272
7919744
8087676
7932412
8040132
8047280
7925104
7961156
7905408
8163824
7858820
8208976
7873780
7814152
7918592
7914596
7954100
7895924
7917860
8051544
7924408
 
7896248
7810416
8029588
7871560
7971528
7939280
7949656
7844192
8061024
7873908
7893664
7912876
7847720
7807912
7802620
7864716
7976176
7854696
7873632
7972776
7801592
7968036
7851492
7862896
7969632
7891100
7990412
7870252
7923476
8822080
7957812
7904572
7854336
7923360
7993368
7875672
7873348
7862156
8009340
7894856
7977292
7947960
7867356
7828720
7907048
7912684
7973024
7957080
7919044
7867540
7855132
7898244
7861800
7908612
7953228
7886456
7946924
7917348
7858520
7872244
7813200
7888664
7872316
7883748
7872840
7895192
7863192
7938548
7910472
7914964
7861340
7898280
7817484
7968060
7906876
7864740
7895044
7913828
7852784
7950664
7863640
8048248
7861456
7834248
7939284
7816772
7882844
7913952
10972704
12481856
7941216
8019772
7957640
8090384
7889708
7866332
7971300
7815876
7799452
8047048
7924644
7910676
7981880
7872368
7893604
7849740
7897732
7933892
8006188
7909532
7848244
7875632
7843528
7876464
7973496
7928020
7829412
7976312
7945128
7909292
7880496
7864896
7843516
7914760
7932812
7854784
7932260
7911412
7872900
7865856
7933156
7908516
7932572
7872980
7921596
7983656
7809312
7868992
7958384
7861696
7899416
9012348
7818780
7808344
8179168
7850856
8085208
7942068
7989400
7867488
7877788
10609168
7886744
7820204
7884328
7804812
8040288
7876460
7862988
7931356
7915964
7908080
7938412
7821156
7946600
7956100
7963632
7851348
7955600
7886728
7913576
7877668
7898684
7843816
7850304
7986080
7867172
7924612
7912988
7821100
7944052
7871624
7904228
7880192
7923836
7880124
8036332
7876568
7936532
7846124
8051160
7907560
8205356
7932188
7839128
8053156
7917420
8194520
7999244
7816336
8032276
7843328
7972516
7899336
7915852
7857140
7793816
7922212
7965204
7902936
8087220
7926456
7908804
8120780
7931340
7852788
8157824
7882920
7904604
7955500
7965784
7946872
7863972
7952552
7974160
7978668
8051208
7972048
7926120
7896728
7910148
7923592
8030196
7852932
7952520
7984188
7947044
7984200
7810376
7979308
7919040
7818724
8102676
9006116
8021912
7931332
8099048
12376876
7810704
8865784
7913092
7838216
7990624
9108188
8256236
7980804
7928384
7855788
7981248
7914628
8100648
8017188
8140708
7911348
8195604
7985640
8072768
7969660
8190944
7976456
8217952
7944564
7887208
7964312
7917720
7899460
7978500
8088668
7893464
7935180
7819300
7817128
7968232
8095336
7882020
7976808
7902668
7996200
8111132
7858080
7903944
7991712
8082856
7820496
12767576
7923412
7885208
7973896
7918844
7919024
7994352
7859184
7904172
7997816
7986584
7809120
8013528
7877528
8027252
7977652
7812336
7968416
7870232
7949680
7902280
8037544
7920684
7896660
7997148
7981476
7938720
7984380
7877372
7935364
8070720
7876728
8003852
7894136
7902412
7912464
8083488
7976700
7912212
8024944
7962108
7914612
8058292
7952544
7909432
7999320
7859204
7898772
7919384
7958044
7964804
8003068
7896684
8315976
12348304
11731556
7880704
8060592
7763648
7923112
8027192
7951184
7745124
7938680
7879212
7874020
8091588
7984752
7751984
7971076
7897012
7906340
8002600
7838128
7869188
7886572
7910448
7747380
7942540
7889192
7855892
7972132
7928464
8013304
7899396
8110148
7846028
7917516
7978156
8062548
8026952
7952144
8034016
7955340
8143556
7960272
8349356
7962912
7941268
8000440
7897520
7797132
8082076
7911148
7845628
7981228
7898060
7797580
8046772
7865840
7843680
7944016
7832012
7803760
7954984
7892560
7916312
8021484
7724884
7821472
7967868
8650196
7888596
8047448
7896004
7939884
8081900
7814908
7811324
8030308
7901368
7946036
8090680
7804476
7959816
8035680
7960264
7885512
7960772
7911704
12359188
8158648
7846680
7982032
8029120
7909100
8024972
8154824
7967456
7813928
8034992
7903548
7884428
7939964
7897252
7884388
8056664
7948220
7859692
8051252
7855540
7927876
8886412
7867344
7903304
7995120
7817624
7864428
8027588
7908968
7853076
8042536
8016908
7900660
8023680
7911880
7857372
7808220
7890332
7924724
7930572
7888448
7926552
8000868
7949240
7837664
7971812
7810900
7914584
7977144
7866056
7908168
10858492
7910860
8040832
7809676
8019380
7937320
7964308
10827856
8097664
7885808
8063016
7855916
7805320
7868036
7928576
8012200
7812216
8010384
7850744
7859488
7906356
7849476
7899556
7913672
7933168
7858604
7849872
7833308
7853628
7903592
7899120
7894468
7799700
7872636
7861676
7831616
7918412
7804844
7903652
7864492
7938640
7895520
7803908
7872572
7834980
7933756
7927560
7851364
7906744
7869804
7804036
7876916
7909184
7818452
7941236
7856776
7936132
7910664
7803496
7898036
7834096
8722340
7982028
7938436
7887256
8174884
7770952
10516140
7899388
7805060
7811224
7880088
7931396
7857860
7835916
7877428
7901836
7927676
7787764
7865844
7879420
7825468
7878204
7863076
7855664
7835996
7879396
7927444
8132004
7905136
7884560
7859340
7910480
7842808
8074300
7786064
7945148
7897288
8559988
7710776
7856748
7974288
7866788
7809752
7967996
8037616
7848500
7993176
8012616
7899388
7928744
7827828
7933064
7814504
7834216
7933652
7892872
7844592
7946584
7860328
7886624
8063960
7863408
7928072
7856796
7945732
7892060
8042884
7949148
7948708
7905116
8061872
7854968
7843608
7849464
7868684
7889564
8051360
7872716
7951108
7858428
7933036
7932864
7889360
7978344
7862896
7856968
8165760
7882252
7970184
7864428
7940356
8079504
7858676
7926012
7861956
7863724
7811008
7819572
7930720
7824560
11960240
7933596
7916356
7876896
7983588
7847528
8020452
7954396
7953996
7856516
7892480
7808908
7970108
7899156
7889504
7906176
7845656
7843860
7933732
7914904
7874012
7927372
7924148
7853392
7896644
7910308
7888076
8024004
7959400
7818764
7888932
7824268
7920804
8059640
7854140
8022516
7883296
8055160
7904556
7918452
8027172
7815680
7892304
7863592
7910508
7908808
7829188
7926132
7934196
7841060
7862576
7878928
7853668
7886696
7872280
7855304
7820852
8000980
7884496
7911728
7801576
7796824
7974708
7950372
7900636
8128508
7821444
7864492
7904640
8127652
7896484
7825780
7884416
7913932
7820428
7926092
7884416
7906016
7883756
7867172
7882684
7985004
7817412
7931916
8019996
7891152
8023284
7984780
7918536
7905848
7818292
8024328
8071936
7766576
7894656
7899584
7818372
7913064
8095348
7932520
7970312
8015996
7804392
7943884
7968188
7952032
7968040
8008156
7943112
7985104
7977684
7928072
8075176
7925156
7890472
7934612
7958324
7936296
8074544
8006608
7890584
7896700
7996956
7874648
8018292
7970820
7978768
7933876
7893392
7842188
7997840
7988340
8008236
7984396
7875136
7992516
7880044
8039008
7878108
7942188
7931228
7905252
7947480
7928240
7879860
7860648
7935012
7911508
7992020
7992312
7794452
7943268
7899816
7934752
11801832
8460408
7971280
7855824
7856192
7899180
7897620
7973792
8004032
7990704
7919328
7992592
7937708
7996608
7963924
8014484
8040868
7926312
7922460
7965680
7913196
7823700
7857236
7857688
7954976
7938652
7923300
7841412
8023532
7801296
8054596
7977408
7956580
8010148
7901192
7886824
7860256
8204596
12789400
7897852
7868240
7852416
7745072
7917116
8032384
7856948
8123108
7962976
7831732
7803756
7834612
7825624
7817640
7821168
7767012
7930360
7783888
7861080
7956968
8059120
7890884
7821756
7805008
7884344
7990948
7822204
7810296
7982432
7803348
7876304
7955468
7794452
7970252
7859380
7857264
7828648
7927040
7916872
7915068
7921840
7918992
7742148
7980988
7864416
7799216
7849208
7850856
7894424
8012200
7839628
7930956
7995488
9101076
12896320
7938696
7988724
7786160
7881128
7991160
7747560
7910868
7815580
7868116
12288248
7836388
7870972
7938236
7892848
7808236
7917584
7787524
7741884
7854336
7892276
7789276
7864860
7812880
7899600
7902960
7770712
7826056
7928208
7813136
7805072
7930404
7825808
7796780
7945124
7886496
7831752
7964228
7923988
7945860
7816152
7751740
7885016
7917052
7852312
7871364
7988384
7941996
8013284
8040092
7885032
7838932
7924724
7920424
7850820
7857476
7748952
7864296
7952292
7965260
7821868
7937276
7844236
7799040
12647172
7926900
8042720
7937972
7797936
7832896
8015576
7944380
7724652
7937624
7849396
7932540
7956840
7747892
7843276
7967240
7838256
7897844
7989072
7787388
7735588
7877252
7851168
7888268
7865324
7950872
7874052
7970780
7838864
7978772
7863716
7821284
7831536
12664484
10500424
7825452
7904084
7797908
7786316
7957056
7874500
7865704
 
