Procesando...
  Filtro             : sierpinski
  Implementación     : ASM
  Archivo de entrada : lena.1420x1200.bmp
28537936
26099256
26217696
26235412
25995656
26454852
26196440
26157684
26557808
26396764
26223948
26375520
26316264
26095852
26225544
26393532
26836280
26104912
26452736
26209568
26288912
26121376
26142076
26456740
26071572
26106052
26617076
26613072
26477280
26325816
26135484
26184464
26450768
26105824
26409288
26182428
26159516
26187828
31740592
36502808
26362180
26178676
26263672
26154692
26149096
26886464
26138336
26180388
26140860
26535988
26149624
26460848
26155816
26508948
26124100
26171236
26028612
26539892
26123920
26251220
26244172
26265916
42937528
26528100
26367972
26391216
26064168
26335076
26297848
26144072
26278924
26130244
25994492
26112828
26231648
26207700
26402036
26103788
26201668
28267808
27059304
26493076
26115528
26343660
26078860
26219740
26291152
26004368
26412744
31762432
38931064
26132736
26165160
26352796
26118684
26148948
26300272
26173456
26303120
26335788
26161708
26117476
25936860
26142832
26254972
26079092
26306840
26232628
26143828
26132288
26184660
35020480
26241928
26055928
26354028
25985612
26317440
26037988
26058000
26170784
26367684
26217460
26361540
26234004
26213304
26159320
26088640
26169368
26121420
26163552
26043708
26068420
26085972
26228240
26046488
26334580
26315412
26537992
26342220
26224560
26217924
26340964
26063316
26686392
26089204
26294612
26287776
26158888
25905244
26513820
32004640
26058044
26197536
26171284
40335496
26100520
26173156
26066772
26245076
26070936
26577092
26226912
26211708
26406564
26396060
26224544
26585960
26277484
26251512
26240632
25988956
26249420
26147992
26165268
26191320
26082296
26138748
26340452
26242616
26306552
26113808
27200020
26020912
26415540
25989804
26306764
26692956
26265292
26342964
26137712
26085064
26167600
26202448
26245812
26308940
26488320
26221632
26186244
26385728
26337196
26182244
26215268
26077712
26385072
26052788
26086496
26171444
26025056
25969516
26021244
26103864
26246524
26257048
25905480
26159088
26184596
26231228
26055992
26521440
25995476
26408076
26392516
26195896
26058768
26052048
26001116
26191652
26252728
26472020
26053896
26342804
26193360
26368076
25991900
26465520
26355888
25987072
26220520
26103544
25952940
26792004
26083996
26098336
26240080
26105372
26170584
26340092
26387604
26200920
26071040
26134204
26363808
25864808
26076792
25997184
26215988
26023464
26170984
26201332
26202648
26103076
26487456
26237584
26293064
26260100
26247064
26246792
26146248
26220788
26074332
26712952
26239436
26082264
26340536
26289808
26203192
26544480
26024380
26217200
26015336
26167520
26105432
26479732
26393664
26371720
26426204
26011292
26182136
26037596
26571636
25969908
30286212
26995008
26257112
27900848
26061700
26383684
26065904
26155264
26466448
26568028
26368536
28194144
39533760
30268596
34009496
25987016
26118692
25990200
26101256
26289920
26128368
26291632
26025788
26366824
26031280
26107980
25969076
26112128
26240636
26129468
26194032
26221876
26168976
26137468
26398868
26181544
26043416
26546736
26410388
26143184
26060852
26168500
26182016
26289632
26097364
26079628
26455464
26229940
26295244
26047592
26193744
25960424
26301452
26329924
26746680
26373952
26216012
27224288
25952856
26217664
25916228
26161888
25928572
26392920
26228680
26194596
26023532
26204184
27494256
26227792
26250476
26044968
25981812
26149828
26074164
26363932
26212224
26071064
26047852
26205436
25885940
26227780
26045976
26395400
26394024
26381460
26100996
26356368
26329144
25956536
26635796
25964160
26340348
26063332
26225576
26216752
28121268
26172504
26226936
26199616
26018852
26251272
26072468
26235968
26011620
26250632
26156828
26208472
26020296
26223004
26088084
26402900
26174864
26085912
26165660
26272144
25951796
26057824
26283844
25964532
26285888
26342276
26178964
26193332
26154232
26109252
26303076
26403884
26281492
26112024
26194448
26130932
26118924
26042856
26259484
26098852
26138008
26587688
26171464
26173820
26032556
26186352
26172728
26138172
26112884
26372436
26195396
25949588
26196952
26086260
26153976
26184824
25987136
25931356
25995164
26214712
26282844
26238800
25906612
26561676
26184672
26238104
26343524
26445764
26059328
26238864
26026384
26061896
26165568
26055080
31778264
26166264
26306272
26257704
26251948
26223100
26123500
26223784
26172024
26200444
31116944
26221512
25872408
26069748
26118100
26337416
25978492
26088788
26025208
26234832
26141960
26318632
25940516
26255428
26016404
26302080
26003284
26238848
26429824
26369280
26677596
26232772
26147648
26322600
26112140
26205236
26076128
26139384
26265996
26110564
26109312
26030488
26090852
25838556
26278496
26079936
39714148
25966936
26236164
25944564
26104392
26125060
26176188
26505608
26241400
26005280
26211460
38771400
26358604
26339820
26274868
26208400
26042576
26165516
26253808
26432316
26320632
26275064
25996436
26156588
26101620
26472712
26021660
26286296
26150560
26008328
26227260
26321116
26402620
25859116
26252404
26137008
26130612
25866548
26473176
30085832
26095056
26183364
26082972
26341924
26586896
25957928
26116960
25975860
26455604
26025504
26137044
26016976
26496156
26189448
26101568
25943648
25970720
26251952
26081896
26232892
33128648
26247040
26091132
26513392
26124256
26171412
26197808
26138096
25883540
26147732
26186764
26846884
26104992
26204204
26122660
26052348
25887204
26259624
25906500
26089360
26175664
26234696
26068104
26241444
26096360
26557684
25989536
26234772
25911684
26444020
26097352
26108196
26212280
26158244
26139316
25806520
26185644
26152316
26392568
25936472
26077020
26595736
39293352
26007972
26492020
26255852
26293972
26255328
26053484
26035004
29593144
26132384
26039980
26252064
26142988
26164680
26111516
26216956
26097384
26033648
32680004
26165804
26052812
26189628
26051532
26111708
26439048
26159136
25974792
26094856
26086556
26218344
26209392
41615228
26451720
26169952
26196204
26208280
26034952
25964448
26312524
26197364
26252940
36341208
26230396
26187512
26186416
25962080
26241480
26035668
26045984
26150052
26078636
26171476
40052696
26115976
26153096
26100192
26110072
26105248
26232300
26356440
26012644
25988296
26169100
26603200
25979580
26138136
26042540
26318416
26094544
26289456
26005708
26043448
26108524
26209224
26204864
26266624
27511720
26488804
26260800
26368056
26248904
26123516
26189276
26146920
26331560
26225860
26192536
40777060
25979300
26307616
25958432
26396228
26042608
26009108
26122240
26136912
36271208
26097068
26124512
26205368
26291276
25976020
26238612
31051088
29063228
26124884
26099120
26096696
26383236
25976420
26093300
25932772
26329756
25939268
33181820
26105948
26130184
29049572
26217684
26085376
26304644
26190324
26523760
26118176
25979008
26343504
26295124
26144796
26242080
25913988
26178888
25991924
26175388
26094020
26389260
26049360
25984044
25945476
26024380
26139532
25918524
26291852
26266444
26121344
26586844
25965084
26399184
26033440
26345996
26184928
25937000
26412364
25967528
26201472
26674080
26172556
26173696
26056880
26228552
26063772
26308168
31095860
26225564
26258712
26031092
26030852
26183228
26079936
25992236
26202380
26247544
26160952
26152060
26080132
26166792
26198316
26204612
26306800
26350024
26131008
42603708
26027540
26262920
25961312
26378344
26071560
26235880
26405648
26075984
26072424
25998972
26044844
26189452
26572640
26054036
26510976
25960844
26246420
26280388
26247236
26158216
26243164
26477308
26336768
26009084
25998044
26016448
26151088
26091400
26217976
26426488
26388168
26084020
26159516
26110448
26097128
26749296
26164820
25956412
26198824
26291404
26231408
26367728
26046992
28164672
26081664
26326288
25924248
26289580
32629508
26123996
26133068
25965244
26149196
26152820
26308452
26184936
26114752
26090640
26248504
31103348
25948352
26449576
26349904
26181600
26023456
26293504
26158536
25993492
25918804
25864448
26557144
26599280
25904684
26020832
26059660
26044960
26176072
26102028
26321804
28001996
26073412
26132584
25928892
26423012
26174236
26484068
26085884
26234164
26374864
26242688
26008728
26143948
26662028
26092916
26397024
26173580
26137692
25995392
26242856
26459508
25833328
26428296
26305036
26447664
25946124
26407844
25986492
26199584
26368332
25889968
26126640
25912104
26219604
25900132
26012396
26187140
26891896
26284808
26099816
26225684
26116900
26099252
25996656
26137268
25803232
26211576
25915884
26054032
26087372
26206272
25959292
26392256
26112144
26372844
26077368
26143848
25879812
26104056
26124048
26012284
26172760
25937316
25984348
26056844
26236200
26082564
26376480
25998932
26387960
26080052
26561176
25922096
26206736
26131980
26202708
26042016
26288548
26173636
26280604
26256736
26242284
26296692
26066048
26135932
32229524
26019344
26241848
26390176
25922312
26463896
25968868
26461016
25961724
26369732
25987136
40806632
26226996
25954992
26215872
26091876
25822216
26225256
25957344
26181260
26182672
26282560
26123136
25973044
26403948
28381188
26104256
26063320
26080148
25922036
26820852
26226520
25921188
26234940
26029688
26286504
25985764
26331228
26125844
26061544
31168392
26369704
25920116
26406728
26079888
26377892
 
26038940
26124964
26306668
26116880
26229796
26108012
26248748
26258280
25977236
26261960
26128700
26176204
25900712
26145428
25971528
26043724
26192208
26108584
26338448
25877016
26048120
26173900
25928740
26338704
26294432
26022772
25981636
26130780
25864388
26417756
26239364
26206088
26228884
26040792
26120208
26142744
26144740
26116448
26004428
26077044
26010492
26012196
26180320
36270444
26085112
26267424
26357756
26040772
26187124
26489832
26195900
26129424
26041208
26015596
26015792
25954636
26110696
26226544
26432636
25892972
26062976
26213868
26124576
26210056
25910604
26261248
26228380
26054756
26063828
25962988
26166940
26305536
37427636
26007748
26575552
26167332
26008728
26255524
25938004
26234960
25993124
26048112
33695352
26066432
28055216
26130292
26108476
26072952
26214436
26116096
26025396
27762156
26025896
26523204
26028936
25969120
26112832
26426544
26104888
26366016
26371376
26714652
26279608
26216680
26178900
25983884
26150340
26048108
26116908
26031972
25987284
25877812
26132684
26543800
26373764
25924616
25870368
25958644
26090896
26266912
26769944
25945936
25824856
25943144
26239340
26224280
26187648
26201944
26017036
26157720
35077520
26031432
26048256
26185228
26091776
26129760
26051704
26171224
26211032
25904608
26037480
25994156
26077504
26369052
26223996
26413704
28400644
26243688
26139092
26099328
26123272
26200792
26106416
26294724
26416260
26272948
26070384
26442652
26031092
25961440
26284192
26093792
26180080
26011336
26094356
26149220
26072372
26086396
26215184
26840764
26057784
26116208
26014472
26014256
26069384
26244396
26040616
26069260
26545168
26374936
26077680
25931420
26155988
26123632
26029136
26382864
26289344
33824104
27629816
27998964
26118980
25996864
26103552
26083732
26307360
26246716
25922348
26202456
26116940
31954012
26201204
26189364
26119488
26498572
26076944
26229260
26086760
26178684
26184104
26387608
26411716
26103148
26320840
26006912
26198256
25920776
25988340
27396500
26156688
26113204
26402156
26139736
26450364
26053396
26153568
26449012
26375496
26133896
26340292
26138356
26020368
26401868
25984660
26019956
26459480
26090156
26376784
26112328
26083076
26040832
26004108
26065212
26274644
26216696
26168784
26137892
26013668
26067256
26291984
26017180
26072744
26458276
25989708
26267940
26003732
26334376
25808172
26189104
26315076
35013556
26061236
25971060
26104128
25977960
26364824
25965256
26170176
28004664
40655576
26242552
25994016
31518880
26030476
26139940
26056796
26013740
26296856
26075816
25888588
26230668
26190104
26355432
26151088
26124372
26035944
26222028
26017112
26134456
26153824
26049364
26205248
26124020
27452956
26077236
26250256
25926940
25959892
26178328
26776912
26025504
25989336
26424232
26077720
26247092
26217896
26168600
26215848
26209728
26082724
26121116
26162176
26326792
26402896
26017544
25925884
26357072
26001820
25922048
26143476
25953136
26167120
26231652
26031640
26281496
26230308
26354816
26138740
26868016
26022476
26226704
26113568
26099648
26248244
36697244
26132488
26156048
29995512
25896544
26071708
26075360
26034996
25989192
26248600
26230520
25965208
26686276
32415432
26089688
26086616
26054008
25991248
26172720
26000364
31765528
29009584
26572208
26289524
26015068
26005548
26032484
26061132
26110456
26254140
26016640
26261044
26088212
26274548
26271016
25935728
26281980
26259776
26069508
26011644
26238428
25941996
26348080
25987144
26274808
26261416
26244560
26057756
25989572
26046380
26174804
26456884
26394004
26217084
26038620
26057132
26196728
25957012
26187652
26700896
26099204
26344200
26089328
26180784
26058532
26077944
25834048
26169456
26032772
26213648
26108008
26090644
26304708
25924912
26322344
26036008
26103660
26094416
26333344
26387960
26221660
25944672
26520432
26165828
26300564
26003884
26297692
26142228
26651196
25973200
26118076
26310628
26226172
25912052
25993456
26027148
26166128
26145544
25978608
26327944
25894408
25972164
26073876
26223856
26016704
26050656
26045440
32613324
37695204
26046776
26295572
26037540
26032968
26493212
26234892
26046840
26092944
26316516
25983184
25990840
26192564
26267208
26175512
26041632
26233608
26263004
26026940
26184412
26198108
25904360
26169420
26089980
26054616
26027436
26026752
26007604
26362544
26077836
26201452
26192200
26188684
25875492
26077084
26022532
26188304
26260520
26193652
40845408
26268644
26283216
26072240
26307768
26090624
26335588
26194184
26051908
26002232
26111988
25866676
26557432
26047108
26109840
26088484
26306300
25921508
26046980
26137136
25852564
26316180
26122544
25992148
27935924
26060264
26169704
26110456
26397356
26115968
26297272
25941872
26236028
26083756
26106528
26364488
26102200
26225272
26191692
26560116
26283376
26289660
25978592
26061076
26146296
25996764
26208496
26068156
26112504
26067260
26119676
26263184
26134056
26085668
26250336
26432400
26125512
26111292
26384104
32549500
26117692
26086708
26176480
26231552
26387704
26345232
26570452
41756836
25961272
25921700
26003364
26261408
26198144
25884144
26084524
26181460
25975044
26345300
26250156
26176708
26002520
26172540
26189740
26307844
26018772
26127944
26078880
26115352
25951348
25812324
25849896
26307720
25942820
25976536
25921808
26212792
32022900
26230868
25960736
26094644
26113784
25982224
26389236
26002236
26221932
26052800
26015296
26242008
26015748
25999472
26117244
25987996
26226160
26030412
26218936
25932396
26116696
26151376
26230856
25854076
25979016
25919160
26268340
26064760
26294572
26055132
26272644
26111716
26187504
26030144
25995252
25948976
26190108
26157552
25893688
25771668
38753692
25988852
26264764
25928628
25939720
26100344
26289808
25990592
25965348
26390636
26580248
26542236
29548304
25870216
26279948
26306236
26071236
26261640
26152356
26126256
26086040
25982320
26189456
26437820
26048236
25989376
25837964
25825676
25864068
26226324
26081292
25998416
26164892
26107388
25857972
26257320
26075436
26263576
26026108
26053360
26423768
26484304
26305212
26058044
26252764
26255112
26310236
26205208
28150424
41344772
26200628
25960028
26099056
26063936
26173804
26452740
26099368
26119792
26026052
26239428
26180868
26043864
25895236
26030764
26007340
26175088
25906176
26349860
26123328
25991788
25903092
26020420
26208700
26264044
26392384
25745064
26418436
25949528
25840792
26095984
26166756
26009092
25991216
26055388
26035476
26338580
26474780
26017300
26155596
26207264
25962432
26229396
26093428
26082108
26135636
26168832
25821268
26227196
25984200
26008844
26062664
26208044
26131360
25985116
26013132
25945052
38736196
26272316
26038804
26079048
26332424
26245020
26058128
25861468
26156808
26079348
28155636
35667588
26057236
25942892
25936220
26395876
26119448
26024988
26011116
26064548
26123444
26147576
39659852
26171660
26117376
26014524
26193728
25976772
25861496
26122576
26220032
26176196
25943576
26160908
25906700
26099520
26338932
26205388
26152676
26073060
25995692
26065612
26036304
26045440
25966240
26434584
26138468
26028516
25943004
26157476
26869720
25985876
26270604
30199236
26135328
26254040
26042952
26178176
26013056
25832020
26174608
26197616
28363148
30316048
26228068
26105228
26370232
26139744
26008200
25978084
25990140
26025888
28732652
26293780
26145736
26179084
26104644
26072560
25889104
26059432
26096748
26110268
25982284
25992080
26075912
25990616
26207640
26292908
26366280
25822464
29898224
26056172
26286420
26016352
26097936
26038140
25853552
26289576
26300876
25831128
27239432
26251676
26010816
26122464
26021428
26172428
26030400
26032208
26226776
26333216
26274388
26215788
25931516
26091916
25954332
26405188
26116140
25976316
26249840
26290268
26185392
26105376
26262408
25973456
26277972
26184196
26322800
26160556
25856668
26057944
26835664
26447976
25963320
26021516
26345496
26127584
26028932
26081276
26044884
26169004
26574460
26144548
26085812
26061636
25908164
26499092
26092580
26139704
26318300
25988592
26620136
26020476
26120740
26036820
26340628
26049380
26160700
26134512
26425480
25992092
26093368
26159116
26332152
26086612
26017860
26082660
26290512
25850472
26056508
25982396
26151052
26175388
26073356
26143936
26112472
26021124
26231492
25900684
26189356
25985652
25946096
26133224
26182988
26005824
26294764
25950224
26057276
26067716
25988980
26299724
26114920
26158344
25994032
26379528
26025560
26255996
26105392
26000828
26041292
25919220
26038328
25903956
26129416
25922492
26254768
25956972
26136624
26214216
25950612
25920124
26079876
26016344
26227480
26120192
26218940
26225280
25925784
26099884
26252644
26345112
26239028
31513048
26168200
26061748
26084972
25916684
26232416
27037608
25954736
26012796
26206388
26631404
25912192
25946508
26121308
25917156
26192164
25814552
26235176
26010788
26026604
25978080
26127620
25917516
26234544
26000620
26162460
26187312
26180528
25988524
25964092
42051516
25837356
26145424
25938672
26249264
26166900
26218180
25984552
26048000
25919880
26571796
25990184
25979888
26221820
25939012
26134348
26184648
26158388
26049760
26178316
27877036
26241088
26177252
26007088
26185820
26500152
26218384
 
26167788
26203268
26107720
26387652
29218060
26172320
26287240
26018720
26301820
26242992
25992900
26023264
25952276
26129252
26398768
26290772
26091412
26194496
26267632
25975000
26397972
26158592
26115584
26161036
25951964
26053112
26141704
26107236
25887200
33058636
26011772
25965236
26217064
26185664
26309100
26110380
26181364
25941308
26239488
26786212
25914404
26067920
25919760
25906324
26045852
25913824
26082500
26043812
25988776
26132684
26104972
26087064
26145840
25996216
26258552
26258892
26291164
26580228
26101772
25923900
26110732
25964404
25948688
26060032
31924720
26060292
26489436
26192132
26284316
25996864
26093880
26103184
26033288
26163388
25927248
26023684
26134608
26260440
26352692
26319072
26244776
26528200
25854104
26162876
25870560
25948684
26199688
26070620
26559696
25948268
26041792
26132188
26320660
25874148
26306504
25930004
26516044
26256068
25984064
26141384
26214624
26345832
26112832
26232040
31963024
27065712
26053572
26176804
26250808
26130192
26062064
26242000
25823704
26202636
26762232
25970652
26225696
26135528
26035148
26062956
26144048
26112660
26342244
25990296
26314932
25947540
26097712
26658260
26313536
25962508
26197552
26164520
26122776
25963976
25860012
25974912
26323092
25999424
26048968
26083036
25961736
25895072
38394100
26211588
26141088
26060996
25927232
26230800
26287892
26223720
25978272
25981936
32171188
26529056
26221460
26089824
27734464
26088236
26089240
26281824
26180052
25945984
26032676
26210172
25870616
25974168
25954708
26436352
26262912
26085952
26430992
26236976
26026168
26046400
26146580
26057728
25919288
26564488
26112704
26286184
26206616
26215912
26132124
26801004
26104240
26091724
26194464
26198544
26104520
26066888
25997904
25953016
26153748
25833048
26045040
25932228
26163068
25945748
26066920
26086716
26202184
26064400
26201144
25929112
26206392
25936140
26052080
26362896
26240832
26024884
26094876
26041924
25919160
26463828
25984672
26288748
25938048
26281904
26373604
26065628
26196440
26008960
25953384
25919380
26129008
26259192
25859404
26217516
25997636
27783152
26063532
26291500
25898436
26090032
26110892
26300216
26177100
26026328
26581428
26066864
25911168
25940204
26109332
26289036
26081332
25969080
25978436
26088932
26536068
26189728
26055852
26011176
26443032
26533072
26094080
26166784
26262412
26217552
26221540
26490608
25986784
26035920
26163936
26393888
26264232
26243084
25907604
26240340
31064496
25971976
25954000
26269884
26113656
26066220
26012452
25988668
26218672
26118880
26262924
26329676
26194640
26254836
26008964
26110068
26379732
26201744
25966688
26119948
26005144
26015448
26369988
25953316
26239972
26046552
26177020
26208816
26474804
26230772
25939724
26275516
26020776
26157720
25856384
26003508
26075672
25865140
26044052
26142620
26013344
26251584
26040236
25829376
26410900
26008836
25972692
26073416
26618756
41863564
26164612
26066268
26032448
26124228
26301244
26148604
33823452
25971704
26368836
26058148
25857180
25981696
26133356
25923476
26152548
25995992
26212856
25980080
25930716
26153224
26023188
26163536
26097124
32110128
33726496
25871292
25980236
25943844
26385656
26525216
25944956
26059792
26058188
26097296
26056008
26204880
26279128
26280976
26174912
26037220
26211244
26150124
26038884
25972420
28716340
26269416
26059564
26067424
26076272
26015896
26432488
25921380
25955396
26090352
26035868
26139652
26163924
26377328
25968212
26079096
35383820
26220628
26338328
26100752
25855360
26050900
25988064
25771712
26692188
29444856
26104560
26200196
26093036
25871916
26057064
26065676
25971900
26256648
25927848
25830324
26234164
26037352
25977620
26094608
25963928
26099400
26247320
25985564
26389620
26344520
26195568
25928820
26061116
25889784
25909720
26006672
26055788
26221500
26105272
25902064
26098280
25993672
33809188
26042944
26067632
26106100
26129472
26016156
26131464
26136908
26121596
25915080
26136880
26069712
26140124
25969264
25854504
26111516
25985700
26643944
26499868
26092472
26103696
26093988
25864912
26137116
26586452
26139664
26086456
26265452
25985952
25922612
26116788
26173260
26095124
26095876
26082240
26338496
26079648
26213488
26044908
26070656
25979644
26230668
25856620
26090700
25920060
26037816
26146796
25974060
25897496
26033832
26105236
25971708
26489560
26041408
25892252
26005140
26164460
26171448
26113708
25956572
26412616
26075304
25932168
25908264
25955052
26003676
26062664
26127756
26028368
26033948
25917572
25915336
25880844
25908112
25960228
26583468
26032372
26086396
25981796
26129688
26215056
26059872
26127412
26290232
26140744
26837808
26497004
26071776
26218460
26019160
26081932
26210332
25884896
26046488
26015992
25966524
25998992
26083180
26085152
26032508
26148528
26082764
25931144
26891396
26045516
26207612
26228380
26349320
25934944
25979756
26328824
26067016
26309504
25913636
26101264
26037060
26412332
25945992
26282740
26017176
26058276
26062040
26210332
26052580
26147632
26097556
25836288
25963448
26203224
26110156
26043640
26168856
26039868
26059804
26060284
26073044
26051700
26075704
30638044
26311824
26516372
26115492
26033088
25900348
26154360
26291092
26154180
26535272
37368788
25960056
26220180
26199392
25958680
26123332
25809984
26028180
26081220
26946344
25905972
26009764
25878816
26274440
26297404
26374884
26028056
26085368
26016948
26189872
26227436
26634904
25843516
26236040
25934944
26098248
26050748
26284744
25994984
26341572
36461032
26137988
25886236
26028132
26051264
25945196
26299556
26254736
26066328
26360488
25789192
26225480
26236276
26287384
25914876
26018376
25859492
26196644
26187840
25971440
26126456
25974912
25964064
26087400
26019296
26138912
26046088
26220236
25931764
26115672
26399720
26234208
26034336
25944704
25880376
26020016
25925760
26400908
26125636
36558276
26328220
25969324
26000032
26292020
25957096
26123460
25860040
25897036
26041848
26152888
26103508
26326656
25848340
26332320
25927328
26149376
26060300
25994924
26134000
26092848
26102024
38113160
26142532
26154760
26002040
26045728
25922800
26230496
26187208
26093128
25836140
26052296
26279096
26115920
26024452
26029124
26322692
26167660
26029780
26058344
26149360
26147004
25778652
25990184
26126400
25903500
25912524
33436020
26174104
26336032
26230624
25941736
25895656
26056132
25922560
26134264
26159804
25840692
26085424
25939956
25950408
26774944
26050212
27639588
26290280
26056492
26265504
25879404
26261608
25810228
26121660
26041520
25984696
26239808
26075312
26004048
26406564
26013516
25988680
25972708
26218648
25970012
26093216
26143344
26817916
26257644
26318212
26094888
26221356
25916968
26143488
25969000
25846256
26676324
26061584
26062628
26122600
26041464
26069908
26034204
26150572
25978940
26188944
36050108
26131824
26063076
26157584
25961608
25995196
26030808
26049256
26070528
26179204
25973584
26015104
26221052
26135296
26002764
26005824
26323340
25945244
26028804
25944708
29120468
26131196
25851928
26357036
26116384
25955340
25907164
26205148
25940964
26246472
25989124
26151176
26439632
40079180
26036936
25891812
26188612
26386460
25998560
25957820
26011112
26175812
25898448
26029272
25883960
26198508
25953676
26350364
25962948
25957888
26270124
26103380
26274360
26073984
25956276
26078028
26021764
25877524
26012656
26002216
25958352
25919844
26210220
26157448
26159056
25998348
26120752
26137460
26129172
26143688
26172228
26111776
26226592
26131128
26131216
26179108
25935004
26328984
26097604
26063184
25978752
26108280
26104464
26165252
28060788
26010864
26455580
26041172
26300664
25864856
26272036
25919280
26145556
25959972
25933192
25955256
25957300
26317108
26026032
26143688
26590544
25916828
26150044
26257744
25897208
25885708
25958792
26128668
25929680
26021112
25935284
25979036
25963060
28611320
25932816
25975896
26023444
26314736
26288936
26023148
25960712
25973536
26065468
26183336
26305760
25883288
25991948
25888404
26114892
26170076
25990020
26466460
26195288
25905232
25979284
34152976
26033368
25921780
25996828
25968744
26043876
26066236
26205444
26068220
26111220
26036000
26265244
26032384
25906680
26241308
26632440
26297040
25908324
26208348
25985148
26006396
26261880
26110792
25926832
26044084
25927780
26097804
26012760
25910116
26284408
26199216
26170940
26002620
25889716
26208324
26099700
26092484
26006712
26067424
25910448
26020392
27048492
26337488
26121656
26377752
26643616
26570320
26046120
26050676
25826252
25994136
25891664
26049932
26109264
25977660
26314084
25963900
26122232
25848072
26599048
26010700
26033260
26091412
25987088
25923080
25866364
25889516
25869584
25932728
26110368
25856196
36923844
26207724
26024364
26212928
31300052
26128116
27550988
26190620
26087724
26127408
26085608
26156336
25951296
26042900
26134544
26008512
26431220
26328584
25983448
27990816
39908408
26253156
26052540
26421316
26121360
26055276
26144120
25926956
26130644
25980140
25913044
26101780
25922048
26100920
26057244
26165980
26247092
26052244
26117136
26082844
26188844
25926232
26097000
26041696
35030004
25950488
26080744
25944800
25974104
28702288
26243412
34543572
25922896
 
26330056
26044060
26131416
25922836
26074272
26253356
25936344
26097568
25786380
35644448
26037964
26043560
26074252
25894604
26242928
26012452
26086108
26256208
26115964
26268312
26283844
26090696
26208804
26186184
26260468
26068660
26048832
26091808
25992316
31834704
26209668
25907444
26305152
26145740
26320988
26090968
25864652
25986232
26248200
26052688
26352788
25956188
26110048
25958708
26112924
25850000
26549016
26263808
26176468
26151904
26074436
25992212
26030140
26077840
25843252
26189512
25905640
26391236
26007368
26004892
26230084
25906272
26394032
26423616
25870468
26085972
25947884
26078368
26300992
26121680
25964288
26050712
25832864
26104056
26063248
26028740
26096780
25982764
25826468
25899608
25962296
26173420
25980616
25984788
26208856
26100256
25908828
26132932
26044176
26358720
26049960
26208796
26261592
26175064
26004092
25935888
25908700
26148032
26414056
26235828
26240892
25746624
25925224
25982660
26011860
25991268
26101468
26251168
25963908
26142256
26007192
25965252
26198064
25966244
26133568
32329852
25870024
26275644
26028224
25969552
25963484
26114740
25963684
26093848
25883252
25977208
26667660
25910752
26238512
26174880
26027484
25930124
26208364
26142160
25904164
26062592
26034108
26138116
25970720
25843444
25922948
26086148
41963136
26201172
25904568
26598076
26084088
26134756
26076344
26009564
26244288
30273680
25885616
26050168
26516844
27640092
25912620
26140600
26352888
25863628
25945852
26224432
26023300
26033412
25847556
26294896
25862780
26001276
26198972
26155064
26208644
25906236
26165288
26075368
25910044
26046444
25985460
26082820
26060436
25933120
26011920
26267880
26017616
25934440
25763724
26099400
26208132
25974472
25911024
25965184
26192800
25983904
25871636
25918988
26338484
26186076
26275852
26078036
25888744
25907348
25877296
26065104
25969716
25898092
25973148
25955428
26221344
26232612
26726056
26431612
26090012
26023200
26070136
26237664
25960584
25860160
25980700
25938116
26183772
25920704
25978432
26010680
26162032
25945244
25978480
26102968
26007228
25949640
26243220
27855064
26398532
26085932
29014816
25873816
25956320
25886516
26003292
26169104
26023628
25963276
26095576
26012944
26173888
25935892
25857588
25948368
25951748
39209440
25977824
26391504
25812520
26126852
26103080
25898480
25903856
26043352
26001572
25951456
26113308
26221056
25915724
29247176
25894448
34499168
26096916
25949112
26016516
25890416
26164884
25883640
26235748
25869200
25791712
26050412
26401636
25921716
26126804
25841200
25996088
25937956
26023496
25909800
25879980
26195492
25942232
26225800
26099924
25976956
26346332
25916504
26193168
26769404
25993856
26208816
26193100
25997496
25864108
26056848
25965000
25944656
25902360
26077180
26148552
26057392
26566904
26042768
26087084
34925040
26182500
26076700
26168660
25971796
25950200
26122084
25918284
26148916
26184828
26269696
25861164
26182268
25886592
26138324
26225232
26182972
26156188
26079784
26260408
26108080
25834476
25997468
26085556
25898820
26444328
26051520
26473592
26392624
26183152
26484032
25840200
25848144
26054800
26081252
25904068
26041236
26022616
26179152
26040120
25994804
25895720
26092596
25925512
26139152
26010460
25880400
26289840
25918528
26083680
25913192
26001552
25880044
26028148
25969920
25939992
26069056
26110684
25806188
26061972
26124344
26337940
25985152
25923220
26108976
26155004
25874276
26200408
26115628
26138300
25939060
26041752
26216648
26115116
25968944
26075756
26112572
26015468
26087212
25902664
26073596
26264380
26102128
25898192
26588644
25996216
25986248
26078740
26015760
26095440
26748068
26135472
26014144
25990768
26044800
25985184
25978416
25969504
25905448
25942916
25992256
26045692
25993792
25956128
25908884
26206156
25986856
26287540
26038928
25923568
25817932
26240508
26199108
26091160
26088780
25931764
26233308
25999296
26267160
25891556
26052328
32378068
25989764
26065460
26473012
26386596
26129180
26191508
25964756
26096200
25920156
26110072
26181176
26054100
26360104
26100184
26432584
26130504
26011300
25886512
26127968
26083224
26203132
25970716
26201616
26045724
25875160
26171712
25921240
26150912
25968852
26060776
25875168
25819668
26125160
26156992
26050888
26099948
41514396
26141324
25904664
26163336
26010072
26638556
25886104
25981312
25976040
25963868
26276976
26301628
26185804
26191020
26318944
26040772
26023576
26017360
25875204
26362016
28807600
25964860
26033296
26000568
26041796
26137708
26042556
26100216
25916656
26023168
26117488
25827480
26134548
26267816
25931836
29102836
26100160
26150568
25963728
25969292
26081956
26187472
26067560
25841088
26132324
26123232
26168972
26012756
26433272
26007608
26279644
26151560
26007736
25920352
26119816
25838160
26049976
26107964
25953192
25984668
25792024
26567436
25930572
26028772
26108972
25995772
25922252
26133632
26021388
26272120
26282952
26023524
25918028
25835392
26437848
32859448
26391452
25865032
25948448
26064784
26137940
25992988
26196200
26077140
25958060
26014984
26205156
25951372
26291860
25911992
25948536
26013120
26041472
26015856
25972172
25886464
26114924
26038696
26244080
26027764
26348832
25901368
26162544
25998032
26187444
26503280
26350524
25890540
25981084
25800088
26160532
25999160
26196676
26069808
26147932
34273052
26040964
25831256
26035504
25969912
26073144
25911820
26131676
26146932
25951336
25955428
25904916
26213244
26078484
25975292
26021964
35468240
26000188
26068172
26087780
26041176
25957664
26168868
26069768
25948172
26227896
26445524
25810460
26265088
26019204
26168440
26216088
29151860
26198736
26107120
25886176
26155392
25950200
25978544
25875168
26264360
25902268
26234928
26107088
25930708
25867668
27556656
25935456
25884396
26270352
26059704
26112452
25928004
25874984
26305428
25908368
26186452
26045008
26229516
26208616
26015500
26262952
26023012
26312568
26157292
26011368
26043512
26091164
25947020
25975368
26290236
26080096
25914044
27437304
25917416
29819300
26142636
26562020
25984796
26013568
26107056
26027848
26111320
26020044
26029304
26087860
26263520
27358200
26010124
26001980
26506804
26087796
26324716
25895948
26128860
26012780
26451408
25986884
26073468
26241392
25982188
26103484
26032252
26183100
26107792
26229268
26050112
26056780
25950088
25910872
25999112
26144792
26076128
26176240
26185860
25951044
25872448
26106008
26479716
26070224
30012440
25995916
25814476
26065244
25913960
25998204
25982312
26040516
25850116
26118348
26049404
25969224
25949632
26541768
26462124
26057100
26243144
26032316
25830856
26117884
25868040
26178604
26075364
25762016
25942476
25968952
26002616
25887240
27349940
26264260
26062104
25913172
26161664
26253820
26177896
25972096
25957404
26074016
34194876
25997340
26090708
25893756
26320076
26038176
26677448
25999512
26049148
25957016
26148576
26030444
25976268
26092936
25987280
26155508
25990540
26161404
25912716
26020008
25980348
26021288
26121924
26058728
26258320
25928016
26018520
26400468
25867368
26031432
26263568
25787880
25960420
26275896
26030128
26415284
26161560
26011764
26157228
26283204
26038028
25965348
26016932
35513264
25881748
26086728
26047904
25814308
25886968
26554116
26083536
26936804
25814092
25854060
26135236
26001372
27566840
26233032
25840452
25807268
26223960
25982400
26039712
26094272
25941340
26188808
26103156
26021168
26029160
25982964
26411980
25970740
26215432
25834056
26258816
26088712
26124544
26184436
26275336
26009832
25969776
26196244
26122696
26028932
26118532
26560000
26167488
26182012
26085612
26087216
25989092
26184308
26134664
25945556
25987800
26016204
25958792
26174812
25864972
26200508
39519984
25927380
25874440
26116220
26120968
26203100
26362696
25977688
26051108
26234524
26379052
26112904
26035596
26234268
26143492
26086472
25885764
26105880
25995820
26144832
25980200
26134336
26066812
25963040
25948320
26246968
25953260
26107636
25901852
25832208
26037064
25885768
26082864
25925576
26207356
26114052
25930836
26260032
26223460
26091388
26041924
26574000
25883076
25904236
26074948
25995088
26157760
26082760
26112292
26004664
26105832
25946924
26104372
26067704
26111112
26270936
37332140
26091068
26087728
25936988
26068820
25932752
25932108
26101872
26063808
25892548
26137732
26097848
25931804
25952332
26070296
26696076
25857776
26074408
26080108
25902624
26024188
26077180
25993956
26085848
26035020
26229304
26159056
25924172
26118112
25942752
25962524
25910336
26074328
26008476
26100520
26031084
26197916
25893264
26136880
26066732
26250280
26187160
26334296
25973768
26281204
26051540
26090948
26200296
25885356
26146580
25954688
25934788
26041528
26091356
26035948
26168696
26001416
26025196
25987972
26632260
25938096
26060796
25939292
26063172
26078660
26257272
26178352
26249328
25914324
26051996
25924072
26308980
25951120
25943980
26454916
25899864
26054332
25790736
26164056
26145912
25910636
26019096
25949536
26011200
25919028
26250368
26044520
26381292
25972376
26077384
25925032
26041956
26047900
26340648
26155568
26160148
25998276
26247192
25923324
26356044
26254928
26074940
26073736
25953720
26079676
29767512
 
26033200
26164848
25990396
25833396
25941892
26280588
25945140
25925076
25980324
25821012
25931256
33222748
26053216
25925560
25963296
26376084
26039648
26086032
26006960
26002616
26124308
26177208
25982248
25971476
26141016
26070796
26063448
26022588
26334932
26232608
26241984
25894852
26025656
25886444
25833732
25989428
26105592
26118276
26363736
25908088
26114548
26145776
25974532
26048440
25941792
25868632
25898488
26232548
25916952
26040952
26279536
25917764
26317456
26002264
37707768
25984588
26125548
26186044
39225132
26305596
25936080
26039060
26144508
26015944
26007324
26220404
25962488
25990312
25932256
25983108
26400020
25862276
26007708
25886208
26092208
26127164
25987196
26091252
25955308
26081644
29745272
25932368
36637320
25888044
26583684
27879848
26215272
26095488
26191676
25941276
25934648
26032568
25927040
26079556
25935136
25756868
26072820
34473560
26170756
25970364
26018256
25909540
34075212
25862484
26088840
25851728
25863036
25885660
26158924
26053104
26041948
26135796
26023480
26180008
26166956
27176024
26494388
42607088
26117936
25911956
25827840
26289396
26190052
25972284
26068904
26025364
26014172
26187680
26080204
25823268
26191756
25952584
25923292
25955556
26154816
25874868
26058376
26089148
26047864
26079740
25878672
26228036
25921072
25838800
26198044
25853068
26848840
26072116
39869504
25868588
26132876
25915192
26083792
25878276
25948268
26197008
25779376
26055348
25950900
25927660
25866224
25889516
25941676
25794348
25970404
26036652
25880692
25869692
26174896
25978880
26007396
25950116
26546360
26188640
25995600
25878292
25796452
26108060
26061480
25979708
25970976
26286740
26096168
26164608
26051492
26112628
26154084
25970556
26262416
26003820
26035452
26105916
25883792
25867744
26089116
31228864
25977020
25967312
25932180
25871904
26168080
25952712
27715976
25917744
26424452
25963888
26037164
26022076
26071300
25915676
26228916
25969796
26084272
26171292
25927956
25936784
26012316
26179632
25901160
25941016
26139308
28295100
26245936
25903008
26243788
26045188
25978192
26125932
26044244
26124288
26093592
26084464
25951528
26103600
26215472
25994844
26266284
26087716
26044200
26177692
26161328
25907916
26350668
25889148
25929712
33798916
26130032
25995000
26278720
25900956
26479624
25920488
26073824
26291432
25983620
26003316
26011340
25880880
26040108
26232164
26445020
26066452
25946884
25834324
26026304
26882936
26111592
26495148
25916580
25928708
26170756
25842368
25897160
25983344
26045312
25981292
25892996
25860384
25944052
26022792
26268412
26120128
25901228
26482896
26102040
25848348
26234024
25974916
26255856
25955476
25991708
25910032
25947352
25902772
26065760
26148068
26091980
25915488
26556732
26072096
26081012
26232420
26353916
26230816
25985600
25986072
25873260
25818556
26322872
26182916
26063776
25943156
25828124
25884532
25924476
26170496
25933332
25901680
26296624
26193356
26126184
25904440
26153608
26148528
26125572
25904796
25947692
39479024
26156624
26239060
26099016
28369036
25870448
25839820
25997096
26193852
26067100
26074940
26151888
26137868
25912500
25922756
25997880
26030652
26091540
26087156
26257728
25932464
26123760
26156788
25832196
26193708
25877328
26058512
26061440
26077120
26216360
26166440
25828424
26076444
26035664
26000008
25923636
26047416
30428324
26128516
26120436
25922024
26163580
25905836
25978140
26093352
26131268
26077332
26208432
26100400
26068612
25834844
25746252
26032360
25873408
26810576
26086888
26193692
25866292
25920468
26041240
25951732
26071832
26143944
25968084
25996744
25917032
25954988
26073404
36520144
26179708
26187688
26038888
26152276
26010840
25842056
26046888
25974208
25856496
26014040
26270984
26068304
25969524
25966132
25985604
26321564
25842848
26027908
25901572
26106460
26153048
25955524
25929468
26177340
26084592
25864260
26133964
25894960
26039668
25946980
26468896
28405484
26430124
26079276
25898916
25967376
25892572
25903536
26016168
26097844
26394760
26284736
26205836
25834676
26112752
25964240
25867040
25972456
25885124
36812440
25953324
26357536
26325540
26135080
26155796
25881976
26155204
26039832
25863292
26037096
26212684
25893668
25890396
26000924
25969752
26090764
26033620
26085848
26049288
25805588
26149444
26053396
25832332
26050672
25911140
25840612
25882360
26167600
25977960
26151784
26094972
25994604
26270016
32780172
26330488
26225804
26066668
26146828
26070152
25965344
25962900
26149392
26302652
26068304
26076276
26169708
25908180
26016464
26161016
26051736
26020428
25969852
26036204
26061072
25958352
25990852
26108276
25921004
28921224
26029208
25867252
25813444
26079996
25923180
26083768
26370592
25860592
25874216
25972520
26421988
25980808
26031804
26141520
26048460
26359712
25981812
25851592
26016324
25955004
26160024
26134024
25900740
25944852
26114488
25963092
25895992
26121532
26125784
25947220
25941396
25902996
25982108
26300596
26018976
26012580
26145760
26051596
26024940
26172664
26130172
25800452
26000596
25915368
26102404
25859268
26067984
26108804
26039196
26053856
26617060
26167584
26036000
26144472
26063600
26004432
25865588
41740472
25978960
26806980
25958668
25949276
26156748
40596024
26329652
26036616
26290080
25906400
26264732
25929916
26034880
26272732
25827132
26308644
25975528
25973032
25859336
27785736
26574264
25998192
26147796
25930056
26382316
25970072
26005108
25959720
25985700
25852308
26238320
34759520
26013752
25895944
26097692
25993264
25977784
25870808
25922716
25823244
25959424
25831028
26052912
26006948
26057448
26020536
26066704
26038468
26002660
26682000
26247532
26279880
25935896
26392644
26131964
25863304
26037288
26006564
25902288
25979352
26196136
25823980
25882556
26226356
26110524
25865000
26098564
26062792
25994740
25952588
26114204
25677236
26486012
26054024
26008152
25857388
26157924
25878060
25911248
25976108
26259536
26163964
26150172
26026540
26183472
25870816
25896512
25838108
29997224
25874316
26017944
25908688
26218340
25987872
25823984
26001232
26024148
26293464
26069988
26144244
25997240
25960496
26051696
25872388
26304204
26292664
25960300
26007252
25941116
26099536
25909204
25936548
26047788
26147192
26107400
26059384
25914504
26219392
26095316
25998808
25991256
28895308
25968732
25924772
26116516
26036720
26465504
26555628
26014860
26641848
26226780
26183020
26353676
26282784
25966024
26064476
25820196
26251304
26218620
26037500
25978320
26097208
25855704
25995148
25998980
25999092
25892940
25997652
26275116
26136932
26055228
26139876
25911088
25992076
25976536
25980260
45158492
26054700
25853724
26157864
25720260
26252652
26539296
26190180
25895204
26230808
26013272
26032072
26053384
26046160
25991044
25883296
26249752
26420924
26047416
25923196
26019160
25952876
26097072
38221060
25912856
26064352
25870612
26094564
26012796
25914532
26284964
26104116
26128108
25857036
26090212
25852420
26671916
26064228
26192540
26084596
26006120
25970936
25959304
25968784
26325176
26497244
25934220
26317364
25849756
26144512
25953752
26137760
25868212
27426800
26252348
25926028
26116964
25929540
26229484
26188340
25972164
25975924
26072972
25823336
26156340
26015652
25819244
26049168
26119020
25913676
26069880
26012416
25920240
26039824
30543756
26236868
26013432
26062964
25945024
26175572
25995240
26025884
25946588
32291888
39502336
25908368
26247908
26381152
26124468
25940304
26166376
25923344
25937860
25854532
26251492
25943976
25828604
26019372
26183132
28459372
25986404
26076612
26089748
26129364
26049656
25865332
26022244
25834928
25944284
26156528
26077892
25939260
25860804
26096120
26279820
25977044
40177908
26019552
25954344
26101500
26075744
25879452
26045032
26080924
25845184
25882760
26086816
25930508
25937772
33051316
26009444
26226632
25928424
25986092
26315156
25947764
26226852
25947420
25934272
25959860
26730948
26040356
26175124
25975184
25881540
26032100
25991704
26335652
25905944
25877652
25956752
25932044
26071996
26001516
25918428
25899672
26290068
26163640
25972332
26097400
38926720
25933408
26046228
26095092
25907012
26420156
25988688
25938248
25946336
26112580
26022728
25942016
25999512
25901412
26067024
26115632
26264460
26085992
25854876
26301760
25946772
26132652
26031452
26243360
26040280
25864928
26302004
25862232
25900532
25960420
25959904
26134504
25856652
25895244
26047140
26068836
25981380
26155660
26074092
25846328
25993684
25879772
25882148
25953880
26026772
25952468
26077004
25949872
26270944
25879120
25822912
25926024
25943532
26005504
26184260
26291956
26034060
26205996
26270564
26064132
25889224
25973608
25938204
25985448
25886796
26078648
25951832
26197684
26137596
25878668
25953888
26089732
26035440
25948008
26037860
26123880
25955348
25952432
25903556
25934440
25968276
25886684
32600060
25845684
27697356
25901420
25859560
25983144
25927164
26187968
26081156
25885292
26353364
25886448
25914980
26140216
25931056
26110596
36946568
26091052
25903560
25936220
26230412
26156044
26003380
25877188
25944320
26343608
25935440
26111120
25930412
26151552
25955172
25841972
25966460
27018140
26032212
25851336
26236204
26155676
26015808
 
26233772
26150312
25938228
25890500
26075300
26344640
26433808
26328508
25896392
26079588
25929460
25975512
25993952
31277872
25842860
25975196
26253344
25941756
25929856
25997136
25815884
26036748
25993596
32172764
26165260
26202448
26073584
26079832
26049868
25936856
25992856
25990464
26032356
25959100
26016876
26383712
26169100
26242768
26118608
26207208
37865348
25890944
26046140
26092696
25939984
26178524
26017764
26001656
26017012
26047452
25933416
26186236
26005064
25894768
25946704
26090100
26347784
25959964
25810148
26070572
25965956
26036576
26090368
26318220
25806448
26201516
26081616
25947596
26171312
26036356
26451584
26035208
25952128
28840568
25947764
26872708
26342580
26047764
26059348
26191232
25998248
26136404
26276276
25897728
25947604
26120400
26100760
26129652
26293608
26077648
26183512
25997584
25904156
26341848
25882264
26168392
26108060
25971728
26126136
26056700
25824620
26193572
25958440
25850632
26212520
25932376
26049112
25945632
25884196
26324360
26317900
25948980
32430444
26019876
26130188
26079096
26046296
25979564
26834308
26180792
26237664
25818176
25953696
26192324
26153444
26037972
27346124
26248812
26120084
26187064
25927352
25986632
26448160
25867464
26543084
26544720
25941492
26046412
25945908
26169896
25907800
26104884
25844636
26283424
25981132
25938796
26107348
26605972
26228292
26367624
25938012
25987768
25958080
25973772
26166076
25913504
25978692
27118020
25921688
25828768
25990968
26325172
26138072
25868836
26190144
25914076
25976136
26070364
25989456
26181804
25850728
26089252
25965188
25953624
26194952
25926748
25917064
25892936
26019636
25894468
25930852
26006276
25910144
25922112
25865380
26484396
26027988
25972504
26223420
26018908
25985884
26072412
26188624
26129964
25962372
26159076
25866800
26196948
26184476
26173632
26176852
26198212
26396504
26094416
26274376
25936208
26230096
26677836
26007072
26019440
25882640
26032764
25912788
26134764
25949128
26117888
26110148
25931824
26027048
25846900
26155304
25954508
26032004
25857080
27721988
25859120
34387008
26011692
25831008
26344936
26144324
25915904
25769896
25918756
25989280
25911024
25862328
26158292
25944820
25981852
25957344
26397228
26234260
25951828
26150624
25966488
26093960
25865028
26011436
26005216
26019992
26088960
25982564
26060092
34187428
25964468
30019452
26099768
26057772
25986864
26080592
26249184
25978616
25888180
26252712
25898484
25949908
25972876
26061872
26046888
26941244
26300376
26177772
25928952
25911184
26299856
25889584
25771816
25832204
26149268
26185648
26254432
25982844
26124268
25900044
26060176
25954676
26446296
26026468
25935172
26189400
26110420
26085900
25968316
26084292
26271188
26115860
26095664
26163644
25997756
25969892
25961528
25864972
25998780
27798676
25903952
27333184
25916356
25794228
26194428
26085228
25978552
26345596
26170896
25919672
26139616
26108744
26183900
26038800
26037112
26045128
26052520
25918008
26531008
38061124
25982840
26069764
26041128
26351856
25950488
25925144
26076828
25906676
26097912
25903304
26285512
25909164
26049344
25885112
25970452
26002416
26108292
25987652
25904936
25924100
25912564
25877252
25895836
26003904
25866060
26236768
26030380
25866888
26041592
25969916
26030716
35793552
25957316
26233024
26042228
25945832
25824252
26163896
26054108
25953208
25959944
26073496
25962028
25944148
26014288
26054216
26462344
26173900
27899472
25882536
25986280
25968208
26131268
25952648
25965840
26190620
25884144
25963988
26144880
26169644
25944144
26151812
25955900
35501296
25894388
26001876
25935932
26154532
26219448
26259888
26113128
26148392
25950392
25844256
26117616
25937636
25849412
25981644
26014068
25914864
25816492
26300908
26066504
26108844
26165428
26287176
25953876
25919372
25924212
26151008
26092572
26081588
26138916
25908560
26192464
25851840
26019856
26436476
44142560
26285700
35211616
25931804
26048352
26153672
25958108
25949948
26276484
26029436
26142368
25859620
26090564
27364524
26016952
25877468
25898420
25753608
25958476
26048448
25812220
27911860
25814180
26579688
25909740
26160620
26076708
27207428
25944792
26058716
26380620
25918804
25948984
25943244
26111124
26230820
25928944
25952396
25920420
26080768
26046540
26102156
26514752
25879980
25909880
26093464
25912420
26036500
25936184
26526364
26177108
25975820
25970072
26160144
26321392
25992920
25946756
26042344
25883628
26167664
29781932
26064712
26357592
25921968
26399032
26064436
26493020
26096012
25996524
25819260
26101140
25943928
25849532
25945936
33053788
25991760
25907380
26035428
26449816
26273000
25836444
25921120
25968484
25955084
25944432
26163516
25991440
26127164
25903288
26059212
26051480
26148400
26065308
26127592
25986244
25890904
42440020
26184928
26004088
25978492
26036708
26022432
26202708
26021984
26141956
26413732
26130040
25944444
25938424
26037844
25969516
25975592
25958512
26041324
26626384
26171584
25907520
25779760
25977696
26139416
31670900
25904384
26615696
26112660
26072224
26195192
25912300
26206604
26113408
26037968
25875628
25816592
26086976
26175596
25991284
26038472
25996720
25932408
26079784
29099236
26163432
26066940
25836408
26055016
26316948
25790384
25999104
26023732
25970084
26131448
26085136
25930968
26315424
25910860
25924468
25932880
26045780
26692632
25857196
25929688
26189416
26113268
26021028
26093900
26337724
26193580
31524224
26122668
26085128
25985032
26221892
25967216
25924340
26181444
25857376
26041140
25990924
26076068
26045912
26103848
25959864
25968800
26118296
25856064
25972468
26024692
25845780
25964568
25900444
26211264
25883760
26135140
26037616
26013452
26115056
25823304
25987340
25871480
26280636
25939808
26031196
26327160
26044264
26131472
26016032
25809112
26353860
34533496
26070720
25984960
25992440
25941660
25901440
25759052
26114592
25869236
26069200
25849076
25929800
25843796
26140168
26037036
25930132
26243672
26233280
26025464
25946688
26302144
26003616
26149496
26084956
25903324
25919480
26010780
25814248
25897504
26051676
26075412
26369928
25956296
26050236
25947996
25842192
25768260
25898136
26392288
25960800
26114584
26059280
33559748
26033644
31784540
26062852
26050228
25839340
26158160
25907348
26279732
25847140
26162668
25986728
25925028
26155396
26117612
26046056
25830104
27142396
27841240
25948748
26740104
26052548
25955396
25955488
26113816
26213404
26013676
26276396
26115868
26188244
25908696
45745648
27913068
26265824
26169144
26205832
25961016
25834328
26173228
26225200
26071892
26277632
26090280
26131260
25985648
26109520
25910532
27215976
26163216
26005808
26322580
25988468
26164740
26006684
25909936
26074008
25966636
26276596
25872152
25946816
26124740
26072108
27983964
26081472
26249568
25948644
26120676
26061400
26054144
25925468
26258796
26275464
25982772
25803472
26051020
25991424
26053664
26073828
26023748
26097184
25829044
26228708
25990640
26083824
25837592
26211984
25996340
26200360
26008564
25996456
25882208
25965956
25797500
26012724
25953496
26395612
26126220
25778460
26046948
26025832
25881700
26243756
26305468
26017812
25836600
25871600
26141568
25991808
26177356
25959896
26038456
25942252
25970772
26181444
25978800
25820904
26146136
25980784
26125200
26004472
25891556
26199140
26014936
25894176
25918916
25891088
26152364
26325172
25965928
26182936
25967416
26072728
25858784
26165580
25948832
26048240
25931016
26066920
26225792
25844816
25918508
27934256
26089872
26238340
25977652
25936252
26134584
26172572
26126068
26165480
25975896
26134304
25898472
30783140
26231420
25900024
25959368
25972620
26001528
26268848
25950164
26084276
26010296
26123612
25950176
26162684
26213380
26038028
26175600
25994100
25959780
26007616
26072468
26135496
25902540
25900080
26037184
26001172
26256072
26312864
25901548
25878808
25944656
28544184
26129676
26077932
25852148
25972180
25963236
26066864
26307096
26084924
25941160
26151444
25874528
26030232
26162496
26223804
26142384
26114484
25901756
26131940
26212468
26187684
26013612
26119336
26167240
25947348
29043704
26017464
26211652
25945312
26113800
25848692
26182716
26119436
26038604
26016876
26209868
26031476
26066908
26016404
26170720
26248660
25995704
25853244
26373068
26139536
25911152
26059400
26237828
26001416
25972204
25880292
26093004
26005880
25969140
25961432
25935728
26324044
25964252
26007348
26143396
26042920
26285012
26046532
25852508
25938508
25961108
26100440
42645960
26070460
26103716
26196108
25934696
26027732
25964208
26033916
26154804
25766024
25976780
26059992
26049312
26076936
28177684
25969364
27092852
26238620
32927468
25856260
25958860
25946548
26175520
25960572
25909120
26189244
26029352
26028252
26657120
25966040
26149068
25946344
33076724
26060840
25858172
26206316
26174844
25904588
26114992
26253152
26127776
25965484
26272944
26159184
26503880
26085356
26033996
26243640
32951040
26146296
25813584
25889584
25984256
25967284
26030156
26123584
25958812
26614232
25923632
25987312
26084552
26222896
34512320
26444200
25960580
25952852
26074936
26202548
25997040
25926608
25942588
26138168
26106464
25864552
26221240
26019648
25927152
26489240
 
26048896
26015328
25978552
25928380
25833048
26037164
25936020
25957512
26102720
25870876
26514032
25771036
25909852
25886028
25880316
26321748
26454004
26271744
26027664
26053956
26043056
25919256
26264476
26060836
26336680
25927844
25914104
25896972
25847264
25818140
26010896
25875544
32451444
26152932
26347892
25822900
26063644
26297988
26314900
26514968
25946660
26105004
26121820
25913200
25911040
26284012
26016152
25968396
26386844
26023000
26174632
26194904
26160244
26006472
25982644
26215572
26059184
25907392
26069988
26141780
26198960
25947896
25960184
25935256
25996108
26166136
29712752
26041844
26033340
26379432
26105140
26033160
27106572
26231260
25848828
26030368
26037276
25882448
26387672
26016572
26200860
25966864
26047304
39784772
25965084
26057364
25902184
31930516
25962968
26075820
26108320
25915520
26079560
25909396
25941568
26167164
26100444
26057180
25975964
26511900
25937444
26151048
25992580
30421968
25894392
26131588
26145652
25928800
26133600
25860008
26075872
26039744
26210152
26122932
26104628
26032616
26096392
25999252
26005864
25960676
26016748
25837288
26071204
26217324
26088456
25882664
26142072
25822044
25989236
25933516
26114156
39572732
26231536
25984900
25892384
26006384
26139648
25928232
26136084
25991384
25799356
26091688
26316876
26113816
26007536
26033372
26029244
25880464
37752948
25894928
25942488
25878948
26221240
25801408
26176884
26189284
25978156
25932756
26033708
26140508
25884148
26635152
28932696
26076752
26074508
28815036
25881708
25970264
26241932
25866468
27552636
25902944
26345440
26189256
26095200
25907656
29788988
25938420
37960180
26220436
26021860
26242464
26178076
25901804
25834832
26091388
26153676
25935432
26111528
25895092
25951116
25903076
28806548
25956040
26161880
25953884
25863112
25881452
26114148
26223956
25993652
26102800
25984948
25827376
25921948
39731772
26073468
42030068
25914916
26048292
25830160
25959808
26066472
26000176
26044744
26041172
26194932
26030816
25927296
25931584
26048108
26142744
33934652
26163328
25968924
26381264
25927412
25936648
26113024
25926028
25981828
25976860
25929780
25975020
26049440
26013292
25818120
26194008
25946924
26081540
25935144
26112560
25904204
26174664
25987316
26170184
26278328
25936220
26000120
25925376
26125244
25956096
25945540
26058192
26099076
26048208
25896496
25820280
26040920
26165744
26037200
25875764
25835648
25897508
26037000
26084908
26202036
25880928
25872248
26008684
25740480
26244644
26063148
25954416
26050096
25942120
25831652
26128452
26193908
25952448
26577512
26005112
26702208
25829732
25978256
25979340
25999432
26104132
26354904
25910988
25988132
26165744
26269792
26620360
26298424
26120424
26148232
26263676
25927340
26224376
26098348
25985676
26119284
26327752
26065136
26084252
26047496
26165948
25879616
30904164
26269720
26035684
26185548
25971984
25935196
25867388
25931504
26028872
25883684
26027568
25881320
26259680
25912268
28806568
26064020
26135032
25917064
25833984
26223004
26014228
26101444
26009720
26029272
26071524
25844820
29645836
26133596
25983740
27810952
25845436
25889480
25988560
26005052
25980224
25925044
26352484
26024428
25923472
26093052
26083588
25952576
25994748
26025964
25970920
25976832
26180304
25960188
25918280
26141092
26050600
25901860
26040408
25869660
26304920
26022672
26134056
26145580
26124448
31777000
25990044
25982520
25979960
26089680
26175404
26101008
25921888
25998232
26218876
26011444
26397292
26071088
25750280
26098840
25872428
26011484
25958756
26119820
26190424
33379604
26002736
25884372
26194492
26063680
26109496
25955460
25871604
26172700
26215856
26090340
26111768
25990404
26085796
26222284
26138972
34433720
26302968
26280112
26085360
26139984
26029768
25910604
26044716
25977248
26093708
26213024
26180324
25949480
26266212
25890880
26016292
26176292
25979832
26174728
26021400
26293696
26111376
26226896
25798340
26173380
41829568
26186708
25936744
25906204
25938160
26020156
26104848
26198648
26120852
26034960
25788652
25753404
26340880
26045972
26594000
26100696
25954100
25840540
25927992
25900060
26044512
26545640
25880656
26030184
25927816
26044008
26016700
27404984
26075624
25997088
26011248
25845772
26198280
25988572
26273072
26056660
26227148
25987104
26304408
26279488
25996712
27610944
26387956
26263532
25979148
26013788
25902788
26676644
26101420
25907240
25972844
26225132
25909652
26130776
40910096
25909492
25987092
26034332
25982636
25875696
26127700
25834628
25967888
26623808
26022632
25979960
25863076
25947580
26067152
26108648
25983516
25910980
25877336
26083536
25889900
26170980
25938044
26171756
25912300
25969004
26042796
25972324
26013020
26097016
26271752
25934120
26120180
25890576
26235984
25877456
26171432
25983848
26164796
25745456
26047440
25947924
26261276
26312036
28499552
26224572
26012720
25988096
26284708
25905176
26192696
25875220
25861204
25935716
26076712
26025388
30881040
25976196
25786004
25963244
26282660
26001844
26619112
26512872
26157628
25976912
25981412
25963480
26097616
26068728
25966012
25873816
26092152
26127788
26336988
25989248
27790856
25836892
26495624
25905120
26126700
26090284
26160112
26149640
25834328
25894184
26090672
25918372
26382008
26020156
33879548
25850440
26562584
26006696
25893188
26010612
25938472
25861820
25933280
26062412
26473820
25961944
26233720
25954020
25805460
25951468
25925332
27712212
25901572
26057464
28422080
26115100
25988744
26302732
26018896
26132836
25752696
25931724
25933624
26051856
26145040
26109592
25881228
25973660
26022396
25947356
26127584
26066736
26248260
25987796
25776776
25840912
26026312
26022676
26005932
26032016
32420796
25955976
26038740
30437636
26063668
26207444
25913972
26039660
26084528
25913892
26262844
26077472
25962020
25942200
25994608
26130920
25896600
26048020
25983484
26094988
26347640
26271148
26331324
25977172
26174736
25941140
26206572
25881912
26037324
26354420
26191836
26125736
26033876
25923940
26060608
25857616
25917556
26313872
25819532
26002596
26073776
25824076
26080772
26422900
26096360
25844660
26138416
26207704
25979424
26002500
25992756
26083860
25891996
25840960
26011880
26065996
26669668
26539748
25983648
25900036
26077016
26075112
25866892
26056256
25913556
25956916
25839944
26082772
26118704
26139776
26741168
26143428
26044708
26081024
26156468
25927040
25926032
25982616
25867936
26141868
26330536
26010800
26174404
26145052
26088100
26139612
25995668
26630004
25986592
26076488
25922772
25987388
26075032
26094940
26322280
25964588
26214260
26021000
26085468
26179908
27727824
26408096
26046660
26201076
26020036
25881196
26055500
26246824
26097036
26217728
26065856
26316308
25915224
26138944
25976160
26492464
35983028
26002604
26023856
25950672
26492372
25950356
25966276
26056476
26155360
25836456
25937228
26046424
25927576
26070816
26092608
25893212
26115812
26033192
25716484
26039832
26021112
25907736
26009448
26164164
25917784
25908476
25906724
26184428
25950504
26182700
25903340
25969032
26183916
26382360
25958500
25921112
25952016
25810012
27997704
26181652
26524920
26004572
26158680
26155072
26094568
27485584
26192576
26132940
26080324
25840528
26047764
25961624
26018476
25848232
25987408
25908072
26021072
27154992
26131888
26000164
25969836
26103116
26029772
26033488
26036804
26121704
26173776
26057428
26063584
25922648
27508556
25961720
26035160
26203300
26195144
25941192
26167320
25932144
32733268
25991000
26047892
25962912
25999784
26170368
25916380
26753812
25905524
26377676
26044140
25921384
26035160
25853076
26070188
26109800
25950436
26254660
25831856
26033528
26088832
25962240
26030576
26125392
26045096
26247028
25796348
26273980
25924176
26172312
26039596
25922992
25977084
26050668
26024304
35538784
26231428
25960796
26231728
25918548
25995680
25942584
26106664
25958240
26113620
25916788
26179704
26345524
25908264
26093568
26125652
26240692
25887448
26218576
26063096
26664524
25916120
25891500
26155156
25878916
25997452
26018412
26158216
26009952
26038024
38366796
26280444
26045460
25953204
29611680
26296044
26145120
26279108
25996432
25958384
25891148
26001424
26048076
26018776
25935564
33237848
26010828
26024184
25867136
26297696
36418652
25901024
26038664
26114372
25899524
26038780
25850584
25935620
26036240
26152212
25932772
26173040
25894572
25962428
26949136
25855832
26013836
25896052
26257692
25985924
26490728
26039016
26485624
26018560
25962844
25980512
26215192
26834948
26055816
26200140
26041840
26164796
26741344
26153288
26411420
26098324
26187140
26296488
26173424
26194044
34101856
26059232
26352112
26500012
26314604
26412168
26091132
26174468
26212348
26685976
26316448
26428668
26425236
26345552
26076368
26245464
26238496
26080240
26125968
26161192
26130364
26190992
26153952
26259860
26348032
26199476
26243764
26536420
26134332
26515876
28994300
26265168
26185452
26348720
26104748
26191572
26506952
26278536
26239000
26143108
26197336
26435332
26154940
31172396
26081336
26259720
26007832
26217284
26165128
26407300
26176064
26071724
26430704
26058600
26058864
26006524
25968828
26063248
26168892
28403080
26253260
31327164
 
26172436
26204960
26466852
26340848
26073624
26198940
26231760
26187284
26562844
25995736
26633576
26867684
26130276
26317452
26091108
26290668
26389676
26095272
26145992
26097212
26079236
26546852
26461984
26187804
26164152
31721660
26366976
26159604
26312072
26167812
26312108
26407472
26143500
26492740
26578184
26622372
26381444
26306904
26099956
25958292
26175060
26124740
26124804
26320240
26183008
26434492
26163144
26113312
26066340
26379364
26476784
26338508
26378412
26135040
26323704
26129428
26178016
26018984
26123260
26253796
26141832
26172660
26203376
26082368
26109580
26345388
26443796
39981704
26410192
25996044
26277328
26373188
26121880
26205264
30744224
26178520
26089920
26359632
26134948
26232644
26432808
26231584
26267004
26171020
26152044
26250340
26017168
26230104
26127668
26396268
26212128
26097000
26115580
26219368
26257036
26328016
26308524
26322664
26221772
39340180
26163208
26531300
26208456
26225704
26217380
26112732
26408296
26199212
26253760
26301776
26112728
26541208
26098880
26009216
26543420
26059580
26362388
26181264
26180872
26096152
26157312
26168788
33968796
26050268
26455108
26280344
26307356
26099932
26130600
26127492
26167368
26103092
26133828
26785708
26279636
26164992
26094812
27066368
26128084
26274836
26135560
26326500
26172768
26107792
26101524
26386416
27974200
26335624
26202084
26210792
26085760
26599100
26434312
26376232
26243004
26268096
26122772
26426072
26184480
26195132
26308884
25991008
26558732
26159364
26370988
26073428
26798560
26231032
26376500
26181220
26187708
26227576
26020244
26661316
26095984
26266336
26088904
26160112
26298596
26219772
26261588
26057828
26314664
26341652
26315304
26084524
26182932
37512996
26296248
26295436
26272532
26305276
26308724
26097492
26187972
26137468
26321448
26100432
26281032
26027932
26023176
26743040
26107356
26403616
26382368
26211460
26517600
26170976
26600984
26311684
26114688
26188772
26182192
26334976
26142248
26081852
26248252
26214616
26511064
26137308
26472944
26038240
26135400
26217200
26153512
26246660
29529400
26458924
26064204
26399076
26419016
27613348
26240160
26027512
26150236
26407324
26279064
26157640
26377680
26278212
26475156
26104520
26621668
26178760
26137964
26138628
26310832
26394356
26235648
26484344
26328032
26323292
26513988
26268600
26513860
26068960
26264304
26219764
25879936
26220024
26176092
26483180
26190228
26025692
26179772
25959752
26198300
26139708
26351160
26376816
26182500
26361952
26446572
26223804
26063548
26253632
26215624
26528016
26312516
26277060
26203140
26241672
26483940
26287176
26303924
26179376
26204984
26356668
26186252
26196088
26087916
26225288
26175524
26229308
26161972
26223724
26340796
26038576
26230928
26241008
26222892
26201512
26398100
26093068
26279872
26124852
26212564
26345856
26207488
26405996
26008348
26290060
26372912
26121624
26200368
26116316
26057240
27233532
26180508
26314500
26487396
26433912
26273872
26419908
26402840
26228440
26279772
26190032
26200108
26158264
26473476
26196392
37936044
25967432
26195172
26042448
26375204
26191936
26179676
26271340
26198576
26114420
26210932
26243336
41724128
26148204
26073360
26198488
26268824
26664876
26247808
26305940
26121524
26063572
26185940
26357240
26321556
26319828
26014072
26815220
26235004
26392976
26407600
26968148
26272264
26521504
26097420
26277092
26150560
26593680
39326348
26428236
26135904
26175224
26252036
26302308
26174156
26493328
26144196
26430576
26213468
26352660
26361772
26083476
26273348
41837344
26666828
26865184
26305160
26190564
26185252
26294680
25947280
26209736
26343388
26281604
26213680
26187808
26305240
26248512
26392592
26360988
26430436
26240764
26387836
26208744
26240000
26362404
26217080
26533328
26250132
26098220
26471924
26345148
26602280
26454260
26208440
26168608
26208708
26157216
26221860
26625072
26015516
27933532
26092420
26306780
26157220
26437020
28736916
26396268
26276488
26135224
26472492
26087792
26123936
26378608
26060624
26221036
26218492
26085556
26717020
26151276
26442164
26185452
26187016
26776580
26088508
26061032
26571088
26335424
26234020
26088000
26071396
26297520
26314732
26554380
26401196
33283184
26177696
26076776
26373596
26265164
26167468
25972256
26353152
26239000
26208632
26381140
26273636
26065044
26660388
26377024
26318540
26139576
26560664
26209796
26103844
26267776
26398560
26260028
26709004
26278004
26245256
26139460
26220008
26535840
26182720
26261480
26165976
26153324
26485528
26150412
26527284
26468688
26261716
26138432
26355512
26164756
25962692
26250024
26419988
26363716
26588236
26275336
26043976
26146792
26352420
26111316
26275244
29188852
26022940
26049516
26119244
26168784
26376836
26193100
26345616
26056052
26095724
25967080
26488040
26335188
26479972
26764704
26485280
26256624
37902932
26503072
26545444
26221048
26215920
26280384
26477260
26262300
26059732
27459660
26703952
26073672
26060616
25984448
26241812
26063816
26143208
25998288
26112636
26102252
26383924
26152136
26381936
26187364
26406296
26218056
26826664
26267140
28201396
26252840
26161952
31191284
26269092
26251384
26349432
26243804
26752648
26514468
26542020
26099988
26144716
26395724
26482340
26158304
26052920
26255256
26572324
26138340
26173808
26105912
26095664
26498112
27666988
26668008
26764244
26495824
26205444
26067704
26964180
44176620
26396504
26193880
26206816
26304104
26504924
26200456
26869968
26267444
26352176
26564408
26416400
26464852
36160176
26290996
26375944
26335940
26432552
26436868
26190456
26300440
25978376
26367956
26273088
26172468
26214504
26369592
26341364
26241668
26183088
26521436
26219088
26115884
26939264
40289988
26425452
26310400
26489252
26344260
27096792
26555804
26198120
26202364
26236456
27120484
26918796
26475372
30660540
41490724
41665048
26656248
27191392
26173840
26144192
26385688
26366864
26240648
26515280
26275696
39256064
28711564
26934536
28610372
26927336
31462616
26341216
26087760
26183348
26508804
26229592
30732360
26324032
26227748
26282456
26285360
26331708
27015848
26442756
26075592
26187140
26131760
26854180
26103360
26270672
26670724
26089436
26132056
26511992
26182940
26328932
31405284
26138040
26320192
26140392
26356484
26255576
26431576
26349920
26234392
26723468
26428364
26379408
26946568
26067320
29933824
26349412
26018056
26359788
26440912
26482476
26653168
26496972
26883068
26827336
26254824
26390784
27076088
26334064
26172996
26303132
26309096
26801088
26114324
26090304
26200360
26206440
26788516
26372256
26116180
26089480
26316216
26000492
29414176
26053808
26550092
26093180
26404296
26426424
26915548
27602292
26559696
26908000
26219132
26209140
26144140
26209184
26505740
26017884
26059476
26403328
26221892
26014080
26377444
26104708
26318820
26318720
26231624
26298660
26262628
26301488
26479192
26101376
26214916
26384728
26198184
26038176
26553468
26308136
26346604
26216672
26212608
30906384
38689052
26270700
26796196
26190996
26193188
26024432
26232916
26163280
26348056
26225860
26608524
26132428
26388892
26243140
25940860
26243896
26376864
26945792
26465640
26633788
26104884
26361840
26239972
26361356
26220080
26689436
26874652
26321896
26637756
26392676
26364728
26696496
26250952
26152996
26109472
26215564
26343156
26319588
26332524
26226564
26305352
26357272
26340656
26302356
26320268
26122880
26465228
26298980
26205740
26061500
26419612
26417776
26339456
26237268
26432788
26180824
26075420
26322552
26150316
26677376
26214016
26460092
26180572
26379996
26713708
26028932
26169888
26315844
26293412
26229384
26613964
25974704
26159936
26250936
26690780
26278920
26561752
26734912
26473808
26641028
26521108
26502576
26272284
26401340
26479368
26743912
26501996
26002352
28279300
26642656
27128084
26320512
26797452
26284676
26300800
27140748
27569912
26348668
26048624
26506444
26185140
26335052
25995164
26294564
26006312
26047600
32919864
26235172
26381964
28300592
27710376
26229188
26926608
29191288
27263408
29617452
26459488
26321972
26642728
29527016
26053124
26068132
26221628
27841400
26652020
26664464
26900792
26687796
26691672
26744532
26235800
26206336
27205944
26489512
27003988
26506196
26759296
26057032
27497032
26521108
26402680
26296336
26200084
26334920
27430004
26143160
30003428
27860244
26304612
28413416
28518504
28995172
26350012
29416776
26523668
26139056
27441156
26517496
27041148
28322360
25886868
26322992
26374968
26459144
26269740
26140164
26300512
26206992
26175644
32474336
26766704
26080824
26479924
26156488
26196620
26361784
26112648
26488644
26305288
26215940
26081848
26194648
26232204
26209840
26757276
26635932
26178604
26137516
26374384
26503112
26456444
43382464
26648852
26077752
26273448
26239072
26443284
26343500
26183660
26569756
26217236
27379228
26357120
26239856
26498328
26369564
26270424
26461112
26321196
26735964
26716316
26143548
26665952
25987368
26194032
26201240
26176080
26538396
26487676
26759680
25916452
26145892
26872332
26493944
26411616
26143488
26173164
26498968
26192368
26566012
26504968
26090368
26203352
26104680
26187032
26439132
26400520
26431096
26916336
26325584
26624392
26163704
26969052
 
26460328
26201480
26246504
26375412
26041796
26584944
26143400
26154832
26388612
26398904
26492760
26163184
26159104
26667796
26298236
26396512
32523412
26050088
26306724
26295996
26257680
26110084
26188460
26049492
26129112
26069872
26398068
26232396
26155992
26075572
26300276
39680784
26738104
26800332
26217012
26150380
26241748
26079224
26291732
26518028
26169456
26493504
26311760
26170756
26112444
26200388
26129736
28660060
41050844
26186844
26406180
26618200
26367040
26369204
26431612
26304752
26217612
26324212
26602152
27892512
31015740
44215600
26423368
30640452
28016796
28613908
30112176
30184588
28202128
26361352
26794832
26471728
26441956
26353156
28010392
26253364
26562308
26665044
26687528
27641680
26524308
27345648
26199084
27381568
26458976
28527012
26819952
27436648
40764320
27756884
26262396
27669892
27396776
27970784
28446140
40598364
38777648
36639560
27794272
26678952
37292020
35896336
30709528
26434004
27696080
26648696
27435248
27545648
26907060
26747292
26788288
38906096
26027400
26147552
25990360
26159708
26179892
26041760
26498456
26572540
26180548
26305400
26343008
26313224
26640664
27277508
26189484
26232728
26283344
26661632
26118736
26224252
25986764
26146364
26145732
26174624
26304952
26161684
26248316
26264996
26402544
26380928
27030300
26389796
26254560
26083760
26184332
26037048
26463896
26192824
26281780
26352588
26264204
26083152
27938024
26487756
26568400
26205536
26142408
26362524
26083636
26412904
26468896
26568864
26531428
26635396
26246612
26329532
26075864
26207792
26400940
27574480
26591652
26289276
26407196
26197104
26430892
26168964
26365776
26482868
26741024
26401288
29253108
26157356
26003968
26142172
26191772
26119032
26147476
26251420
26139456
26064716
26319816
26230348
26322760
26125468
26141912
26193060
35724296
26201680
41974268
26382944
26422136
26231076
26148032
25992028
26116176
26178828
26389208
26225524
26192692
26107784
26207764
26293184
33481048
27114704
39064528
26618108
26336472
26341664
26741168
26474532
26934964
26359644
26051284
26149736
26178712
26214020
26133640
26243012
26191076
26235544
27046056
26099088
26219136
26851364
27110048
26098968
26498852
26394712
26231856
26205232
43219924
26221184
26063652
34447052
26121652
26069472
26196236
26123880
26121088
26095552
26355188
26364424
26303416
26428376
26295700
26214572
26445084
26559892
26442700
26223368
26269048
26342504
26231304
26213576
26864944
26482932
26187888
26260096
26202524
30644104
26262576
26465580
36706912
28389188
26065236
26181680
26405952
26284944
26447212
26426056
26001336
26138888
26343652
26842064
25968784
26204968
26180776
26417396
25984084
26198332
26210464
26556616
26302272
26161200
26233360
26206272
26074396
26072644
26334760
26363924
26125392
26139976
27705628
26125016
26377816
26143800
26324172
26009424
26346636
26458580
26319268
26157868
26309048
34520220
26245776
26307488
26298528
26194976
26210128
26735792
26202644
26808832
26100368
26132596
26279996
26122916
26224736
26466832
26145168
32364776
25990496
26411716
26142228
26183432
26349460
35068960
26072760
26088244
26214796
26097368
26698856
26563576
26041408
26241536
28600520
26244924
26113648
28140644
26157212
26107136
26132200
26503336
26139808
26239684
26238096
26220220
26141864
26396884
26255468
26140676
26554768
26114876
26173708
26257548
26299100
26196340
26279100
26365560
26238804
25904904
26223456
26192292
26202356
26388136
26298984
26143832
26033540
26164604
26525004
26117012
26261356
26042996
26152776
25998664
27957776
26389988
26221668
26167744
26289228
26126420
26222592
26086144
26074668
26139916
26261720
28308056
26535216
26647460
26666776
26319076
26293728
26495148
26161328
26522332
26260308
26350044
28002076
26054688
26914260
27021472
26193476
26381100
26475432
26463996
26550744
28746384
26588320
26552480
26631400
26468344
28123900
26745680
26280776
26198208
26384324
27986920
26678780
26716840
26418712
26227216
27019064
29399932
26126552
26724200
26494416
26208968
26149292
26412920
26560488
26547144
26232628
26164668
26823516
26190572
26268292
26171272
26461836
26268712
26408620
26548952
26736120
26952096
26502948
26211200
26132724
26221584
27187768
26817544
26071772
26346624
26090724
26192432
26178864
26176644
26294856
26301812
26306248
26182944
26494032
26182856
26129192
26320720
26109768
27164924
27249452
26633984
26700428
26455932
27055740
26182248
26238496
26833636
26312944
26367204
26135804
26089340
26068156
26178208
26869024
26320852
26231860
26230860
26363888
26463104
26304180
26373404
26187332
26269128
26242436
26395216
26243748
26039240
26593356
26574428
26504580
27198932
26273732
26105648
26515948
26397292
26756116
26198468
26241728
26014792
26449240
34964644
26790708
26788652
26561148
26394072
26669964
26634932
26525932
27245460
26437396
26687600
26864148
26385136
26439272
26468008
26880140
26898028
26286820
26126412
26426220
26302756
26728912
26208764
26194180
26405868
26205972
26802968
26413448
26235752
26216280
26034972
26295320
26391312
26168932
26082724
26209972
26210288
26244076
26243880
26247996
26834388
26039784
42924428
26260152
26083456
26377104
26065416
26109980
26161588
26226672
26135652
26213284
26110436
26279732
26316240
26098872
26530196
26266444
26167672
26179280
26166004
26092540
26159124
26148060
26266264
26270764
26271916
26369504
26877020
26373704
26086788
26283060
32517112
26630800
26330172
26187784
26081984
26144772
26303668
26092312
26308932
26196832
26146136
26137636
26210440
26150696
26150272
42151572
26256528
26375532
26378692
26320460
26189448
26367632
26069228
26273560
26174152
26112848
26480252
26167124
26152956
26343692
26206928
26168076
34501064
26409232
26382240
26169832
26361508
26064632
26466980
26341944
26150760
26224008
26508644
26348132
26349608
26442140
27927996
26298200
26068040
26290192
26229048
26496256
26292348
26326064
26026424
26208212
26320136
26340464
26390524
26506920
31084176
26652948
26140100
43254900
26195760
26336728
26150960
26297428
26382380
26136476
26345120
26138748
26221656
26110480
26091928
26413572
26141948
33340632
26263176
26316484
26131512
26096812
26115700
26168624
26200960
26157768
26212568
26231092
26227144
26212064
26112752
26224880
26187988
26159144
26218116
26370216
26035432
26195160
26185328
26153084
26787076
26118968
26401732
26154028
26458856
26283716
26697612
26450280
26080044
26238240
26054520
26227132
26331432
26188300
26081544
27112560
26342136
26194720
26345756
26715468
26281968
26315080
26291496
26198340
26170580
26259104
26137720
26220964
26253268
26507504
26173996
26299876
26369280
26417540
26131432
26775936
26044428
26414180
26039324
26176020
26150776
26455808
26180936
26207256
26110944
26176460
26156004
26272344
26346100
31913000
26210152
26086292
26186948
26194584
26123704
26178880
26117920
26316480
26485084
26086148
26359500
26743628
26233304
26212980
26334880
26272976
26220848
26288644
26322424
26209168
26220712
35546644
26322388
26155056
26392652
26388812
26401848
26879416
26242864
26202976
26324472
26127720
26311516
26274388
26351872
26162308
40092268
26399720
26357600
26427312
26366664
26348836
30348944
26405976
26441564
26505788
26116244
26311984
26215868
26153248
26258820
26505860
26110532
26319888
26196864
26424596
26253220
26133096
26228324
26185124
26249508
26282204
26269592
26318692
26186200
26338000
26704340
26139768
26499424
26303492
26135140
26283980
25979884
26765008
26049636
26108044
26150964
26298768
26266524
26209004
26163448
26242284
26245648
26395304
26199260
26181020
26091640
26054088
26329004
26162348
26161116
26485376
26166040
26149332
26366512
26888212
26283000
26074476
26133484
26143364
26126060
26179244
26201308
28122776
26293260
26115288
26147284
26376376
26155548
26192844
26206036
26231552
26281848
26269980
26505852
26045780
26517056
26246228
26725204
26155132
26210852
26469364
26517084
26498000
26471272
26131628
26276240
26429904
26175380
26308624
26149524
26145048
26224512
26169080
26092336
33822792
26509436
26309000
32165604
28842568
26391300
26129512
26090112
26209976
26252860
26137036
26180340
26039264
26150600
26204204
26302848
26241404
29102472
26658956
26531168
26297040
26514076
26346900
26338424
26110504
26366364
26245156
26371696
26093432
26186744
26238932
26408804
26230332
26113592
26233192
26293392
26245580
26494272
26197220
26075828
26144616
26127316
26811900
26160852
26417428
26309572
26452060
26058948
26229752
26217376
26278464
26338972
26280644
26426224
26476960
26250000
34721256
26324328
26162380
26267824
26493348
26063376
26072680
26486888
26208880
26504136
26179688
26082908
26174916
26266372
26275940
28517328
26199980
26226448
26338672
26182136
26507220
26196804
26290812
26414928
26368692
26108868
26189320
30094516
31431384
26134332
26523044
26190432
26440912
26146308
26113332
26189800
26263240
26183960
26122112
26172456
26106204
26221236
26391276
26321396
26109660
26195392
26300588
26273564
26314816
26382600
26128876
26073492
26152064
26236712
26351028
26154800
26240596
26017704
26291684
26310980
26310012
26307804
25977780
26172772
26529872
26255388
26354752
26363476
26226184
26050124
 
26372808
26210708
26283352
26322768
26239148
26138372
26150484
26320728
26131624
26424808
26319600
26259948
26093024
26329156
26729876
26148484
28552852
26255944
26801060
26714716
26451444
26072688
26440452
26191548
26191096
26179164
26123252
26256348
26286756
26199360
26284952
26241180
26312900
26259276
26516396
26231924
26527332
26290360
26190076
26473084
26172836
26233580
26030172
26196396
26226460
34345260
26619828
26385984
26407944
26224280
26308316
26199836
26331012
26056912
26166156
25996656
26199992
26105624
26407908
26192960
26197224
29199336
26760380
26280656
26172716
26303528
26252160
26670800
26297404
26326408
26108384
26151504
26315456
26372528
26147028
26239160
26109688
26146792
26525060
26217648
26529432
26180636
26475552
26491984
26311880
26192308
26300748
26185080
34108472
26261892
26199284
26200188
26186008
26183872
26382112
26452524
26281020
26363512
26159612
26082988
26359360
33375572
26096864
26230708
26191408
26183636
26280552
26256004
26458240
26447068
26197924
26413836
26379872
26149460
26189756
26221952
26168288
26305448
33210732
26185392
26161016
26404788
26402996
26280916
26218176
26231752
26181416
26015708
43319976
26363124
26358008
26479976
27762700
26213532
26538636
26229796
26306984
26123356
26344592
26342144
26783456
26007912
26144064
26387420
25934404
26144652
26315744
40508056
26492492
26426092
26227748
26286996
26155492
26651240
27786912
26206216
26552780
26251088
26193012
26240040
27280488
25881192
26431480
26035996
26200744
26028156
26263980
33143264
26405168
26235764
26130212
26445392
26143728
26093172
35238468
26049632
26164368
26297856
26187636
26235316
26348612
26117940
26174232
26226240
26415948
26187872
26310696
26070464
26285620
26405040
26086752
26272684
26410032
26637988
26204784
26438712
36692820
26198252
26156256
26258052
26125784
25931044
26310180
40414768
26230552
26247556
26249672
26560256
26208212
26316660
40612956
26221348
26297936
26235856
26428544
25906368
26069384
26123016
26332664
26242660
26518500
26400224
26091800
26256120
26341032
26268916
26263832
26185132
26144300
26114268
26217480
26422816
26331608
26245004
26157680
26105772
26195736
26187708
26096952
26171392
26274452
26019164
26246560
26179828
26321772
27063052
26312428
26381908
26321264
26037928
33584924
26085248
26474396
26285164
26417792
26279204
26085968
26375456
26178588
26472676
26065268
26353088
26110112
26236388
28502500
26135700
26935528
26236668
26216312
25958604
26379288
26309396
26277208
26392036
26151224
26384940
34626132
26442052
25964684
26278800
26195108
26733736
30090400
26210156
26246404
25970368
26156260
26029892
26159420
26036568
26587060
26387328
26164152
26299332
26037776
26275784
26201100
26242044
26294760
26218088
26292944
26140788
26141936
26501868
26219292
26129764
26310240
26111864
26220756
35330600
26087728
26021120
26259952
26388416
26053872
26237764
26470300
26169132
26548348
26183336
26363140
26176596
26151084
26115568
26452984
26124920
26076024
26410004
26040388
26577620
26257852
26422716
26221120
26232532
26176188
26172616
26649788
26281108
26220744
26296696
26207584
26160584
26510180
26130056
26249236
26231572
26170804
26198556
26428480
26228760
26174044
26100356
26085400
30432364
26247512
37173844
26297752
26374744
26085100
26095600
26214792
26951252
26098252
26484784
26151508
26209984
30783940
26121840
26514856
26185760
26388216
26398188
26204276
26422580
26354548
26554500
26536364
26480360
26013712
26214176
26398172
26636564
26179848
26189576
26571236
26441828
26398720
26147496
26502648
26244204
26484852
26230732
26207048
25991596
26317880
26404968
26386964
26074676
26858704
26267032
26172540
26114296
26323140
26231428
26119588
26085140
26147896
26322040
26240992
26190728
26175624
26872504
26403576
26237828
26285368
27997052
26382488
26378980
26254772
26085708
26280260
26379828
26276160
26400900
26185360
26242344
26577532
26276316
26165980
26383592
26193980
26130100
26361216
26365336
35661296
26132392
26320724
26393892
26264660
26313156
26325592
26271500
26270048
26494612
26541552
26298408
26301808
26052416
26475716
26164552
26198052
26205812
30067936
26074096
26218384
26031720
26073920
26311608
26172468
26342608
26448848
26210944
26229064
26428160
26180300
26136504
26196328
26330472
35741492
26225480
26304516
26338356
26261332
26141392
26231516
26206240
26341720
26363512
26074220
26208468
26394904
26317516
26010956
42123384
26366188
26279424
30329212
26328176
26320488
26194832
26289188
26206068
26195500
26246924
26389768
26259636
26242272
26185064
26383164
26227336
42585576
26493568
26357492
26318468
26793632
26315936
26106152
26272560
26188432
26176292
26514880
25961304
26229036
26195528
26322768
26293984
26308012
26318440
26163756
26337928
26380388
28345112
26126984
26688656
26179620
26126820
26167784
26291180
26356064
26482584
26221852
26262816
26154368
26264532
28583120
26523740
26374212
26240812
26163464
28313560
26398044
26094196
26229444
26123136
26315220
26211356
26416640
26348872
26114888
26487944
26259260
26259604
26227736
26057744
26439156
26264944
26410212
26201752
26195868
26298488
26116484
26210300
26060640
26196736
26148004
26571756
26110872
26345572
26359652
26256476
26342332
26333008
26473040
26322228
26360972
26122568
26191256
26216400
26285060
26087616
26243172
26243084
26340104
25996896
26178080
26222696
26330208
26154276
26034956
26240404
26118876
26264212
26205268
26035212
26367924
26302780
26502284
26187184
26188972
26444928
26491088
26207540
26084920
26175692
26510212
26050924
26366140
26168284
26233700
26169444
26171536
26627632
26408064
26156956
26448960
26130228
26579780
26204456
26562436
26165060
26310468
26269844
26178004
26367432
26399544
26811052
26160136
36230332
26337852
27306856
26458372
26277232
26175292
26175588
26295364
26187836
26111744
25988308
26475436
25935804
26227856
25930656
26154992
26374928
26450072
26088564
26341588
26395144
26258388
26175340
26255528
26130464
26610372
26023040
26068408
26455592
36583480
26136720
26133132
26290640
26796564
26031692
26474288
27877364
29954712
26102468
27280080
26748140
26402496
26295872
26105660
26276848
26542144
26464536
26254300
26277028
26369924
27462784
27878896
38823720
26429900
26574200
26368272
26400416
26190012
27503552
26289868
26182320
26440388
26149184
26914516
26069700
26367680
26168204
26397212
26276548
26377628
26592656
26163224
26434508
26255888
26390708
26027944
28383072
26277512
30106292
26143596
26532004
26875348
26420796
26240560
26325716
26087280
26146244
26388368
26877544
26323460
26360468
26214552
26729416
26272972
26289108
26326064
26148132
26112480
42070420
27920860
26100332
26323664
26274060
32843820
26512608
26408196
26555696
26116428
26110308
26581492
26734900
26447512
26415644
26306376
26266272
26182740
27206456
26209988
26105744
26147876
26351064
26211392
27153888
26404216
26316200
26874852
26448344
26200764
26452684
28128284
26025364
32269932
26356780
26137688
26281360
26222324
26202680
26683928
26258172
27692748
26321888
26932820
26239028
26237872
27300732
26161696
41692148
26152300
26198980
26133296
26124648
26058404
26333740
26656940
26218136
26145748
26166448
26430348
26337556
26354456
26824328
26464436
26334500
26649092
26395832
26220328
26077548
26240380
29835524
26493400
27198132
26248228
26105152
26411252
26015804
27310792
26164712
31601092
26503416
26210960
26142140
26235316
26151112
26255948
28204368
26208456
26081244
26257972
26626888
26195540
26529464
26347572
26176508
26028548
26512388
30668448
26473264
27279796
26298016
26078356
26554660
26033300
26039068
26340068
26691612
26426764
26503156
26868896
26105088
26173168
26425452
26672916
26237304
26230828
26429608
26506408
27590124
26017368
26336392
26140588
26367896
26287884
27404128
26181640
26266008
26270832
26510408
26562996
26339604
27384728
26624136
26403888
26512560
26950672
26186636
26401068
26139496
28454468
26654020
26447380
26906480
26337272
26504476
26835980
26186056
27043952
26270804
26507924
26297128
26403340
26928088
26071408
27514948
26673572
26457280
26227628
26398408
26253676
26397860
26556184
26199040
26451908
26446188
26295388
26810780
26241136
26725224
26905952
26644896
26353576
26551664
26674800
26163928
26381720
26320024
26142068
26100332
26612608
26179788
27258288
26165440
26082436
26435920
34913024
26782008
26179352
27142964
26227016
26423052
27096672
26137288
26401864
26193916
26301324
25980408
26216896
26408536
26118496
29758212
26209268
28559692
29837296
31608768
26998556
26187840
26357664
26296620
26209756
27296268
26197400
26158408
26439684
26136108
27333428
25880856
27965448
26823060
26413988
26419332
26517152
26326852
26287868
26565532
26071988
26567296
26195208
26468984
26972000
26269228
26357000
26308528
29672092
25960188
26109516
26102108
27396344
30177852
26156648
28057888
26099484
25887624
26672492
27887780
26360612
26240820
26100008
26549272
26070832
26263672
26262488
26195256
26227300
26309884
26134532
26429336
26145912
26387224
26109160
26056540
26313240
26439528
26080324
26355448
26166164
26157248
26002716
26369280
39617288
26250264
25989720
26127496
28158868
26188516
 
