Procesando...
  Filtro             : sierpinski
  Implementación     : ASM
  Archivo de entrada : lena.512x512.bmp
4704984
4658852
4681620
4902012
4868152
4906756
4764924
4762804
4721652
4793452
4866376
4805364
4678276
4750592
4649736
4682392
4660460
4982168
4601908
4662776
4674492
4686472
4591960
4581268
4644240
4664716
4659896
4799980
4675204
4681956
4633632
4692616
4632652
4644308
4594948
4658128
4699244
4596488
4657848
4651468
4661576
4639620
4651384
4743816
4752112
4710600
4608224
4709580
4617552
4740292
4594632
4695004
4582504
4662848
4648004
4714740
4690492
4636328
4658452
4633096
4617876
4632368
4574904
4653068
4577620
4627252
4614832
4574220
4608144
4644812
4777616
4662032
4757740
4677072
7178860
4677788
4553860
4707988
4615996
4636016
4648964
5861500
4716124
4717864
4654440
4905556
4718012
4752072
5576424
5593828
4637348
5429832
4702872
4691084
5417676
4606632
4664704
4617584
4682840
4671960
5128296
4706052
4913272
4651704
4650892
4593032
4622448
4854188
4606320
4690976
4626608
4578756
5490932
4663620
4669276
4567424
4626528
4835316
4852732
4604396
4633588
4841556
4628064
4730096
4709080
4783368
4633192
4656236
4660472
4691036
4837072
4735408
4583572
4653568
4855756
4519820
4606968
4652856
4588832
4946304
4646844
4602116
4587412
4672472
4629132
4747384
4681564
4570980
4569736
4711136
4761656
4928060
4611152
4643084
4664500
4816916
4751604
4943320
4633256
4632192
4574364
4598864
4729048
4740860
4695660
4993304
4631848
4646028
4623068
4678420
4576504
4636240
4587252
4787752
4779992
4665376
4662120
4660008
4721868
4703096
4648160
4591944
4631324
4678356
4657664
4652552
4625772
4658148
4599804
4704936
4586628
4588508
4637856
4674996
4650180
4600152
4653380
4597248
4599208
4588348
4601124
4635368
4674100
4730476
5334696
7267292
6721896
4610820
4720696
4799536
4634992
4664836
4657680
4657112
5042756
4772372
4663620
4619164
4514624
4710680
4663832
4829356
4595332
4727824
4467408
5393840
4600148
4639716
6812616
6349164
4595056
4572560
4612284
4625832
4642904
4694248
4667652
4864452
7595160
4742820
4866544
4652756
4662440
4549520
4613952
5103272
4805132
4649668
4658484
4894144
4760364
4579236
4669664
4650144
4666408
4728768
4696140
4643384
4607744
4755008
4513368
4641356
4679476
4615612
4610028
4773640
4683756
4501580
4763904
4704776
4586004
4689204
4580248
4647772
4632100
4664544
4646848
4695680
4602636
4630552
4653208
4625008
4589740
4544160
4647132
4591360
4683260
4558268
4703796
4536880
4593308
4565328
4654736
4629448
5210444
5368104
4884516
4676728
4661536
4554376
4662340
4630760
6262492
4987268
4548472
4506040
7046068
4871148
4834656
4689984
4998544
4698440
4727608
4991972
4550960
4709248
4729048
4736968
4540112
4606948
4755232
4632548
4672296
4944580
4711856
4747644
4947288
4547964
4783088
4630804
4648412
4969392
4690212
4644968
4620488
4583076
4792096
4732880
4657304
4669888
4606256
5286068
7204780
4502392
4567184
4771232
4617612
4662524
4605868
4659096
4654088
4589680
4582556
4739176
4745144
5203240
4660492
4885080
6052484
4671556
4493300
4893084
4644740
4640284
4672876
4658360
4635956
4586220
4694384
4613460
4997688
4667780
4623344
4998356
4675956
4658348
4630396
4628244
4692996
4597140
4606740
4639712
5028704
6323984
6617928
4779116
4715188
4668064
4738068
4649248
4529760
4511060
4671360
4604760
4582448
4648168
4467028
4535340
6608420
4664872
4775392
5361192
5277912
4840776
4885728
4672328
4732396
4600376
6495960
4639460
4592076
4577352
4935824
4657548
4624768
4668428
5837216
4654116
4643876
4676668
5053812
4641400
4575372
4504792
4557368
4507920
4616332
4722336
4602276
5970724
5020528
5802544
4911824
6413364
4680124
4547068
4675016
4631152
4663304
4581360
4682484
4605704
4695616
4589300
4608412
4688128
4586104
4582172
4683636
5291208
4718444
4948204
4782472
5221004
5556816
4764340
7187192
4577996
6099480
4641104
4533008
4641236
4646472
4597396
4639396
4608172
4575268
4836972
4593056
4817852
4667712
4550972
4567268
4682848
4586220
4650144
4646164
4795096
4568904
4631696
4640092
4615524
4678240
4591028
4584048
4604924
4672896
4569956
5279356
4785616
4853568
4518004
4597968
4729816
4689664
4666140
4634484
4576140
6250544
7019648
4580892
4532828
4535820
4716824
4616164
4622464
4574288
4635852
4605340
4601920
4539872
4576300
4630468
4674700
4640720
4617068
4606588
4622556
4611076
4632124
4588628
4571668
4629776
4637244
4686876
4741104
4625288
4656064
4677232
4639656
4552408
4581712
4613144
4683388
4603956
4644380
4678332
4689800
4692116
4632364
4608008
4681520
4663460
4678332
4583880
4653448
4633744
4621788
4691680
4644532
4623336
4680288
4602024
4718536
4737864
4629664
4685212
4679732
4570584
4615428
4574036
4651732
4601804
4640656
4609252
4599224
4694196
4646260
4626544
4665552
4613212
4732944
4666116
4600636
4646232
4616892
4655920
4607244
4623292
4641748
7448748
4621116
4571484
4602580
4597876
4622364
4650416
4583732
4650124
4535388
4681004
4584396
4566456
4669184
4628400
4652648
4651644
4555492
4741184
4557440
4634756
4650076
4723268
4604548
4717472
4647176
4697920
5017936
4706804
4565960
4685496
4621252
4664776
4645568
4687756
4665368
4645880
4674048
4613232
4573240
4708240
4628792
4648192
4656088
4738132
4720340
4571204
4623992
4703852
4670940
4668588
4646668
4740688
4689808
4743392
4580196
4630940
4577700
4607124
4709864
4623824
4774080
4716020
4642544
4679836
4719616
4606964
4673268
4747748
4567052
4743704
4784040
4777300
4752980
4764620
4697820
4733740
4958664
4708736
4590632
4684100
4644212
4870204
4738440
4591252
4617268
4582256
4751360
4707596
4574772
4675700
4667256
4638964
4662284
4695832
4659156
4655228
4635740
4662576
4598372
4661736
4636208
4707836
4638152
4676836
4784780
4570928
4668448
4598248
4704928
4590572
4581140
4678616
4638060
4539688
4642616
4632456
4681280
4598316
4699616
4609456
4638456
4571524
4592308
4655244
4617052
4600376
4598444
4595248
4527720
4579444
4646948
4598196
4567680
4621148
7504168
4638816
4774372
4603560
4641316
4601080
4662980
4608660
4639124
4634920
4583564
4644840
4639332
4633924
4571736
4672224
4598848
4691460
4645840
4714620
4635228
4689820
4620872
4602804
4672736
4643252
4943592
4517952
4573084
4551556
4568712
4644888
4605512
4679316
4522872
4644332
4531276
4608088
4626668
4616648
4581856
4590436
4542164
4578428
4609380
4584524
4513276
4563904
4646212
4635332
4664576
4638300
4631864
4689200
4547680
4668584
4628936
4669096
4647732
4667280
4709072
4626068
4846776
4699012
4565840
4598668
4636336
4603268
4571404
4585244
4630236
4651672
4605564
4692848
4640424
4653356
4704180
4572988
4567040
4579644
4585568
4615172
4624976
4624312
7462936
4557844
4663208
4592768
4602388
4718980
4562200
4609808
4717436
4669980
4647188
4641212
4684792
4718736
4620504
4576308
4856880
4648156
4595908
4611308
4672868
4713604
4752888
4713176
4594768
4680684
4630316
4650008
4667616
4618208
4842280
4590292
4620656
4601892
4633544
4707400
4669820
4673888
4641640
4591212
4691296
4608628
4719664
4584184
4610472
4621884
4611100
4743184
4733984
4511228
4690764
4568036
4612420
4602276
4669520
4577524
7198284
4554528
4734108
4723800
4651480
4594712
4621988
4648788
4615684
7023716
4497336
4691124
4505460
4641896
4640736
4634928
4584376
4750644
4691704
4583572
4723160
4573984
4653928
4695632
4638948
4635108
4592068
4635044
4588472
4588464
4668172
4570324
4657976
4744800
4653848
4638808
4620600
4804508
4685804
4639880
4664876
4586832
4713768
4742640
4676732
4659472
4591552
4845696
4634088
4681800
4606988
4638064
4603068
4651000
4701504
4633908
4675096
4724372
4606476
4634672
4676892
4613960
4688068
4683484
4507064
4659236
4712364
4718928
4694772
4771528
4691724
4693348
4620672
4790036
4663088
4655172
4693720
4681412
4684472
8113732
4673420
4643024
4780304
4632164
4668736
4737172
4679116
4668972
4702428
4666752
4717540
4758984
4708636
4681528
4701432
4733028
4707636
4593232
4770396
4700344
4814120
4671604
4901316
4661648
4664004
4759716
4662316
4589056
4566552
4698748
4776548
4639048
4738836
4669584
4691756
4717312
4732672
4708680
4703932
4772156
4838956
4879868
4697864
4748616
4686448
4703020
4775752
4651096
4708952
4656012
4716364
4624896
4555604
4725088
4861080
4723060
4704748
4826424
4657480
4746416
4721068
4675948
4811324
4720968
4615744
 
4703868
4666596
4586064
4762348
4734276
4699888
4558568
4691292
4737420
4770400
4730304
4712684
4715080
4609012
4674420
4629640
4704460
4942376
4765356
4735296
4790396
4712944
4711040
4695636
4588688
4610692
4744832
4622680
4614308
4653932
4664932
4586880
4799844
4738352
4590756
4773812
4664416
4607180
4681164
4602684
4670276
4633452
4632408
4677388
4594200
4579292
4696716
4592652
4653356
4687156
4585532
4634456
4632008
4588024
4668152
4674644
4569940
4681708
4600084
4713516
4589280
7275708
4625096
4597764
5015412
4583880
4604480
4599364
4575052
4580044
4571856
4596788
4573028
4617844
6276264
6916424
4701272
4718508
4635340
4576552
4650056
4613724
4622176
4597676
4669716
4629148
4701788
4669960
4630164
4644748
4595532
4671964
4648684
4635700
4620632
4645072
4677276
4660788
4623972
4582724
4679520
4610896
4673504
4635136
4594768
4534800
4580252
4709412
4624760
4684680
4609500
4630732
4654804
4581784
4638588
4587116
4723184
4604764
4612904
4597016
4625612
4693916
4598440
4722584
4586748
4609196
4602304
4625480
4615884
4670044
4713356
4585828
4622840
4595240
4552676
4691728
4623460
4611944
4707528
4594076
4603428
4716260
4649376
4672100
4611008
4742044
4601548
4600644
4640396
4602112
4595200
4761472
4603052
4591676
4542320
4604004
4640356
4756660
4661068
4550416
4632536
4596156
4655092
4699400
4575528
5310296
4675492
4606396
4609560
4655288
4600004
4623760
4642964
4581460
4705456
4642772
4625824
4630972
4596172
4603072
4691736
4645776
4614720
4629404
4645388
4588432
4599664
4590524
4620204
4591180
4672136
4599384
4592712
4573784
4650868
4658244
4616568
4695872
4641884
4638368
4668296
4586244
4626064
4589340
4737476
4589888
4605576
4639932
4564364
4651192
4584452
4690264
4631152
4631884
4623932
4632588
4565220
4560812
4704704
4658224
4706688
4634872
4615568
4717088
4593476
4648000
4657532
4663660
4703948
4590412
4691092
4589700
4638652
4658260
4644484
4702232
4572944
4686228
4620296
4642460
4660296
4704452
4711856
4596788
4684660
4588008
4581208
4648412
4660000
4706284
4604072
4663256
4596696
4594592
7130240
4642444
4616628
4595564
4619644
4722956
4606920
4612716
4652684
4596972
4639492
4601620
4650124
4594944
4599680
4586952
4673244
4666612
4597860
4626052
4599848
4631708
4661788
4609248
4724476
4597000
4679572
4659280
4612900
4772392
4618380
4624628
4694100
4637944
4623800
4600836
4625540
4863848
4642288
4807960
4595824
4612188
4705328
4585380
4688692
4628324
4602536
4640748
4608204
4591956
4597492
4677688
4604436
4686428
4639156
4592616
4626360
4643692
4589344
4683492
4584676
4597060
4646968
4644140
4630788
4476176
4603164
4636536
4585968
4630600
4650864
4645872
4583504
4638724
4505204
4662432
4605080
4577776
5364936
4638408
4612864
4617948
4595304
4644928
4631580
4615516
7136696
4707208
4631656
4929428
4673584
4701408
4628100
4755424
4750936
4660708
4658304
4599012
4622336
4608860
4595076
4654700
4593772
4582204
4572320
4531592
4567032
4634128
4572932
4548760
4583612
4637968
4552264
4572868
4570212
4649920
4569964
4595864
4565372
4545712
4621576
4671196
4571520
4594008
4511824
4567008
4533236
4546588
4623560
4735308
4533272
4721500
4577880
4601012
4517868
4629640
4534836
4561012
4650600
4528160
4605420
4533944
4581372
4747928
4591280
4654732
4550928
4785076
4487412
4721260
4542416
4754532
4599240
6854752
4561392
4449068
4650564
4621724
4599072
4601668
5482332
4655760
4631752
4583228
4634628
4712508
4677032
4764276
4737596
4708188
4708596
4665516
4597204
4570952
4606264
4810328
4631336
4590756
4653788
4657972
4678932
4720472
4617880
4524392
4597936
4712104
4631212
4533260
4520936
4641824
4574416
4585916
4532384
4637400
4514352
4593040
4639696
4612240
4580020
4566276
4660796
4589344
4624408
4510208
4484768
4596328
4517928
4523676
4563380
4557404
4621912
4542072
4600652
4644224
4533260
4537092
4591004
4575948
4700432
4671728
6025404
4694612
4595232
4700600
4589436
4773068
4668512
4605608
4499428
4745276
4666204
4599556
4739948
4676280
7071164
4676000
4651556
4572456
4558380
4642436
4606412
4518652
4597248
4640856
4534156
4582208
4573116
4521300
4546120
4619008
4564520
4613516
4564952
4529564
4612068
4520256
4520672
4597924
4731256
4584624
4558640
4523300
4539356
4667072
4567728
4583452
4827888
4615940
4575396
4527912
4543540
4573404
4515832
4539804
4578184
4600276
4539028
4610212
4563888
4576924
4628536
4575760
4559224
4588540
4575140
4569060
4527764
4558368
4590804
4558672
4554288
4512540
4802980
4592908
4590760
4524060
4515540
4492308
4563328
4623092
4597144
5877940
4699972
4610424
4466760
4667292
4588912
4493084
4576124
4559952
4590364
4560384
4506768
4549260
4533388
4697864
4550100
4563932
4595896
5159448
4614824
4604316
4645036
4594320
4548904
4560908
4694460
4624028
4502580
4569576
4589352
4593152
4613872
4473492
4640328
4628636
4596488
4562912
4642280
4657732
4707012
4703192
4704436
4604196
4673796
4722676
4610296
4746084
4801044
4652796
4696332
4568804
4628076
4626560
4552736
4670496
4599396
4578848
4598724
4642528
4685556
4686912
4579276
4584260
4618496
4598844
4625160
4595164
7127548
4717844
4655260
4632148
4743296
4712364
4683004
4656616
4596036
4633576
4686760
4617020
4688100
4624828
4712208
4636572
6992164
4522204
4582960
4606680
4673776
4729700
4653704
4618368
4611968
4789872
4693072
4730924
4748044
4652092
4691152
4636780
4671236
4561456
4579948
4610908
4657876
4644920
4648312
4631000
4664832
4582180
4540636
4613560
4679384
4578492
4588208
4624436
4580264
4603972
4746400
4647616
4634044
4622328
4671396
4720620
4549964
4652888
4652328
4658420
4717104
4636396
4725992
4573488
4666152
4650064
4660056
4615936
4586016
4721744
4705284
4645184
4625396
4612824
6042788
4649048
4574600
4516492
4655776
4656796
4531764
4584652
4612144
4604952
4615244
4756444
4627616
4700116
4584472
4694148
4476380
4654808
4567908
4553520
4565120
4560384
4602880
4627848
4563184
4721308
4660912
4713576
4598676
4829872
4563432
4711768
4656020
4628732
4578472
4662452
4592176
4592356
4650596
4597764
4632308
4583356
4585752
4807004
4648448
4647528
4593952
4579908
4643088
4600920
4652744
4656644
4669304
4624520
4709280
4670180
4621632
4693664
4621004
4681584
4585972
4621660
4705920
4585156
4646772
4687432
4621408
4632292
6332248
4555964
4630044
4569060
4611216
4517808
4625268
4544108
4599216
4694544
4608172
4508604
4646724
4590428
4820044
4647668
4508272
4613036
4561172
4514084
4557964
4635804
4632344
4615160
4489800
4895476
4548000
4604668
4668576
4586928
4598652
4649460
4659808
4584976
4593932
4730116
4597168
4545188
4585600
4733636
4716972
4589672
4566332
4556244
4533604
4591024
4595508
4596276
4555400
4614568
4570116
4628556
4624236
4477788
4548104
4483508
4631792
4674352
4579432
4600156
4564340
4557952
4544160
4541296
4621056
4533780
4544708
4466784
4653340
4587952
4657700
4587876
4651312
4611304
4596796
4659492
4961432
4650984
4668692
4625372
4641480
4588108
4633124
4589684
4623248
6958688
4623948
4639292
4702068
4723584
4580992
4678064
4554472
4649992
4631676
4583316
4703468
4609640
4589220
4668208
4629456
4701828
4645016
4713772
4665756
4663612
4709844
4587656
4619088
4732132
4632212
4682956
4622820
4611940
4666524
4601436
4663736
4652080
4594132
5644100
4604048
4592024
4625476
4488308
4563400
4633128
4512108
4726084
6944576
4747844
4631356
4646268
4640048
4609332
4643592
4689720
4654792
4621032
4635320
4751776
4652400
4604068
4719904
4601216
4560508
4690040
4714388
4584880
4621848
4662484
4616460
4731608
4609784
4615036
4616528
4635292
4636320
4578708
4651232
4661996
4601364
4638332
4620092
4653688
4696196
4649676
4599216
4618332
4608844
7063596
4791276
4603920
4563196
4589452
4520964
4538052
4493424
4555020
4552680
4585316
4584488
4518576
4648800
4665232
4704088
4649484
4576064
4706076
4669848
4637220
4633292
4631492
4596764
4674064
4633696
4595696
4596732
4667992
4607488
4679356
4575692
4841064
4589872
4544176
4682408
4532400
4529236
4676492
4504192
7038480
5055064
4706068
4652220
4580040
4586428
4635072
4661416
4595636
4635208
4606080
4668572
4573720
4700876
4586840
4505328
4659824
4577000
4689320
4676872
4661784
4589448
4590740
4696424
4653572
4631452
4700200
 
4609520
4622296
4665200
4569768
4608996
4587064
4721268
4569204
6226976
4514272
4688060
4554848
4548728
4556212
4561640
4640968
7142400
4766716
4654940
4585504
4595140
4583148
4548152
4557872
4588460
4620588
4623980
4571876
4533800
4554248
4592420
4554232
4541152
4635472
4578888
4558804
4729188
4545792
4842272
4576620
4529768
4572804
4479704
4630424
4612640
4551876
4602276
4545012
4514980
4569472
4589488
4541120
4608612
4569592
4541324
4638292
4608340
4530120
4516004
4610908
4506564
4631512
5428228
4550484
4847596
4632512
4678068
4629136
4615152
4635772
4594852
4702880
4588788
4667628
4648700
4664128
4646932
4597212
4650532
4588852
4634724
4747792
4618764
4636124
4541160
4606764
4729624
4579676
4712384
4585232
4602652
4659720
4627748
4610044
4774256
4622536
4779808
4614916
4622032
4608592
4636600
4656068
4608444
7156356
4687676
4532304
4563692
4648880
4495064
4612884
4555720
4613592
4602216
4561528
4640944
4553252
4667280
4595900
4640268
4599144
4522564
4677284
4551796
4574260
4678456
4592448
4638436
4660736
4562000
4653320
4579644
4598300
4655756
4660172
4665076
4593760
4639200
4610900
4605168
4607072
4648256
4609612
4626048
4570224
4672420
4559488
4710704
6174060
4683664
4595464
4641792
4515564
4614192
4645188
4589420
4688076
4614548
4678704
4701244
4629952
4669492
4623556
4615392
4661072
4601376
4672208
4617332
4651088
4629680
4659672
4693312
4640248
4626228
4665864
4571916
4634708
4735516
4971980
4651876
4543080
4574172
4644296
4654616
4581848
4637344
4659880
4652804
7569712
4617724
4606548
4621088
4607492
4590028
4541160
4583900
4677352
4596952
4582960
4591824
6350964
4621260
4738744
4727860
4747732
4754448
4806892
4709880
4640448
4740324
4665544
4761468
4864696
4667640
4480192
4698760
4769292
4788992
4600028
4803248
4823328
7467200
4689704
4593880
4615824
4646368
4575064
4614860
4614504
4561728
4567404
4638924
4643872
4523900
4637816
4577240
4648612
4647920
4560600
4567484
4674556
4570836
4582928
4560472
4613260
4618484
4694164
4632396
4632940
4595688
4784604
4633408
4669128
4662388
4706160
4605100
4729928
4688484
4720148
4607444
4630904
4643392
4575816
4564540
4684600
4608744
4634004
4596476
4575360
4741076
4651120
4632444
4604560
4632184
4604336
4664104
4636920
4719760
4710052
4591784
4650828
4694304
4663464
4618524
4652272
4606932
4572720
4633356
4568876
4633892
4658596
4564952
4618720
4722192
4564264
4720208
4614944
4580856
4713216
4601416
4642136
4609132
4660864
4677932
4594112
4519924
4552148
4577136
4654680
4762068
4634852
4594896
4561436
4642788
4692560
4643872
4645620
4660688
4637396
4675320
4642076
4583332
4570912
4679208
4562928
7202840
4584240
4607424
4725440
4554752
4666300
4616612
4593228
4701316
4572884
4629292
4721904
4646192
4707568
4639368
4644520
4658012
4579700
4603168
4669288
4623508
4654848
4570388
4701720
4577308
4626004
4607604
4609820
4665080
4634832
4570856
4708076
4789572
4727948
4619816
4634664
4670244
4722092
4580728
7138652
4707664
4620292
4602476
4674664
4648544
4617004
4678776
4613188
4576756
4632960
4742584
4636848
4629668
4635240
4584084
4751388
4614964
4581940
4596692
4775340
4626252
4801916
4594800
4583316
4520636
4475728
4573548
4633712
4657504
5317228
4691836
4721756
4578964
4571496
4494272
4561780
4588140
4725080
4636772
4782740
4687640
4588688
4681592
4541228
4699668
4600920
4736156
4573316
4591060
4584668
4698844
4630744
4633484
4678068
4627976
4598608
4573736
4606808
4689128
4622492
4675908
4859152
4583896
4660180
4617744
4792872
4590736
4556076
4662200
4561768
8538760
4703792
4558064
4575640
4687848
4595288
4908516
4618096
4674200
4734792
4666424
4634996
4664960
4692572
4659160
4640592
4609348
4605428
4626608
4760540
4596656
4629272
4648732
4628980
4828164
4698060
4603328
4622572
4861956
4724092
4668844
4619744
4764436
4810832
4695368
4710696
4712244
4861888
4661752
4589856
4644184
4635916
4706900
4768000
4595252
4739596
4721668
4734692
4746088
4674940
4693388
4678508
4592640
4728332
4664464
4636816
4665368
4748048
4735080
4637768
4693040
4645804
4690788
4613408
4667832
4572676
4752124
4700268
4620932
4728384
4530932
4632688
4565048
4568992
4740072
4632908
4651716
4620072
4653292
4791144
4645544
4655556
4673720
4703428
4533948
4458888
4670912
4690060
4719472
4712256
4636548
4684664
4627636
4861708
4678600
4576392
4688660
4677816
4758268
4636852
9410800
8001540
4588828
4746516
4700496
4702268
4825792
4644324
4591488
4696392
4674464
4700572
4641496
4644080
4576612
4748900
4729784
4797796
4721360
4653316
4920116
4652272
4667276
4632064
4649356
4601068
4682828
4564896
4654648
4591824
4568948
4562884
4630528
4623384
4574308
4601884
4627468
4608464
4608684
4562740
4650976
4646656
4596896
4613168
4635564
4624364
4654248
4743540
4614268
4578964
4620868
4530564
4593900
4480632
4601264
4658400
4715216
4591716
4583844
4619660
4532652
4673988
4627976
4618988
4674156
4653672
4717912
4624688
4554684
4730672
4710128
4639112
4692560
4582440
4645232
4589756
4585436
4667696
4514576
4682180
4660320
4526448
4570236
4659704
4678016
4619088
4588880
4617596
4592368
4578812
4607080
4595808
4762348
4778868
4560420
4619112
4631164
4651476
4548860
4825224
4622812
4672060
4642664
4650584
4587600
4620860
4579076
4644028
4744704
4771768
4669064
4626604
4690128
4601920
4584260
4667588
4695580
4612008
4702272
4599584
4599912
4678304
4593308
4587260
7393332
4609896
4633160
4580272
4638256
4608816
4625844
4631064
4660144
4641076
4594112
4707880
4705104
4742468
4652728
4694944
4616368
4671884
4691352
4587640
4611320
4624992
4623952
4588268
4590032
4710416
4706640
4603376
4671948
4599036
4725612
4641584
4620052
4650512
4651008
4620328
4621608
4617584
4773656
4641160
4530968
4609324
4534340
4518412
4680564
4623580
4630432
4684780
4612912
4707988
4729712
4642696
4634076
4762216
4628408
4705120
4689856
4777240
4646908
4683668
4598956
4753308
4703332
4715104
4529428
5955428
4511472
4574672
4601560
4603152
4660976
4626932
6991960
4470968
4641272
4510356
4571076
4652688
4493016
4588032
4572972
4542992
4550016
4576188
4612160
4597756
4613456
4545220
4576004
4550424
4541316
4566420
4629308
4528932
4634656
4575528
4600084
4642504
4653724
4634852
4704872
4604856
4670736
4625072
4662236
4637328
4574496
4688376
4574976
4618496
4710180
4639868
4567744
4629920
4605376
4658912
6694948
4520576
4512316
4484940
4688608
4597956
5303000
4575804
4568396
4658020
4585904
4621944
4606920
4598200
4581056
4639728
4617412
4642232
4604072
4584616
4630612
4669388
4572496
4568376
4646904
4891192
4587240
4690292
4692104
4722912
4634248
5445696
4619920
4608140
4553948
4665832
4699900
4643432
4627572
4563844
4564612
4604340
4609384
4666084
4695776
4669048
4808368
4726972
4556880
4624668
4530180
4570936
4601764
4560212
4570556
4630024
4572804
4600144
4562400
4698172
4618944
4648056
4703856
4595664
4586572
4683564
4573640
4625140
4631652
4563808
4675152
4618732
4673464
4586096
4605756
4553208
4644492
4575436
4717852
4583272
4605104
4598724
4627560
4443952
4623600
4660204
4758992
4610280
4637532
4594140
4625688
4665680
4637368
4557608
4597836
4748716
4655536
4617104
6187596
6942768
4658012
4555436
4610436
4587772
4645644
4580296
4668388
4614380
4610168
4724608
4643968
4637676
4646356
4730180
4718864
4787872
4685784
4755232
4625324
4611664
4590248
4618212
4589736
4778956
4617576
4732292
4656916
4626804
4782848
4745368
4719412
4663804
4597904
4656348
4766328
4648360
4589948
4600284
4605356
4685604
4619800
4717904
4633636
4619784
4683568
4567172
4620272
4739052
4690672
4667812
4603584
4578004
4681456
4663760
4586192
4724500
4587292
4686412
10766396
4548892
4890172
4612224
4563076
4629844
4548140
4617852
4582284
4534772
4650348
4579756
4639856
4587656
4648392
4567672
4745252
4616680
4788680
4629552
4610536
4614248
4642724
4754520
4712684
4637148
4639656
4640988
4721500
4564028
4632664
4619068
4691632
4665820
4633292
4624468
4627556
4633100
4546084
4546708
4659224
4599092
4702904
4584296
4714284
4635644
4574480
4700088
4579616
4700324
4642480
4803640
4705012
4589476
7308532
4552192
4868524
4733312
4634644
4647652
4597272
4892616
4568644
4584048
4782896
4751392
4671824
4604828
 
4617380
4656256
4599940
4567736
4633948
4542744
4645084
4644464
4661088
4544952
4600172
4651128
4593692
4697612
4541692
4660276
4574636
4610644
4681208
4667720
4614812
4610644
4702388
4652300
4609520
4729912
4721180
4693420
4592848
4665144
4579668
4736028
4646272
4701700
4629204
4608624
4608388
4655136
4541460
4716312
4593364
4791104
4782852
4659496
4658776
4639148
4668148
4578796
4672800
6779596
5241232
4519452
4587320
4595988
4547676
4614052
4728176
4586200
4534992
4564216
4562200
4522360
4538112
4674100
4555544
4685528
4625444
4601628
4679500
5817004
4546728
4560000
4559948
4605940
4519308
4621296
4583784
4577820
4619956
4675272
4581000
4713776
4599360
4579052
4592128
4577112
4557792
4748568
4680200
4627528
4620620
4559772
4610996
4549740
4641560
4635172
4609108
4583376
4559488
4602264
4639052
4627464
4638592
4615992
4617672
4679576
4673888
4636048
4569068
4580408
4596880
4537392
4570876
4533092
4655712
4610824
4637268
4601028
4652372
4692124
4628732
4693856
4674728
4583112
4842876
4594204
4666744
4670784
4613584
4712300
4598160
4627464
4620068
4701340
4603968
4568748
4638980
4607160
4605068
4468964
4651452
4632460
4585440
4623280
4661028
4567364
4660408
4586672
4622076
4682704
4562568
4745632
4577980
4601680
4611164
4492080
4679824
4631052
4588964
4649356
4648532
4572000
4595196
4644804
4537060
4677492
4583132
4635800
4616532
4613168
4610600
4547956
4623820
4637520
4631200
4723932
4694756
4621036
4643900
4568800
4649116
4565592
4535392
4687328
4593996
4678048
4650388
4600736
4600708
4698468
4604436
4602072
4632336
4608464
4547508
4618560
4587228
4564104
4626468
4477916
4569688
4559880
4591272
4678888
4647184
4657688
4597816
4605852
4515164
4639608
4665708
4607000
4722516
4578308
4625456
4734332
4552412
4704144
4678360
4576156
4634224
6999948
4611336
4609388
4584100
4609808
4600932
4726296
4676556
4594276
4584088
4534464
4643540
4734728
4693300
4689156
4716960
4685152
4739492
4740480
4901848
4715012
4648528
4642660
4596644
4734552
4692060
4925612
4702376
4675616
4564236
4590848
4652384
4551276
4632036
4526380
4663924
4588940
4531392
4585792
4532652
4606848
4656620
4656976
4589536
4611644
4552556
4712192
4625556
4635764
4640408
4619036
4722412
4766716
4637836
4615316
4630408
4640828
4530564
6900884
4594116
4572128
4554800
4582128
4524224
4605024
4608288
5010208
4617320
4577460
4526748
4697196
4514444
4526452
4564416
4567348
4610396
7581008
4557324
4603956
4513720
4623872
4578752
4597960
4650396
4601424
4562724
4594552
4530340
4589360
4662292
4581276
4609024
4531912
4585192
4570180
4460436
4651776
4584460
4674928
4619572
4616480
4642188
4573672
4669008
4641168
4570548
4686028
4700700
4579928
4648036
4609424
4624552
4580260
4726536
4536632
4593948
4615924
4599280
4668960
4592852
4655404
4586728
4680212
4704012
4646972
4593828
4580004
4632824
4660104
4622504
4676300
4642512
4627344
4676872
4640984
4644312
4899652
4632648
4632712
4657204
4568284
4639568
4623768
4659520
4546296
4739460
4626784
4653960
4579140
4621256
4658756
4602024
4611264
4666580
4673424
4634164
4672248
4684344
7534384
4555728
4622804
4575516
4537304
4539844
4593740
4587468
4711508
4598596
4628096
4612760
4602304
4604076
4684004
4603464
4791120
4626344
4589880
4670796
4563020
4601220
4600492
4585712
4685340
4609348
4668868
4613332
4643860
4631200
4526744
4674788
4630144
4546148
4708308
4534736
4707948
4568968
4635636
4623512
4583460
4635184
4644284
4594836
4742736
4594732
4650976
4678036
4567816
4597124
4619736
4630812
4645716
4593788
4579392
4646460
4617572
4662284
4557316
4600632
4520160
9068460
4689684
4580472
4547860
4592948
4622504
4546724
4572476
4560348
4598684
4658280
5886144
5152348
4550928
4718320
4671920
4699572
4507340
4609332
4606516
4629368
4646088
4564928
4600448
4629284
4713888
4608268
4631988
4597180
4639784
4606380
4610276
4586516
4633624
4685172
4660192
4788652
4607576
4581968
4661284
4618712
4593108
4675660
4613316
4678704
4561488
4671900
4583616
4622028
4677460
4570496
4566796
4545856
4657004
4604048
4658100
4633048
4511512
4633700
4703604
4605424
4569004
4599428
4502696
4537800
4649016
4574936
4787228
4613768
4651144
4696748
4748544
4666092
4614096
4603060
4750200
4565984
4681540
7055304
5774116
4526380
4668760
4903104
4664228
4659704
4682248
4578476
4566164
4640412
4591284
4621208
9294830
4604416
4675388
4573912
4607040
4603892
4640156
4597268
4596964
4630368
4627892
4631060
4573352
4617192
4590512
4762904
4667344
4618340
4676776
4599136
4644784
4558960
4621060
4685740
4587392
4625272
4615704
4585796
4646272
4587264
4586672
4592536
4615892
4649312
4578204
4581136
4615400
4603180
4579280
4609828
4599156
4625532
4540936
4628412
4505112
4619736
4591584
4657952
4598896
4604168
4647172
4535696
4580084
4548068
4565004
4607312
4530132
4647620
4548712
4554136
4653336
4606656
4655428
4593892
4666632
4626892
4645684
4648712
4651904
4646980
4632876
4620384
4705976
4622192
4666672
4573556
4688200
4710876
4514044
5650908
4624128
4831800
4540676
4621644
4571528
4489572
4578832
4532296
4718668
4573188
5692976
4781692
4621872
4560640
4618356
4568888
4728320
4588260
4623696
4858100
4619336
4548104
4663448
4636608
4590836
4585492
4681488
4795908
4691580
4699104
4630772
4665568
4676288
4691584
4618912
4691140
4687068
4606116
4717468
4660900
4644092
4590556
4710060
4712696
4703040
4685508
4504676
4663024
4592780
4614092
4556212
4640072
4575256
4555556
4562076
4501592
4636040
4543892
4537424
4576760
4488136
4568492
4520148
4565368
4599236
4761768
4510704
4630104
4541140
4558300
4517860
4576036
4688172
4588204
7134552
4876948
4761624
4701520
4587100
4570120
4579460
4516848
4533752
4997844
4621224
4641588
4645008
4680168
4690936
4516536
4574680
4746416
4582816
4673608
4615284
4805872
4756472
4565180
4612220
4589012
4740152
4559656
4640872
4577184
4595808
4684840
4609288
4541668
4627544
4616896
4602636
4619760
4589700
4646920
4606448
4621972
4596680
4673004
4583368
4624952
4640064
4621120
4663928
4606780
4621828
4663164
4682624
4663252
4603896
4723864
4536216
4534360
4686716
4605412
4687948
4610836
4667564
4889672
4645252
4583656
4701444
4620708
4637164
4571880
4615784
4639396
4614892
4714940
4666000
4631532
4610212
4553244
4538584
4583488
4568428
4514580
4514732
4528164
4606120
4533456
4561660
4544084
4509716
4614140
4541552
4554916
4600408
4597780
4650744
4564436
4617480
4609412
4507564
4611668
4626988
4560900
4703044
4664496
4707680
4601736
4646256
4640448
4565152
4598640
4597480
4554904
4533688
4652380
4625280
4585224
4642752
4550912
4617904
4600624
4707796
4604668
4582920
4651952
4571472
4634812
4594872
4672888
4676728
4606540
4680504
4644188
4665316
4633416
4563604
4530056
7303932
6447960
4568304
4598148
4530268
4594484
4543152
4657160
4629728
4754024
4666664
4615448
4570304
4550264
4642724
4529756
4659020
4733080
4661112
4750104
4691052
4647100
4659792
4553284
4714168
4608356
4734684
4559340
4638708
4650800
4649124
4656656
4677972
4558708
4591836
4706972
4650132
4518208
4622440
4578288
4527608
4629388
4559804
4618848
4598136
4609200
4589992
4573932
4567332
4618104
4527224
4587580
4499992
4640980
4569888
4626836
4565712
4559100
4509712
4600984
4507684
4571640
4491244
4617360
4520612
4595816
4639008
4507600
4598856
7091664
4557072
4663568
4584504
4526232
4521288
4531468
4559916
4594116
4511120
4539004
4630952
4558832
4648208
4593060
4640104
4574952
4600504
4607816
4551092
4623888
4664764
4582176
4605660
4560204
4685448
4655812
4539840
4561656
4608096
4655876
4617272
4640196
4681984
4607436
4639224
4727860
4546812
4564880
4718128
4694804
4598016
4623208
4605032
4664552
4653224
4642116
4572716
4563348
4560760
4541276
4577940
4588380
4601592
4630848
4604888
4671968
4579284
4632700
4579672
4566096
4759832
4620484
4581760
4489012
4632908
4590756
4613276
4625900
4650076
4661536
4579796
4590480
4889980
4664856
4684132
4640648
4641592
4575868
4754600
4676652
4675820
4596564
4594112
4589588
4728024
4625564
4670192
4578984
4723940
4600420
4608064
4721036
4560316
4864316
4766548
4655844
4678060
4611280
4713244
4611232
4863180
4596688
4617140
4682004
4600400
4665580
4596836
4631660
4862252
 
4592052
4675352
4596020
4583920
4657904
4547932
4666528
4575876
4677504
4714840
4601628
4630880
4608228
4628284
4619084
4570480
4566764
4642000
4765868
4625452
4722204
4689820
4610896
4677400
4559072
4707628
4532588
5627788
5807484
4759732
4580276
4580312
4645104
4517636
4483668
7039020
8940912
4508976
4538392
4545456
4579492
4663960
4568212
4533208
4591464
4511868
4625856
4549500
4535720
4641696
4539932
4532324
4647208
4623764
4651772
4536988
4574476
4628684
4529576
4722320
4545128
4594520
4593132
4555144
4721420
4621480
4732928
4654648
4637540
4553900
4603144
4750628
4560904
4651956
4582704
4732732
4571924
4615240
4709896
4559724
4632504
4592536
4645964
4633664
4621380
4642112
4627652
4610084
4641156
4592144
4673792
4637672
4584120
4575792
4513796
4644900
4659320
4580900
4607248
4593036
4746240
4643228
4565884
4552336
4667336
4639576
4634212
4603588
4598048
4655296
4657012
4615416
4682912
4667436
4555176
4644984
4559900
4637756
4772480
4661976
4615084
4550404
4604616
4514224
4638516
4596948
4593844
4726332
4552732
4554052
4599452
4712692
4578928
4626444
4683364
4568768
4591640
4653808
4605468
4674036
4585832
4557856
4616920
4537248
4576992
4546996
4611380
4571580
4594728
4792020
4578440
4638840
4563884
4796204
4718808
4657640
4729780
4564356
4698260
4610044
4636148
4666516
4533408
4822528
4690316
4585180
4611008
4585024
4631220
4593300
4572772
4590128
4644824
4633632
4700076
4627960
4719260
5430000
4651408
4955808
4592596
4622476
4633808
4608896
4613708
4698252
4614660
4673428
4649048
4613984
4677516
4694800
4593948
4652884
4569848
4673948
4580088
4645588
4639192
4623508
4652984
4558696
4661880
4535748
4574772
4650816
4537292
4576548
4637204
4633904
4612176
4574892
4629796
4727500
4720964
4645216
4586020
4700964
4668160
4620624
4647152
4632420
4617564
4635960
4668884
4627208
4593960
4642288
4605228
4607564
4599884
4637096
4653032
4584428
4625636
4564044
4614588
4690036
4692292
4584612
4712168
4704036
4656160
4592316
4612240
4639108
4735188
4607412
4753444
4597792
4644528
4623384
4639912
4610416
4737772
4675500
4618332
4538016
4580732
4517300
4624232
4648668
4598300
4681564
4547808
4623364
4647912
4637772
4584300
4624604
4628540
4555952
4617568
4593260
4662916
4618692
4603292
4686472
4551656
4639580
4576180
4509696
4743204
4622476
4667252
4558552
4665120
4715332
4639720
4635224
4651208
4555024
4699552
4564272
4669348
4557956
4565208
4696792
4652840
4579432
4642376
4588204
4706568
4589204
4760076
4732112
4655488
4568624
4608868
4673016
4591656
4590764
4598920
4969372
4603136
4626000
4660044
4590816
4636416
4651048
4588960
4587916
4581280
4625612
4873508
4528556
4581824
4613624
4660584
4577668
4616068
4597464
4567804
4622204
4580540
4576328
4587676
4675040
4658736
4571080
4599308
4621408
4560856
4615488
4570860
4538180
4540756
4607992
4675228
4560812
4636052
4684432
4671500
4587704
4633664
4694172
4547700
4628632
4670720
4663040
4602600
4611948
4552640
4598648
4620844
4584664
4630296
4584176
4599864
4627588
4604548
4642588
4616948
4548540
4633668
4621936
4658892
4661944
4569276
4628512
4530164
4610988
4704872
4581004
4581832
4568492
4658252
4615448
4539360
4628524
4640900
4590660
4676704
4658768
4640368
4647044
4616752
4668252
4529340
4616236
4597392
4581916
4817968
4618580
4761568
4585536
4557824
4602636
4645832
4552804
4695964
4621560
4677460
4650916
4634408
4593436
4603656
4662020
4630168
4585388
4587344
4587108
4639240
4665912
4647160
4584740
4669136
4548348
4639372
4528252
4611504
4649124
4591876
4703684
4538588
4743104
4572076
4661796
4595924
4694676
4645704
4607844
4627112
4601296
4606656
4666040
4629724
4687452
4647624
4632220
7552932
4511224
4721180
6107712
4581504
4673428
4528260
4616680
4586008
4606652
4687352
4796356
10135016
4532376
4578432
4567724
4636480
4540076
4558156
4672628
4539160
4609680
4563256
4598740
4636444
4577808
4616532
4595084
4576072
4564620
4606252
4568604
4595876
4575776
4647780
4605932
4631784
4734336
4653288
4596748
4660720
4524364
4700884
4665992
4569916
4695112
4631300
4543204
4565668
4568892
4550536
4644448
4553216
4604212
4583760
4573660
4645728
4620304
4634092
4564328
4608844
4569908
4570560
4611912
4560604
4499664
4632140
4653604
4568520
4605980
4608476
4530620
4580996
4689148
6934724
4513976
4507208
4531640
4645788
4700236
4738232
4702368
4667284
4706844
4761400
4571676
4613512
4739352
4701216
4742508
4688604
4724168
4718144
4598860
4608372
4525412
4589376
4576348
4593192
4558884
4512704
4590144
4618924
4552672
4603456
4535916
4589276
4528632
4552420
4555676
4588592
4624508
4480872
4537920
4481728
4631764
4519520
4517496
4570848
4505500
4558284
4586620
4585380
4610552
4628124
4605172
4688112
4686152
4662940
4635608
4674272
4598132
4626448
4548788
4935040
5103428
4561192
4471124
4655856
4750408
4748156
4654312
4715600
4601216
4585364
4657564
4709684
4678612
7396284
4705772
4640816
4526472
4633952
4627196
4593748
4698120
4523764
4596120
4652392
4603424
4684388
4631992
4610488
4689380
4688004
4614508
4590396
4541944
4741308
4680232
4681772
4624424
4656588
4719936
4596924
4616260
4641516
4569256
4790384
4680216
4599496
4647652
4619808
4671728
4690480
4647404
4706484
4494536
4689256
4607456
4585640
4599440
4696592
4644936
4702284
4578908
4684900
4570424
4706196
7363408
4597692
4625748
4642880
4714736
4623780
4613560
4612384
4598744
4653488
4613516
4645368
4669484
4641132
4606828
4563788
4577744
4550132
9387692
4853844
4591444
4664944
4671944
4689928
4576492
4606068
4624288
4664096
4658560
4624604
4585048
4617144
4643212
4582208
4556120
4655308
4593712
4706064
4736232
4656164
4668984
4542876
4539156
4583692
4631600
4590016
4592548
4596432
4619512
4548512
4545024
4725316
4552940
4569320
4596628
4558696
4565052
4524368
4539912
4582740
4483372
4568320
4574448
4545868
4487984
6431032
4682444
4599440
4559496
4568232
4655904
4565304
4585120
4506924
4540456
4537180
4589708
4654924
4587072
4545748
4637176
4590416
4579016
4555492
4579208
4560848
4584500
4515344
4565068
4574008
4600912
4664096
4564068
4646624
4604392
4531040
4619056
4563524
4636896
4547632
4638528
4574496
4571336
4580836
4666248
4597224
4822316
4682596
4566652
4777160
4635956
4574716
4587828
4632516
4687232
4661028
4637724
4634004
4771484
4521688
4650660
4727788
4642920
4614624
4586672
4634736
4548920
4633020
4551504
4659428
4637900
4615880
4647340
4581724
4672992
4648860
4615496
4677156
4582584
5334368
4626352
4692848
4627428
4584844
4642964
4647152
4526432
4833528
4554416
4558692
4716972
4600752
4580196
4695760
4709192
4563804
4847552
4687712
4611540
4805552
5968568
6228608
4699804
4604328
4703672
4579668
4634168
4625720
4625868
4591064
4625400
4695092
4614364
4675376
4640968
4621532
4595288
4567464
4460360
4579572
4621640
4533060
4704568
4595424
4704308
4535756
4614604
4639032
4580592
4537364
4660264
4600236
4580908
4626744
4590368
4667308
4717864
4660836
4605748
4663044
4537400
4615312
4677248
4553164
4625560
4526208
4573864
4543512
4661644
4621488
4538448
4658056
4607112
4609484
4495108
4554280
4540508
4588156
4600324
4581268
4601284
6719092
4596656
4486220
4661336
4481472
4611916
4576944
4516328
4631700
4555100
4711948
4721120
4684676
4684104
4711288
4698924
4663952
4536452
4476356
4642520
4583768
4563872
4530632
4609940
4606972
4623840
4598440
4468928
4545604
4505320
4495580
4713680
4570772
4628764
4700828
4618512
4598336
4656884
4620516
4613844
4651732
4516228
4601768
4618052
4559264
4658156
4542424
4652792
4535188
4584552
4571532
4665728
4599976
4587668
4598056
4571588
4587108
4750844
4585564
4598420
4575608
4643712
4659128
4652940
4687096
4635740
4562232
4643488
4629164
4629068
4614156
4597156
4677684
4662740
4601204
4647712
4612196
4609156
4661208
4617204
4584856
4576492
4637344
4653348
4754828
4660924
4576584
4688256
4686912
4718360
4720932
6033140
7295904
4698256
4521208
4728500
4600352
4758776
5269704
4601556
4615032
4537104
4661588
4639560
4560088
4675112
4580540
4562000
4614920
4550000
4622784
4585356
4493812
4651916
4680976
4573852
4573904
4654216
4595728
4591848
4623708
4543612
4690860
4660136
4634440
4623944
4554236
4648148
4624696
4578924
 
4689916
4594584
4819200
4609524
7089152
5779912
4631640
4656096
4752172
4647008
4806804
4689664
4591472
4743996
4626008
4660036
4660580
4656996
4568400
4636376
4667420
4653400
4685232
4657456
4570880
4575820
4599884
4529728
4603532
4673784
4671988
4604916
4631372
4584084
4454744
4450932
4706120
4736560
4646044
4737528
4597108
4655460
7584344
4695892
4554900
4722544
4582804
4667904
4722708
4616256
4704628
4631816
4594260
4722120
4704792
4634108
4619492
4750220
4607892
4571936
4656832
4710360
4595320
4647648
4632348
4572232
4557488
4643820
4583576
4581124
4671324
4561836
4601396
4661604
4651884
6571408
5643316
4647204
4614516
4602088
4550404
4687140
4613368
4606172
4710580
4646892
4572588
4660600
4708148
4685768
4690284
4533196
4638592
4612228
4723632
4557208
4677468
4525336
5227480
4644352
4694240
4689816
4541452
6613820
7824544
8480660
4583340
4650964
4644404
4534496
4604364
4645492
4594268
4704604
4597668
4483016
4516104
4465512
4584776
4683932
4591388
4591700
4587380
4657008
4595148
4681172
4636364
4631212
4575360
4565048
4726896
4672100
4745672
4848556
4704512
4705460
4637588
4715160
4655024
4626680
4682824
4591656
4594036
4776336
4612076
4724564
4659500
4546956
4565580
4680264
4642016
4656692
4646636
4624660
4743564
4664216
4658512
4651504
4637816
4646232
4546220
4688508
4690584
4675044
4723220
4660016
4657812
4670620
4609064
4642996
4667216
4734576
4618524
4716576
4679348
4724684
4696012
4664440
4622648
4688232
4643908
4709632
4744796
4619656
4612420
4712340
4738508
7076696
4600456
5027528
4520328
4692560
4644944
4754072
4643132
4689020
4570256
4598076
4611840
4494980
4541856
4723876
4649452
4574108
4691112
4720252
6729220
4743788
4818136
4739288
4595992
4598724
4551420
4573256
4591356
4691360
4567964
4585244
4583572
4576976
4663696
4561268
4590652
6254892
4569416
4641780
4658964
4730512
4575352
4657880
4658580
4576292
4579316
4598160
4625132
4605864
4510288
4696832
4580476
4736296
4623384
4595748
4663840
4553796
4571064
8454258
4633236
4540928
4633956
4527060
4490480
4506992
4581536
4590524
4575628
4547128
4584632
4543096
4646184
4669004
4589500
4655560
4529252
4585784
4649764
4590224
4608652
4532376
4597420
4609672
4650108
4709752
4591020
4784576
4627264
4504896
4598228
4574996
6280620
4606500
4608360
4517324
5173768
4500068
4591200
4476576
4555448
4558168
4696868
4508420
4596220
4651644
4596484
4535152
4534792
4615072
4540980
4609016
4469644
4735932
4486848
4611320
4550684
4574592
4616840
4590324
4546672
4584656
4537152
4554940
4568864
4613764
4600236
4529088
4800704
4611280
4571944
4540188
4661944
4701488
7411604
4562412
4584324
4429032
4581004
4538012
4575800
4581732
4615032
4600628
4691944
4617212
4680484
4650752
4673496
4663920
4647192
4546968
4661464
4685728
4647940
4609112
4616784
4566444
4621284
4612716
4579140
4590172
4594344
4538900
4637668
4592584
4555336
4696876
4565312
4578924
4555648
4572180
4646220
4570388
4581804
4647100
4606352
6776044
4506844
4768128
4698328
4728656
4695244
4554784
4659984
4648024
4742124
4629620
4610532
4820160
4603136
4568452
4668136
4714444
4734028
4623716
4754660
4593700
4582688
4572876
4521976
4603672
4601864
4711180
4597044
6362840
4583892
4530144
4623376
4579384
4590496
4627976
4575492
4584320
4555084
4580292
4522796
4596688
4601140
4584844
4631956
4538196
4617444
4646572
4590648
4595960
4619256
4530716
4573392
4611800
4659712
4549272
4546052
4722564
4596116
4598168
4612268
4465312
4613276
4699036
4549500
4574088
4673428
7277920
4553704
4626128
4688784
4584680
4656696
4618808
4699696
4625504
4552368
4540360
4563920
4624060
4586884
4651568
4545600
4634648
4661288
4591292
4556740
4692876
4709644
4657016
4660956
4619412
4631264
4618784
4545532
4627196
4658656
4609952
4579336
4651228
4531032
4629380
4565016
4634148
4676376
4551848
4643432
4656108
4567192
4612556
4631404
4601408
4645888
4595836
4632276
4691500
4584508
4518812
4590908
4525224
4551268
4549512
4598016
4619508
4725248
4668036
4616140
4565148
4639984
4674712
4595700
4649760
4545452
4718224
4575608
4560264
4588088
4585456
4699608
4594948
4955876
4498208
4652072
4681012
4734372
4584020
4616880
4552964
4616544
4638140
4572556
4554932
4507324
4597796
4577892
4483564
4507896
4487772
4638156
4517972
4553912
4574448
4562476
4537104
4583568
4518724
4458224
4557944
4549052
4605956
4532936
4516332
4485860
4520048
4488224
4507008
4550780
4517372
4762112
4525828
4541796
4616072
4720856
4712112
4644360
4597376
4774096
4734124
4604244
4640008
4587148
4725576
4519248
4543880
4667652
4738520
4597448
4615964
4616748
4620792
4554624
4579240
4486348
7051152
5025116
4559520
4737716
4675028
4590332
4582140
4655744
4652508
4488648
4647356
4609472
4601088
4680428
4552064
4625028
4570844
4577324
4566748
4562776
4530524
4595408
4607336
4536372
4508104
4660952
4512808
4600476
4633280
4584512
4665944
4629988
4631184
4538904
4614080
4647296
4563216
4688268
4626908
4670024
4601188
4606524
4579772
4703356
4529108
4672716
4574044
4667592
4562400
4542872
4772244
4531928
4599948
4572576
4647760
4580496
4663084
4621132
4559692
4622784
4662512
4591532
4621952
4632532
4546548
4655880
4589976
4604344
4587676
4575468
4574776
4582032
4559888
4627692
4702884
4583968
4606740
4531244
4625328
4633032
4565908
4675912
4563080
4602912
4677032
4615940
4630320
4596204
4544284
4581192
4655192
4564672
4949916
4594772
4535812
4597988
4636608
4583308
4586920
4565216
4812636
5818868
4469252
4534688
4646880
4565764
4612828
4573888
4602368
4595780
4533828
4690324
4555692
4754328
4682876
4542240
4614136
4578380
4570632
4556160
4619060
4663856
4649056
4619956
4605116
4517332
4596060
4633816
4591340
4720800
4588852
4604724
4639624
4516900
4518340
4670660
4480916
4585516
4524892
4643296
4597152
4519984
4564772
4497548
4625464
4619200
4500264
4598404
9548548
6976844
4600928
4543000
4501852
4565788
4597964
4528200
4563632
4524560
4567740
4581288
4593552
4563644
4517944
4566224
4707648
4630092
4569596
4678060
4620072
4687468
4564512
4668476
4782460
4616908
4590708
4668540
4574844
4593848
4509000
4577808
4549788
4580788
4637512
4569552
4621772
4564340
4590796
4632624
4605800
4526696
4602368
4513400
4595380
4680372
4573036
4548820
4601780
4560348
4524496
4597108
4543064
4599852
4645688
4541088
4643964
4501988
4556148
5659684
4589956
4559248
4554672
4702612
4760500
4636692
4550860
4526288
4686252
4644944
4625928
4633464
4537440
4573764
4595708
4624884
4551296
4747296
4637324
4562512
4698544
4620624
4600060
4629220
4602612
4522492
4618960
4540808
4799728
4556000
4512492
4570528
4568008
4590024
4542336
4768664
4562372
4554564
4609532
4634932
4567456
4709984
4782236
4687500
4651348
4578368
4651668
4627484
4538880
4665040
4676036
4638328
4537952
4663680
4629444
4558488
4594672
4589540
4645968
4624572
4567356
4645144
4687792
4593832
4578268
4573416
4642276
4582272
4654824
4545696
4570496
4605280
4642924
4585960
4549360
4626736
4643504
4650460
4542792
4544948
4512364
4592736
4584676
4510844
7071892
4928752
4807332
4653772
4562692
4664684
4630908
4652280
4617844
4607932
4561376
4670744
4597368
4632296
4496712
4577304
4655192
4624692
7031368
4707116
4591300
4632900
4636956
4708764
4614468
4587796
4630324
4514848
4658328
4653532
4693436
4795860
4653960
4714264
4682964
4645900
4662016
4662840
4646832
4585396
4616912
4622260
4624856
4674160
4694624
4608868
4550820
4565608
4533876
4573656
4631524
6847372
4785244
4502620
4659396
4664516
4647652
4569860
4459528
10767290
4596388
4637252
4596976
4585692
4633120
4584216
4628020
4609372
4647924
4529792
4654380
4513080
4618056
4587420
4796008
4611564
4586548
4593304
4616100
4551212
4596548
4619664
4682132
4617132
4714488
4648160
4604464
4552072
4690300
4559420
4680772
4587296
4627848
4669700
4697580
4693828
4595932
4660968
4628716
4639616
4667528
4564212
4650676
4631380
4652432
4571396
4681000
4680172
4708724
4672144
4703992
4557368
4576596
4667096
4658288
4711784
4618388
4714836
4670464
4638992
4753376
4629408
4671348
4727800
4579196
4567584
5077124
4589232
4613776
4701204
4636384
4644936
4677120
4571864
4699532
4668644
4683012
4671372
4720856
4649580
4714944
5111112
4634436
 
4652912
4597604
4696428
4663456
4684456
4667132
4669580
4722748
4600312
4718560
4600436
4635188
4532976
4683620
4630776
4726144
4677564
4524400
4689636
4715660
4643324
4689796
4670836
4601144
4779080
4630956
4733808
4568796
4525400
4599348
4530584
4661216
4647324
4685928
4659284
4683036
4546536
4553344
4708300
4612228
4655152
4669752
4625320
4708696
4542816
4666844
4649600
4667704
4627244
4713756
4582184
4598776
4630456
4637896
4612080
4634072
4583248
4683024
4705140
4665888
5528076
4665312
4750892
4564008
4496192
4668292
4651912
4701296
4615508
4605808
4608196
4690404
4821756
4694832
4660916
4541084
4621468
4581596
4653868
7482204
4488236
4667240
4742896
4611936
4622888
4709488
4719320
4707280
4697144
4763040
4728900
4707592
4715208
4628484
4596892
4696124
4541964
4682496
4596024
4629908
4628172
4601764
4652964
4537508
4642192
4576072
4568600
4568616
4593944
4537012
4566256
4643088
4539028
4575360
4498068
4631136
4619740
4585020
4651496
5553892
4475672
4515172
4579280
4519040
4654448
4808240
4608456
5614732
4641000
4534040
4522540
4586732
4476332
4560584
4565700
4521380
4595044
4471944
4462796
4666272
4638720
4569000
4606256
4522892
4582276
4501852
4516404
4555168
4504468
4443808
4517196
4636336
4486504
4731860
4514012
4511172
4557644
4499836
4461836
4469828
4579288
4551732
4495356
4571228
4525668
4542908
4462696
4569436
4501564
4473092
4496356
4529760
4563772
4499112
4526140
4541948
4595672
4454060
4498436
4559216
4524752
4555164
4660948
4611892
4631916
4554520
4522288
4506080
4487072
4678736
4564792
4508988
4644128
4562708
4583372
4551884
4513120
4614632
4452060
4624792
6927744
4532156
4495744
4471100
4628932
4531144
4482864
4602772
4516348
4513752
7301948
4478836
4692436
4558256
4506404
4594188
4580692
4594072
4715344
4526512
4653868
4746100
4698336
4746404
4682264
4676408
4682600
4675820
4697196
4668516
4600292
4484772
4572932
4690368
4668768
4598880
4573088
4590556
4507792
4602348
4511428
4672320
4614956
4590172
4612180
4451240
4576404
4696968
4594536
4609904
4545436
4535872
4654912
4578280
4548652
4548124
4576460
4621468
4585564
4553096
4851036
4586284
4642972
4554932
4652600
4536988
4625200
4614768
7067892
4791476
4491472
4771156
4599876
4484188
4562648
4544404
4547924
4709568
4642672
4581644
4514368
4499260
4596220
4544344
4466372
4554900
4523692
4568968
4486668
4628892
4592796
4587144
4562024
4487468
4488904
4535216
4490512
4533580
4668316
4536200
4560240
4479408
4673140
4533440
4512244
4526400
4523492
4522444
4584780
4479196
4659244
4590776
4697412
4465236
4512868
4578432
4480756
4502456
4509560
4550912
4605908
4444780
4652748
4582808
4737536
4586952
4492820
4519988
4598712
4644124
4586168
4657216
4600736
4558740
4581644
4544836
4588512
7339108
4762900
4719508
4676180
4627176
4621812
4580100
4643248
4619372
4705068
4593904
4474764
4626096
4581176
4544716
4562164
4661604
4583960
4584096
4621792
4556896
4616688
4593016
4555784
4643020
4714696
4655964
4575292
4661332
4566056
4717340
4561792
4557908
4681088
4538280
4611220
4611008
4631700
4545208
4642220
4624040
4530384
4532292
4718804
4650920
4534664
4651340
4515136
4529336
4577576
4627192
4595020
4576380
4552872
4589064
4654176
4573108
4616520
4514620
4795580
4574856
4561596
4617540
4548756
4529424
4762512
4714196
4607904
4569780
4506836
4617820
4651852
4665772
7712584
4463552
4618664
4641112
4709464
4726368
4600412
7271516
4446328
4603120
4617364
4634116
4538752
4647780
4534692
4523512
4642940
4708412
4527292
4539116
4458660
4591928
4468880
4531260
4607936
4479016
4623940
4515044
4540040
4580236
4556996
4547420
4554740
4524840
4500592
4469752
4536320
4595900
4495168
4496692
4525868
4579752
4628680
4456636
4532928
4510952
4591576
4576372
4635532
4599344
4622944
4655260
4696776
4614092
4654200
4561728
4686976
4651436
4595920
4551432
4589892
4583712
4530988
4488980
4604736
4580812
4515084
4584160
4583124
4564368
4534728
4611436
4584284
7106108
4631744
4532216
4632740
4510880
4646052
4559272
4580260
4587852
4677480
4582372
4635632
4567652
4618964
4560156
4642228
4613980
4691908
4598568
4544564
4576224
4580416
4621168
4545732
4683024
4596824
4552072
4705720
4648756
4551540
4727076
4620164
4547508
4580056
4578404
4634176
4604132
4587304
4588608
4605584
4556160
4548556
4664536
4514784
4615448
4534816
4616308
4541568
4594596
4573452
4630360
4558192
4576060
4570840
4543728
4690296
4555912
4604148
4547916
4518428
4582400
4516080
4525832
4553376
4556468
4602944
4625468
5685892
6428416
4480220
4679400
4514700
4485940
4545544
4684132
4530216
4593568
4623548
4573096
4792948
4597532
4655120
4687416
4561020
4634404
4535588
4546136
4588212
4624808
4641056
4626164
4653056
4653708
4625712
4643924
4518476
4601224
4596320
4778092
4737936
4659772
4598172
4574736
4697844
4607204
4570736
4672776
4609040
4590644
4595848
4577948
4586088
4526788
4597192
4543200
4582120
4569588
4560764
4614780
4581680
4625988
4637820
4573272
4645364
4572036
4659020
4594600
4556480
4578180
4598168
4595580
4640400
4587056
4614588
4560696
4617076
5297756
4571972
4534416
4616060
4570068
4521816
4581928
4581324
4486488
4555556
4515672
4624444
4590956
4548052
4601624
4559048
4554644
4541976
4515860
4547808
4595856
4515516
4617600
4500916
4564852
4572920
4555264
4553256
4461508
4597396
4555196
4472596
4559072
4540856
4414996
4633548
4512728
4516116
4615028
4531500
4567872
4559488
4492160
4496064
4605612
4526116
4479408
4543432
4552664
4610224
4461452
4577712
4675416
4523060
4572980
4504960
4557388
4469268
4562092
4514880
4573456
4522516
4537048
4590140
4627888
4459508
4659568
4545716
4682348
4632048
4506336
4471176
4556660
4728352
4528692
5368188
4609256
4474988
4551344
4574480
4543788
4423752
4534864
4596628
6450088
4565476
4539260
4560208
4586676
4518312
4533748
4592272
4583840
4626092
4596712
4597308
4505760
4625084
4576908
4543520
4582496
4522048
4668352
4555804
4582316
4505612
4591984
4710300
4602684
4619812
4526836
4708044
4804160
4742724
4624104
4665728
4523196
4589796
4550416
4617532
4615072
4575436
4581668
4721376
4615712
4614292
4597680
4583096
4674912
4515516
4519848
4560328
4611012
4562520
4513980
4571068
4642028
4715352
4614656
4584244
4643524
4512788
4588824
4502380
4617836
4569876
4558824
4620328
4567632
4572660
4590304
4652744
4565596
4638916
4531292
4548504
4544776
4617440
4573636
4815096
4743132
4598644
4635984
9971372
4658680
4578944
4492628
4568592
4623004
4536148
4708176
4663356
4594360
4557364
4680696
4639104
4622296
4571576
4629296
4604912
4562988
4560780
4525096
4590408
4631696
4596628
4572500
4598908
4585864
4621032
4631804
4592984
4590084
4653772
4533204
4636944
4618596
4633488
4566268
4726488
4502456
4543220
4521120
4619472
4671340
4706296
4690188
4539408
4755440
4648032
4488288
4596076
4582368
4616748
4597408
4545220
4681996
4516292
4582244
4569684
4560740
4543028
4569316
4615660
4564256
7009156
4518584
4420116
4644396
4528628
4614776
4584460
4544896
4618096
4553104
4535984
4544336
4577024
4646772
4593160
4582028
4603708
4542332
4620988
4549236
4637416
4640052
4681816
4627892
4539972
4630444
4550692
4573732
4714788
4651680
4540624
4557536
4718336
4583260
4592744
4590744
4503232
4765024
4713184
4707852
4555656
4515224
4641128
4530716
4587268
4513020
4575128
4618080
4611012
4515648
4545164
4585192
4608948
4584928
4536408
4626248
4623216
4562120
4597588
4605356
4576820
4654412
4560768
4600668
4533836
4531684
4706816
4540436
4556796
4508764
4714024
4615408
4550692
4644028
4540072
4631896
4680488
4597976
4555596
4794500
4586692
4669768
4652736
4645924
4619188
4637144
4514172
4683864
4706708
4694412
4647124
4818184
4538908
4543740
4600008
4674028
4755344
4648996
4596128
4605116
4676880
4525072
4613240
4516596
4781252
4592940
4593332
4630640
4555356
4573304
4674936
4544648
4586736
4599840
4672296
4619268
4539860
4616736
4585012
4648912
4600284
4575972
4623872
4580380
4621908
4587508
4694892
4594924
4561652
4698668
4514752
6464432
4422248
4693216
4624856
4530712
4541668
4772776
4595272
4651968
4566912
4622116
4564988
4586040
4768920
4726948
4711288
4545284
4618968
4599308
4552608
4598456
4678848
4640904
4615396
4564480
 
4598820
4527032
4575660
4596552
4518732
4587684
4597824
4592024
4517156
4537136
4812212
4561332
4521692
4581072
4582744
4547116
4479676
4676408
4559560
4453632
4587528
4641824
4605048
4577216
4548040
4572036
4659880
4546640
4587860
4607288
4567220
4579664
4538584
4647440
4574440
4627728
4635792
4582288
4629004
4613240
4514568
4560140
4653520
4633652
4563132
4527224
4630988
4616332
5983324
4465308
4511988
4578848
4645044
4553812
4505648
4616748
4524856
4571240
4492424
4542392
4635844
4465144
4613204
4446232
4626360
4520560
4590964
4543260
4474776
4510680
4587236
4491300
4560720
4471460
4501040
4646284
4526296
4516052
4469076
4620580
4491672
4615512
4608164
4514556
4601068
4631708
4514152
4582524
4539148
4589060
4630588
4535256
4606252
4461028
4498500
4629656
4517060
4631880
4549416
4609444
4639404
4619936
4570224
4574756
4544184
4581136
4544988
4658208
4536204
4647160
4588776
4626356
4582956
4529536
4562756
4631380
4542556
4534160
4660276
4608280
4573404
4564708
4513888
4540100
4545260
4588496
4595340
4673404
4583716
4604680
4588976
4577232
4659600
4578044
4516980
4559528
4463540
4468300
4569916
6111504
4644356
4503956
4558256
4657772
4559064
4668736
4604340
4647112
4608624
4646224
4544524
4648052
4603772
4614472
4619188
4518712
4504448
4598476
4468164
4623304
4504824
4469248
4649192
4514324
4557228
4533448
4581868
4654156
4572424
4640752
4573636
4541376
4557400
4599516
4585904
4597168
4624556
4614064
4646892
4579612
4577516
4607820
4572480
4627120
4534104
4526344
4674512
4533764
4559652
4560384
4516780
4630440
4564064
4560960
4590672
4563856
4668936
4621068
4567876
4576820
4584740
4593052
4568272
4574556
4556900
4684484
4632840
4578204
4646088
4709852
4683280
4528292
4733280
4540856
4611208
4695212
4519540
4705960
4518772
4579720
4650316
4610336
4649516
4528736
4625144
4548716
4621792
4590728
4588844
4537724
4553440
4549332
4556976
4550712
4557184
4590924
4572044
4521816
4607008
4584232
4597412
4608972
4579636
4527724
4629868
4650636
4586392
4529276
4574128
4707308
4653124
4584024
4572844
4522136
4631632
4564308
4653396
4530592
4509668
4576828
4661636
4492652
4565424
4624372
4648596
4613812
4559952
4451908
4624208
4602436
4591548
4521276
4605936
4573820
4602116
4536572
4565436
4547300
4687064
4534600
4551248
4571772
4445840
4543384
4612004
4500300
4629884
4575308
4589180
4590632
4558624
4560608
4638952
4533276
4709204
4653884
4563772
4562336
4619556
4660188
4653232
4588216
4702000
4653584
4602972
4693620
4625036
4730172
4641500
4540772
4605384
4608512
4581776
4992764
4513788
4672148
4619056
4778108
4565776
4586884
4574988
4608204
4561476
4508772
4465296
4502256
4570112
4554132
4551216
4463276
4625568
4563708
4631288
4519428
4442184
4545064
4491696
4586504
4499704
4515852
4532336
4531436
4542552
4556080
4478912
4528172
4527336
4475540
4521780
4577832
4585800
4617420
4594852
4535040
4560240
4530704
4537336
4540284
4542088
4567796
7432724
7382776
4495404
4586496
4525324
4720572
4509020
4567328
4627760
4599000
4657652
4548344
4633672
4737332
4551588
4616852
4458220
4527312
4461452
4574428
4687836
4648732
4790748
4559692
4550980
4573036
4555356
4548024
4621436
4509000
4663796
4657184
4682252
4562312
4559948
4544392
4594852
4570204
4556232
4688400
4603812
4770140
4579144
4753156
4647948
4649516
4546676
4593576
4586680
4669212
4649084
4759840
4594840
4598196
4603588
4783408
4590484
4524952
4623496
4538020
4560800
4577960
4721880
4672332
4926936
4700412
4712528
4597556
4697044
4697888
4665160
9687052
4550500
4565120
4580696
4585440
4619300
4632732
4661988
4631432
8878184
4600388
4747504
4809536
4682648
4669048
4657816
4623788
4563328
4643452
4615664
4530076
4638816
4679884
4651020
4621720
4626508
4732636
4788836
4681100
4777044
4649388
4734876
4643776
4667976
4503332
4683132
4761092
4646444
4633832
4713256
4688256
4820924
4599392
4756560
4677900
4705224
4605188
4803580
4673332
4635024
4697360
4658136
4703876
4563272
4654540
4743140
4701612
4651752
4598544
4605668
4617400
4573776
4657644
4558088
4614016
4638192
4654368
6899020
4519044
4694176
4583968
4556620
4644972
4582868
4784928
4574904
4636312
4804220
4549916
4714872
4660048
4673900
4640556
4646328
4607024
6984296
4732796
4869580
4604808
4596916
4609068
4616904
4497392
4624620
4503616
4471372
4552364
4632184
4729236
4607684
4667208
4650820
4652112
4672164
4688160
4643220
4512572
4688924
4746912
4587616
4724448
4682372
4719760
4768212
4650932
4548320
4520388
4663960
4686064
4689796
4635732
4637700
4708144
4679308
4624720
4580044
4604732
4700664
4695424
4588776
4617624
6035468
4673304
4585812
4646316
4632592
4647136
4711324
4478212
4661568
5780668
4601148
4707708
4647212
4572120
4543728
4615464
7027660
4683888
4692268
4566348
4716528
4609216
4656804
4607900
4701668
4754220
4815824
4663856
4594456
4544516
4696652
4736292
4637888
4604908
4572924
4769468
4752428
4621604
4652256
4587596
4570304
4554668
4720812
4629092
4583228
4716548
4592204
4602908
4558916
4570216
4710288
4632752
4627316
4649840
4589696
4680564
4597756
4534696
4629436
4550568
4711968
4734536
4694196
4597220
4665372
4608228
4561692
4575348
4677396
4642680
4935064
4639056
4596212
4602992
4721280
4726268
4619872
4588952
4671096
4614188
4587012
4662980
4670664
4738872
4572964
4545860
4519332
4649224
4584784
4639200
4638924
4650856
4640044
4602580
4649528
4562140
4528048
4667756
4699808
4751684
4617924
4624136
4635044
4598244
4619712
4602828
4528468
4625504
4596436
4558104
4621304
4548620
4595272
4734292
4624036
4558736
4728132
4551392
4660288
4566424
4626644
4605600
4574740
4635664
6561720
4459292
4496608
4578404
4562676
4556940
4533168
4505448
4495964
7520196
4502968
4679596
4596752
4561840
4611616
4613304
4641856
4627956
4636408
4531868
4662524
7184308
4668064
4649612
4685192
4554000
4562680
4719624
4651376
4569236
4659552
4645044
4621720
4650656
4703120
4638996
4678856
4719108
4605024
4605248
4708692
4576668
4639108
4711564
4653816
4662332
4674700
4730700
4733684
4647452
4644016
4650148
4697180
4629292
4555524
4684384
4639536
4669612
4677236
4614672
4668000
4600452
4579248
4602100
4642184
4595080
4657580
4685012
4677312
4615600
4660000
4689276
4513952
4637484
4597692
4682332
4849776
4593148
4677052
4620420
4653384
4729600
4633360
4596664
4550564
4711456
4622288
4669232
4686020
4545184
4680400
4651084
7935832
4751844
4458944
4594764
4558020
4587432
4584644
4549020
4657028
4553188
4592660
4573104
4633832
4775740
4630568
4612848
4563304
4671296
4573864
4533816
4538140
4540944
4596320
4470328
4660284
4611424
4673064
4649584
4677236
4590152
4606924
4601952
4835028
4633956
4602116
4593464
4618156
4684528
4633964
4682616
4625816
4604904
4704776
4623692
4589228
4585492
4636732
4672964
4693572
4567484
4600464
4486824
4539284
4686656
4763264
4778984
4643620
4682744
5043932
7445936
7100880
4558756
4583968
4507600
4638100
4499300
4666184
4543368
4563356
4657564
4603536
4585000
4740268
4945284
4651092
4651764
4624592
4596484
4761272
4533056
4622148
4630400
4637060
4707404
4563308
4671960
4662076
4658540
4635176
4617864
4649216
4745220
4650416
4615896
4615312
4604788
4759480
4607340
4673680
4757704
4567196
4715144
4598232
4597976
4654368
4608644
4628516
4560992
4699608
4716328
4670844
4610312
4664380
4726284
4744800
4616296
4646492
4699916
4700412
4665676
4681156
4738864
4606540
4651008
4589264
4692228
4689864
4545000
4586488
4636456
4695568
4709636
4697660
4707972
7000720
4639900
4672436
4672272
4673428
4522656
4738292
4635492
4606912
4519508
4696160
4658428
4599660
4688428
4587996
5338600
6964204
4722112
4623216
4662236
4521732
4679132
4583624
4636212
4526300
4636288
4511980
4522296
4717920
4711044
4627048
4665240
4652688
4683792
4649616
4670132
4698964
4563500
4633024
4665684
4639232
4523088
4649632
4673700
4645580
4625500
4745752
4486452
4575324
4559392
4528888
4699612
4541000
4578480
4702504
4716676
4645108
4557008
4657132
4654696
4818084
4529548
4590244
4658644
4680884
4666244
4628288
4654612
4590636
4669232
4609896
4690848
4695120
4738808
4643268
4541768
4679424
4703684
4758944
4764584
4718196
4680572
4693228
4745548
4491840
4578256
4475644
4595140
 
4606320
4546836
4539164
4589336
4576424
4625152
4630604
4467232
4610900
4446776
4571676
4607044
4528196
4531348
4573848
4525960
4530076
4575668
4460836
4577160
4546764
4567440
4406880
4527836
4617012
4589328
4577536
4525260
4643832
4740064
4635212
4633908
4656808
4605528
4535824
4676556
4788540
4633020
4728884
4699076
4634716
4652328
4519300
4580860
5971132
4573932
4623748
4612616
4671596
5493540
7393692
4596376
4639092
4607084
4545036
4463788
4501120
4516584
4577368
4545160
4510568
4688116
4480200
4575828
4528020
4557064
4463904
4545880
4576536
4542908
4557576
4549424
4553576
4513196
4543116
4493048
4634140
4565116
4601772
4608928
4501968
4568688
4517008
4651768
4565704
4566196
4559760
4637748
4573908
4544700
4614244
4581140
4588464
4571720
4612080
4579156
4919028
4613868
4516020
4547512
4522768
4579512
4628916
4576424
4517556
4494360
4545080
4608764
4549112
4550580
4648120
4591052
4550028
4594668
4539572
4533676
4508408
4520604
4613844
4545148
4613276
4596232
4526028
4551080
4498772
7065380
4719880
4696360
4680300
4601684
4652948
4544636
4572556
4655356
4646728
4569000
4591988
4628220
4549320
4506024
4549152
4588504
4614060
4563540
4540972
4560624
4554376
4586500
4562300
4606168
4591344
4701120
4508368
4552952
4603104
4631176
4530564
4507828
4580116
4622276
4640348
4538692
4598260
4527204
4520624
4587452
4635088
4578832
4632852
4575900
4595140
4591676
4541564
4595124
4501480
4607396
4545808
4634228
4744312
4595956
4577104
4525868
4578740
7334524
4687152
4477544
4554696
4531740
4508636
4495552
4506016
4579292
4499796
4612384
4614992
7004264
4561352
4501520
4604452
4569348
4460108
4568188
4546028
4532504
7084308
7981376
4599544
4560332
4579136
4558792
4499940
4564120
4572708
4512784
4534716
4466896
4526696
4646292
4575888
4556020
4501320
4514008
4562816
4563656
4560060
4505708
4546024
4570288
4579168
4584456
4492604
4534096
4546148
4551844
4551848
4511048
4595868
4565776
4577072
4537068
4576396
4504824
4578264
4597876
4536200
4593120
4597532
4622772
4569580
4583144
4595968
4628496
4603372
4536476
4618736
4565584
4564768
4610436
4584580
7077884
4552480
4656628
4514252
4556016
4509052
4567680
4548360
4553720
4499516
7457340
4581916
4627360
4557964
4618044
4563516
4529336
4638112
4631296
4553704
4538072
4683616
4586356
4532020
4547692
4564420
4665420
4580084
4607796
4653508
4533540
5364040
5048572
4609492
4512588
4536916
4671048
4657632
4569980
4530464
4590928
4640616
4500956
4493368
4498356
4593580
4673044
4472396
4541456
4617472
4572028
4478660
4542016
4533244
4494484
4660388
4520320
4561848
4551744
4552392
4618144
4519444
4554152
4544736
4527200
4611100
4485532
4569452
4506756
4498388
4626404
4550744
4549532
4607864
4562220
4564892
4533340
4543896
4503144
4557308
4622988
4574312
4472244
4659896
4598108
4519964
4556164
4578580
4616116
4686060
4668272
4521896
4650672
4541272
4646160
4512204
4594788
4545092
4506864
4477312
4676812
4709168
4676424
4797556
4678576
4580140
4495764
4517256
4664768
4538528
4535996
4575168
4579848
4575472
4497020
4528108
4558380
4543012
4535900
4586500
4528632
4596088
4626780
4539336
4520912
4599196
4684800
4663484
4577288
4611020
4714640
4580556
4613196
4657808
4536412
4568748
4667920
4672880
4599144
4519264
4942984
8298780
4532812
4588536
4620392
4542576
4617212
4537640
4525108
4592356
4667880
4561412
4708048
4589188
4605448
4604500
4584160
4571180
4623964
4593376
4574448
4626540
4538772
4563900
4557536
4577844
4543784
4640844
4537956
4512228
4527820
4635140
4612736
4650344
4536684
4637364
4595952
4626108
4425724
9810720
4706012
4615508
4564300
4580852
4481180
4595384
4655160
4599388
4514496
4602948
4494896
4642000
4548680
4615644
4529316
4695540
4574056
4579380
4589068
4610612
4587928
4583476
4538092
4518216
4576740
4535776
4569384
4595900
4506240
4600112
4653884
4711956
4618252
4719748
4507880
4622840
4635088
4443768
4650244
4733120
4736948
4560764
4770344
4529616
4685000
4547120
4671928
4555112
4589596
4653084
4552592
4556516
4543324
4615264
4671292
4588280
4502736
4577952
4618060
4561044
4540596
4627940
4568356
4543928
4527992
4547904
4536332
4563500
4597084
4551548
7184056
4618568
4672728
4584672
4566708
4557124
4584232
4697928
4605308
4523900
4598708
4549192
4627900
4527420
4637736
4524088
4656824
4606784
4656668
4540680
4673996
4595816
4572640
4527700
4597916
4640084
4512096
4599200
4661144
7482616
4474324
4640420
4569568
4570052
4530948
4460156
4559024
4495152
4585748
4490028
4513200
4583520
4557640
4486288
4523556
4508988
4528624
4531844
4578096
4538236
4672972
4535132
4508548
4536476
4668204
4620616
4494860
4605104
4542696
4639132
4538084
4543316
4668564
4570968
4655516
4644864
4652876
4689860
4594480
4546396
4582748
4639812
4642844
4548044
4569316
4560996
4655036
4513880
4769424
4593352
4569064
4608832
4589556
4522120
4755232
4606116
4733848
4603856
4590088
4597732
4567788
4563352
4683892
4558500
4607148
4546404
4643208
4562320
4555952
4520196
4752812
4683624
4684568
4769432
4512296
4756844
5528060
7745712
4654916
4653544
4647356
4645200
4594840
4703592
4505704
4685944
4578708
4659956
4646556
4611684
4635580
4579952
4554376
4717544
4602688
4578080
4536292
4585496
4504912
4696520
4534184
4648260
4552136
4594424
4657912
4689116
4785716
4572196
4643100
4557504
4651288
4653036
6972644
7069144
6328356
4489516
4591716
4469260
4571104
4475956
4549452
4584232
4514360
4651104
4557928
4543684
4538644
4563144
4566848
4758336
4590536
4467424
4458140
4543476
4487084
4549424
4539800
4480256
4592240
4583212
4487828
4619460
4596992
4574964
4581584
7092628
5111736
4567764
4604376
4616436
4580608
4571884
4577992
4612456
4555196
4660188
4578876
4632192
4619000
4575560
4614488
4657936
4676532
4666184
4665572
4643436
4539488
4598384
4578276
4606692
4587756
4710204
4597064
4447152
4519684
4563304
6957460
7007472
6963424
4726320
4506356
4541184
4568944
4520060
4574952
4545128
4656884
4541544
4510652
4589112
4591804
4604996
4641280
4637448
4529184
4509448
4606792
4638960
4554684
4528252
4500568
4533192
4593700
4525376
4521504
4561640
7242196
4474740
4505164
4582832
4578216
4546088
4484220
4510376
7022948
4799804
4549856
4471812
4521228
4549984
4524080
4701044
4552812
4465752
4569492
4560876
4565560
4540132
4478900
4526040
4637876
4602696
4597716
4599320
4610052
4489156
4502832
4615264
4684564
4664512
4460640
4487920
4470496
4551028
4473024
4547456
4538368
4496548
4531148
4702868
4542776
4523596
6776452
4525920
4579456
4566608
4447436
4502068
4559472
4516728
4604108
4467640
4616080
4649848
4469056
4556920
4599052
4575796
4580548
4554932
4655912
4447356
4579032
4602188
4539392
4539852
4528928
4631164
4566320
4509176
4448780
4714232
4488572
4517684
6965480
4563540
4512400
4599220
4558564
4485268
4609716
4509980
4589504
4599616
4585984
4536076
4633892
4612660
4751592
4529464
4610140
4592916
4578720
4668684
4589672
4588644
4562196
4559548
4598744
4585556
4483220
4705116
4594032
4602048
4541232
4619696
4573972
4567932
4643080
4570888
7307236
4558296
4549020
4598316
4600012
4512200
4603060
4643988
4610432
4567104
4525476
4640276
4563928
4625836
4530540
4557824
4570216
4573952
4569556
4677804
4580708
4615772
4603636
4641128
4554864
4636848
4655904
4649124
4573812
4565660
4570712
4664848
4607452
4581848
4508188
7832192
7575120
4700488
4581632
4584552
4549864
4571116
4604744
4568304
4555220
4660936
4586968
4617096
4529980
4739564
4558092
4532748
4604796
4676292
4529068
4489928
4557348
4569776
4570400
4676784
4593100
4509376
4572804
4540492
4573840
4660328
4529648
4671624
4595796
4569364
4691760
4770196
4595776
4583084
4687300
4548180
4619816
5688328
4589596
4605664
4603424
4618872
4578840
4566108
4729320
4546424
4570448
4636564
4604284
4584444
4526136
4640976
4572536
4519440
4693236
4576668
4551076
4590420
4498556
4606516
4621712
4522568
4620668
4519392
4564980
4533548
4520816
4577404
4653684
4626948
4746040
4615400
4621452
4612008
4569760
4562244
4588096
4614740
4579248
4603292
4666568
4631144
4623364
4622292
4581332
4539976
4606412
4575208
4662716
4603652
4518444
4620472
4519080
4646144
4609312
4599124
4602440
4531864
4643668
4580632
4580360
 
4549664
4557452
4592364
4516740
4594996
4514860
4517608
4697876
4650180
4524120
4544340
4628016
4583456
4691912
4655196
4682528
4709324
4539460
4617208
4608344
4540544
4608560
4580700
4609016
4583920
4606024
4527308
4567768
4610696
4528220
4636404
4594836
4592756
4541364
4561320
4582388
4629572
4520904
4408920
4571436
4745308
4530748
4560760
4591532
4562832
4573920
4634284
4499912
4627784
4494240
4571972
4632708
4622988
4662340
4645356
4622636
4618248
4576200
4481820
4590216
4967708
4655776
4574432
4604132
4605240
6112576
4523896
4617996
4643932
4540784
4683696
4654996
4615864
4532896
4569048
4627480
4684152
4637128
4594732
4681516
4638184
4601952
4541920
4711784
4567204
4630236
4585772
4649180
4574100
4575408
4637416
4548756
4578796
4499588
4518252
4639528
4578716
4606972
4566760
4614148
4537040
4595800
4584668
4519136
4575556
4567316
5506972
4536588
4718344
4698532
4526312
4563988
4607048
4613404
4598900
4573920
4725364
4524908
4557148
4545488
4586192
4493260
4669108
4611568
4704332
4606692
4635784
4622956
4710796
4625168
4636248
4622192
4513816
4636168
4600864
4667856
4514928
4642664
4578604
4573272
4727076
4630308
4630368
4592244
4621852
4575480
4552136
4529504
4557736
6799872
4544300
4582740
4572264
4539972
4504820
4557068
4566228
4707140
4593408
4446380
4595952
4589336
4644348
4616256
4659496
4625776
4516172
4541580
4688000
4521624
4590272
4533796
4632684
4600748
4545180
4584680
4492832
4554108
4610644
4527636
4545312
4602264
4623840
4646304
4614124
4581224
4687348
4609516
4540120
4543576
4513496
4500404
4553572
4505536
4557140
4470368
4548696
4568764
4476676
4578200
4470824
4646816
4604596
4648972
4544060
4506784
4577712
4550292
4635784
4520628
4577884
4584148
4615780
4590764
4568284
4676532
4557276
4527792
4633704
4647084
4634272
4587032
4591800
4601240
6408784
4610524
4502176
4507280
4523956
4507148
4542316
4472196
4588124
4500532
4580868
4609376
4476824
4528364
4454860
4655784
4509436
4501800
4570848
4534096
4587368
4617168
4594492
4585908
4595848
4660420
4614048
4587180
4733296
4678308
4621036
4599496
4535980
4509732
4653708
4558984
4589004
4528820
4836212
4636396
4570548
4571296
4525284
4710480
4648776
4615696
4647924
4578120
4570996
4653448
4506236
4617204
4593524
4511960
4569964
4542752
4575344
4553260
4550672
4579620
4575500
4587860
4644948
4574192
4604308
4624952
4576544
4642864
4510192
4586740
4582128
4917356
4587148
4581116
4533256
4616700
4642844
4526592
4632064
4711736
4656892
4543648
4669928
4668740
4682136
4698496
4605668
4502380
4589376
4600124
4566832
4551384
4604112
4603820
4600216
4583576
4599560
4512520
4566844
4536684
4542600
4575692
4519004
4594320
4591372
4610500
4540168
4589228
4571836
4501612
4519960
4545892
4575208
4518480
4541600
4509928
4570892
4568744
4622992
4536108
4526520
4488960
4614600
4505496
4528680
4469856
4526784
4529768
4627392
4604600
4500180
4500096
4458488
4607648
4605788
4539716
4642640
4574792
4624772
4595428
4584556
4585640
4591320
4559208
4597424
6904304
4582452
4475780
7244528
4512164
4568452
4557652
4623876
4542264
4515832
4596392
4663796
4594408
4587224
4567336
4561832
4613260
4593288
4637332
4550220
4594968
4663292
4529356
4588276
4523228
4663700
4620636
4710000
4619300
4548284
4617720
4545960
4618956
4514332
4654072
4630892
4586388
4597680
4532888
4649052
4628236
4673784
4587136
4590204
4628024
4654396
4577320
4564036
4639280
4755780
4584240
4598308
4666108
4690168
4753212
4672128
4609496
4619568
4527460
4486896
4770884
4614380
4516844
4654220
4633956
4626488
4687576
15369702
4619832
4533720
4536260
4543872
4536676
4598944
4545680
4561072
4570772
4538768
4585264
4472836
4605484
4548460
4554880
4465796
4581132
4586312
4525364
4535468
4572176
4589292
4586384
4629060
4527636
4691408
4535980
4538836
4617864
4618532
4705880
4562472
4578564
4533148
4650892
4496844
4592724
4556328
4597332
4642228
4537504
4588416
4575916
4695952
4643704
4694820
4570824
4601328
4529752
4579328
4564752
4539116
4617356
4574084
4514608
4602236
4562656
4531640
4501476
4602780
4584296
4583884
4586132
4565656
4563716
4691400
4613620
4620424
4891944
4604964
4822136
4546716
4629036
4574500
4578504
4642828
4636596
4534728
4680928
4562952
4668884
4581536
4568272
4630280
4649628
4561196
4538640
4632972
4540388
4565576
4540212
4599032
4649568
4546796
4578948
4583452
4583748
6130196
5002588
4530716
4608936
4530836
4573192
4665556
4604356
4572152
4544260
4571248
4586324
4552152
4567924
4596680
4588688
4599596
4603608
4568968
4561600
4635172
4605892
4587060
4651280
4537896
4657196
4639644
4663268
4530360
4427408
4665576
4547420
4576800
4519904
4598324
4621096
4561864
4626328
4627324
4549772
4693792
4590696
4540056
4599480
4562172
4604980
4541996
4565936
4566912
4983856
4567220
4536248
4618680
4505864
4609176
4501948
4540192
4513092
4498468
4596416
4508028
4569320
4486692
4547080
4915828
4519036
4539364
4786840
4588580
4628476
4520316
4552348
4610256
4459840
4640964
4577748
4602384
4579692
4580916
4500392
4667528
4509120
4560000
4553992
4538880
4587824
4457492
4587440
4574252
4536960
4552556
4566068
4545268
4599716
4638144
4503120
4582552
4548056
4504848
4581432
4514244
4490604
4519996
4572364
4540764
4572776
4579496
4490704
4616388
4610136
4616052
4585804
4938724
4646788
4462100
4495148
4450472
4480752
4575388
4623856
4514848
4735104
4571912
4633696
4560304
4603268
4554840
4613068
4546240
4761812
4568980
4530480
4602788
4630928
4560812
4604440
4532872
5780832
4505160
4565456
4546164
4533776
4697996
4653640
4651020
4560024
4764720
4683228
4640832
4536436
4579436
4657440
4668872
4535592
4631948
4592560
4498976
4692724
4612448
4585548
4541296
4562848
4604232
4536456
4615424
4524856
4596804
4553104
4514584
4577312
4576496
4582132
4627608
4539916
4576216
4580508
4619752
4599072
4570616
4578208
4649044
4633856
4593256
4528928
6434836
4659836
4571992
4627016
4555312
4499976
4572696
4663128
4699440
4601240
4581060
4628884
4549488
4528940
4534844
4645320
4566172
4577592
4574060
4594428
4533360
6154692
4597704
4457860
4595820
4576812
4667680
4540100
4524904
4588516
4564416
4679256
4600800
4716588
4600008
4661384
4621572
4653388
4639188
4605912
4559644
4649964
4566536
4732684
4675860
4696512
4596940
4553316
4489980
4598720
4661968
4693588
4528232
4527588
4518092
4682056
4531860
4555240
4528052
4660556
4551012
4534084
4578020
4855136
4600056
4618276
4658300
4563776
4529716
4599640
4493016
4506280
4516576
4973456
4633740
4535256
4606920
4607120
4605876
4623844
4597068
4559268
4609096
4575516
4608524
4619188
4561764
4626148
4693404
4723964
4554660
4610892
4520868
4638260
4611764
4567332
4582176
4610152
4643388
4560416
4642360
4616932
4533480
4659800
4690160
4615376
4519480
4533696
4551308
4560360
4595752
4569948
4534900
4639420
4583056
4522792
4572496
4510304
4603596
4588148
4556164
4563488
4656556
4597772
4560456
4544144
4591104
4597656
4595024
4567696
4582972
4590508
4528968
4628044
4600380
4603840
4718252
4603696
4587844
4618108
4525044
5344104
7064256
4460860
4563380
4564072
4599552
4638588
4585488
4627996
4587420
4579668
4616776
4517800
4530748
4585404
4536176
4619812
4914172
4700088
4778260
4651936
4563508
4533560
4594008
4533876
4679624
4544972
4527624
4560088
4712376
4560092
4544056
4585108
4654480
4643032
4580820
4593596
4693616
4595452
4612316
4520884
4614080
4710580
4622020
4643392
4607352
4606216
4569960
4522404
4600912
4600560
4551316
4525744
4591420
4616588
4536744
4590524
4551772
4554540
4598480
4536096
4545772
4535972
4527784
4561804
4606828
4528444
4529308
4598936
4550800
4624112
5544968
4537464
4572272
4477896
4584828
4699012
4590096
4555508
4578604
4576364
4533792
4647896
4640008
4547188
4585440
4510580
4624736
4629116
4549976
4652784
4527616
4617384
4547500
4540484
4578196
4717624
4570240
4711940
4604484
4623496
4630760
4604172
4585416
4657728
4513376
4574160
4689772
4639104
4613068
4527300
4561844
4560988
4621308
4548592
4586120
4502716
4623360
4679504
4512160
4579004
4561456
4672772
4591352
4693056
4636964
4592260
4590512
4621892
4585280
4579060
4634036
4585240
4598468
4526284
4595788
4547924
5149168
4613484
4537560
4484228
 
