Procesando...
  Filtro             : sierpinski
  Implementación     : ASM
  Archivo de entrada : lena.816x512.bmp
7791592
7201848
9219620
7311128
7718988
7591420
7651316
7639076
7372652
7542920
7496904
7452812
7437820
7455996
7381652
7437764
7383444
7386768
7483116
7439572
7638588
7482504
7488584
7390788
7318372
7450144
7374516
7314452
7429824
7560392
7460844
7310256
7313112
7425580
7477444
7468852
7320504
7480376
7368524
7428024
7523964
7313816
7454200
7398172
7377596
7506812
7494112
7484048
7410556
7458356
7390644
7302940
7548472
7458916
7464880
7446928
7528980
7282556
7528208
7452464
7409932
7529376
8762580
7566308
7335864
7477400
7383528
7503040
7422152
12592900
8338644
7331816
9672064
7487040
14831244
7321840
7434204
7387808
7537708
7354696
7287460
7353592
7440360
7440476
7557352
7526260
7411708
7486448
7516176
7341004
7409480
7474904
7373400
7377436
7438696
7461780
7561768
7336596
7481648
7300836
7554620
7308976
7421528
7422376
7328024
7453676
7706736
7405052
7465084
7536136
7435512
7522312
7440776
7303656
7580388
7344480
7372432
7289280
7445432
7412928
9975600
7480944
7454212
7475512
7440204
7472920
7361796
7626708
7390896
7524164
7580912
7540156
7398700
7428824
7413496
7440184
7583764
7565428
7450448
7508148
7475116
7452744
7408664
7402884
7555104
7481120
7398968
7448136
7500880
7440000
7417988
7396048
7355724
7493568
7495832
7404100
7355728
7503112
7563360
7312540
7672260
7432260
7456728
7404980
7281940
7475640
7562196
7445352
7311180
7683348
7304000
7382380
7386504
7356092
7483416
7580088
7547296
7538068
7443060
7403624
7393364
7520092
7392080
7469572
7616828
7340472
7414272
7638392
7421416
7489700
7521584
7463460
7347444
7435564
7528344
7327556
7549592
7874096
7313632
7851900
11665792
7630496
7497332
7494812
7506100
7575072
7331024
7434444
7574116
7478048
7478000
7475540
7460464
7507840
7594052
7481064
7383164
7567624
7300132
7404244
7562628
7401668
7295008
7429876
7561856
7460044
12463632
7378072
7426860
7625480
7479052
7567392
7584832
7486640
7544436
7494924
7308572
7442212
7749772
7463428
7352472
7555824
7303712
7396396
7583988
7386452
7286236
7520448
7381360
7433632
7444072
12094564
7380548
7527692
7487016
7512388
7581144
7601444
7452712
7660720
7498760
7527616
7633284
7526076
7310064
7822804
7573696
7480268
7747664
7378196
7370256
7687472
7466008
7334460
7502892
7425624
7386404
7629576
7517396
7381600
7651312
7518176
7389052
7605328
7587320
7584916
7669488
7582488
7425676
7551112
7461016
7518236
7605528
7415836
7476668
7558396
7410824
7506408
7564924
7404388
7390304
7475704
7463268
7409452
7479092
7373744
7542244
7522000
7435912
7478364
7608316
7337184
7333504
11276532
7305856
7485956
7623324
7390532
7407712
7782604
7461940
7334744
7592708
7518248
7408964
7750136
7395056
7516732
7740044
7566496
7414028
7831500
7522268
7467220
7597832
7697500
8578220
7600288
7538160
7323232
7456528
7514916
7389652
7706724
10236324
7433392
7672780
7390240
7389820
7627680
7324452
7690904
7501648
7503496
7385072
7419440
7532732
7514268
7553492
7749948
7537892
7823164
7485432
7349508
7393200
7399228
7468260
7475864
7650324
7561844
7492288
7527244
7565608
7531204
7553832
7512000
11693724
7372124
7592412
7557400
7467712
7370856
7556600
7529416
7483668
7634660
7536576
7451612
7541856
7484872
7538424
7558928
7628928
7466996
7440752
7367508
7547828
7540144
7532688
7515416
7555904
7407896
7532872
7438436
7574856
7411448
7545624
8600164
7382452
7582404
7466324
7294936
7425268
7434956
7299296
7444548
7297376
7304040
7456568
7473752
7432076
7420028
7398176
7310232
7454536
7311040
9536368
7538596
7482932
7386104
7590280
7485576
7372324
7621244
7487300
7473968
7379448
7454744
7510168
7461400
7470156
7574200
7458616
7546424
7459868
7356016
7338200
7511540
7447488
7464276
7431648
7329860
7438700
7386096
9168300
7502664
7442856
7514976
7542940
7509040
7445940
7582672
7385668
7559404
7356384
7480144
7446628
7511732
7540288
7473420
7425516
7384004
7392656
7518928
7543836
7317244
7422504
7331400
7314328
7463944
7423180
7398200
9203460
7384144
7458820
7444092
7740040
7460040
7359084
7644344
7288416
7558168
7512616
7397376
7485044
7451168
7404248
7550940
7583040
7468260
7573860
7382016
7576176
7544732
7452848
7329056
7396396
7382908
7736560
7448700
7532016
7413340
7363268
7343772
7346616
7524784
7531684
7318472
7452052
7313976
7339720
7398100
7498040
7373788
7392132
7543276
7314480
7573684
7290124
7590380
7573512
7459992
7553784
7630160
7509692
7337868
7565104
7406216
7456984
7627908
7441372
7395896
7517716
7476904
7593196
7559608
7463564
7516776
7608328
7409924
7590436
7619548
7481564
7529856
7447348
7530728
7405608
7656296
7537108
7395408
7539648
7478156
7414484
7590992
7398768
7420808
7520424
7388700
7552940
7589788
7448776
7458844
7531984
7471292
7465476
7615840
7532352
7959432
7456816
7510060
7551688
7662256
7499772
7738952
7589608
7453540
7393404
7533496
7574200
7499000
7767236
7422744
7574872
7454576
7409436
8885168
7594552
7474024
7542100
7506408
7705308
7395588
7485488
7538992
7426684
7601548
7402504
7400192
7496500
7391760
7648316
7500660
7479052
7294152
7643448
7406616
7419316
7435076
7337652
7601968
7583592
7387656
8945772
7634136
7353420
7451556
7519804
7523112
7346188
7636760
7644456
7287828
7752732
7497076
7400588
7748712
7441936
7548544
7590584
7493508
7294220
7612820
7303696
7533228
7617208
7481656
7582136
7510928
7481372
7459436
7576044
7314412
7459020
7517340
7254512
7345120
7742552
7622520
7602504
7683052
7514220
7537416
7675492
7471088
7492008
7698608
7314572
7400072
7677200
7418284
7580860
7592900
8561204
9903788
7564848
7500480
7320076
7570236
7497120
7565632
7581608
7472356
7321520
7516720
7434652
7243984
7440168
7438632
7394360
7503536
7390712
7224524
7513380
7380980
7404348
7481780
7461860
7453232
7486708
7383576
7288208
7549720
7449748
7433284
12018700
7226908
7497884
7529220
7510928
7435308
7643780
7431164
7380592
7491072
7220384
7229040
7527064
7307304
7343984
7535096
7347192
7445244
7464336
7343560
7442812
7630844
7462376
7315516
7642324
7507960
7339952
7394068
7252744
7377676
7576436
7471792
7296860
7573800
7372460
7343336
7637204
7368752
7410564
7520064
7384016
7338448
7249348
7385484
7377712
7474876
7454496
7501708
7247232
7956560
7412168
7367448
7626372
7380656
7291900
7490212
7270848
7382504
7387312
7470112
7287012
7508016
7289824
7381576
7541876
7352252
7683076
7478632
7366988
7356712
7652804
7339344
7463720
7611312
7395484
7521788
7551844
7382576
7492056
7661788
7387704
7309908
7569692
7411028
7445876
7637800
7321024
7462144
7596364
7713044
7299604
7793016
7363856
7399720
7506336
7321084
7423720
7654316
7312064
7482696
7638148
7468356
7376664
7621468
7322856
7403460
7493732
7529736
7328632
7432236
7465816
7581372
7523092
7461388
7465032
7538596
7378100
7609432
7461140
8370412
7306316
7654904
7457972
9604128
7450968
7544640
7464116
7644068
7273796
7424996
7443984
7408124
7513384
7603868
7376620
7388036
7530436
7542712
7443136
7574020
7496812
7450960
7689944
7536640
7311812
7613016
7439760
7391940
7573976
7460208
7467908
7472320
7401108
7362228
7417288
7446804
7414688
7515396
7431840
7369840
7690808
7485936
7503616
7441292
7406688
7381276
7555748
7322480
7477900
7677372
7292060
7527168
7468344
7363472
7575592
7751760
7572948
7568108
7560228
7493924
7276224
11088916
7971140
7501300
7584608
7381192
7297200
7424868
7506816
7400660
7629796
7378136
7531872
7614740
7312408
7506376
7740668
7279008
7391712
7614960
7565728
7316656
7597904
7387760
7479340
7458880
7306372
7359408
7594576
7570788
7307508
7466000
7475176
7442256
7600568
7375628
7504516
7577688
7283804
7377188
7647340
7546300
7390348
7504620
7328312
7343884
7642404
7446872
7416388
7458788
7267880
7364620
7568824
7299224
7503504
7480696
7397632
7550816
7447120
7421748
7400008
7484612
7519216
7474280
7366748
7303524
7456004
7434560
7292112
7412184
7356064
7396940
7517388
7322144
7317964
7441164
7442068
7481556
7475716
7473576
7408372
7398428
7481820
7364060
7514096
7537992
7317604
7514588
7406040
7444364
7520060
7400420
7526632
7634420
7365216
8575172
7366928
7563340
7515076
7420752
8215148
7403936
7529524
7570908
7397268
7425456
7411208
7410072
7390904
7343092
7508096
7511852
7372388
7485100
7470340
7398352
 
7564880
7339024
7426384
7471140
7531720
7319940
7408012
7455188
7428624
7491036
7555208
7613432
7481252
7451704
7550900
7447440
7447276
7560256
7321888
7356380
7466184
7443456
7389000
7226736
7516124
7359712
7357008
7329360
7462044
7306720
7455196
7358648
7296888
7512316
7493484
7549780
7411956
7601504
7428568
7524372
7465040
7465772
7476564
7528024
7413708
7500292
7299060
7382836
7402016
7329168
7536684
7484624
7555520
7390492
7499708
7301808
7464856
7359232
7400760
7592432
7408932
7398008
7309376
7383160
7325160
7413128
7545912
7333832
7297200
7437764
7379528
7288484
7373764
7419276
7431476
7439208
7298652
8996076
7501556
7320748
7322260
7638932
8501640
7383924
12248056
7334820
7566512
7446528
7497668
7462224
7517600
7440856
7422560
7542008
7393536
7449264
7478452
7288140
7294492
7437636
7391512
7439168
7422624
7379532
7585644
7554996
7495208
7475916
7573992
7422896
7524240
7471788
7455412
7437960
7590412
7458648
7446928
7618252
7488540
7472144
7424032
7470768
7588540
7560792
7535800
7495044
7618148
7462844
7382168
7416772
7507640
7429508
9752564
7366272
7521552
7648180
7462324
7500340
7606668
7442512
7460620
7479356
7513464
7452664
7542696
7447200
7573676
7451252
7295048
7388648
7464040
7477348
7400412
7573872
7248956
7441712
7562412
7474932
7546400
7450012
7396300
7304984
7517368
7523696
7472556
7527184
7392960
7489212
7663476
7461976
7443536
7644224
7483536
7451716
7458216
7313740
7440236
7521520
7228148
7305848
7594660
7464728
7385996
8351572
7386748
7397444
7502192
7547396
9987916
7482920
7462064
7376916
7624552
7412488
7383308
7586112
7392956
7495472
7466856
7304152
7349668
7732392
7206468
7408428
7547204
7381820
7459856
7565296
7344996
7217216
7523520
7310716
7533044
7664412
7456956
7397612
7562808
7433760
7544860
7547384
7447584
7435236
7552404
7305244
7464784
7610084
7405496
7456168
7587848
7557456
7384544
7637224
7432188
7315524
7549020
7446128
7535740
7594592
7377828
7555964
7449296
7407916
7609320
7290036
7300664
7342492
7608936
7466776
7413420
7494900
7208112
7438868
7398112
7438180
7437232
7515512
7370448
7465220
7601928
7385880
7308012
7627532
7297780
7396852
7510680
7509456
7295064
7532180
7457968
7480800
7471276
7387672
7279396
7490468
7359552
7428016
7475644
7370952
7433844
7414984
7361984
7288824
7395352
7392604
7384484
7241428
7305928
7364008
7536332
7477128
7435644
7475828
7478092
7429120
7340136
7380752
7475796
7462800
7315552
7419512
7430804
7470668
7391340
7680756
7390624
7291560
7493260
7535172
7302620
7548896
7591220
7518740
7392944
7558932
7456332
7278092
7483784
7445500
7448592
7564960
7256976
7409240
7440132
7479300
7412284
7301400
7631472
7429760
7476356
7452760
7299416
7393228
7323964
7323340
7458624
7328172
7652408
7514936
7558180
7536560
7285328
7332040
7523800
7574660
7491932
7560448
7492844
7436716
7407228
7347744
7292136
7478040
7441400
7400080
7476640
7523252
7433668
7499568
7455128
7282960
7300296
7578292
7474424
7444052
7539636
7476112
7421820
7593312
7448976
7408252
7523132
7378484
7368924
7376628
7311984
7453780
7353336
7399672
7384112
7389668
7446784
7414320
10728888
7376972
7474812
7481912
7326372
7407268
7588580
7489760
7662392
7532180
7459296
7351600
7602912
7374244
7484564
7477160
7311608
7387952
7543092
7320528
7473452
7510124
7445540
7432516
7553776
7397176
7458120
7518604
7305040
7425652
7419068
7331768
7480892
7532656
7477316
7374324
7528724
7460688
7447876
7518796
7451740
7383704
7569012
7478712
7423792
7641412
7455520
7532640
7445856
7437684
7328192
7543616
7472428
7653248
7634980
7519936
7436968
7642376
7452184
7461644
7599684
7399216
7312064
7763140
7421892
7456044
7449008
7448628
7406800
7437552
7692640
7359516
7662720
7396876
7595684
7616544
7414732
7515392
7449436
7502280
7641616
7445700
7296380
7382016
7475912
7462808
7402120
7694120
7300012
7455156
7505936
7394232
7470664
7466964
7370168
7508552
7436188
7365608
7299184
7554528
7309440
7294336
7502948
7344344
7425008
7852060
7307588
7422424
7559172
7409064
7522912
7509364
7546352
7311096
7482960
7422960
7538824
7427872
7315104
7438152
7553116
7402920
7373980
7606880
7408800
7293948
7358252
7553076
7391940
7328636
7438440
7534892
7381136
7514720
7317216
7308048
7561248
7452280
7353276
7388740
7386280
7347256
7386132
7359252
7471548
7581376
7385112
7385768
7589760
9760368
7534692
7538296
7432916
7476128
7400440
7529136
7399576
7432196
7430892
7461524
7529900
7299284
7378084
7500244
7367256
7446580
7553296
7355760
7498548
7451724
7402864
7298824
7636672
7461136
7631876
7477200
7388808
7371688
7575168
7621868
7397920
7769624
7455252
7400056
7559096
7473596
7477432
7545472
7569004
7454816
7537192
7540540
7434756
7629444
7321984
7370648
7582268
7389988
7760912
7630748
7394296
7332328
7636464
7582452
7526972
7589540
7425292
7411336
7703392
7314984
7366680
7637580
7510808
7480928
7634548
7397892
7563244
7631184
7373412
7420328
7620364
7468464
7329044
7789480
7383968
7618460
7586064
7291200
7436020
7588680
7471072
7597420
7583300
7551776
7329576
7551560
7541696
7541796
7598804
7534640
7626852
7725944
7374148
7520868
7630248
7811660
7300524
7615232
7561520
7496296
7516504
7314916
8266756
11786344
7917604
7560240
7738236
7597400
7425004
7694356
7486340
7536064
7598440
7351724
7296632
7682672
7394216
7465764
7599012
7299892
7397288
7579520
7552420
7417444
7457476
7433592
7426860
7292496
7487008
7532212
7502640
7412664
7581952
7476636
7532352
7464576
7484000
7324180
7444840
7518548
7386156
7458732
7575440
7456856
7496056
7342960
7395608
7448652
7609200
7413568
7369976
7521460
7503464
9406452
7800244
7507980
7277644
7300324
7331360
7526640
7527140
7438140
7446240
7425644
7224528
7345992
7506436
7256612
7346436
7320920
7300692
7401236
7309716
7388908
7473136
7430684
7438768
7426828
7407076
7435724
7407540
7435200
7569336
7417524
7503388
7468932
7443240
7417020
7405776
7605484
7510192
7386512
7303812
7302564
7513776
7482200
7346220
7499040
7419216
7436068
7413008
7783904
7314348
7510112
7451468
7407236
7407816
7247472
7394892
7464260
8899116
7427136
7740380
7447288
7356364
7386396
7522500
7502808
7496184
7387388
7443108
7533144
7320568
7351892
7338784
7304056
7315884
7338884
7300292
7537636
7348224
7229568
7406908
7313220
7287896
7394620
7464852
7276012
7404244
7370896
7378508
7441416
7801788
7297560
7322584
7492732
7398076
11741816
7454764
7588964
7541352
7565948
7297872
10021236
7537972
7282020
7347112
7604556
7456412
7444600
7468828
7382496
7400044
7513452
7376168
7547168
7523192
7541748
7374896
7525984
7455312
7399416
7464780
7452760
7403832
7546648
7291852
7447200
7574800
7458860
7309108
7459976
7387328
7435824
7505984
7447016
7503336
7738164
7488304
7361452
7484268
7392052
7519528
11251968
7370508
7356760
7393700
7290020
7398684
7498684
7561672
7593924
8907620
7477216
7384160
7478980
7447944
7405852
7427488
7242228
7593068
7446828
7446084
7434828
7542696
7630696
7316544
7370924
7402288
7363836
7605748
7369084
7474916
7397372
7303388
7391820
7474540
7455364
7460096
7455576
7370188
7429104
7434224
7486580
7481196
7460964
7386088
7523972
7440120
7464584
7388460
7425808
7531388
7287068
7570748
7409668
7369308
7578476
7380452
7430680
7420420
7309552
7415392
7509616
7414952
7380368
12457420
7379400
7601108
7436256
7511144
7388088
7396552
7499764
7324004
7507952
7448912
7400252
7537116
7398836
7467556
7519712
7307032
7381584
7508204
7321264
7377372
7595080
7478024
7296236
7408200
7394932
7463604
7482828
7390184
7399192
7579368
7307804
7466904
7654368
7475712
7494240
7505328
8057748
7373956
7586624
7510612
7313008
7592420
7460772
7330948
7700460
7485008
7443276
7520072
7457044
7363440
7463428
7593216
10965820
7702432
7490636
7503028
7694312
7567240
7323328
7444708
7537960
7378276
7605596
7483236
7433960
7597224
7302804
7365604
7677060
7486376
7475584
7656280
7320432
7434688
7608076
7565644
7483328
7760968
7471728
7434380
7596812
7401128
7449208
7538984
7386492
7527276
7606512
7326868
7459988
7625516
7448608
7410444
8507468
7385288
7655672
7708868
7546072
7355880
9649664
7342956
7537492
7808304
7322600
7472304
7536368
7381776
7290912
7648728
7442192
7315904
7431776
 
7397256
7385464
7473940
7510780
7434764
7541644
7399932
7375492
7544664
7297888
7309096
7530992
7534864
7286264
7606352
7366180
7559836
7608568
7436912
7395712
7437664
7455728
7465400
8974192
7466984
7670048
7473960
7648960
7550284
7441668
7389068
7644024
7630340
7381400
7281220
7411308
7364332
7579204
7554196
7302520
7368144
7611612
7318976
7417584
7438344
7503460
7404524
7622152
7375008
7460132
7623920
7533216
7376036
7597804
7420480
7446956
7436728
7449148
7457152
7582212
7521740
7454296
7542700
7292444
7488248
7574036
7311880
7415112
7517532
9014120
8982760
7468624
7463900
7372832
7468420
7281776
7469312
7553848
7298708
7317092
7531988
7449004
7368456
7360336
7631076
7421920
7344828
7374916
7377244
7386232
7499276
7313548
7341404
7315212
7510380
7311560
7380300
7303076
7441608
7309756
7353640
7535112
7309100
7478852
7401052
7437204
7376692
7334824
7360028
7461488
7306448
7515724
7404704
7540292
7405416
7484652
7463400
11254260
7636664
7510112
7504692
7427800
7321052
8351352
7496516
7430288
7464764
7619080
7300104
7332908
11961428
7476892
7337188
7569408
7462688
7593500
7416604
7562868
7402804
7428096
7562660
7443080
7436868
7496000
7429232
7499484
7562716
7348604
7454308
7314200
7296100
7369620
7363304
7488568
7349652
7384552
7460036
7450680
7295116
7359524
7394656
7471252
7475664
7367400
7457420
7438644
7446204
7405376
7453336
7421380
10070628
7527948
7589168
7592992
7470044
7542368
7584816
7451536
7405664
7458696
7387400
7491416
7318604
10555120
7470660
7516916
7315144
7551908
7622856
7525112
7440088
7457056
7439116
7393920
7362396
7439868
7430568
7285532
7520064
7283812
7566572
7336492
7429068
7584532
7443984
7552032
7397096
7515236
7449160
7636656
7546044
7307536
7309928
7641764
7372240
7690584
7465264
7372896
7376096
7522700
7474424
7633456
11243716
7318068
7692812
7532268
7400316
7474624
7368188
7306504
7615892
7501372
7393040
7468656
7550316
7312976
11513400
7723300
7455040
7539504
7597988
7529220
7302832
7459108
7526472
7465596
7484932
7373892
7464720
7527776
7665216
7325220
7394228
7468800
7477400
7536372
7497488
7290940
7387864
7450396
7436788
7508272
7480440
7360376
7379288
7435552
7260904
7503716
7520748
7357956
7635504
7473164
7362708
7609468
7554100
7586956
7616672
7537476
7519068
7570604
7362680
7899268
7617600
7389144
7448584
7514016
7399208
7304928
8246048
7553592
7391760
7620504
7524964
7396372
7577004
7398176
7486956
7553248
7457276
7544364
7598212
7536528
7372820
7590032
7473304
7630184
7666364
7391236
7555020
7643520
7314504
7309308
7619980
7519160
7297740
7540912
7330292
7473360
7598188
7412264
7398412
7565952
7484948
7395936
7540976
7416576
7368872
7813496
7347560
7502576
7594796
7416628
7685608
7651288
7574696
7504900
7691176
7541060
7377844
7588008
7306880
7573240
7550224
7394848
7332864
7697148
7458996
7391616
7529704
7451468
7512208
7657792
7472400
7517752
7572360
7479568
7516860
7411360
7483056
7388180
7411508
7306012
7458540
7491832
7517724
7308616
7535896
7498612
7321564
7668688
7312380
7436128
7581480
7398956
7386224
7483960
7452232
7302700
7645880
7461108
10096572
7726664
7649036
7589984
7588796
7458052
7425408
7596856
7429172
7361576
7654424
7489344
7302220
7685580
7419308
11324756
7322260
7397624
7466880
7381528
7524416
7327876
7468504
7478424
7456440
7653048
7510392
7525000
7480304
7619484
7501300
7593244
7503432
7480008
7507188
7308860
7327816
7593512
7383532
7437396
7518824
7340124
7386136
7406280
7304324
7443624
7583668
7463412
7383364
7303876
7358224
7434692
7343472
7476528
7450892
7432388
7440600
7289496
7463676
7434612
7390824
7461616
7321820
7410540
7421500
7439664
7454936
7397968
12182864
7439276
7354544
7357316
7379844
7303980
7431196
7288000
7570436
7550388
7400396
7524592
7580408
7298064
7535860
7324224
7429672
7327888
7565592
7365892
7500184
7469848
7495396
7305036
7431712
7373360
7319892
7473064
7488880
7386524
7385244
7313232
7402432
7439060
7304432
7508388
7418912
7244952
7379008
7333588
7390456
7483968
7624848
7481680
7316644
7302776
7438844
7414676
7460036
11571428
7546240
7579008
7669456
7539280
7327808
7432548
7305572
7310660
7405720
7311784
7543416
7303468
7222420
7519932
7467468
7345924
7392952
7334996
7341952
9989188
7470644
7443792
7475012
7289528
7490124
7294540
7907768
7365800
7456212
7381064
7405900
7493708
7477916
7492032
7535420
7456964
7419584
7308340
7470536
7376424
7461052
7419612
7379528
7540080
7453236
7326892
7398420
7460756
7509628
7415576
7430688
7370792
7391976
7569140
7336412
7526696
7300560
7432396
7474228
7304480
7261648
7399292
7504212
7505936
7428492
7323324
7298792
7389684
7380164
7467964
7511060
7404588
7484828
7468744
7354272
8665436
7516360
7519812
7315640
7525648
7423600
7375376
10184420
7290236
7351428
7531096
7639464
7313676
7369784
7494344
7450172
7512384
7453960
7595584
7564012
7235920
7321808
7699200
7426872
7431980
7500096
7460652
7471732
7494628
7560344
7299880
7469512
7318628
7446252
7383444
7600716
7460360
7578652
7520028
7399540
7492136
7411628
7326564
7410204
7406196
7292756
7518660
7372596
7323548
7572920
7294240
7492424
7565312
7545908
7317148
7502632
7434860
7514456
7561904
7465524
7394988
7661296
7387028
7538772
7458232
7400428
7306836
7554456
7301548
7455900
7511292
7490380
7487224
7539640
7479388
7442224
7475460
7463672
7453264
7443180
7465300
12335024
10247320
7400276
7387668
7639128
7373776
7369432
7532620
7381856
7552652
7461400
7410740
7399320
7606256
7576316
7659612
7688668
7303276
7464892
7428680
7295572
7623772
7690788
7321144
7472164
7430848
7452784
7588856
7475888
7765720
7408900
7625984
7306972
7746956
7593628
7578760
7460204
7807756
7410552
7403420
7702516
7475096
7567604
7527324
7442536
7372532
7655640
7464020
7469468
7604628
7378728
7279472
7624472
7709348
7450372
7452588
7495488
7542052
7613040
7300316
7446320
7460600
7533352
7316508
7699920
7556264
7404936
7693312
7287624
7397556
7677644
7408304
7421280
7603040
7440636
7561080
7418244
7451480
7464860
7443632
9124040
7307224
7524852
7511164
7466932
7535356
7425408
7521632
7590344
7499344
7414512
7537048
7309380
7376724
7428424
7429720
7442120
7487928
7473732
7374920
7313048
7367432
7497368
7401828
7453052
7310084
7372412
7439908
7318620
7385076
7541796
7299696
7535628
7430088
7365968
7376140
7324948
7329644
7418484
7459076
7268600
7540844
7363884
7326216
7304040
7459616
9814636
7380956
7629132
7481304
7303840
7639704
7313112
7522764
7514172
7229752
7440108
7630520
7641036
7403936
7441256
7510816
7463384
7547544
7462028
7470712
7533488
7407696
7450636
7575920
7527612
7465904
7637304
7438432
7392528
7445484
7439656
7402812
7494468
7317288
7382288
7514832
7382704
12527964
7573840
7623564
7381364
7634060
7569512
7400332
7668568
7466544
7714872
7569892
7550540
7452512
7629328
7433844
7587580
7422320
8214612
7580140
7439668
7453156
7417496
7438464
7671820
7404364
7582772
7415040
7516700
7609228
7685780
7444836
7449116
7647548
7369844
7756212
7485748
7703700
7590532
7602416
7388188
7614376
7391192
7411040
7557788
7293976
7392812
7436304
7299436
7286496
7609748
7447252
7422828
7555248
7466472
7303452
7578616
8653420
7480472
7639828
7479200
7481464
7580904
7407168
7476572
7536564
7571152
7496088
7910044
7391172
7549792
7462176
7453052
7491828
7663276
7411568
7343516
7698800
7451156
7512244
7445980
7328148
7423096
7611352
7468524
7588008
7801388
7394904
7527012
7666420
7549948
7458008
7552520
7451336
7673304
7471256
7416900
7445960
7663204
7452892
7548928
7584208
7425412
7378576
7697040
7383076
7555836
7428872
7596992
11359712
7452016
7312480
7688484
7716684
7512820
7486640
7612556
7406388
7500216
7469736
7403852
7401800
11066876
7483924
7470496
7645020
7318032
7299908
7494464
7411996
7425692
7339236
7458564
7362972
7376440
7449848
7291584
7422628
7552116
7282860
7402824
7298716
7236224
7333120
7416560
7430672
7376152
7370860
7298956
7288152
7482048
7382892
7345504
7299388
7466340
7275112
7414292
7375872
7383508
8423268
7292240
7520252
7226376
7229028
7221188
14994272
7453636
7556004
7386592
7405820
7428408
7449408
7354308
7364092
7505092
7428296
7374640
7541516
7291236
7719916
7391908
7572396
7527348
7309824
 
7562416
7236964
7457040
7330968
7348364
7226468
7549400
7369208
7470864
7312352
7452688
7327716
7301888
7486412
7234300
7593008
7392160
7496096
7321776
7525672
7447236
7249508
7313164
7368812
7363600
7226096
7463932
7517168
7366664
7447928
7482688
7392692
7292448
7292864
8786396
12116192
7452096
7385644
7488704
7472168
7487608
7387484
7396560
7483828
7444368
7488816
7520412
7445108
7363696
7492836
7436048
7482112
7570872
7553096
7566528
7668280
7386824
7569788
7424984
7473980
7373692
7494464
7372488
7405180
7385484
7483208
7364748
7579008
7433796
7334968
7460156
7307324
7616972
7394752
7709644
7338624
7491180
7430952
7299992
7469788
7334524
7386400
7307628
7553824
7397308
7298800
7479020
7505104
7519540
7369472
7759048
7433456
7469088
7462196
7498620
7427336
11654368
7365628
7382120
7576528
7386844
7538496
7440640
7647952
7387008
7597916
7380572
7456568
7305104
7453504
7559992
7690892
7494820
7463472
7502936
7470116
7775072
7390304
7736856
7491776
7535040
7548216
7804256
7407008
7614060
7568732
7674376
7407468
7584792
7383656
7466900
7550356
7887340
7436152
7625636
7396132
7400964
7520904
7370560
7440072
7506304
7372288
7505036
7383492
7480224
7322728
7545228
7457712
7462820
7532928
7403440
7428176
7560756
7372588
7303544
7618360
7321080
7465908
7518896
7397356
7480068
7357224
7384612
7354500
7505692
7456260
7449568
7515452
7522628
7457576
7479432
7554616
7435308
7474528
7472396
7431088
7736052
7330824
7393000
7479652
7480524
7485432
7565236
11804700
7518768
7465196
7596852
7422004
7610132
7561304
7406020
7447396
7422248
7515724
7635080
7404304
7441068
7768604
7462652
7510332
7595108
7581632
7389592
7644672
7491084
7458412
7764836
7322544
7320952
7770996
7449832
7540220
7675884
7501540
7547908
7611536
7616004
7372240
7801816
7454396
7401848
7559356
7448300
7424072
7552060
7402824
7388544
7721276
7528688
7430628
7706092
7407692
7564404
7621812
7624292
7515476
7618448
7324792
7543560
7548616
7548680
7415912
7694176
7286992
7489872
7602260
7293896
7533856
7628984
7413936
7365060
7590700
7473852
7383208
7428588
7350700
7429352
7472924
7540328
7380168
7562676
7391500
7428224
7597720
7374408
7267788
7495668
7382532
7295668
7569704
7434808
7825572
9455948
7413044
7464644
7403228
7392648
7322960
7484808
7489884
7313456
7350668
7434396
7330828
7463164
7309536
7497204
7581992
7373112
7384976
7601952
7464672
7530584
7485500
7500644
7557440
7464120
7476380
7384092
7324696
7405116
7319796
7502440
7310612
7381056
7547056
7530452
7384908
7525556
7483700
7391980
7390024
7448884
7472732
7402240
7392336
7363928
7264712
7324348
7535884
7590620
7507788
7446292
7564624
7484340
7480968
7519112
7396072
7530644
7500828
7550312
7308404
7437152
7617912
7515080
7492928
7375952
7389652
7393984
7306512
7341912
7367592
7495368
7319100
7326108
7438836
7507828
7360152
7473928
7398932
7392064
7501732
7296520
7540116
7461888
7505952
7513088
7451016
7459120
7440696
7405408
7415780
7361364
7421052
7384892
7429616
7467120
7407520
7371036
7372980
7291504
7341812
7394296
7426604
8507264
13047860
7512036
7438528
7637232
7423780
8657704
7509168
7472532
7358964
7489972
7549676
7603000
7553632
7399016
7539380
7469060
7397588
7495604
7504236
7497676
7567400
7471080
7456444
7360356
7420572
7428948
7570388
7500604
7421548
7412608
7422548
7397148
7435112
7553500
7399604
7409040
7498452
7386084
7251720
7568012
7473472
7338256
7331936
7314228
7595988
8418748
7683252
7565812
7590168
7391684
11776556
11904792
7436208
7428212
7403168
7330764
7420828
7351964
7355516
7481904
7252296
7478552
7318308
7513244
7375516
7373220
7441608
7393672
7315796
7331316
7494004
7467028
7375624
7417160
7476432
7520520
7522648
7311580
7558412
7382904
7493756
7390740
7500256
7530548
7492036
7371752
7335672
7627272
7497000
7388576
7569132
7478804
7525668
7452492
7320544
7621064
7426120
8579312
7396236
7396800
7504896
7513484
7505668
7473220
7367476
7511340
11542960
7431608
7602044
7439276
7560620
7464288
7333176
7492660
7648412
7464928
7485288
7553072
7520552
7373060
7563112
7424568
7558576
7623368
7442820
7455292
7479268
7481716
7545168
7637160
7421308
7410320
7487404
7415872
7547268
7607656
7314644
7717464
10260060
7640204
7432932
7536524
7295240
7416496
7555348
7311308
7292912
7386120
7407816
7307104
7395748
7361796
7450096
7601004
7437644
7498156
7404704
7428536
7539880
7544464
7217108
7452664
7461564
7336384
7373080
7494148
7294824
7271540
7500672
7509596
7408640
7417716
7473280
7393572
7423164
7297216
7350820
7599000
7410052
7380572
7619588
7384644
7480220
7486184
7473712
7461556
7585284
7372876
7539352
7513348
7221108
7463832
7700088
7407792
7297520
7643656
7450816
7471132
7805080
11630152
7589824
7671984
7496696
7399644
7639088
7362384
7402820
7711488
7533284
7468072
7662212
7457876
7504852
7602292
7532392
7370300
7449172
7376708
7533468
7446776
7416452
7454748
7615012
7527160
7311088
7619192
7420760
7420132
7469260
7547508
7355928
7742744
7405892
7616920
7592180
7737396
7299480
7623004
7461180
7463856
7506592
7521460
7413848
7807512
7363188
7432664
7512020
8629828
7448652
7574892
7453632
7304772
7614720
7378436
7501020
7461464
7540592
7411632
7483344
7472652
7423564
7508476
7399616
7342988
7606652
7457012
7399996
7714004
7405932
7555372
7496288
7481636
7313852
7736676
7444296
7613708
7471332
7442144
7487488
7646320
7487696
7415324
7646492
7458964
7413740
7449908
7430392
7414792
7359424
7469412
7581424
7655188
7426356
9677104
7662660
7533116
7497692
7885592
7449584
7469256
7433024
7323292
7584916
7607860
7298212
7291048
7605812
7430220
7412904
7477184
7432796
7279400
7523024
7547700
7361160
7571616
7457236
7307388
7528232
7341040
7232604
7519008
7402392
7439784
7457564
7320512
7325540
7426996
7425940
7419060
7365044
7235588
7325588
7418000
7452892
7395384
7555780
7512056
7327860
12327712
7231648
7392812
7469524
7321732
7308176
7371192
7407476
7568636
7435124
7658148
7238232
7561104
7313788
7280268
7424632
7314432
7360760
7476096
7395108
7392224
7501904
7298176
7364552
7309164
7418852
7362996
7603480
7377272
7425472
7455400
7356544
7284936
7377692
7397956
8418648
9021992
7443648
7403728
7447520
7364540
7481848
7417464
7386616
7455516
7447576
7457008
7456528
7319564
10063692
7439140
7578340
7311916
7480748
7501688
7630836
7632580
7462824
7612292
7311860
7680184
7382040
7673384
7320432
7418872
7389476
7560280
7550976
7654180
7391128
7654096
7401988
7366528
7461004
7450052
7624532
7482624
7486488
7498264
7537160
7418196
7305392
7345940
7528140
7297640
7426296
7328992
10797988
9121564
7504180
7516452
7552356
7504416
7337736
7424348
7444924
7390884
7497496
7452832
7502556
7534788
7476340
12096860
7329588
7447808
7603780
7383940
7365264
7386132
7368664
7393940
7429208
7450580
7378964
7456628
7333028
7375852
7366452
7410168
7355532
7390932
7468000
7337884
7402300
7446804
7461036
7344760
7603128
7510488
7465628
7462784
7383980
7399640
7420036
7313872
7494164
7488324
7550596
7480240
7343700
7301320
7429596
7503020
7425240
7474064
7537412
7389648
7449628
7488428
7324984
7485956
7308384
7457284
7372268
7372424
7379184
7467372
7462764
7455364
7428060
7437648
7390300
7353472
7378164
7423672
7448396
7487808
7325344
7612848
7452992
7528832
7448836
7626528
7327460
7545504
7460644
7288612
7293924
7512856
7392616
7441592
7532356
7499800
7520664
7512932
7416984
8744268
11609572
7539872
7344152
7638196
7406288
7291524
7446944
7461076
7618448
7575144
7599200
7411592
7610104
7414936
7324700
7616912
7648444
7568400
7414812
7392508
7587780
7572364
7462168
7283768
7539704
7459896
7359480
7361100
7303952
7441788
7457080
7378820
7311868
7701764
7450256
7361628
7524052
7472808
7454924
7484452
7379480
7357264
7571380
7515836
7295668
7467628
7341280
7508928
7507376
7295376
8006080
7602104
7394844
7447752
7539580
7411572
7388524
7408320
7390724
7296840
7575144
7378028
7225812
7632996
7443364
7490120
10185140
7513356
7424468
7556324
7370140
7538284
7609220
7502132
7553684
7522256
7415072
7442888
7446660
7394468
7325208
7561424
7393668
7475200
7543528
7393488
7275184
7564592
7459236
7360792
7366600
7441556
7534144
11661604
7866332
7359212
7523500
7630848
7385308
 
7694000
7328464
7456492
7557924
7514836
7362308
7718732
7388500
7520432
7552332
7590768
7530068
7668096
7419340
7623132
7448008
7488440
7548668
7714544
7446628
7530144
7615108
7445948
7382040
7653084
7545628
7582532
7502604
7526120
7446096
7580164
7458404
7557956
7519200
7414584
7474660
7585612
7458548
7578040
7505304
7677192
7430380
7741536
7308660
7308628
7492116
12134740
7386064
7694296
7340772
7369036
7572084
7459940
7510920
7409136
7457340
7509468
7313420
7446580
7421988
7466960
11572228
11552216
7546320
7541816
7347592
7841032
7528464
7452144
7607044
7728180
7383300
7701868
7315684
7547596
7490932
7606848
7312936
7411596
7409432
7640276
7522088
7370360
7500872
7515988
7472632
7393592
7584032
7445024
7479704
7648072
7297688
7543704
11739212
7237284
7564936
7552276
7369136
7535880
7510728
7368808
7454000
7552984
7428792
7510428
7502904
7322608
7301372
7509844
7310696
7480452
7577072
7327184
7308212
7581304
7287836
7477876
7611480
7568836
7449320
7530412
7566220
7461768
7474704
7465324
7392940
7498392
7524740
7282776
7388324
7390972
7463040
7433180
7502592
7294624
7385376
7449000
7442308
7389572
7594928
7450000
7375296
7532724
7370732
7538764
12090748
7336644
7375804
7488628
7492828
7479304
7455852
7460016
7661676
7515420
7700040
7476388
7652972
7317864
7421632
7424052
7651192
7497516
7744304
7410500
7539548
7341216
7440040
7397184
7616380
10089944
7810900
7657784
7588632
7408520
7647280
7399352
7652184
7527792
7521456
7642312
7438652
7736612
7491672
7548520
7306772
7390316
7376480
7608168
7489320
7543136
7534700
7423608
7565700
7542156
7721332
7610184
7588984
7341452
7404916
7310564
7639836
7495728
7559236
7503452
7479344
7306980
7533612
7476456
7459772
7440716
7413140
7549836
7354960
7308592
7385096
7474992
7406808
7484224
7431064
7306944
7495144
7327960
7475760
7390016
7459380
7329564
7405096
7412044
7460336
7465544
7532700
7535944
7622120
7453696
10732096
8975460
7274460
7385096
7449892
7323872
7464276
7310644
7385292
7478608
7432528
7379872
7481328
7390000
7283584
7421528
7355804
7448740
7392980
7308824
7458564
7535604
7394544
7438932
7396324
7343208
7327572
7846256
7464220
7393288
7435876
7569136
7444460
7614528
7516668
7545448
7373464
7471636
7489048
7345708
7310908
7432812
7349016
7495644
7308228
7454636
7291560
7449280
7463784
7410740
7587680
7458880
7612688
7575632
7497520
7372200
7568436
7519856
7579356
7449712
7509332
7518196
7581616
7469600
7597364
7376256
7558424
7387256
7548232
7652664
7380056
7498340
7507916
7458844
7488988
7322248
7468340
7493400
7612292
9541976
7515684
7560280
7459280
7555240
7397064
7687784
7654996
7473076
7563472
7365612
7715440
7320116
7491280
7655008
7639388
7396900
7596308
7488380
7458344
7604012
7551920
7474848
7611488
10781128
11993208
7597708
7518888
7692052
7595392
7398900
7459200
7587424
7430116
7388680
7601624
7509096
7436676
7760120
7563052
7509224
7487268
7386200
7444596
7671764
7463432
7692860
7501680
7461244
7454336
7705984
7325620
7412868
7487980
7430540
7315336
7587740
7317768
7410892
7427944
7309824
7399280
7653296
7414048
7228020
7604888
7311788
7384572
7447520
7455308
7284464
7504132
7464004
7447664
7515356
7443972
7310408
7634776
7584680
7579268
7702904
7461276
7488316
7589828
7511256
7296896
7634664
7465536
7376876
7686892
7434192
7345012
7490532
7467180
7305140
7511132
7311016
7301252
7554888
7431136
7530528
7294964
7431524
7455236
7595156
7467108
7642004
7530372
7448076
7450344
7760692
7469972
7465024
7445976
7509592
7361876
7639860
7559384
7441964
7391724
7439872
7306504
7295436
11458392
7447368
7595236
7320264
7369392
7525312
7464916
7347372
7399192
7573844
7459788
7548096
7525088
7668976
7589752
7590316
7426152
7525836
7520560
7602292
7382728
7464044
7464336
7702684
8689120
7376292
7455852
7375844
12098636
7401216
7530348
7439704
7614124
7298252
7227260
7418764
7436512
7271572
7425060
7428148
12133592
8171796
7596932
7356256
7520072
7367284
7613964
7537992
7694000
7511876
7569816
7416220
7468312
7605628
7305580
7445040
7554604
7548352
7541916
7534844
7611488
7502352
7747648
7359796
7666604
7535420
7574120
7367324
7786228
8596908
7583652
7552248
7595400
7301780
7557924
7418620
9115040
7763848
7408196
7443920
7533544
7501692
7470872
7615344
7400288
7414992
7398796
7417876
7396320
7364728
7312064
7479064
7361584
7470192
7332360
7496384
7332316
7392064
7661940
7463820
7351984
7407096
7440492
7483572
7457900
7330216
7301856
7484416
7391960
7557068
7317060
7322820
7453488
7453576
7349784
7413952
7454088
7495300
7297256
7537276
7485216
7439536
7492108
7330568
7518156
7305808
7355400
7445288
7482856
7535216
7497916
7414808
7447976
7354120
7468180
7317992
7405880
7396500
7547696
7525132
7670668
11489832
8708252
7455624
7477044
7305404
7468732
7513972
7333360
7295860
7658640
7317576
7554332
7556392
7494648
7394688
7327976
7470456
7358748
7313176
7397264
7521336
7542068
7423688
7445592
7345592
7463336
7484068
7494708
7549580
7481648
7336672
7452368
7545632
7526428
7641700
7401140
7507672
7456524
7315784
7490860
7425984
7243192
7477588
7308744
7307808
7500700
7306132
7337256
9698756
7520340
7327844
7484696
7440780
7512816
7440344
7511952
7398724
7470144
7380072
7433384
7481648
7329548
7279180
7397312
7287396
7391008
7553760
7324452
7384212
7472668
7449232
7327112
7456780
7406256
7325788
7404356
7446568
7342872
7480408
7422632
7456496
7450228
7410868
7373196
7401028
7417592
7456460
7523716
7329744
7263404
7365644
7393548
7384616
7524780
7446920
7303440
7424756
7287968
7515204
7494928
7379788
7401352
7634444
7502136
7224392
7309020
7462512
7225944
7476908
7243584
7390732
7424076
7373864
7457384
7347432
7542196
7439192
7319792
7392756
7458664
7480168
7484992
7408668
7563980
7300172
7306724
7527892
7452728
7364040
7507232
7279552
7424716
8043020
7337328
7546352
7653744
7469320
7375360
7516612
7297648
7452164
7543796
7551288
7448488
7512136
7528396
7459084
7534292
7429240
7527392
7592836
7457916
7409392
7533424
7505300
7568288
7667364
7441992
7511908
7572920
7448392
7303244
7533912
7384724
7477168
7550780
7400824
7296236
7480164
7418416
7340288
7521896
7506228
7594820
7521780
7470084
7274888
7597448
7535328
8546220
7539212
7550664
7569360
7617028
7392208
7408344
7524668
7468296
7296620
7588180
8426308
12584040
7579780
7420568
7535132
7481096
7486104
7303144
7613296
7400780
7377300
7565340
7399424
7386984
7439080
7375232
7400824
7467808
7425292
7456480
7570768
7305964
7389252
7602164
7478408
7378252
7558684
7474488
7346964
7633804
7338800
7458948
7540592
7488280
7532144
7640572
7494860
7392520
7548092
7532520
7505524
13185996
7534664
7449460
7680980
7385244
7402576
7678252
7487796
7401868
7542716
7400800
7494588
11485268
7364644
7295528
7546008
7436344
7398180
7595272
7424460
7444384
7556500
7491308
7328204
7502912
7381204
7433828
7506652
7588072
7412520
7615716
7456952
7621512
7561332
7523552
7491044
7780692
7418168
7493244
7546260
7374788
7288692
7524404
7360604
7508292
7712844
7417024
7264392
7669072
7330104
7391760
7556400
7450324
7433760
7533860
7479860
7521772
7686932
7465976
7470644
7595612
7408744
7416572
7630564
7313668
7339444
7615000
7491092
7423296
7585972
7314264
7298536
7581628
7496476
7424792
7461580
7407996
7345340
7479376
7324992
7448048
7473408
7519584
7473172
7469676
7541624
7550072
7419116
7440492
7450248
7401108
7413396
7405548
7337576
7522812
7648616
7341540
7401128
7666692
7524012
7403976
7361392
7594172
7666268
7859612
7359276
7514260
7474344
7325840
7387180
7562260
7672820
7522088
7516144
7585672
7492676
7378456
7468244
7425756
7319240
7381604
7544852
7441616
7506892
7347400
7304412
7419720
7510468
7236492
7482632
7483584
7356220
7461804
7393600
7374148
7326520
7349168
7504624
7581356
7461404
7483144
7393832
7415296
7312068
7290240
7513592
7380348
7474172
7304188
7393420
11769000
7487836
7535036
7427816
7383472
7329532
7390968
7435796
7382672
7550616
7294692
7463976
7359140
7431140
7433568
7446916
7381124
7400688
7392944
7540896
7502836
7464204
7441096
7324868
7406988
7575884
7319224
7661616
7297688
7300692
7495140
7395888
7493200
7491540
7587052
7468888
7468788
7428136
7528892
7454232
7500340
 
7468656
7463472
7446148
7530652
7547092
7405720
7554904
7448444
7371744
7444416
7356104
7474596
7323324
7454460
7471004
7435264
7409300
7353072
7479964
7485404
7334568
7455012
7412352
7456232
7388420
7474684
7425700
7405516
7430124
7510752
7376828
7360212
7317248
7308952
7437216
7370004
7344668
7317280
7369268
7497496
7379344
7365072
7367584
7347428
7499660
7284204
7368084
7509220
7483960
7539360
7450084
7471432
10433504
7441124
7363792
7298084
7643476
7552132
11486996
7437320
7677960
7562224
7577544
7375728
7418784
7568716
7404468
7362432
7609324
7509352
7651008
7498384
7503644
7489952
7557328
7463912
7430392
7509320
7478820
7546256
7455380
7517144
7424456
7431316
7455848
7585596
7677304
7466820
7503740
7496236
7455628
7398744
7487480
7407532
7506496
7589392
7527324
7524652
7449604
7389724
7504920
7682996
7439356
7556996
7568128
7482460
7414768
7545908
7389692
7377040
7907484
7475240
7447148
7626732
7304132
7464468
7379944
7437904
7381488
7566612
7315480
7561040
7500084
7564344
7405924
7404040
7573032
7304284
7568316
7449248
7436312
7475320
7522336
7360732
7585748
7444388
7423840
7591808
7471952
7285844
7531256
7398256
7389928
7442092
7401184
7546284
7675188
7561532
7463996
7415172
7606120
7476948
7670880
7525320
7420780
7507120
7386064
7320772
7433668
7465328
7477544
7594092
7355928
7522004
7603284
7517592
7507176
7587608
7364636
7347936
7529928
7318032
7537148
7549232
7306692
7342040
7599596
7338144
7317752
7561448
7416412
7450736
7443724
7435708
7340240
7435856
7307968
7441412
8006960
10154400
7352560
7591304
7255544
7352492
7531972
7305648
7361428
7550940
7453340
7335900
7578964
7435368
7542864
7362632
7410072
7463992
7419556
7410088
7554404
7507676
7537780
7406836
7548236
7543940
7378164
7529808
7454248
7475812
7561284
7447156
7427024
7569744
7463016
7491916
7542048
7420240
7350128
7578264
7423888
7460732
7631156
7464160
7455740
7433304
7312060
7460760
7448708
7399216
7520204
7300260
7442276
7401556
7501900
7358524
7296572
7523772
7694796
7454788
7461944
7545712
7542436
7456796
7578000
7316304
7309752
7363272
7266616
7389460
7501684
7453672
7432644
7573896
7525932
7242792
7371452
7315104
7607872
7555740
7379748
7371336
7552780
7302864
7453188
7527980
7384612
7270296
7718968
7281136
7546456
7415344
7319728
7294628
7526548
7491252
7437640
7409944
7298112
7492656
7563760
7420684
7506880
7502536
7881472
7571572
7460032
7552144
7549168
7491400
7513292
7544220
7568820
7490616
7317904
7460988
7283848
7353560
7579468
7457572
7627484
7632864
7498288
7287424
7498468
7459936
7408676
7689624
7463392
7410828
7715640
7451844
7347960
7430180
7460792
7480468
7566568
7555620
7455272
7540104
7628092
7491024
7657592
7403188
7418736
7735388
7309744
7459720
7564100
7402148
7536012
7588220
7550652
8987392
12347244
7312860
7565920
7680628
7585432
7384624
7635420
7348152
8556424
7723076
7387604
7381808
7700500
7396572
7379056
7519352
7395108
7509124
7698056
7386952
7482320
7626524
7511368
7290800
7561024
7392044
7362028
7442248
7340852
7430296
7580884
7406832
7449272
7457864
7507864
7540048
7562944
7438816
7423824
7556692
7580932
7329508
7633452
7473888
7495024
7489316
10349004
7546640
7632280
7544980
7473536
7655244
7397360
7446984
7569356
7318224
7557832
7448968
7454996
7353684
7531444
7500824
7434156
7657260
7529496
7311880
7557620
7314296
7369740
7493168
7644444
7384496
7626788
7375052
7661696
7436540
7490608
7383644
7358324
7313116
7495652
7478792
7299292
7361160
7404844
12081856
8355308
7498008
7611452
7493736
7368116
7304540
7399088
7532672
7349560
7315508
7412216
7481436
7407376
7344852
7403348
7403792
7323424
7337008
7464848
7491892
7402708
7387728
7411728
7424528
7493516
7455612
7321948
7347808
7576116
7500192
7463648
7530588
7575752
7441132
7347152
7404408
7406416
7459308
7297512
7315080
7454348
7231904
7456152
7399572
7523608
7287424
7381544
7463220
7407764
7584716
7454960
7337712
7379332
7453096
7314180
7422424
7471960
7385280
7413720
7548588
7609104
7479516
7475624
7438000
7464592
7381588
7364028
7306676
7476384
7825792
7414640
7521672
7400124
7592464
7357244
7318572
7394360
7545872
7589220
7581332
7379644
7377004
7314268
7320544
7457640
7460268
7440256
7317392
7462456
7475396
7671568
7319216
7428956
7447340
7415464
7440440
7511004
7301800
7370436
7430604
7379620
7431784
7527652
7424784
7460828
7501576
7444956
7329104
7447212
7383312
7364924
7370216
9529424
11958088
7377032
7440288
7317888
7424208
7519036
7465456
7465292
7392512
7319512
7507612
7490528
7498956
7332980
7513364
7328800
7525992
7389724
7310056
7517708
7475212
7535528
7470888
7422652
7474056
7394800
7395808
7370856
7387096
7463660
7403936
7539880
7528428
7343652
7478536
8418644
7623988
7559180
7598416
7446280
7404640
7442144
7483956
7599324
7574888
7435456
7378084
7366860
7548560
7499968
7645248
7575980
7550108
7330352
7458440
7369412
7429776
7315668
7518976
7379448
7521320
7380172
7255812
7383160
7240920
7385824
7396772
7376128
7392080
7359976
7235836
7306640
7534820
7304404
7260172
7319800
7286328
7394492
7472664
7487876
7470404
7571980
7406708
7490748
7715596
7384924
12100880
7499056
7392268
7470016
7449440
7479740
7538944
7410988
7431948
7404032
7561652
7393168
7571028
7664484
7389736
7521068
7405516
7424920
7347788
11511200
7638744
7232536
7460220
7300564
7501924
7475800
7373860
7289980
7536984
7336180
7369636
7557388
7240268
7231920
7597556
7241264
7376004
12838972
7891060
7317200
7745776
7457968
7294604
7518492
7384768
7472932
7422580
7380636
7311524
7430796
7518448
7463612
7676104
7471112
7439080
7508172
7467052
7490576
7657068
7336116
7326708
7503388
7413452
7449984
7433020
7554348
7353252
7465484
7527868
7429104
7595688
7345988
7500432
7582916
7553916
7311708
7519224
7425980
7473400
7709612
7340368
7455712
7469680
7473432
7477540
7563192
7465428
7425940
7639396
7441764
7352596
7428132
7497788
12044728
7430276
7263512
7403380
7622728
7312152
7391496
7523004
7464212
7283148
7523968
7373716
11509964
7641300
7458272
7458764
7478120
7467840
7395420
7370636
7311404
7497872
7475948
7283656
7454312
7548252
7397948
7604108
7398252
7448840
7384228
7522708
7559156
7373604
7484804
7431256
7447316
7332364
7415712
7360632
7521736
7426436
7458116
7419916
7722184
7620524
7571836
7699336
7318372
7455536
7405820
7293564
7486136
7308004
7432164
7464996
7467360
7559192
7434972
7437672
7586412
7396584
7548332
9705432
10832420
7646108
7418500
7392340
7316404
7542444
7649936
7471888
7602500
7435948
7626436
7565992
7566724
7483980
7453096
7330116
7486664
7314828
7485052
7391432
7543668
7304152
7390220
7455212
7490424
7663260
7449968
7519808
7362704
7440192
7465932
7315128
7467432
7330124
7461456
7413960
7457456
7492928
7532060
7312976
7392312
7335732
7472320
7538100
7532652
7472264
7480956
7414212
7472252
9121912
7494696
7464572
7425172
7403724
7354344
7474144
7451104
7457960
7446892
7377284
7546328
7442652
7268132
7442644
7349188
7368352
7478244
7499680
7449640
7317844
7362888
7349924
7464520
8737336
7759972
7494140
7778688
7359360
7439848
7638924
7303236
7361408
7752556
7510584
7543912
7445152
7373604
7276732
7437888
7403504
8622700
7560988
7343156
7402124
9870428
10901284
7473840
7653148
7458384
7328928
7447232
7304016
7566752
7430404
7521684
7393836
7583596
7460440
7505292
7467596
7273728
7288804
7578608
7503036
7431456
7424708
7286128
7465488
7402264
7487072
7299984
7443748
7427196
7400648
7465128
7528536
7279452
7534548
7470544
7396504
7469616
7554228
7328504
7330964
7303496
7291924
7365720
7493268
7298212
11610792
7517420
7436848
7405344
7422476
7475884
7364080
7442540
7422680
7539816
7482684
7493948
7358536
7507736
7373892
7456140
7307604
7486364
7558952
7302908
7417416
7447356
7382968
7300092
7431640
7372516
7478376
7457144
8396560
7703892
7512260
7452580
7422944
7389744
7392796
7470184
7643988
7379184
7593812
7538276
7467988
7306872
7529384
7626700
7299800
7684884
7405360
9213380
7678992
7403748
7582520
7714988
7412336
7569048
7564204
7458692
7441300
7434112
7572100
7435440
7494012
7522748
7586732
7521200
7551268
7425928
7744756
7441112
7426184
7500648
7515808
7393872
7539512
7624768
7458752
7362228
7563708
 
7365052
7908428
7414728
7352472
7514132
7313352
7530188
7529408
7471640
7529428
7400344
7338068
7453872
7635724
7486660
7457436
7662424
7463428
7425612
7596984
7386596
7652676
7627836
7534696
7384520
7678580
7559012
7592500
7497344
7452520
7640792
7656400
7559172
7408744
7648232
7425116
7456784
7584772
7400640
7494168
7442720
7593084
7474168
7427256
7393000
7471928
7574444
7461316
7403864
7552400
7307416
7495724
7464412
7355780
7354900
7411328
7487484
7341224
7593124
9466684
7713344
7755084
7465580
7541840
7701120
7413660
7547872
7457296
7443924
7294332
7659392
7286884
7317032
7495520
7307020
7491408
7566872
7319760
7444296
7678444
7420964
12704616
7461060
7625332
7519608
7460656
7314408
7390952
7451132
7598632
7442640
7767952
7421564
7586872
7581144
7473484
7449476
7523688
7395412
7382356
7559468
7482712
7351852
7511968
7602740
7451928
7339292
7461316
7467780
7795396
7414132
7404120
7477972
7309712
7414856
7469352
7427660
7532920
7313932
7402120
7384416
7427312
7514664
7449464
7401624
7398864
7401816
7541132
7458420
7494468
7393328
7426300
7513008
7475236
7307944
7729940
7564520
7675820
7509964
7498740
7474592
7299068
7311940
7599208
7468276
7373820
7410508
7307572
7450408
7446024
7370972
7534660
7286524
7400752
7306636
7465884
7356996
7296952
7388752
7371772
7373212
7294796
7299564
7343356
7424440
7590452
7400440
7642856
7328640
7587476
7402440
7631356
7293156
7613044
7508180
7485896
7302268
7332868
7419400
7404176
7369476
7452644
7327032
7543896
7473332
7383376
7423024
7384768
7479832
7527244
7425656
7549468
7574692
7345008
7548936
7249572
7526264
7647136
7368720
7504092
7450600
7314716
7674100
7363820
7273160
7293708
7312572
7615288
7377840
7349948
7483556
7517188
7630776
7466676
7468512
7379424
7536116
7459896
7447120
7520124
7451772
7312992
7477844
7382256
7464524
7366284
7400452
7299332
7399408
7498472
7507500
7391116
7374308
7330324
7352528
7602000
7477072
7343660
7397256
7487976
7296160
7368892
7384368
7404648
7453352
7455852
7520448
7386524
7489648
7502824
7413720
7672712
7302540
7555036
7321512
7635084
7361468
7503196
10044284
7366456
7557016
7515988
7400228
7604576
7437876
7535760
7456740
7386480
7448788
7485288
7494532
7457948
7528176
7381008
7511576
7553844
7306432
7446744
7471316
7412556
7603144
7451004
7505372
7377280
7516240
7465684
7326380
11504192
7855848
7768304
7441068
7415828
7418444
7534620
7386884
7396932
7491944
7484724
7427832
7427156
7471064
7326204
7605604
7443636
7628356
7632492
7571072
12379840
7415144
7600844
7530984
7530588
7398712
7305972
7431324
7310364
7424492
7656460
7629296
7384676
7350624
7316504
7376524
7540820
7309760
7516388
7302220
7653168
7237788
7393620
7388388
7359136
7522952
7442636
7475904
7528468
7392416
7252768
11651056
7636044
7392804
7338264
7460640
7629236
11642288
7491756
7404780
7817528
7333200
7491280
7421924
7463996
7455276
7684300
7364928
7582036
7520004
7390308
7379636
7596396
7251196
7716856
7568760
7458900
7389920
7601964
7514904
7496868
7643248
7410540
7441316
7511000
7456108
7413416
7656724
7246428
7550612
7360160
7330740
7468588
7360132
7330836
7288988
7634040
7328776
7550480
7398124
7428376
7285320
7413752
7366416
7247996
7400376
7466508
8371736
7578104
7389700
7452920
7486208
7389704
7456604
7517512
7407012
7399044
7579320
7367704
7310352
7644160
7487668
7423104
7477692
7303692
7335224
7462068
7458192
7467964
7549000
7294800
7398464
7747684
7525624
7392348
7608424
7364468
7532528
7446296
7478584
7400008
7575372
7513040
7448064
7478864
7315480
7406536
7463056
7451056
7486976
7601316
7327108
7418568
7561564
7572452
7481280
7692172
7399432
7602408
7496016
7590516
7315092
7444060
7472716
7305008
7628976
7454832
7469096
7414248
7419560
7663660
7630236
7447292
7422316
7621608
7462884
7641756
7457020
7474040
7477840
7656380
7550456
7478344
7607260
7442560
7537932
7652940
7329924
7294284
7649204
7392072
7448652
7447188
7523488
7457352
7588968
7339160
7341448
7482460
7495512
7293100
7550928
7450848
7492800
7472356
7349716
7740384
7663492
7526216
7457172
7599576
7410112
9168584
7431276
7565060
7308136
7293304
7301780
7315256
7748336
7400412
7768684
7457976
7536016
7472472
7336396
7532112
11340540
7602516
7716648
7379572
7777980
7555396
7614264
7525748
7435104
7608852
7595912
7567540
7576188
7595232
7577036
7471808
7421032
7553984
7589848
7736512
7372520
7543212
7610496
7492968
7526480
7316884
7639268
7532016
7634700
7365612
7405012
7513572
7499128
7459224
7509828
7492760
7491736
7432788
7470716
7562308
7577648
7368868
7484236
7684448
7506896
7607952
7550356
7236220
7499972
7441236
7407804
11794380
10926392
7636852
7550148
7461184
7413160
7534064
7530180
7453028
7407988
7606688
7399040
7528584
7453476
7656472
7542448
7395972
7477084
7519548
7395508
7473480
7519424
7359620
7494644
7477588
7497944
7586096
7401920
7409208
7354468
7554324
7476824
7453228
7442384
7549048
7584424
7318920
7363284
7609168
7510060
7464416
7582728
7509080
7431232
7384200
7462296
7332988
7405680
8807892
7377516
7504280
7465172
7337336
7303476
7375880
7492376
7462572
7426856
7460716
7409324
7393220
7424532
7446816
7365004
7311956
7429636
7280948
7483616
7498504
7384572
7437724
7534892
7419724
7454640
7506128
7323408
7502976
7423672
7392384
7397444
7545324
7309544
7529276
7424240
7463120
9402096
7466072
7342116
7301252
7568616
7296824
7319736
7422148
7363484
7294824
7315480
7479564
7306904
7407764
7285464
7309904
7410744
7425964
7488836
7644520
7459404
7629296
7421896
7438144
7543920
7423532
7583680
7292140
7663572
7492296
7376672
7625712
7420768
7473500
7366560
7536800
7589632
7707292
7392880
7563632
7368832
7301444
7635812
7444620
7566480
7386784
7614656
7409692
7493316
7449784
7530856
7388668
7349860
7535044
7307540
7476096
7375632
7435760
7525748
7510176
7398600
7430888
7468732
7399680
7546100
7336064
7308012
7574060
7373308
7410972
7468208
7420848
7321884
7402436
7394668
7434820
7553124
7455484
7508728
7597156
7456380
7418752
7492412
7311140
7355520
7611340
7445452
7291636
7498408
7378792
7354016
7419088
7504556
7452084
7562844
7349456
7469772
7563172
7299080
7520788
7528336
7483184
7385608
7882632
7329200
7376848
7501828
7378016
7297728
11661564
7314332
7508312
7572096
7465392
9737896
7514348
7430928
7473636
7426420
7545140
11408376
7574888
7422544
7428704
7553828
7451008
7435136
7759284
7479480
7469600
7430860
7488772
7549488
7668064
7460576
7491688
7651964
7395616
7368280
7541980
7459704
7471188
7427356
7486324
7381932
7681484
7316176
7383560
7583128
7305516
7404332
7642404
7409892
7457624
7535000
7501280
7450520
7516676
7449052
7399624
7480748
7424912
7355540
7425148
7512712
7532336
11893600
7287732
7585808
7592776
7426100
7606376
11650768
7413836
7913692
7551432
7341996
7373720
7409060
10951164
7503708
7682524
7307432
7520640
7638216
7537420
7418876
7460340
7459464
7542724
7403052
7626620
7517984
7515552
7310872
7362896
7528176
7486512
7524120
7465700
7563452
7405632
7780212
7531196
7480480
7486964
7421380
7607296
7583940
7628920
7371916
7647132
7491368
7478424
7387256
7282664
7354608
7576560
7347048
7392452
7309280
7556684
7480128
7529240
7599448
7454724
7523948
7402252
7469148
7452756
7507872
10900524
7503924
7603520
7543272
7484884
7531116
8447024
7708456
7517572
7411060
7407856
7707632
7302764
7717436
7505584
7545876
7389776
7546356
7353444
7529344
7370372
7635780
7541280
7447372
7607344
7482800
7755632
7387424
7601332
7371920
7322316
7449332
7661980
7502872
7467232
7396196
7307724
7316672
7712816
7311640
7622488
7564828
7757920
7450640
7610812
7463520
7457412
7424648
7381688
7549388
7423196
7235108
7418996
7521620
7307412
7451044
7524808
7297852
7433968
7481052
7322724
7502212
7392864
7446368
7323032
7531124
7322992
7301152
7564568
7444640
7470396
7483960
7443144
7437332
7581416
7567140
7407596
7558464
7453240
7516652
7439596
7352244
7472604
7555808
7377276
7492552
7518640
7545960
7382072
7452356
7395272
7478256
7531064
7481068
7436724
7438380
7322316
7472464
7574296
7381780
7457752
7614948
7465920
7445336
7566276
7475520
7459496
7581120
7467552
8222176
7522440
7441968
7372996
7598032
7412860
7508828
7678152
7292352
7473500
 
7632132
7312160
12131916
7530188
7349924
7382132
7613752
7330964
7351496
7504572
7512748
7430464
7521840
7503360
7298452
7497096
7398196
7501328
7676860
7415788
7488320
7568840
7400892
7383872
7539660
7458064
7335204
7611424
7383420
7490540
7512344
7374260
7391316
7572052
7368892
7414824
7620472
7531784
7553628
7527504
7668480
7463252
7658316
12123260
7515456
7392656
7630944
7347148
7545752
7330416
7504492
7474604
7420728
7451124
7442852
7484608
7475176
7431944
7504104
7450232
7455624
7323220
7433696
7421044
7390600
7307612
7442576
7339260
7306048
7461800
7462356
7512668
7468104
7449372
7383168
7426228
7546316
7312116
7390016
7323584
7383584
7408056
7419072
7459688
7420752
7458524
7456968
7503356
7426876
7357812
7412732
7614916
7508504
7364192
7336308
7312052
7354684
7399568
7463688
7461116
7475832
7492168
7777460
7315240
7356208
7442364
7367692
7345152
7476812
7598120
7460392
7523076
7338456
7420188
7584456
7409692
7448488
7382860
7464168
7476724
7516560
7419252
7475152
7454656
7411148
7398116
7488032
7341260
7385832
7374620
7308232
7391780
7568524
7411336
7377988
7371664
7913092
7493084
7552540
7475668
11615148
7260460
7590684
7552184
7562588
7384080
7440368
7564648
7567436
7458672
7482140
8027196
7500924
7372612
7609776
7496824
7448028
7310600
7367624
7434016
7353252
7350272
7430904
7387600
7376964
7388308
7530680
7349064
7394612
7528416
7511272
7330912
7436056
7379232
7483020
7369348
7473256
7321500
7332000
7379856
7855372
7316992
7473784
7297240
7362772
7382060
7361012
7565448
7451092
7434088
7357204
7217260
8718344
7302576
7523832
7383844
11432936
7401812
7346168
7447072
7581180
7475724
7464920
7410108
7380900
7425916
7379960
7287492
7527476
7585020
7396940
7398204
7386204
7680292
7468168
7522260
7436080
7454944
7382164
7354240
7496700
7518256
7362224
7550968
7473228
7327680
7527268
7467968
7376668
7578584
7345096
7372380
7393716
7397744
7448788
7343448
7355140
7539888
7370524
7314240
7480252
7532084
7459980
7400912
7370052
7693344
7402532
7693816
7464928
7584752
7539368
7456172
7445760
7342140
7499340
7462252
7498408
7396916
7490956
7509032
7313224
7451028
7553664
7304596
7384268
7578612
7553076
7286076
7419072
7392652
7617160
7410116
7479140
7562892
7477556
7501524
12081860
7438604
7490284
7369516
7546488
7392132
7389984
7545364
7550512
7399048
7295628
7466872
7315232
7507964
7494548
7469284
7610652
7394868
7409908
7710832
7457812
7548440
7405172
7679988
7455108
7765800
7468668
7629444
7357136
7393796
7303136
7576112
7526960
7395276
7459960
7360484
7336204
7488468
7402576
7446816
7588492
7444076
7359724
7597704
7501928
7514304
7478488
7362564
7487104
7575636
7457812
7406636
7504352
7388068
7381152
7570384
7346024
7593500
7578608
7602204
7448712
7739016
7296160
7302748
7527324
11678452
7690812
7629336
7416456
7391836
7595640
7583448
7321448
7403592
7499512
7436748
7522108
7448764
7304476
7499148
7426832
7378356
7451308
7437916
7328960
7683416
7466904
8107576
7944552
7311124
7387980
7442344
7459396
7374888
7741996
7436704
7453108
7634072
7552540
7276108
7320200
7298348
7424856
7387876
7253676
7444412
7283632
7511380
7283920
7323884
7429044
7557008
7300620
7314976
7363824
7291300
7509340
7423636
7443732
7589136
7303692
7282700
7464968
7237604
7482904
7295260
7263328
7408324
7417600
7217628
7406836
7322368
7257776
7373252
7561888
7574452
7343668
7367812
7335492
7267124
7368472
7289048
7362128
7470704
7308244
7373424
7445064
7390384
7285904
7486680
7304568
7488168
7526448
7503444
7478868
7437348
7649284
7488368
7585204
7316220
7403612
7402920
7309664
7435988
7514672
7540836
7361852
7411436
7457768
7305332
7413692
7375552
7467936
7594248
7451652
7354808
7596076
7316248
7359916
7598712
7394688
7432088
7510148
7460788
7368308
7578652
7516396
7346424
7545448
7491808
7315908
7628576
7337112
7468176
7545636
7459544
7465472
7416516
7349528
7488072
7430716
7407812
7331740
7630256
7495964
7450196
7491200
7317064
7328072
7626988
7447960
7407964
7505784
7466824
7336940
7478100
7459368
7290840
7443400
7516484
7372716
7658192
7437392
7422996
7439112
7425560
7639996
7582316
7502692
7438796
7563452
7301280
7419324
7576464
7507744
7232156
7411108
7453360
7371200
7534044
7430648
7289884
7500072
7324240
7378804
7566364
10767312
7319016
7415016
7569896
7549164
7769160
7427612
8776552
7433424
7387788
7290780
7429936
7575420
7311016
7380436
7514476
7451636
7309776
7514760
7384888
7501812
7293632
7441904
7433704
7297600
7306688
7516392
7370856
7495144
7544844
7360476
7291808
7407500
7461776
7419524
7368252
7465756
10930064
7580600
7438712
7373856
7522584
7541432
7367476
7546456
7436716
7376780
7470012
7389292
7467356
7491916
7430252
7338008
7543104
7465716
7501088
7510400
7437628
7477428
7381512
7318128
7373108
7431732
7453664
7508116
7323420
7426032
7475048
7560352
7401452
7309824
7550884
7498280
7400956
7392156
7466624
7365116
7447388
7281860
7862628
7483660
7483668
7538364
7535560
7290792
7397364
7408004
7389800
7393172
7515288
7410688
7371068
7381040
7501956
7476044
7299524
7383136
7471208
7508364
7457672
7393836
7410032
7365300
7534808
11841220
7476216
7340160
7370944
7298032
7635548
7588340
7459244
7506376
7335792
7429840
7300408
7507100
7510116
7421724
7310940
7348884
7459964
7461708
7477924
7371392
7287540
7339596
7229392
7380496
7567564
7370552
7206616
7526540
7396528
7414596
7342240
7385812
7286196
7318828
7336264
7377180
7450568
7405204
7437860
7491364
7381260
7471792
7522024
7460572
8661880
7413248
7272456
7266028
7388764
7304016
7471816
7435500
7393904
7512368
7442688
7404932
7437024
7417804
7479420
7383028
7364992
7388440
7376824
7337860
7535264
7549176
7332568
7501568
7554600
7449580
7607644
7508228
7564592
7530384
7804960
7488140
7479176
7580744
7582536
7494040
7573776
7510604
7727812
7677768
7823672
7625308
7824904
7661644
7445984
7595352
8194476
7641180
7677832
7590720
7651976
7684684
9071108
7530704
7563996
7524056
7569104
7639304
7470020
7566168
7651400
7553552
7490964
7579828
7487912
7534388
7538084
7541944
7381424
7628792
7577100
7547980
7523068
7562628
7367272
7757304
7488808
7507448
8536272
12023680
7602016
7573308
7671964
7691656
7484904
7575576
7467040
7470988
7614892
7674112
7613952
7791368
7598960
7685620
7467264
7863436
7470160
7517104
7604196
7611160
7669908
7924140
7523672
7744068
7471688
7748064
7519244
7614856
7607128
7505848
7657792
7656248
7601116
7522176
7697784
7722404
7502288
7598864
7591652
7740628
7620860
7522692
7654548
7558872
7504536
7527136
7710500
7507700
7621352
7713380
12228832
7433848
7830728
7544120
7849316
7453656
7542408
7487004
7705472
7483984
7743392
7590596
7781700
7635076
7599696
7452296
7591568
7659444
7447972
7806324
7631172
7533000
7616876
7529592
7522308
7421140
11588320
7724688
7519692
7515648
7707388
7617952
7499532
7561652
7643004
7452624
7451876
7442732
7513688
7442632
7471888
7613152
7653672
7493944
7576760
7671416
7521484
7606372
7812528
7600636
7794724
7543488
7442676
7612220
7813460
7603748
7645364
7718672
7785520
7557568
7837176
7555348
7529680
7480044
7595880
7620188
7814652
7427844
7611324
7609032
7675284
7555072
7498084
7618324
7692464
7624564
7448012
7481124
7999196
7516320
7700036
7467344
7564732
7541424
7894868
7583668
7693092
7644576
7650400
7626732
7695968
7541612
7470180
7550628
7700264
7614092
7680772
7559836
7595292
7562728
7745272
7570180
7797476
7441020
7718960
7618836
7587872
7539460
7493620
7682080
7542476
7538052
7589120
7605608
7708872
7473896
7653956
7473696
7500980
7566112
7549160
7744148
7603480
7545220
7600272
7696704
7637836
7532976
7624160
7695520
7551484
7466320
7556328
7495980
7543192
7670688
7495952
7485172
7579376
7672688
7664324
7533196
7591012
7597936
7616888
7608040
7521164
7635804
7506560
7632416
7583544
7612976
7724104
7458876
7533168
7481916
7603036
7550504
7484568
7501372
7627676
7543560
7615924
7646672
12147380
7691848
7743788
7641064
7779980
7476932
7540848
7707952
7614264
7791512
7549620
7697944
7547504
7513848
7597580
7862308
7476988
7602648
7780128
7497380
7560648
7473508
7687552
9184332
7627076
7541460
7737036
7593028
7904160
12134524
7703352
7655992
7475752
7542624
7850952
 
7547816
7525752
7577604
7464340
7550300
7665516
7645312
7748456
7533148
7606552
7457492
7681112
7586992
7769068
7653164
7745744
7440072
7699472
7464460
7586820
7525728
7682364
7595824
11331740
7464888
7512212
7691028
7463992
7550236
7609396
7543792
7710692
7536900
7573416
7542336
7648136
7674404
7625636
7556880
7753708
7601820
7645656
7626948
7659424
7579280
7466544
7510116
7737708
7603608
7608216
7622180
7551236
7515928
12542244
7764456
7610608
7617064
7638772
7676024
7571120
7701316
7686696
7674104
7594040
7645988
7565884
7555896
7618248
7717160
7479972
7628696
7680616
7568708
7621576
7591764
7665076
7544148
7465268
7457772
7489988
7504868
7642852
7533380
7502184
7608656
7671268
7551888
7694776
7635932
7617844
7613824
7605552
7585340
7558356
7619840
7672332
7519304
7482260
7555080
7529944
7631976
7520332
7461336
7544124
7571140
7523128
7538984
7933912
7446992
7503216
7472824
10694632
7474808
7441208
7585644
7576484
7706304
7550040
7560176
7495764
7584296
7530644
7495112
7483104
7404660
7492684
7491748
7535184
7553984
7377100
7395084
7449324
7491216
7539844
7487588
7388548
7386244
11787568
7608964
7481384
7478292
7751072
7482236
7482952
7546752
7406864
7552164
7564492
7492964
7493428
7511920
7572420
7649956
7519004
7549908
7496384
7424080
7435376
7731208
7388588
7450468
7636764
7456512
7561896
7516644
7407764
7450644
7401572
7559208
11586484
7749200
7586592
7372164
7539428
7575868
7500924
7433196
7504676
7497392
7473920
7538424
7570560
7391652
7961992
7498004
7610592
7563752
7397284
7613404
7473780
7541044
7474884
7450720
7394512
7589632
7441252
7422224
7531540
7447752
7514756
7651964
7711216
7521164
7526128
7455756
7675212
7453892
7717884
7514740
7476424
7549876
8183812
7631088
7498932
7582912
10050716
7466236
7547976
7637620
7713344
7518208
7751648
7554836
7675704
7475136
7569052
7650948
7583564
7583876
7516712
7619864
7577092
7579316
8569920
7475468
7457436
7473280
7795192
7493548
10258484
7563172
7530268
7702868
7736188
7638976
7548536
7685896
7701660
7618656
7711552
7467340
7591248
7532228
7717216
7498480
7637392
7723876
7800508
7485024
7825136
7625284
7542708
7646072
7664032
7737532
7677224
7622864
7740828
7740364
7775728
7557068
7700608
7680616
7551372
7624340
7627868
7682564
7615216
7863640
7476632
7534808
7678640
7636632
7622216
7643908
7621712
7666712
7627720
7846784
7631852
7659396
7706612
7829412
7674732
7485048
7588340
7768436
9557172
7517568
7649536
7731860
7509568
7611912
7471948
7774088
7632452
7702192
7484436
7624728
7467676
7560332
7462868
7525104
7626724
7506688
7462456
7558368
7405160
7632252
7598028
7691492
7563408
7570964
7415040
7529712
7612584
7401416
7632384
7633988
7411596
7452872
7565016
7417804
7632024
8371304
7403952
7542612
7817364
7426600
7696172
7549556
7532428
7544880
7637832
7418952
7617968
7501040
9876876
7529428
7706600
7577316
7629592
7565188
7494476
7819044
7644424
7466956
7555180
7596288
7770220
7666340
7504980
7545648
7554452
7577928
7437236
7565748
7627780
7503900
7550824
7646172
9363200
7560500
7766032
7521488
9896300
11834624
7479912
7590036
7631056
7422224
7560096
7668764
7403000
7537452
7567392
7611164
7551464
7550044
7576272
7647036
7533740
7513092
7542412
7643192
7448060
7910952
7620572
7588300
7618052
7616196
7705480
7584036
7542292
7510768
7566584
7702208
7575836
7700384
7591392
7540540
7809348
7645808
7721972
7544584
7619668
7602408
7632048
7611152
7683636
7617008
7712112
7461996
7781788
7537480
7631344
7696200
7551080
7665276
7505964
7677660
7609676
7874748
7628044
7546056
7527704
7664508
7517792
7641048
7644744
7554748
7535544
7723004
7629108
7387344
7533628
7516252
7632824
7759408
7505596
7540260
7617052
7696536
7696740
7550388
7665028
7490600
7561604
7692748
7511160
7632368
7698992
7553440
7536832
7570808
7564760
7533364
7657640
7518104
7623156
7631292
7721864
7563776
7628608
7688676
11719752
7655912
7760832
7664840
7528428
7607704
7628236
7662228
7531840
7634952
7565404
7826864
7586524
7631720
7603440
7526864
7552748
10048936
7493520
7517484
7561616
7587380
7706128
7571452
7531720
7570824
7718800
7646748
7606776
7641924
7472732
7570784
7596892
7578392
7640964
7549220
7602872
7564172
7636052
7578692
7627168
7695968
7573920
7548172
7602324
7466376
7516584
7467820
7567312
7476308
7541744
7481672
7520680
7679192
7610888
7667436
7558752
7626628
7590584
7637804
7735980
7676596
7612612
7600928
7456964
7681436
7558036
7537828
7626480
7655468
8177148
7876356
7670956
7562184
10944760
7902644
7646816
7597156
7627856
7631712
7482608
7712036
7444436
7475828
7561820
7610448
7608520
7643908
7626632
7612008
7612392
7446856
7546492
7567396
7706660
7559788
7772420
7633640
7653160
7630644
7595344
7621624
7630776
7717680
7570372
7446204
7619120
7639200
7523204
7623160
7512460
7548744
7434528
7625936
7574000
7734136
7606616
7576024
9703128
7527016
7718324
7635652
7724712
7713240
7633760
7570920
7807912
7764872
7656212
7557868
7524216
7629560
7607856
7544812
7742072
7614952
7678548
7664336
7787988
7719388
7672676
7936384
7822748
7602052
7677036
7473452
7813276
7732360
7631572
7506352
7586096
7609652
7860372
7646920
7712596
7701288
7605296
7677108
7879852
7583848
7612460
7554980
7541152
7563628
7707648
7568616
7708556
7433048
7531448
7545468
7531944
7468936
7532628
7515340
7647056
7597696
7565472
7600652
7471384
7787676
7583504
7549964
7553368
7540888
7511428
7686352
7655732
7508208
7541788
7547892
7533020
7647052
7558608
7509868
7464756
7675232
7509868
7540348
7449016
7552004
7510420
7531760
7488048
11988532
7678044
7625012
7416564
7585940
7446296
7706168
7520084
7609704
7721336
7510508
7461172
7652892
7788924
7449956
7441612
7528252
7558368
7565100
7608284
7538132
7464404
7615360
7471908
7464948
7564028
7577344
7609660
7568832
7555248
7630892
7539432
7615984
7642724
7589108
7599620
7635164
7509212
7636568
7528308
7549080
7672416
7491340
7692736
7652040
7464856
7480548
7533440
7483264
7656988
7716164
7583808
7482416
7519320
8082960
7466524
7622684
7652804
7605856
7585844
7760980
7625352
7661616
7624988
9598224
7610196
7707332
7552316
7444764
7624184
7535052
7593532
7658504
7624364
7584408
7491308
7826448
7541764
7630268
7577956
7524268
7594984
7634952
7648200
7618320
7611352
7594996
7672468
7564772
7489900
7477072
7699300
7549836
7495752
7665420
7607064
7605820
7612080
7539692
7618592
7547140
7638700
7660120
7466524
8733260
7608180
11510520
7673648
7743544
7452356
7525648
7561972
7627856
7461936
7644984
12337416
7635256
7573756
7631792
7600180
7474656
7541432
7485264
7636120
7661520
7463388
7604292
7577352
7570032
7626348
7708768
7552520
7596604
7434212
7461332
7609456
7631236
7562184
7456892
7461640
7649464
7464828
7659308
7665572
7515604
7636256
7452032
7465552
7524024
7630440
7543988
7540684
7615548
7528272
12040428
7819204
7600756
7771816
7537696
7840016
11783332
7688408
7622588
7492628
7766692
7599336
7733408
7605068
7628224
7554136
7709544
7712344
7707104
7576340
7818620
7549480
7798280
7398308
7617480
7790044
7568516
7479292
7723284
7728272
7710964
7661500
7555968
7618224
7659676
7520192
7600368
7582464
7587704
7705936
7528808
7633864
7616228
7617040
7585756
7474872
7592128
7680240
7469160
7559472
7544964
7701108
7598028
7621904
7639976
7638044
7762964
7580784
7610072
7654720
7440476
7574440
7599300
7506804
7520880
7618284
7706396
7568268
7596152
7665176
7568296
7439636
7630280
7623912
7528204
7679332
7543776
7582448
7648096
7471872
7397440
7551696
7394020
7638804
7720736
7602420
7536312
7558028
7651536
7690076
7490304
7623980
7441416
7617028
7679732
7542804
7481636
7534452
7612184
7551756
7382740
7451520
7611848
7484092
7463648
7606044
7556576
7417760
7640996
7548000
7645960
7595536
7589536
7610192
7589136
7439844
7718860
7721560
7720616
7561956
7582312
7664652
7615136
7546876
7553680
7558908
7845448
7579468
7619056
7455688
7472952
7474256
7639216
7476976
7512300
7621104
7560108
7517912
10471636
7506252
7493244
10142124
13575440
7530748
7471152
7605852
7567424
7480180
7547764
7564184
7596352
7471744
7617548
7581440
7472060
7616824
7454628
7536476
7618748
7504516
7528216
7645544
7671160
7530132
7707700
7683732
7527940
7590964
 
7764804
7439656
7550376
7584260
7553472
7634060
7726476
7545232
7773860
7631332
7448612
7570540
7471344
7597352
7630860
7657120
7476508
7496312
7540040
7577300
7627432
7634924
7568108
8019352
7484612
10217688
7634648
7619016
7641080
7517744
7699516
7623164
7461976
7613784
7568100
7388984
7621168
7615840
7609816
7516564
7500288
7532628
7543408
7440100
7462128
7642224
7584408
7720228
7648568
7675172
7631632
7492620
7644068
7571452
7458312
7492044
7657964
7629344
7631088
7660176
7465668
7633364
7547792
7493240
7638948
7667456
7520140
7530444
7627012
7617300
7571552
7489532
7504608
7567292
7629732
7646868
7400376
7540152
7618164
7617564
7573592
7637380
7452136
7646968
7584568
7477180
7550012
7496392
7642544
7459956
7591164
7638628
7507712
7551036
7489688
7497232
7558400
7459976
7486824
7597372
7656372
7651216
7621972
7502716
7530188
7585328
7537828
7607472
7666792
7596832
7638464
7667592
7486636
7558520
9789524
7563064
7701064
7695260
7872480
7688424
7624512
7518352
7620280
7570764
7652708
7525136
7653576
7617308
7556104
7585148
7544196
7710548
7614300
7540568
7612548
7590508
7454936
7524972
7560996
7465156
7597652
7569812
7478260
7560324
7500696
7628632
7674516
7571996
7465320
7483560
7704704
7577032
7424520
7517196
7434136
7592452
7503600
7445600
7472320
7720180
7552828
7497940
7718424
7506568
7586752
7454044
7546828
7387016
7625904
7537352
7586580
7433508
7541076
7619028
7446856
7561024
7519564
7604476
7629032
7737480
7452312
7565228
7583588
7624288
7620588
7523540
7642040
7624692
7512604
7563608
7449380
7422680
7655368
7431932
7560760
7677864
7410588
7599196
7514468
7525276
7529336
7430480
7559836
9334440
7448984
7810584
7557224
7863436
7658868
7546592
7556488
7599448
7595756
7699140
7557192
7524760
7468204
7476212
7554300
7465180
7661416
7576592
7725172
7460032
7751348
7535900
7717488
7515332
7815000
7704848
7605064
7481012
7617164
7467516
7591620
7666540
7604308
7562268
7647844
7577396
7674980
7640276
7513780
7603020
7580004
7566816
7623568
7597972
7533500
7514872
7637028
7510476
7426076
7623244
7551776
7545764
7634172
7623772
7675736
7548992
7512556
7665400
7608352
7439292
7709484
7625464
7513600
7679680
7605832
7538524
7584096
7568332
7534228
7721868
7565612
7647268
7545296
7633380
7523808
7601540
7558068
7686896
7461488
7561320
7476252
7494332
7529508
7575368
7391036
7620704
7608876
7622024
7456200
7415636
7671176
7541300
7551608
7464828
7516732
7547448
7646708
7526640
7556696
7599708
7612520
7460300
7575104
7657976
8397764
7828376
7657028
7534084
7459868
7685696
7551964
7780892
7449480
7604144
7611392
7536716
7608852
7545988
7583896
7685004
7616872
7543632
7628032
7630688
7580032
7624364
7639848
7376348
7591436
7451628
7571588
7449876
7576352
7526620
7537244
7573512
7610636
7453380
7606628
7600968
7436932
7470876
7455644
7443816
7435884
7478836
7392928
7604132
7445596
7407576
7437256
7497708
7401340
7544936
7507584
7643260
7784776
7484456
7751824
7522428
7450652
7803296
7509276
7667528
7583492
7598228
7605100
7913960
7547908
7643000
7855504
7717944
7631980
7618116
7643828
7522180
7569276
7600396
7631760
7522148
7606176
7564088
7485632
7469792
7554012
7557272
7493740
7616696
7673856
7597124
7538364
7593920
7643236
7617484
7564564
7596336
7564228
7554800
7691976
7581508
7525924
7629304
7583108
7619464
7633572
7527312
7400936
7593660
7521172
7465564
7509716
7597192
7597980
7591780
7545472
7589516
7511624
7376400
7617452
7551668
7564652
7429948
7516576
7504220
7538012
7526832
7606236
7549460
7660872
7569824
7450108
7509224
7531452
7604588
7694788
7616860
7690304
7623464
7464456
7564560
7613380
7591788
7771088
7579532
7686068
7525744
7648804
7558360
7667640
7683808
7665768
7512688
7450720
7689044
7570936
7576784
7446700
7519932
7566340
7610436
7540200
7692624
7596176
11520300
7637004
7555728
7629476
7752936
7617672
7656680
7691312
7557968
7627828
7605008
7556548
7655644
7582896
7637564
7622420
7602688
7536616
7526528
7618740
7527776
7469420
7437368
7464124
7449056
7596276
7519236
7448924
7441084
7500908
7547612
7573888
7639580
7629992
7568440
7656784
7517604
7651328
7554020
7734148
7543088
7625956
7617176
7871908
7611104
7553292
7631832
7635152
7660000
7517008
7738844
7463640
7697912
7456376
7543744
7552500
7685640
7561688
7638184
7791604
7568308
7580312
7468976
7486796
7415692
7704588
7580712
7548412
7547972
7581084
7667312
7587336
7628172
7396012
7678356
7708268
7662180
7544588
7578024
7511100
7769680
7593008
7697068
7646920
7628816
7410540
7490208
7647556
7574580
7510696
7632732
7563220
7615136
7588028
7414896
8410392
9128484
7712448
7681280
7552032
7938124
7540532
7894912
7711592
7601928
7631756
7600312
7519300
7690692
7594680
7803632
7538204
7590928
7471412
7634444
7588184
7603396
7582704
7494896
7491524
7338800
7630520
7599772
7651920
7419360
7515224
7503616
7495224
7626492
7532052
12257656
7544160
7611296
7659968
7504696
7477284
7437524
7562156
7538016
7585484
7604336
7626792
7537136
7572452
7444384
7523016
7452356
8286788
7422920
7545252
7542836
7626948
7441096
7580908
7521524
7594924
7647712
7423992
7420980
7598564
7589836
7549428
7609240
7563720
7494812
7531048
7650916
7569116
7517288
7498404
7509260
7497608
7627744
7660812
7453144
7515976
7429544
7690056
7569032
7571472
7510348
7501356
7569832
7585376
7461664
7471208
7434996
7756880
7590404
7579828
7487784
7490632
7603216
7472400
7538924
7693192
7560964
7568976
7651716
7567872
7543952
7461044
7436700
7500116
7516732
7585584
7521248
7527964
7454460
7533516
7690756
7457384
7582780
7522260
7502756
7372936
7737152
7573512
7635112
7449056
7646860
7718808
7665640
7461784
7600928
7520952
7522988
7482496
7603456
7536584
7493768
7571468
7537804
7635004
7678268
7603436
7643836
7528784
7562756
7550352
7669536
7595480
7572324
7660640
7944236
7632620
7469324
7583972
7595792
7561312
7611588
7611612
7710864
7619008
7532972
7606052
7579920
7626736
7626256
7519384
7552676
7686600
7679436
7530460
7460412
7587296
7482944
7622948
7748268
7700684
7656852
7646232
7720768
7477300
7984752
7493052
7984144
7628360
7509216
7477544
7445284
7485332
7472884
7655952
7672228
7587788
7450232
7594332
7623748
7449124
7552564
7665820
7551600
7565832
7626252
7615824
7560188
7475804
7514936
7705484
7634860
7834472
7460532
7540112
7473016
7531184
7712240
7372684
7683612
7564496
7656064
7442516
7651916
7632636
7513044
7462568
7668504
10771728
7608252
7406660
7560540
7572184
7559128
7608912
7572220
7615876
7578264
7561852
7797484
7625968
7729688
7681740
7553472
7691184
7572548
7868612
8179696
7663484
7677572
7563000
7626280
7559084
7529468
7668692
7538840
7541552
7700948
7547776
7665948
7643916
7574348
7606980
7594712
7705228
7557604
7639380
7659136
7763172
7591940
7584072
7566112
7627944
7605220
7541488
7407236
7600640
7548220
7563460
7503796
7533592
7542664
7394048
7462664
7575556
7599012
7548068
7548452
7495876
7555956
7419776
7566900
7373800
7478652
7500192
7436916
7567916
7395376
7672692
7383592
7448392
7470516
7576592
7490364
7481200
7490548
7561604
7559384
7628184
7531940
7563616
7455884
7580156
7513452
7601140
7568180
7451776
7517324
7364812
7538616
7627092
7514276
7534776
7605396
7595440
7581840
7555048
7444484
7648596
7553008
7461424
7588016
7472752
7629200
7454724
7553156
7538140
10941612
7485632
7559584
7529668
7672800
7622004
12155964
7775904
7661688
7668112
7657188
7498396
7581668
7536116
7576280
7584672
7546492
7449320
7556560
7688496
7619572
7493504
7604024
7456948
7516356
7687980
7633400
7628544
7514628
7622448
7677476
7587284
7567276
9048500
7567112
7420852
7635704
7546140
7574272
7634444
7625272
7470744
7468884
7543632
7459056
7587888
7632732
7627740
7475368
7794980
7540556
7477212
7486636
7478232
7498648
7748928
7579088
7662488
7644764
7415824
7638824
7644140
7436248
7607740
7567388
7473504
7528432
7618052
7728648
7457236
7570904
7624840
7873880
7455768
7690008
7812016
7551516
7698148
7599348
7647540
7654896
7653612
7612184
7612096
7621332
7640220
7484040
7716612
7596620
7696388
7734436
7542588
7577764
7588952
7649904
7464272
7704124
7557820
7583184
7652720
10841256
7526676
7681276
7641988
7560172
7740364
7757892
 
