Procesando...
  Filtro             : sierpinski
  Implementación     : C
  Archivo de entrada : lena.512x512.bmp
16216044
16254560
16465660
16321632
16273520
16278280
16248932
16314260
16345620
16263836
16276888
16301904
16306512
16310672
16292256
16265236
16315028
16321556
16272472
16317896
16281396
16294860
16323488
16281868
16272592
16249812
16357940
16289148
16262892
16271556
16265800
16338184
16283688
16251844
16248176
16311612
16310648
16267640
16272484
16245364
16270944
16302676
16348572
16271252
16312836
16260288
16262448
16286656
16282996
16274492
16306316
16294940
16292208
16283060
16312560
16268624
16342760
16270204
16285580
16286296
16275048
16372220
16321344
16300448
16265352
16273184
16305712
16287764
16284156
16250376
16270308
16327632
16283152
16315100
16273264
16324956
16322336
16316708
16281728
16261252
16317652
16309416
16264308
16267488
16269984
16320636
16255116
16278852
16257632
16262908
16370252
16279904
16309212
16290548
16264772
16345224
16290908
16276496
16296868
16493640
17185452
16666636
16531280
16377260
16611872
16332788
16290748
16309212
16275604
16772348
16701920
16288432
16232800
16296648
16283716
16296020
16270404
16262388
16301696
16305320
16304660
16279584
16265584
16283288
16332940
16333028
16271812
16256436
16282832
16325204
16267128
16277168
16299892
16334876
16279572
16293612
16270168
16312980
16297432
16264288
16308272
16268284
16307812
16309876
16252848
16284844
16278516
16267048
16301272
16293852
16269224
16261600
16318920
16325480
16263572
16282168
16309116
16278384
16313836
16307668
16309712
16271264
16312080
16290476
16268100
16248492
16278728
16316288
16312524
16276572
16276476
16249824
16306396
16301096
16239780
16286356
16266532
16315960
16283176
16450460
16252056
16235084
16326412
16276360
16307160
16273216
16290504
16351700
16280504
16647172
16742712
16344812
16267164
16305040
16271324
16263536
16336532
16392368
16824508
16266328
16321852
16287544
16277808
16281180
16254052
16274776
16302908
16286744
16307924
16263152
16249316
16315200
16297836
16267432
16325756
16306692
16312072
16286096
16305784
16316524
16330288
16263080
16291244
16295956
16296048
16315020
16253136
16263136
16329108
16293680
16281384
16285972
16247644
16274928
16300076
16336808
16333856
16244544
16285684
16269680
16321000
16278968
16332604
16304476
16342440
16276844
16259384
16291216
16259272
16367668
16307112
16291544
16286484
16280128
16352684
16283564
16255632
16281308
16272332
16331652
16296684
16272860
16309564
16281756
16312208
16319764
16279616
16261356
16322076
16327628
16258700
16261316
17177348
16810956
16245004
16266992
16240356
16237084
16286448
16300492
16274244
16261356
16306628
16271488
16266444
16270496
16263712
16300908
16308256
16260912
16267780
16308136
16276804
16320044
16248064
16271808
16256640
16275180
16296064
16284500
16270172
16285604
16309052
16273528
16298056
16291688
16283080
16283740
16359056
16279952
16320200
16251436
16264252
16289640
16275416
16297364
16279796
16301624
16263732
16283300
16282880
16277260
16317440
16284668
16278172
16258456
16298892
16277560
16345356
16279816
16282856
16343796
16291312
16278880
16243600
16260120
16328700
16269972
16272884
16260960
16270816
16311384
16286836
16297844
16279528
16268728
16412396
16274080
16258844
16264196
16300056
16282592
16310336
16340068
16261556
16600224
17177308
16546800
16282716
16270188
16291392
16321672
16265588
16290044
16269660
16321992
16323000
16257608
16244060
16272328
16284816
16324512
16269224
16273856
16271120
16328284
16271564
16312708
16287668
16306956
16304828
16304020
16280520
16238768
16334396
16271440
16247524
16273640
16250024
16322900
16269008
16278252
16267840
16316216
16305932
16274384
16256512
16267884
16265652
16363036
16290680
16297964
16277860
16245920
16304496
16270820
16276304
16270764
16341528
16291316
16249004
16285860
16229720
16358056
16279576
16245936
16264116
16272988
16296040
16364104
16272064
16305532
16246976
16312224
16307332
16258432
16278584
16308660
16323332
16265592
16316964
16271912
16261688
16294820
16272988
16283176
16252440
16271204
16302572
16267808
16269548
16281652
16301584
16312208
16283968
16269880
16322016
16282728
16297048
16264068
16287164
16271864
16265036
16291268
16276148
16290016
16267696
16337092
16287028
16295512
16270632
16276288
16324712
16264444
16268004
16296972
16273592
16298468
16256804
16314628
16263240
16270144
16334100
16274676
16306288
16274208
16259716
16332984
16269648
16287664
16242372
16285836
16254720
16274188
16271720
16233960
16327148
16357772
16322120
16248408
16226112
16246788
16263664
16326124
16253484
16239796
16318744
16352096
16279264
16251752
16260508
16355652
16255164
16294156
16270508
16267164
16361792
16372628
16317236
16282884
16280308
16259016
16263932
16277516
16277168
16295680
16280348
16328372
23408272
16394156
16289464
16278120
16277420
16245588
16283672
16308956
16309480
16283548
16303424
16707028
16296428
16255992
16265984
16222000
16281264
16326368
16285056
16271100
16274476
16262688
16267964
16284608
16276464
16267428
16261864
16311032
16283848
16253632
16286476
16294544
16363756
16291720
16307064
16267452
16346948
16232368
16284028
16261016
16228352
16366404
16268028
16284324
16267820
16268408
16353804
16280464
16289684
16283852
16274000
16281304
16275796
16287744
16276528
16223936
16309248
16285568
16266864
16273704
16322916
16320512
16247440
16255096
16230016
16368752
16264804
16248256
16216996
16280752
16369352
16277580
16254048
16262760
16250492
16312240
16267808
16304468
16263000
16270644
16294400
16267848
16505776
16253060
16313208
16338564
16297020
16259840
16278680
16307868
16288968
16926292
17203128
16274944
16316168
16270552
16288440
16271944
16241148
16305172
16299680
16298456
16263164
16780624
19098708
16329880
16271136
16283692
16262540
16353828
16284084
16290144
16288848
16265548
16297432
16291840
16285680
16279056
16293184
16360768
16277204
16290312
16308828
16283332
16276920
16280568
16265148
16242588
16254160
16305888
16265900
16265896
16236272
16299132
16271972
16265864
16272336
16248580
16351284
16266176
16256620
16285204
16279728
16315708
16277544
16271720
16287424
16275796
16311848
16304620
16263848
16281944
16270884
16330908
16284660
16279328
16271028
16248280
16302340
16256472
16250628
16272340
16289336
16320608
16266456
16273092
16278252
16337864
16290312
16281720
16280716
16280128
16344252
16286780
16255952
16330748
16289872
16292248
16283776
16291128
16262896
16264236
16346448
16962300
16608764
16330616
16254708
16280224
16257968
16231084
16270680
16371636
16289668
16250732
16785388
16950980
16294356
16285644
16294252
16284880
16245480
16351896
16273672
16284572
16279424
16272484
16299352
16277596
16275288
16246788
16270752
16284388
16277288
16260616
16259592
16290196
16370112
16275852
16301492
16270096
16332892
16301564
16266628
16297072
16267696
16321584
16309708
16233312
16294952
16246280
16353848
16293948
16258876
16249540
16234224
16285972
16248532
16287996
16250276
16274396
16289332
16260584
16299864
16238072
16301756
16280128
16306092
16278904
16261044
16324920
16248804
16272072
16273612
16255252
16322208
16287964
16293568
16278252
16269648
16334848
16274300
16327088
16278560
16288512
16298996
16268560
16315796
16306000
17032152
16823364
16281296
16323908
16286004
16320580
16251336
16270284
16293968
16287032
16306588
16301908
16847940
16597496
16276456
16312288
16278856
16250580
16270252
16296256
16347168
16293492
16287360
16295036
16285968
16309812
16296292
16295120
16265672
16297540
16288372
16242280
16309464
16259424
16340216
16273584
16245272
16266840
16255288
16353092
16261196
16270612
16297604
16247224
16349748
16280576
16243164
16288480
16292768
16281776
16258056
16311724
16262296
16295676
16329704
16274392
16254500
16308788
16281376
16281184
16257008
16288940
16262188
16353964
16387940
16258700
16245304
16269584
16593964
16329100
16323188
16281584
16252344
16310364
16312992
16266748
16306252
16275480
16316812
16354860
16283824
16262812
16245100
16601248
16905688
17053264
16385136
16267048
16283776
16346964
16273448
16249564
16288796
16334224
16256728
16259632
16293120
16281488
16305200
16255248
16276388
16263360
16270912
16317408
16263236
16272984
16299332
16271556
16292576
16302344
16274856
16259132
16287484
16306120
16276876
16242220
16272132
16302748
16307940
16272960
16320584
16272144
16294144
16276584
16259612
16291848
16262508
16337456
16250948
16259652
16284452
16257324
16344288
16287092
16281140
16278848
16268584
16292468
16251036
16279932
16253868
16275236
16333968
16267904
16270780
16282856
16291996
16486388
16255328
16257500
16260912
16370464
16268564
16276040
16264768
16245216
17132780
16376628
16298632
16223196
16232272
16330856
16303548
16288928
16269548
16293292
16302816
16277508
16266756
17485792
16451616
16313088
16281164
16272144
16238268
16290884
16289544
16285948
16270572
16249252
16351040
16239220
16275860
16257960
16312596
16322484
16271828
16298664
16261460
16238008
16318256
16270356
16310632
16281712
16249364
16300560
16269528
16255472
16237112
16253812
16328928
16288628
16252528
16247820
16285464
16283012
16274032
16284808
16277032
16338700
16259096
16264880
16271508
16252012
 
16353476
16273472
16272108
16290852
16273932
16340628
16280020
16267712
16270644
16271664
16281288
16293484
16279840
16245068
16312400
16325944
16273308
16233524
16234424
16259292
16271216
16233560
16238116
16234128
16282324
16302828
16283536
16949696
16470876
16261980
16332204
16262936
16473960
16262944
16265568
16324720
16265596
16310152
16265856
16326964
16296544
17113248
16815632
16247864
16304056
16304080
16264104
16264376
16272976
16292376
16271832
16305564
16282516
16235044
16305008
16272800
16264312
16261832
16295116
16279396
16284828
16260236
16278716
16335396
16277472
16270968
16275540
16283588
16353816
16325712
16285092
16263096
16275912
16273224
16364264
16315452
16272960
16277384
16281832
16314160
16250272
16286660
16256884
16363392
16282676
16275740
16283304
16245584
16347496
16258944
16292064
16267104
16257844
16339728
16282032
16294416
16273400
16253684
16321656
16315632
16297972
16274468
16267984
16310716
16249580
16277640
16245864
16301760
16254932
16264608
16273692
16575280
16618092
16285776
16305200
16294044
16265532
16343588
16243252
16275172
16239092
16226492
16310592
16266776
16304148
16573736
16238284
16273332
16288176
16270948
16271608
16314020
16316692
16272052
16283732
16237468
16342916
16277580
16260528
16244628
16242640
16375712
16277564
16282100
16240044
16301324
16335136
16298940
16245684
16299880
16257620
16320760
16249124
16267156
16274932
16278380
16294896
16275168
16252812
16268000
16279056
16346152
16273512
16265900
16239188
16259848
16309204
16280412
16265532
16263936
16322388
16266256
16267640
16252376
16288336
16329140
16296536
16271884
16262080
16269104
16304412
16274528
16277248
16288580
16282784
16315276
16264676
16272844
16251908
16349624
16312308
16251508
16290540
16282972
16353940
16272160
16316548
19833604
16540724
16363288
16317380
16268048
16266236
16303232
16304832
16633940
16300112
16287124
16277772
16293796
16282412
16247224
16253844
16337708
16266600
18921420
16711704
16273160
16321520
16273968
16263784
16287684
16269088
16301952
16247904
16262200
16290304
16307568
16475760
16453244
16419724
16396896
16437180
16449932
16420404
16427800
16423024
16420592
16419348
16410772
16423876
16414840
16479352
16422280
16433064
16438436
16414352
16479760
16469900
16436344
16416268
16420356
16486332
16413752
16448888
16418088
16415132
16483016
16226164
16274740
16257244
16274116
16334552
16285412
16248432
16280524
16334476
16264064
16242824
16251256
16248036
16372844
16309908
16237664
16225756
16254800
16374216
16283492
16266676
16233344
16246828
16511552
16316832
16289412
16247640
16267096
16305024
16288328
16256232
16226544
16298228
16277880
16237460
16239372
16248988
16385448
16789188
16268988
16270000
16277000
16293612
16279912
16260512
16267760
16280984
16290544
16292112
16255216
16234920
16291208
16261296
16295072
16252704
16257452
16235628
16275840
16285756
16251604
16269996
16287812
16279164
16268796
16275620
16271084
16335156
16261200
16291120
16232740
16280436
16317944
16317584
16267168
16262160
16298956
16317304
16321328
16271536
16278508
16246380
16341676
16269440
16259808
16313288
16263164
16327716
16256064
16279704
16253484
16274588
16338004
16296492
16267108
16267048
16289268
16289600
17065380
16443488
16265848
16249196
16308732
16247796
16274864
16289460
16324572
16279260
16302456
16290308
16274212
16294388
16280648
16249924
16277224
16266436
16295488
16318712
16282484
16260968
16294600
16309884
16257308
16280948
16295316
16286008
16319872
16306704
16297348
16262584
16278020
16290612
16278676
16254660
16217380
16295760
16279868
16259028
16299068
16273280
16307360
16302140
16273984
16259328
16313780
16305788
16282000
16283268
16288704
16284952
16281548
16296852
16266380
16302960
16290708
16295748
16331544
16647116
16276216
16289896
16291648
16275876
16283944
16309480
16366512
16257864
16282212
16274552
16459348
16311112
16304304
16269072
16257960
16277372
16308624
16319728
16546700
16263440
16243424
16292740
16305472
16265080
16266000
16289284
16261860
16271416
16286460
16265836
16314296
16291584
16264304
16338312
16269584
16383000
16300248
16305160
16242180
16285664
16293312
16297964
16271936
16318316
16247404
16293040
16268060
16253148
16238216
16227812
16307652
16269144
16283844
16299248
16284412
16275008
16271012
16280660
16245436
16363464
16287180
16311376
16286488
16289400
16325348
16323852
16274440
16314884
16267068
16548104
16297208
16309716
16273792
16258356
16326184
16280692
16273864
16289424
16278100
16333820
16287052
16265796
16263204
16263708
16350132
16240824
16264468
16249440
16291868
16297764
16265716
16247892
16323324
16261336
16369652
16269920
16249188
16277912
16273056
16331728
16276436
16303576
16322540
16287040
16296752
16268108
16289972
16253428
16331924
16276288
16228416
16263416
16294304
16336632
16279920
16305280
16281444
16251164
16329172
16309520
16358680
16268788
16247692
16325256
16289168
16301260
16265340
16313676
16327852
16275080
16318644
16274312
16356040
16517756
16263584
16277324
16260300
16270820
16274668
16267564
16250736
16296076
17107076
16317624
16277852
16278316
16283376
16287604
16322152
16275808
16257360
16237312
16352760
16282880
16257884
16224104
16298256
16288924
16254420
16257496
16252648
16396824
16325732
16293296
16515360
16827456
16292748
16282036
16255924
16296644
16267700
16311152
16298448
16272804
16229388
16264568
16288652
16280704
16316128
16264620
16281160
16331824
16260636
16276448
16277264
16327748
16312724
16310128
16330876
16284604
16367904
16273660
16273956
16281192
16283180
16361832
16301856
16283180
16272344
16270476
16317832
16295416
16259480
16295804
16263456
17094000
16286304
16247200
16280288
16283316
16318480
16313720
16264884
16287136
16271344
16289252
16281980
16270156
16282004
16373196
16272744
16323756
16281548
16276580
16359084
16300036
16289592
16321588
16284228
16297424
16256004
16472076
16279180
16321792
16317852
16353520
16241848
16315108
16283340
16335448
16811640
16649160
16265212
16304424
16288576
16260344
16270764
16265392
16337952
16306392
16287872
16276404
16291452
16343072
16284084
16291184
16283284
16262068
16300780
16273420
16266448
16283156
16270716
16333596
16292900
16271060
16294236
16276992
16281692
16278468
16265688
16270728
16325552
16316160
16319916
16265028
16331764
16333516
16293872
16276788
16260812
16271848
16291008
16301416
16321228
16243796
16269796
16267756
16314332
16265020
16295624
16274780
16328904
16286252
16257856
16268848
16787384
16475240
16271088
16264136
16264600
16350384
16271320
16299456
16285244
16260564
16353568
16278348
16342868
16262668
16282048
16329504
16294364
16276676
16573100
16230588
16341700
16282892
16283780
16265100
16254232
16317208
16250244
16453448
17035392
16302516
16287248
16282876
16290180
16304420
16380272
16294780
16239120
16237792
16280080
16323548
16334172
16294160
16253932
16301224
16298588
16257548
16263884
16258040
16292216
16327136
16278356
16270200
16308412
16291256
16334320
16304696
16288044
16275736
16234000
16368744
16272692
16241904
16246552
16233520
16278040
16244920
16253304
16238664
16267628
16289552
16298052
16263036
16240244
16734652
16363312
16275868
16252420
16265364
16334444
16272424
16307576
16245444
16235960
16284656
16283200
16258324
16299576
16231532
16337248
16277532
16262048
16303772
16266948
16452632
16307140
16278868
16279276
16303596
16309528
16275336
16275852
16615676
17077076
16266164
16269532
16270400
16267748
16330996
16265352
16278248
16259036
16262420
16306108
16262508
16263916
16266696
16277024
16293028
16259660
16295948
16273624
16293632
16297540
16319912
16298412
16263612
16275184
16329912
16281316
16304652
16256056
16291260
16282992
16282288
16286904
16256276
16328296
16312420
16292856
16273632
16365224
16285896
16276616
16273996
16283240
16268168
16330752
16270896
16278512
16330772
16258288
16308812
16249556
16282500
16295848
16276064
16323036
16247836
16309024
16263876
16306684
16362404
16286280
16260676
16304228
16278992
16302148
16249224
16282956
16265788
16305104
16301480
16276176
16262356
16284668
16348840
16275776
16314460
16280424
16261688
16367356
16282048
16283732
16238440
16299196
16308724
16271540
16286812
16303632
16286608
16288856
16295784
16306864
16269704
16270296
16343344
16263640
16290752
16264520
16291428
16292512
16310608
16279964
16250460
16326528
16254180
16279408
16273092
16302372
16379916
16325248
16241100
16309952
16242308
16353416
16301252
16273876
16282164
18859936
16293292
16270296
16242872
16255164
16266736
16293040
16293412
16280524
16262336
16290804
16286384
16259472
16247580
16248676
16318372
16300056
16279048
16293128
16312368
16298392
16286684
16254360
16283004
16254464
16287312
16672660
16273160
16275268
16282716
16300040
16279080
16299924
16287776
16275880
16284752
16283660
16242612
16268932
16312212
16304912
16299476
16287632
16257364
16358780
16262948
16287264
16260760
16305624
16328032
16292744
16292208
16330636
16280132
16291024
16289096
16260312
16284144
16267956
16303724
16281736
16296352
16283860
16270240
16298564
17261636
17064624
16454748
16333700
16311436
16263372
 
16274048
16269924
16331160
16293524
16282876
16269836
16307696
16321120
16280196
16242636
16271792
16282728
16286332
16282760
16289156
16292200
16260668
16325084
16286284
16255464
16245032
16266936
16307628
16281116
16305296
16642184
16709064
16247436
16247900
16251820
16278192
16310516
16273184
16257220
16243456
16265820
16867028
18638148
16272012
16271560
16304260
16303868
16276880
16250016
16268540
16245292
16346824
16273960
16281768
16211868
16308908
16324524
16267360
16265084
16259904
16325008
16261972
16267600
16291264
16237668
16303528
16248392
16292600
16256500
16316208
16307352
16319168
16288104
16295552
16277948
16278064
16254516
16274756
16271712
16258784
16290240
16234716
16283052
16254188
16333300
16344636
16255608
16289240
17103600
16875168
16265732
16282512
16262236
16262508
16323336
16263116
16257892
16313844
16295436
16296372
16271036
16305464
16274212
16263232
16322316
16286876
16307488
16271544
16272764
16323740
16273168
16271476
16246132
16295984
16272532
16269800
16251252
16274560
16310856
16266008
16252656
16280224
16287768
16262640
16280392
16266144
16258776
16274996
16312688
16816412
17058136
16305608
16242120
16293360
16267184
16302796
16255356
16256960
16347792
16294748
16273732
16285040
16283976
16309820
16270004
16313036
16278688
16449116
16244072
16261388
16277960
16271180
16302152
16289384
16255804
16302740
16272976
16341704
16304512
16261372
16260152
16271868
16302716
16289224
16275448
16262268
16282504
16297828
16285468
16272020
16243536
16322592
16247692
16313892
16905288
16264784
16296436
16264936
16296380
16263564
16283756
16320012
16273056
16250100
16245448
16292168
16287424
16262184
16265028
16266844
16314800
16263604
16265836
16257764
16267620
16285060
16266580
16287540
16299572
16281880
16342664
16270688
16245092
16279164
16258824
16281732
16251016
16259468
16250444
16282424
16256368
16322724
16252664
16258544
16305036
16256944
16271696
16916524
16651668
16340692
16245824
16305884
16261300
16310976
16290476
16272008
16263780
16295000
16245492
16273284
16274196
16248376
16304480
16239676
16320176
16287964
16242196
16236372
16232448
16332952
16300772
16245000
16253400
16285816
16261892
16272460
16268016
16273132
16307536
16291992
16261744
16282768
16264368
16319148
16252512
16274376
16292556
16263584
16324620
16824980
16830464
16244084
16254844
16296856
16249568
16256040
16303192
16256032
16357924
16268884
16260588
16290188
16284868
16268996
16303448
16408516
16274176
16317092
16267032
16275828
16248640
16261180
16332140
16265908
16267072
16273828
16258220
16331072
16266776
16256436
16299076
16566596
17072584
16497928
16274296
16263332
16254812
16306804
16275304
16307628
16253360
16347696
16280088
16268796
16260392
16293160
16325328
16273160
16285316
16246256
16306408
16331792
16278860
16269716
16274620
16250024
16328760
16290020
16257612
16288648
16272524
16326452
16273356
16379052
16230456
16323388
16315684
16260712
16285352
16229916
16338192
16388456
19701644
16389708
16293552
16244684
16299392
16266040
16255016
16260408
16280064
16281348
16252356
16290484
16257096
16327724
16269488
16285272
16288896
16283020
16251784
16268012
16269184
16287544
16288192
16307520
16265672
16250264
16268528
16315948
16251044
16285504
16266428
16269636
16289924
16310976
16263224
16254388
16424764
16280824
16278676
16280304
16255836
16265264
16328956
16300300
16734492
17055940
16651560
16319384
16238096
16234604
16224604
16293924
16260140
16288952
16261004
16264360
16357216
16273044
16293500
16267528
16248804
16293112
16281524
16265116
16267312
16311124
16287108
16265904
16266688
16264464
16284492
16318864
16297380
16264208
16262372
16302812
16308068
16282616
16279092
16241824
16338512
16265320
16281320
16261960
16693700
16302460
16276572
16260344
16271340
16264392
16257284
16263220
16258388
16261768
16293712
16294748
16301324
16280728
16243976
16270812
16310536
16301292
16307216
16241764
16359128
16278796
16245884
16306692
16257800
16331456
16266260
16261300
16271388
16249572
16331040
16238240
16269624
16229288
16248816
16303156
16643136
16274680
16249760
16237168
16328896
16286084
16281908
16250100
18224592
16296136
16272332
16279288
16232464
16355704
16305788
16254364
16258080
16264908
16401580
16265412
16227492
16240788
16273892
16372332
16312796
16358880
16244480
16254900
16311288
16284452
16256540
16318808
16277952
16296964
16269892
16294016
16276652
16293088
16349976
16313656
16256600
16290480
16270456
16292692
16322044
16272912
16262360
16274304
16981116
16967848
16253024
16259896
16268888
16303236
16276312
16276952
16250964
16314016
16281984
16301860
16263816
16305980
16362504
16292684
16261332
16253872
16238424
16264808
16299460
16271960
16250556
16296772
16281464
16247880
16264608
16263664
16333676
16313800
16242116
16266252
16247460
16312644
16322280
16302400
16260960
16254380
16614216
16302676
16252020
16310608
16316212
16333708
16286048
16257144
16254544
17304656
16344708
16280648
16260292
16276948
16270628
16320540
16291484
16249252
16263508
16218940
16298236
16296820
16244204
16242132
16289188
16340660
16287636
16278828
16236896
16346676
16261184
16267876
16243156
16246688
16355360
16264120
16305156
16279096
16350196
16294216
16286856
16273364
16257824
16282412
16329556
16274336
16308836
16444396
16573796
16351144
16288008
16312832
16310168
16297184
16297720
16237096
16242216
16236980
16316124
16264820
16261776
16277408
16312764
16316724
16331296
16260280
16242712
16305460
16336164
16287096
16263440
16275948
16248188
16278924
16310204
16306084
16268688
16262060
16337332
16268704
16262080
16274328
16282868
16326824
16273164
16263160
16541080
16321112
16235312
16269840
16250264
16275816
16324776
16276332
16269412
16748664
16492692
16273352
16230316
16247812
16227400
16275044
16320040
16300480
16269364
16263200
16276908
16318520
16281756
16296788
16322936
16304508
16296660
16304676
16281768
16253248
16375168
16328576
16271652
16259268
16281208
16324540
16278848
16302068
16271852
16281480
16320512
16322140
16253092
16278032
16272624
16306504
16270124
17191764
16774284
16307440
16338188
16260384
16285608
16267244
16315904
16306668
16269556
16257068
16280996
16313216
16257300
16307940
16274984
16248440
16395352
16282536
16266968
16266620
16253768
16282344
16312372
16225024
16260188
16253992
16315108
16306052
16464504
16261924
16312764
16284216
16258316
16274824
16286032
16381664
16273300
16276184
17098960
16856656
16426548
16325672
16262944
16255972
16257980
16297028
16278012
16238416
16274152
16244764
16336460
16299864
16252456
16319164
16269208
16332448
16263496
16285492
16251896
16286224
16280316
16273904
16252604
16214836
16454224
16360052
16281508
16245888
16236876
16251504
16259388
16216424
16256448
16780296
16810092
16230708
16228696
16231072
16284772
16298088
16264084
16270588
16271932
16302468
16317016
16240512
16278624
16261648
16293684
16278996
16270744
16308600
16256692
16328696
16239864
16274836
16260068
16283252
16370140
16290000
16272360
16260744
16294612
16310492
16265108
16296140
16254168
16246264
16376344
16272004
16246192
16274152
16281296
16330080
16293612
16220360
16228200
16311276
16325556
16266744
16253008
16234936
16691428
17142020
16468268
16307600
16273688
16317356
16293456
16276756
16235360
16261812
16312780
16298752
16275120
16248700
16222124
16319940
16307752
16258576
16228940
16263132
16308396
16309732
16235184
16285720
16345876
16285132
16242984
16271572
16260720
16365744
16293076
16273068
16221496
16263688
16383872
16550256
17797652
16254304
16290252
16295256
16365964
16262616
16213936
16215900
16280392
16310580
16256876
16274664
16284936
16261324
16299284
16248444
16285544
16376392
16234108
16257964
16226724
16252908
16394292
16266764
16305088
16234028
16261940
16356504
16334100
16234692
16217256
16257460
16329400
16287328
16264880
16237660
16278076
16313724
16259100
16266232
16352556
16294076
16237024
16251108
16253020
16238084
16392540
16266088
16256060
17020572
16610452
16274584
16243932
16274348
16205672
16306328
16342384
16327188
16260592
16238700
16227752
16269588
16320940
16257632
16226560
16242592
16306876
16294284
16236576
16272828
16303480
16259764
16278168
16269512
16232648
16401384
16248516
16312032
16219160
16246348
16356388
16792168
16313976
16256212
16294656
16299588
16237504
16284232
16259440
16257220
16350504
16322300
16271856
16201780
16266224
16255020
16270576
16256332
16262096
16337780
16262664
16315964
16221976
16225224
16387064
16295684
16255012
16262496
16238760
16385264
16245108
16264292
16243176
16317672
16292604
16266772
16268144
16239208
16220144
16324512
16266000
16259300
16460280
16343752
16288540
16249880
16240480
16255980
16404568
16272780
16635892
16517236
16246096
16267176
16238088
16270660
16264164
16276756
16375376
16286512
16254316
16245940
16237612
16283828
16290688
16244824
16301992
16245248
16276116
16300704
16268912
16221104
16300548
16285648
16278496
16288716
16255772
16380232
16287084
16294964
16230688
16240844
16367956
16255124
16236048
17289068
16467524
16283000
16266064
16244900
16265244
16234256
16314352
16293400
16284048
 
16247040
16302640
16280364
16264784
16231028
16243000
16287152
16276808
16264132
16220524
16237564
16391792
16308916
16248816
16228512
16244240
16359120
16305708
16262248
16228836
16268916
16334184
16278020
16270728
16235324
16255180
16313320
16311988
16288796
16263004
16257456
16301200
16289276
16239448
16246828
16321708
16322788
16266832
16355556
16247744
16430508
16350500
16268264
16277496
16257216
16233428
16286092
18659924
16231440
16228080
16323236
16262888
16232304
16264296
16263468
16322048
16354676
16270184
16228848
16242768
16433892
16282524
16229260
16240508
16205068
16352396
16280620
16233208
16263564
16242080
16272084
16323968
16454040
16238836
16269456
16313720
16283108
16251160
16227176
16370116
16276800
16257352
22209036
16443856
16337116
16283432
16288196
16235424
16269932
16361164
16332972
16284076
16288804
16225500
16238396
16256236
16235696
16237920
16259244
16312224
16271924
16290452
16243460
16251176
16342028
16275928
16249960
16578816
16388724
16292264
16248392
16264864
16238268
16383348
16284948
16240424
16224220
16230788
16429380
16297184
17002188
16740424
16257856
16264372
16254368
16269960
16256532
16246428
16337196
16295716
16278568
16260808
16279856
16328576
16284712
16224636
16229768
16361216
16262496
16300040
16238156
16233340
16341596
16318448
16330908
16233876
16276124
16355644
16291180
16271040
16231132
16235832
16352152
16617352
16275664
16280828
16267600
16396408
16278084
16276984
16288620
16279040
16405076
16253484
16253440
16249492
16252636
16287716
16293528
16254964
16240916
16245792
16300548
16298392
16253708
16250664
16329360
16275068
16272048
16248520
16208684
16402104
16273780
16230000
16247652
16216760
16380152
16244348
16217856
16242012
16201468
16294376
16272532
16248300
16272828
16263996
16318940
16288624
16238220
16365772
16236456
16295732
16286812
16256904
16257092
16303452
16281636
16868612
16320708
16284900
16319748
16267568
16298292
16298864
16259500
16319320
16290284
16250144
16233324
16223448
16345136
16319064
16226448
16253464
16281924
16276972
16272204
16286068
16261652
16484528
16281464
16271540
16270236
16283728
16343824
16273076
16291040
16251576
16253960
17172656
16400244
16260432
16250240
16255472
16267576
16338328
16257632
16229440
16279620
16292696
16269100
16215208
16243444
16382504
16333028
16288620
16223348
16267556
16402608
16239272
16253152
16295464
16266708
16363436
16322600
16249784
16237612
16236152
16314680
16256936
16229624
16315704
16251592
16300212
16292552
16267168
16229884
16234260
16278440
16286628
16231616
16241136
16383412
16263560
16257804
16313292
16262732
16385628
16308788
16276320
16259696
16233352
16388792
16593004
16249688
16230904
16245936
16261748
16269600
16275868
16285632
16273516
16296940
16307236
16274988
16246952
16317588
16291752
16264460
16293296
16256552
16406908
16288388
16263152
16283756
16246384
16387208
16294016
16252100
16265396
16260488
16324628
18585644
16764132
16247440
16257424
16316816
16257640
16248172
16221444
16237780
16309852
16257640
16258992
16216072
16349988
16285432
16246540
16235732
16235012
16372988
16285152
16258140
16257164
16247320
16439156
16260392
16231376
16245376
16223348
16305888
16298900
16250216
16220976
16229400
16304460
16292112
16260388
16223620
16289176
16305824
16280596
16268000
16259032
16300732
16282604
16273600
16233128
16309592
16378272
16277596
16330172
16234496
16240580
16358524
16300300
16273636
16266744
16291800
16283568
16707536
16275760
16296580
16279476
16315308
16304896
16268392
16266952
16268856
16336800
16265680
16253280
16211040
16363188
16278584
16240292
16231452
16211252
16424772
16262068
16258024
16275280
16300428
16393980
16318680
16243880
16252824
16265788
16288556
16571600
17294772
16393764
16230396
16280156
16259696
16245392
16260368
16257360
16317636
16269808
16248096
16216864
16344244
16297164
16278616
16215592
16238844
16397132
16305840
16280172
16242176
16234276
16269868
16296440
16260868
16277164
16252948
16310060
16328616
16260412
16288564
16248124
16372924
16261764
16253536
16238320
16268852
16427624
16277312
16210252
16216744
16240252
16261400
16281688
16226628
16222696
16227516
16749632
16275888
16222364
16220100
16321252
16268400
16234376
16280556
16238736
16374928
16591848
16775964
16323368
16261412
16289208
16283240
16303592
16274852
16226532
16290852
16276632
16286516
16236644
16274944
16379324
16287136
16283568
16249448
16224812
16356672
16248240
16468276
16236272
16222976
16285556
16218092
16242092
16230116
16356504
16361564
16736708
16281984
16278532
16347124
16328048
16279908
16307700
16235592
16280072
16309228
16291116
16252148
16336452
16319468
16265508
16297372
16267196
16269052
16317516
16272336
16229852
16266424
16358532
16301644
16299380
16251176
16262696
16398732
16266648
16249604
16269412
16267832
16330704
16341988
16250856
16320628
16239500
16283528
16321492
16250776
16226872
16242712
16320200
16266716
16503060
16585664
16269964
16292012
16291260
16258184
16280284
16375204
16309876
16267320
16246996
16216816
16402004
16310240
16256668
16230204
16255796
16329440
16286764
16250216
16247360
16242472
16300256
16273756
16261956
16243292
16306468
16278836
16227492
16301660
16236976
16427276
16272700
16280680
16243448
16223292
16388616
16256196
16235696
16268064
16252884
16369676
16308512
16255568
16226168
16257016
16313640
16307240
16239916
16260712
16218732
16341684
16290048
16236172
16218640
16297676
16286360
16255788
16280428
16217276
16354476
16265988
16236648
16312860
16245728
16389572
16278244
16262068
16258612
16236232
17814528
16685896
16245352
16260880
16258200
16358912
16302472
16251144
16247080
16274736
16286988
16292540
16275384
16214264
16271284
16300460
16273524
16355892
16240716
16410384
16291796
16262908
16279276
16233128
16520512
16563504
16276792
16288696
16280872
16265436
16270284
16313948
16247868
16281124
16279260
16270000
16269432
16233380
16275084
16248800
16256768
16246172
16288976
16358744
16262808
16282172
16250344
16238404
16356064
16275896
16258428
16245600
16234384
16371044
16289912
16241852
16206136
16212204
16311388
16282300
16253348
16228288
16212680
16328060
16254540
16274716
16245596
16294100
16313468
16269588
16248740
16248284
16375996
16286028
16251484
16264376
16304776
16395340
16262996
16242536
16274212
16248280
16361576
16326652
16266724
16857228
16304020
16316044
16288420
16280376
16315532
16237980
16298592
16315368
16264932
16234004
16277112
16305080
16268500
16229956
16221344
16369588
16328780
16257312
16261144
16243436
16338748
16244356
16247608
16275176
16417360
16309992
16264568
16271428
16258516
16259224
16316576
16315104
16283968
16294952
16253592
16306284
16349132
16259444
16295004
16234964
16325924
16270072
16277312
16246952
16274380
16304740
16261668
16247704
16261396
16244960
16287812
16253360
16250544
16257036
16267612
16309316
16263708
16235388
16280048
16328704
16260348
16258680
16271188
16266112
16371536
16297436
16237148
16235884
16226744
16393344
16279432
16237528
16260004
16210232
16315348
16246976
16290744
16506516
16232560
16282460
16249520
16219596
16293012
16250532
16302128
16252976
16426180
18060212
16339580
16327908
16277640
16259688
16296804
16344676
16299388
16275748
16256560
16291600
16336104
16267568
16274128
16261148
16339820
16305624
16273080
16286788
16268956
16288300
16291572
16238880
16295020
16470812
16813692
16283236
16254376
16284784
16252188
16315484
16322664
16266344
16253700
16254420
16410600
16260928
16239428
16229436
16230488
16292448
16248016
16248116
16236836
16248464
16296960
16284220
16242952
16232024
16223388
16300888
16304632
16236960
16285456
16240692
16288804
16255568
16217424
16215672
16377912
16283828
16267412
16224968
16223544
16319692
16307376
16314244
16263868
16260576
16355348
16279776
16257380
16221736
16269248
16327840
16274288
16226452
16234828
16251816
16268612
16281828
16255388
16655072
16888996
16305744
16256420
16290376
16258984
16341436
16306152
16284080
16302468
16243496
16371556
16290056
16229072
16261572
16246940
16280312
16275908
16235300
16269096
16281936
16337044
16318616
16280560
16231304
16292964
16304944
16982068
16564040
16271236
16378100
16295192
16279224
16327636
16281804
16316644
16283256
16318248
16281456
16273284
16293612
16283904
16273960
16252840
16275856
16290232
16269484
16268312
16279852
16260176
16324280
16283564
16284708
16302784
16294992
16278580
16298188
16279412
16248276
16367152
16275260
16310196
16269492
16266460
16306584
16294268
16285400
16304036
16291656
16302904
16332260
16287328
16276800
16254868
16332912
16282484
16300772
16227288
16289936
16483956
16470932
16265148
16265588
16249420
16301192
16282968
16289432
16273444
16264864
16315976
16257768
16297968
16240508
16290520
16318996
16249064
16298216
16273120
16347588
16279512
16262756
17249396
16250764
16344992
16258280
16240416
16295504
16217120
16376028
16283468
16224620
16253712
16251080
16299920
16272068
16232888
16225876
16249148
16285420
16280868
16265384
16213524
16297804
16277552
16283416
16254012
16255628
16366340
16295512
16277824
16235184
16235616
16383624
16251512
 
16263984
16226048
16216532
16381528
16254496
16257416
16231448
16239324
16327172
16318260
16257740
16259248
16279756
16409280
16303592
16273508
16244080
16237580
16372412
16237636
16257520
16224956
16244640
16349796
16314732
16223276
16265488
16262168
16264452
16252812
16280792
16273216
16270296
16277280
16312448
21485864
16698972
16371292
16305564
16276620
16238028
16276436
16327716
16257304
16265580
16250248
16238660
16337924
16272396
16301152
16258920
16264952
16306212
16260792
16270172
16275644
16264440
19065992
16654136
16283344
16262184
16264584
16322612
16275780
16248884
16221688
16344964
16290976
16260076
16244004
16274540
16396788
16267412
16286564
16229016
16262536
16390152
16263756
16271344
16222620
16248872
16310864
16280224
16247584
16219136
16229284
16289520
16279488
16291328
16232248
16270980
16300104
16251556
16254384
16237420
16351064
16298088
16253628
16223644
16277464
16386024
16329972
16307788
16262004
16221524
16221268
16261104
16245308
16223936
16231060
16323096
16237772
16245548
16386504
16292648
16301340
16258812
16256640
16265996
16290404
16295732
16257168
16638080
16328752
16393588
16247412
16257668
16251840
16279140
16294892
16330124
16386968
16243536
16234292
16221256
16342892
16267228
16211524
16259672
16488172
19276296
16378968
16257760
16266256
16270616
16290852
16306656
16258928
16291480
16224960
16349708
16273888
16246868
16236804
16302756
16302464
16271200
16213240
16240492
16372124
16285736
16246552
16226488
16208820
16375792
16324044
16242852
16231300
16236788
16282192
16311512
16256800
16268432
16240616
16392716
16273992
16258660
16224016
16219860
16397904
16252564
16260976
16226636
16211248
16395184
16303744
16254208
16240296
16211108
16263920
16249140
16251204
16247240
16288504
16312744
16331432
16256876
16215504
16427712
16292088
16277320
16247420
16217740
16366672
16278472
16277984
16263940
19910816
16634312
16265776
16276080
16252840
16294972
16324176
16271368
16293296
16276944
16342940
16327220
16267980
16278592
16256896
16317648
16306300
16257764
16292272
17215692
16696616
16316340
16306436
16282136
16241376
16291624
16261272
16220268
16292624
16231436
16290688
16256544
16240092
16248592
16262784
16303884
16261576
16221724
16270900
16263288
16275620
16291048
16241780
16250936
16362680
16300684
16283204
16242228
16210432
16239000
16223120
16226264
16246992
16251012
16373724
16279448
16243256
16268956
16231088
16283340
16272140
16271932
16239808
16291956
16333756
16240692
16259452
16220424
16305328
16289496
16286052
16276720
16253180
16411920
16249404
16264812
16269440
16315092
16343680
16279088
16346704
16272744
16245632
16454964
17307340
16294292
16232608
16277016
16226008
16320508
16288036
16228312
16231724
16267736
16331072
16309068
16252792
16244348
16278512
16264636
16265672
16262932
16209072
16383504
17173068
16237248
16257952
16278952
16349436
16260364
16265700
16264044
16241292
16325456
16312256
16250332
16220908
16278976
16290504
16293608
16255252
16232732
16215544
16332548
16284012
16257800
16256800
16272968
16285528
16295188
16253636
16210312
16415468
16283536
16223180
16285076
16230728
16379836
16326300
16280468
16238568
16222140
16239204
16252752
16210268
16200660
16227928
16252696
16272808
16408960
16245088
16253492
16351364
16281200
16311028
16206812
16276796
16302324
16261780
16235736
16209328
16376996
16267940
16681108
16254108
16255652
16268232
16244396
16215832
16239308
16233140
16275052
16242280
16248924
16238732
16253376
16280924
16993272
16845376
16252180
16280768
16286132
16263588
16258944
16237504
16381612
16272492
16264836
16240320
16282800
16375676
16266812
16245496
16212012
16261596
16349712
16309776
16239996
16211148
16235388
16272148
16316608
16236068
16247860
16257320
16462516
16400400
16407112
16377552
16396368
16468944
16436736
16385620
16397392
16504252
16466000
16435148
16386480
16226032
16374896
16290128
16273560
16232316
16244540
16398720
16255220
16217888
16310960
16232876
16276912
16296368
16221024
16261512
16229128
16282252
16278272
16257116
16219452
16374736
16346516
16271816
16230380
16228580
16368116
16328820
16268444
16228668
16618504
16301444
16250460
16237044
16241472
16299816
16315436
16275292
16273260
16282396
16245428
16293076
16297540
16231672
17099796
16858960
16342888
16284484
16266536
16270248
16325944
16298672
16260524
16253196
16241436
16392504
16270192
16313408
16255088
16218944
16351804
16272488
16236908
16257996
16224892
16352988
16300208
16232612
16243156
16218292
16284376
16289748
16236816
16272104
16260844
16286472
16287748
16231304
16231568
16278644
16255296
16254652
16239004
16249812
16350268
16279920
16237420
16224472
16247920
16408752
16296444
16265000
16245032
16233424
16357136
16270288
16280724
16234820
16265992
16277588
16288200
16237072
16239208
16242316
16437444
16289144
16247964
16303164
16352616
16273200
16216032
16239904
16236108
16354028
16313996
16240928
16982656
16531368
16257372
16246648
16254508
16238848
16233212
16283564
16295648
16263292
16226624
16246124
16284312
16370876
16229808
16997268
16540316
16266812
16248628
16257576
16264384
16331256
16248568
16256072
16240364
16217924
16410264
16339368
16260072
16275624
16219940
16226980
16329228
16274260
16230888
16216796
16270484
16264288
16253836
16262128
16254960
16377088
16284480
16309484
16234432
16291468
16381468
16247208
16290936
16233680
16244580
16375076
16266916
16240924
16264580
16244272
16276668
16314972
16225900
16252432
16227248
16311388
16279456
16251656
16262476
16298116
16262772
16265264
16237668
16251568
16404568
16272184
16254548
16276328
16226052
16363280
16352392
16250584
16249068
16240008
16386896
16274396
16242508
16263784
17073796
16309628
16274000
16280980
16257908
16326164
16333732
16274092
16313268
16279696
16333664
16304336
17037004
16634496
16298636
16331612
16274220
16236596
16286304
16256752
16371364
16336124
16275360
16324520
16250884
16296988
16329120
16287444
16289504
16264044
16376860
16273988
16254000
16247724
16260540
16315096
16306952
16269448
16262364
16307316
16337332
16280044
16258892
16269988
16302724
16296972
16317128
16305680
16275020
16295712
16305348
16273948
16250580
16275896
16307692
16338012
16267216
16267508
16296832
16365092
16323280
16267992
16240124
16262816
16400584
16362212
16310096
16235696
16269948
16233240
16228704
16243532
16236516
16263736
16271648
16356064
16248744
16252372
16261560
16308040
16323892
16252564
16238892
16313744
16310816
16256720
16296764
16233888
16662500
17896032
16315964
16244068
16260168
16339068
16261888
16281956
16283392
16265544
16317860
16291716
16935772
16263020
16249856
16321384
16290864
16257504
16280212
16260408
16341036
16283892
16261604
16309076
16391216
16277964
16244232
16246316
16264744
16375732
16315356
16272176
16239204
16257336
16364584
16274708
16258000
16236684
16237236
16300468
16294044
16247840
16245208
16262456
16291760
16311580
16242200
16288516
16248792
16328264
16299048
16225668
16246196
16309640
16254552
16277824
16214776
16255336
16430816
16277380
16251992
16239200
16252644
16373884
16291132
16260336
16266384
16339376
16301868
16287600
16277016
16226472
16231108
16326540
16793620
16453796
16262596
16279204
16399888
16257756
16265068
16249572
16348456
16270740
16299744
16262428
16826392
16614856
16289428
16274600
16261428
16258688
16335788
16274516
16252012
16253944
16252540
16291724
16304464
16290360
16266108
16259940
16298524
16268004
16286848
16256236
16271492
16242152
16262144
16272268
16211388
16400308
16277292
16293044
16275560
16265884
16353788
16270076
16295572
16257020
16292532
16335768
16272180
16225940
16226684
16259936
16286864
16277544
16218660
16263160
16280660
16297608
16252828
16238180
16237812
16269272
16343464
16277272
16261396
16225312
16350164
16328652
16247020
16248160
16236288
16366828
16249132
16245220
16249904
16230216
16577760
16277988
16324940
16232244
16231168
16348904
16287216
16259480
16235152
16232364
17854360
17136160
16262392
16256144
16236396
16272716
16297236
16275856
16257892
16236448
17084508
16528208
16275188
16316904
16272752
16281084
16296168
16283492
16269572
16297252
16279032
16260284
16225080
16258496
16413032
16288632
16285840
16227672
16224000
16413332
16275492
16233160
16241884
16211736
16305856
16309692
16228220
16259528
16224896
16279160
16305584
16243588
16258312
16248380
16260660
16280432
16301284
16237152
16287072
16270508
16294224
16262504
16238580
16389392
16282116
16226000
16270524
16237700
16342792
16255976
16228248
16229804
16238576
16332004
16274684
16232892
16285780
16235332
16274060
16287716
16225304
16215836
16246620
16292684
16262248
16244128
16268132
16302280
16297312
16282308
16222324
16223524
16402292
16271868
16231952
16255336
16492180
17105432
16296512
16253016
16246572
16278176
16314868
16324908
16265252
16280720
16564116
16534884
16292936
16292556
16262292
16257976
16332196
16284824
16242392
16234936
16353060
16324912
16257976
16278440
16250416
16385940
16303436
16252064
16239004
16240240
16357888
16322880
16252340
16266688
16280432
16297024
16282244
16263684
16231432
16248132
16292800
16312804
 
16274876
16239900
16274488
16330392
16300600
16249804
16267032
16364332
16269592
16283256
16265620
16232032
16377792
16269292
16271660
16276208
16258608
16345816
16317880
16256440
16249628
16251424
16251532
16239988
16251316
16224252
16277076
16306504
16277160
16231520
16263416
16294104
16282728
16299768
16244016
16327892
16409372
16289276
16329112
16240984
16246868
16367724
16303768
16222048
16230468
16234908
16369868
17817712
18972752
16370636
16263668
16308932
16244300
16263280
16232772
16245944
16301752
16265444
16244364
16233232
16337356
16296408
16232224
16218460
16212464
16331856
16255620
16221512
16205520
16224596
16319748
16304376
16235024
16232988
16219908
16347296
16284516
16226444
16249640
16238360
16310236
16266588
16226116
16229248
16248408
16289860
16260988
16227956
16206536
16289116
16267448
16245420
16204984
16203884
16390192
16317376
16263444
16255000
16267168
16366368
16287852
16268328
16255744
16229608
16329688
16269448
16257260
16244708
16224568
16371384
16267496
16248188
16226648
16222060
16359488
16291892
16234068
16223804
16260156
16323384
16297920
16245404
16241444
16218876
16305680
16294752
16230156
16223460
16243564
16263280
16256740
16296216
16201780
16319272
16357320
16217656
16228748
16210828
16397388
16331440
16849752
16629516
16262640
16296932
16260772
16253492
16263720
16283488
16321604
16268048
16270780
16270236
16251596
16316372
16295584
16293492
16237292
16310088
16281880
16278816
16255488
16205528
16388788
16300320
16258760
16271756
16247892
16384792
16365748
16293344
16250372
16265276
16280124
16259272
16306164
16249736
16229140
16427148
16308024
16275092
16266532
16220944
16353036
16282600
16221804
16257228
16232872
16406612
16271428
16238252
16243100
16220940
16317236
16252820
16229324
16226356
16250064
16308068
16257692
16256112
16248896
16271488
16302060
16253736
16224920
16280048
16408036
16261956
16256740
16243248
16260204
16389020
16254688
16361096
16685660
16242792
16251708
16315320
16272948
16254332
16258996
16306860
16308488
16291748
16234340
16241236
16305976
16330692
16249056
16251968
16344160
16256668
16254700
16243692
16258888
16408608
16235756
16246968
16282680
16242248
16410092
16261120
16240664
16256352
16263648
16317384
16261676
16285332
16252432
16255412
16315800
16268732
16288236
16256620
16316744
16299260
16251848
16262476
16245988
16255800
16329640
16262436
16243456
16253076
16326244
16252236
16307044
16269680
16264064
16325092
16314612
16262312
16290116
16257456
16254920
16255228
16249016
16252764
16283768
16294352
16303420
16254168
16234140
16260768
16267440
16301420
16247140
16241600
16366672
16258684
16225484
16209192
16202468
16610900
16250712
16238776
16256208
16219448
16364584
16268072
16252728
16261240
17031076
16301880
16273476
16300644
16264388
16320440
16275928
16263660
16253836
16199168
16301608
16259400
16246544
16255484
16247664
16391176
16254844
16242520
16209820
16236116
16381536
16256436
16257028
16216052
16219728
16279868
16284356
16220088
16235660
16210084
16286324
16283284
16260336
16229228
16242108
16338180
16280120
16240864
16198168
16324284
16289188
16228620
16230652
16211888
16394892
16238856
16263660
16298080
16219968
16291872
16263448
16206232
16240068
16264556
16328812
16269672
16272720
16260048
16240464
16306516
16295848
16265012
16251004
16267156
16340184
16276080
16238436
16237808
16295748
16312872
16257284
16243756
16259244
16421332
16354272
16342076
16260032
16232576
16301416
16323292
16259592
16270780
16215092
16467008
16661264
16254748
16272276
16240244
16370976
16362436
16311652
16250568
16224000
16256308
16227468
16258148
16213808
16268844
16310848
16239732
16268800
16207180
16260364
16301112
16292776
16231180
16227224
16295944
16363028
16268764
16231688
16234968
16372328
16278152
16252888
16219324
16234816
16388072
16337500
16257732
16313772
16253852
16258052
16305788
16277396
16256292
16234248
16281796
16344008
16273824
16264896
16243568
16352244
16300196
16290124
16231200
16230748
16399512
16237180
16230396
16211092
16246904
16360812
16274456
16279648
16230024
16219700
16257208
16307236
16226832
16258532
16232240
16316072
16296184
16264140
16229456
16319720
16399992
16244680
16259960
16216860
16458500
16270924
16256100
16207660
16229932
16390904
16273100
16256560
16271260
16999836
16742992
16254156
16291348
16228748
16266908
16280816
16315040
16232556
16221444
16238160
16301548
16274420
16237732
16230868
16353244
16312464
16296228
16218000
16263424
16383732
16275964
16266408
16236840
16290140
16353500
16324232
16284488
16274668
16224336
16669276
16481672
16411016
16343712
16426444
16352276
16361568
16415428
16362880
16434156
16373880
16359900
16327804
16351196
16453344
16347044
16384244
16348388
16385196
16376476
16358520
16335656
16407868
16407000
16329636
16363376
16328316
16396088
16395100
16411960
16349020
16359340
16371160
16401836
16366192
16401060
16383772
16351852
16418724
16382856
16367180
16388760
16331044
16392936
16408448
16489992
16394080
16383544
16412580
16458504
16347196
16372828
16403080
16376508
16375228
16354996
16362468
19156796
16439248
16357648
16383072
16356080
16458240
16361408
16408640
16349012
16334932
16428176
16385968
16347432
16431088
16404016
16363196
16338792
16366484
16386984
16442532
16378392
16350632
16333788
16427828
16449784
16328152
16430620
16335992
16327672
16444520
16359548
16361688
16354908
16381756
16438244
16347980
16384440
16368876
16323568
16386828
16320048
16374752
16408140
16373808
16433280
16351532
16390224
16343084
16346504
16464296
16370356
16354800
16369864
16382208
16475616
16355908
16358624
16404228
16429388
16339804
16383200
16341940
16400248
16442900
16352696
16361128
16376832
16410988
16447180
16403552
16423604
16359060
16341172
16466128
16354876
16366184
16391596
16340704
17122412
16680148
16353200
16319780
16358296
16382072
16352832
16346540
16422912
16411488
16336792
16391340
16393516
16352316
16466912
16342924
16366028
16350456
16358880
16450316
16349800
16395404
16375580
16362012
16478268
16327356
16371104
16358144
16360532
16487228
16337424
16330388
16377416
16345676
16400356
16341076
16356040
16376844
16426764
16324132
16376316
16358024
16375544
16450520
16335492
16376736
16315412
16375564
16422960
16323064
16333104
16348344
16352044
16457492
16326600
16368168
16337344
16363300
16454456
16366620
16361584
16418620
16373096
16426560
16380980
16365984
16404420
16458536
16340992
16332916
16367120
16386820
16479196
16350516
16413056
16356904
16358484
16433384
16329720
16423872
16442444
16362788
16447308
16359872
16369036
16334608
16409200
17258676
16371268
16406672
16324152
16401680
16408424
16375324
16368200
16325896
16414424
16346960
16383088
16360772
16363508
16403400
16384296
16393604
16385128
16355812
16405008
16374140
16382464
16372944
16378628
16403340
16373600
16397648
16348024
16346600
16402748
16349544
16401616
16330584
16428068
16380828
16352856
16339112
16381328
16456224
16349880
16326640
16341212
16361476
16331756
16450360
16340832
16392900
16371844
16350156
16425452
16358396
16365212
16420096
16442596
16353532
16342492
16404680
16379616
16471412
16344888
16368848
16374936
16372888
16455832
16385348
16363796
16325740
16360468
16421328
16437300
16349132
16384768
16370764
16438972
16343140
16338004
16397720
16445172
16364392
16391444
16363820
16400052
16460552
16335868
16364908
16459236
17554516
16607316
16403036
16387672
16391436
16311516
16479384
16391552
16396872
16345112
16378020
16458924
16349300
16345936
16326232
16380612
16457752
16369080
16377316
16357284
16337168
16380144
16367116
16342784
16400440
16430660
16356880
16350100
16392092
16375736
16484736
16349656
16345824
16343704
16322580
16461972
16355192
16358836
16344692
16377504
16487240
16380080
16353600
16342740
16372868
16472872
16339568
16363212
16362988
16340624
16394596
16373436
16343064
16387112
16352768
16470784
16311616
16366128
16339628
16342520
16387112
16354900
16376900
16373408
16455680
16361488
16378228
16331712
16350656
16459772
16328888
16372768
16317180
16388712
16456132
16352548
16343396
16592672
16387332
16345604
16386180
16352492
16375940
16466452
16384284
16315976
16368352
17143440
16631772
16380652
16375256
16363948
16336812
16456560
16344816
16358948
16338372
16337288
16463148
16332384
16337056
16365192
16355832
16451108
16341196
16385380
16384040
16338248
16369864
16350004
16352968
16399208
16435780
16357732
16367708
16350580
16421640
16442188
16344452
16367892
16353344
16357144
16439612
16338496
16386592
16343876
16331816
16494300
16335844
16360676
16363756
16351964
16458020
16355852
16358348
16329548
16409780
16468224
16347032
16358468
16416388
16420492
16359356
16374848
16343452
16378576
16425912
16368060
16349352
16363168
16368624
16479912
16351164
16377556
16377352
16342636
16450396
16344584
16353204
16361028
16364120
16489708
16319176
16384916
16362524
16496240
16406260
16354248
16353820
16389352
16484536
16349060
16355780
16347768
16622652
17200432
16635056
16361324
16339428
16365848
16458612
16340284
16368448
16356392
16327172
16500616
16357836
16358680
16393772
16379896
 
16440556
16350948
16370656
16455864
16363108
16389616
16349476
16335652
16457700
16443548
16343028
16350724
16342712
16382920
16330340
16509264
16344060
16344908
16389544
16355580
16418500
16337816
16366852
16406920
16416640
16378160
16339924
16359464
16389496
16342348
16502088
16348396
16331424
16386420
16352436
16382420
16352880
16379728
16376128
16464064
16376584
16402104
16347308
16402212
16428296
16335940
16357980
16394512
16379056
16658456
16335992
16317460
16387524
17043748
16958428
16466884
16392624
16389712
16387248
16352140
16385252
16363624
16353680
16480452
16353320
16331448
16361808
16343504
16429744
16379660
16327044
16379716
16343420
16410572
16344052
16364624
16397928
16388820
16352284
16359516
16366432
16373208
16450200
16336912
16366176
16358740
16355280
16438984
16317584
16408988
16353960
16338460
16481740
16336224
16394444
16358612
16367912
16468540
16350064
16374784
16352528
16363240
16406704
16351792
16350456
16426748
16419704
16346740
16347600
16417824
16346832
16416640
16369528
16358012
16349312
16377560
16471444
16357036
16366820
16328832
16346200
16443692
16363784
16372208
16353280
16302744
16422808
16331700
16390964
16383852
16342668
16408456
16392912
16346964
16441608
16450852
16348332
16338992
16353384
16421372
16439564
16340560
16347520
16365112
16361688
16467996
16345964
16347036
16340484
16320880
16540216
16368104
16351976
16353100
16366476
16473872
16354068
16367832
16357096
16347904
16398548
16396576
16396908
16452680
16401472
16511124
16375724
16340088
16307548
16362076
16467360
16361708
16406864
16316640
16370452
16440088
17274928
16901504
16380496
16419752
16378684
16364476
16380608
16337728
16413016
16362684
16408248
16377300
16361688
16394304
16346496
16349440
16352152
16358848
16415964
16415600
16344020
16380888
16369864
16422960
16376296
16340176
16431304
16415136
16353464
16369768
16347424
16443252
16429896
16355496
16351544
16343072
16393256
16449212
16385812
16351084
16360904
16351168
16447712
16324440
16336060
16363672
16367076
16469016
16358972
16360676
16424516
16366776
16401180
16377744
16355692
16379596
16413340
16449092
16403444
16344100
16401596
16365536
16463988
16403736
16346972
16406256
16488092
16385188
16342276
16344456
16566028
19283304
16499296
16409240
16386844
16314152
16445272
16350640
16358352
16342408
16403436
16450588
16373716
16367368
16371924
16360004
16439940
16376292
16353456
16389728
17542240
16711396
16370752
16386368
16352180
16415632
16396512
16337436
16358944
16439032
17081020
16377904
16361368
16347852
16412812
16392188
16354208
16375000
16338540
16417208
16469284
16344428
16353940
16338108
16448332
16432000
16339760
16338944
16349188
16364524
16466816
16344336
16358548
16366668
16370244
16382704
16376076
16329184
16400744
16351624
16383880
16388540
16348116
16392160
16360856
16415820
16374344
16400012
16383936
16405364
16385396
16316760
16355688
16376324
16492640
16342000
16333200
16396732
16350728
16461672
16346944
16389816
16351092
16346888
16425888
16648240
16919400
16408140
16381008
16404152
16332120
16357160
16438224
16431732
16380052
16353812
16374568
16341244
16434404
16356960
16341112
16370188
16343848
16436796
16309024
16348452
16339368
16326940
16492224
16324548
16331516
16388164
16365624
16431604
16327604
16357532
16388884
16338820
16398196
16338080
16331596
16439412
16347868
16457140
16317728
16390540
16339348
16335220
16441308
16328208
16342268
16382876
16343444
16378056
16352476
16338164
16388596
16321752
16403736
16351668
16376364
16349636
16338076
16423844
16366540
16366336
16324940
16398612
16386208
16501816
16348724
16334492
16387916
16392396
16374312
16354860
16412616
16430604
16370204
17143128
16855544
16316828
16390424
16351600
16361576
16384568
16356612
16426440
16347120
16385828
16359008
16553284
16347852
16351168
16343052
16383572
16382548
16385664
16344112
16329432
16418564
16957520
17056996
16355292
16374304
16331196
16416544
16413596
16349556
16346668
16321124
16467912
16328596
16335532
16333028
16358952
16419824
16345148
16323284
16347300
16322436
16425600
16324284
16349584
16406076
16400216
16353088
16391836
16337836
16399304
16358116
16451144
16377776
16355580
16396412
16335900
16432060
16354500
16340280
16412412
16379580
16387088
16349636
16373600
16472144
16457100
16320052
16373520
16358384
16401004
16442720
16317096
16332196
16324572
16372296
16441744
16335028
16352052
16366172
16386780
16434488
16336372
16351440
16342944
16361844
16436852
16324864
16388780
16378956
16736516
16637424
16361392
16419076
16342596
16383772
16427204
16371316
16453924
16354228
16380152
16370324
16331648
16365104
16352156
16443768
16363548
16357252
16337880
16334636
17043128
16767880
16374800
16360976
16370536
16405672
16340584
16335484
16383452
16343436
16464208
16381040
16347180
16330360
16373616
16431856
16343188
16336232
16364820
16340388
16407768
16332968
16340508
16398708
16480916
16327948
16373240
16321128
16383548
16464116
16345520
16353240
16379740
16385788
16448368
16339564
16360228
16386884
16330712
16445788
16351012
16345640
16370004
16366464
16460592
16332212
16360516
16366112
16360572
16397828
16382232
16344360
16365272
16402004
16408648
16385168
16587356
16366100
16408608
16451036
16367076
16347728
16351608
16380072
16950296
16405164
16361764
16378396
16455460
16394848
16326500
16343880
16389252
16453548
16304848
16419632
16359588
16316772
16502400
16348508
16376648
16378576
16422080
16325444
16384696
16955720
16354540
16419240
16342800
16336208
16363204
16324684
16453908
16343168
16345420
16328576
16346832
16440172
16340944
16327796
16358952
16348152
16430996
16345436
16329780
16403600
16344172
16357892
16330864
16348348
16394700
16442876
16321572
16377240
16299916
16436696
16484492
16324384
16361740
16332580
16324300
16449148
16333080
16352740
16334328
16334348
16477160
16317576
16396532
16389460
16337456
16446484
16371000
16349900
16403832
16380356
16357996
16369480
16327152
16434672
16438524
16345584
16333940
16344644
16399276
16429096
16334260
16342188
16478180
16981068
16577572
16380460
16358748
16364588
16359848
16426092
16327868
16333212
16382536
16353760
16419860
16338564
16342636
16417500
16387152
16342444
16326896
16362428
16427476
16425084
16333980
16352260
16357984
16661028
16640188
16341148
16366928
16396148
16352800
16444404
16343696
16374060
16370300
16382948
16414044
16387132
16416940
16329416
16430236
16399432
16323052
16360432
16417656
16411332
16328224
16346572
16342896
16408116
16467228
16311876
16386388
16321636
16351748
16449972
16333984
16342908
16323468
16341812
16457992
16322648
16374684
16348376
16361684
16440384
16340696
16329744
16365016
16310024
16394120
16307464
16347916
16402120
16447656
16329304
16323832
16404596
16375028
16415840
16359004
16335940
16357028
16324660
16431144
16365160
16444276
17271112
16367172
16441652
16387200
16361904
16381688
16322492
16431476
16331116
16380372
16317448
16402884
16373276
16347884
16384096
16349932
16395588
16346700
16379236
16351468
16330304
16439416
16352376
16368928
16397636
16350932
16411212
16389944
16365320
16368948
16350532
16396080
16362300
16351416
16376292
16377900
16375436
16388364
16386748
16338952
16390036
16339004
16321408
16331492
16363388
16476124
16359296
16381256
16349664
16329328
16484600
16333548
16334400
16326864
16371036
16428780
16333432
16341836
16348352
16370728
16414224
16345200
16341708
16422244
16382972
16346436
16341828
16343940
16427664
16448972
16327912
16335040
16346204
16817040
16673676
16370168
16582608
16357968
16365060
16404364
16367680
16361600
16381176
16372064
16396948
16404776
16381332
16344140
16354176
16419636
16360132
16386504
16368472
16393016
16369740
16357724
16401504
16358796
16401396
16357960
16369092
16356628
16365176
16382220
16349552
16371120
16354008
16381108
16425612
16399448
16391700
16340568
16359432
16357756
16347132
16346444
16353496
16390804
16390136
18076644
16345212
16333224
16397376
16365144
16402344
16360500
16367368
16372236
16403264
16354308
16398564
16352360
16371620
16369352
16380784
16346320
16364692
16365124
16364600
16357108
16383360
16397052
16349228
16373624
16348472
16364720
16387548
16404072
16388144
16358828
16298540
16367152
16414616
16345364
16360504
16337500
16390468
16379496
16402080
16383976
16335456
16589176
16929480
16365720
16358680
16366428
16404708
16345964
16383552
16368700
16355936
16406592
16371288
16396972
16347688
16377508
16398700
16358960
16385724
16345056
16361140
16403112
16400228
16342168
16366204
16376496
16390296
16384440
16348428
16329300
16362496
16398292
16406204
16348444
16347028
16360068
16372524
16622112
16368784
16370116
16379272
16363532
16373308
16375920
16349688
16372892
17117944
16628752
16382192
16350524
16353988
16414988
16383440
16368600
16356148
16376536
16386448
16367960
16386912
16347376
16369164
16356912
16349176
16358348
16345132
16378564
16357756
16373844
16363148
16363936
16416928
16373420
16345644
16365556
16320188
16417412
16361512
16384920
16365620
16452944
16389272
16334988
16336032
16438072
16402692
16338324
16371812
16336864
17029252
16689432
 
16381684
16349296
16374084
16324200
16391772
16394172
16356788
16362904
16355480
16392664
16388452
16367484
16336356
16329004
16449560
16342384
16361720
16379844
16345308
16389524
16350460
16343472
16410424
16396052
16384376
16365524
16313600
16439512
16439332
16334536
16351892
16331316
16383120
16438924
16328724
16381164
16340488
16348960
16446516
16350748
16312672
16349072
16337016
16436568
19269488
16844628
16323960
16407820
16468068
16359936
16326000
16392520
16391716
16371356
16339996
16335740
16366396
16418356
16355120
16343240
16343948
16379768
16426564
16325296
16333476
16374656
16352112
16446284
16326112
16342948
16310648
16339536
16438696
16327488
16364408
16353564
16408404
16406656
16334032
16345324
16416600
16402512
16373016
17761772
16663244
16296924
16394568
16325816
16376228
16377496
16304152
16406616
16377364
16339160
16348152
16350088
16394436
16366608
16362144
16403568
16345324
16420464
16367948
16375576
16336596
16391768
16407724
16349540
16414784
16348280
16382984
16402320
17261716
16421752
16370816
16397548
16395728
16366648
16368316
16351464
16397232
16482272
16399544
16350724
16345772
16373368
16367836
16352028
16386536
16354272
17427908
16735312
16334084
16339916
16297036
16423040
16358864
16368364
16362744
16357624
16375860
16367700
16374640
16368724
16382328
16385632
16365924
16386888
16395720
16405228
16345616
16336924
16366936
16380240
16459384
16326736
16460328
16356756
16347456
16390044
16362844
16406444
16376796
16352136
18941580
16673340
16355152
16372068
16352300
16425756
16360324
16374192
16337720
16304296
16367548
16348940
16359408
16394924
16402296
16369392
16326848
16313888
16400032
16438528
16318888
16335224
16580028
16362640
16412580
16354116
16380332
16363060
16349380
16437244
16365372
16368136
16406544
16357576
16387012
16346628
16367144
16796680
18010596
17443204
16370084
16391952
16302128
16323228
16421600
16339532
16356452
16364160
16339580
16341968
16318984
16333768
16363784
16429284
16357404
16328712
16343936
16370928
16436416
16351360
16322156
16330228
16359460
16460204
16304548
16326416
16415364
16365096
16360900
16383604
16348080
16346604
16468588
16352736
16393544
16367052
16353084
16647900
17405064
16347864
16389852
16359956
16398044
16362780
16369548
16468848
16402660
16417744
16401680
16390172
16392132
16376520
16391372
16342252
16384320
16390700
16311888
16409824
16360476
16419492
16347424
16384216
16390852
16351932
16327436
16364344
16341944
16401640
16343264
16324948
16402496
16379896
16386924
16357104
16344244
16412680
16411560
16380292
16402348
16405976
16321036
16388736
16348800
16394192
16412368
16371296
16482828
17115564
16708584
16358972
16420584
16402964
16364504
16383236
16333552
16363976
16451764
16326492
16398744
16329360
16390556
16407356
16375148
16372016
16298792
16415736
16354896
16384252
16377468
16331160
16408316
16373780
16417236
16412884
16301860
16608576
16366580
16388964
16377424
16344216
16452076
16316704
16333024
16393764
16720620
16828020
16374348
16397300
16335232
16442484
16349352
16381276
16347996
16381416
16444180
16362836
16346092
16339360
16384584
16442356
16356440
16364200
16363464
16334024
16441572
16406224
16346352
16412852
16354736
16493612
16340860
16343932
16406356
16327704
16396276
16355156
16371992
16409404
16442752
16374804
16361756
16332176
16386728
16431264
16396888
16402428
16369328
16355784
16451932
16337340
16356192
16378912
16374424
16420036
17210884
16600924
16328592
16391892
16399800
16436928
16371676
16442076
16398668
16376412
16353796
16330208
16354076
16446552
16320016
16359080
16351588
16407928
16436800
16446084
16331564
16349352
16351604
16489068
16347280
16342208
16427300
16352948
16431392
16391216
16345956
16348380
16342596
16378216
17091296
16648768
16288684
16370152
16370476
16400804
16352972
16322840
16398836
16466056
16391576
16340880
16385716
16453280
16361316
16370728
16336624
16375352
16458288
16373812
16350932
16334776
16363668
16449552
16376664
16336176
16370516
16343860
16378956
16327412
16348444
16381300
16458968
16343628
16341468
16363040
16419508
16448368
16349424
16334756
16331188
16404676
16430524
16356508
16354336
16427740
16357932
16432216
16419464
16375588
16357144
17147424
16956980
16371796
16364628
16374576
16381200
16349720
16379952
16365928
16319712
16405796
16406652
16429172
16374284
16382488
16410112
16376612
16351492
16376964
16339428
16409500
16367268
16378576
16375264
16363900
16411664
16399764
16372696
16301056
16367912
16393460
16406464
16377296
16362652
16383992
16329736
17201940
16514888
16324900
16434904
16362156
16362572
16330544
16377488
16445156
16330360
16339780
16338000
16353580
16418200
16291560
16347368
16348524
16356596
16399904
16385800
16373844
16359548
16355852
16397912
16369180
16357220
16331408
16365500
16371720
16367000
16369844
16336064
16384116
16373348
16382020
16358384
16363484
16411368
16379944
16403836
16378004
16331788
16423500
16368608
16370596
16340840
16346512
16499488
16354412
16367828
16364764
16382832
16352912
16384820
16369840
16331668
16671440
17181764
16316664
16326084
16295496
16422992
16343736
16358296
16392676
16344492
16407208
16413308
16362752
16366728
16379588
16400496
16351304
16358632
16358432
16387892
16403044
16382676
16392216
16343288
16347040
16385300
16402648
16385600
16375044
16443540
16382412
16367148
16390272
16381020
16416264
17169920
16828356
16341952
16310852
16381392
16366032
16364320
16339576
16372332
16467388
16351612
16337564
16358872
16336028
16401744
16383744
16363560
16410448
16362732
16353104
16362348
16364580
16404364
16426936
16358548
16346676
16353588
16439680
16418116
16334996
16383604
16341612
16423136
16427584
16387092
16372616
16328484
16356052
16401260
16370672
16411336
16359552
16355256
17321168
16782984
16398552
16319076
16368400
16380180
16399852
16344544
16440080
16421840
16334604
16340960
16335192
16380760
16399068
16361360
16400040
16356804
16362740
16420592
16348504
16666932
16378152
16364512
16415996
16346156
16362868
16339972
16347608
16398228
16380220
16353432
16331232
16369796
16381396
16350464
16391292
16332328
16415648
16374248
16331984
16332272
16373460
16405396
16381464
16360868
16399752
16377904
16403468
16368600
16361936
16358484
16381332
16411288
16405028
16350748
16327780
16421856
16383428
16395140
16399080
16334464
16599352
16353588
16395560
16381464
16330632
16415836
16362900
16400732
16344664
16341132
16602244
16365648
16393960
16343044
16341544
16442068
16380696
16361760
16374872
16369068
16404560
16403404
16367688
16312168
16356548
16388236
16378124
16357976
16316572
16401800
16355252
17232400
16917272
16303760
16405272
16376380
16390248
16370364
16385160
16375272
16373620
16405908
16353716
16368580
16410680
16381544
16383664
16346004
16361680
16432272
16346004
16369672
16339256
16370692
16402832
16402260
16379756
16322128
16392100
16365904
16359912
16354552
16425268
16447480
16356360
16350972
16368792
16363092
16409252
16383220
16343876
16700324
16351776
16450220
16353612
16402420
16353116
17201552
16364172
16417420
16367436
16389364
16396480
16375048
16388856
16352660
16320724
16400684
16352624
16356036
16430668
16319216
16393112
16405492
16359228
16425708
16363916
16432332
16330756
16363784
16342240
16378008
18800912
17136624
16645532
16316700
16405284
16409140
16368904
16396368
16389832
16431800
16365280
16386588
16303676
16405588
16474692
16370272
16346844
16337260
16328552
16458300
16339280
16380324
16329960
16347596
16436688
16347832
16386684
16370784
16376512
16410560
16377884
16358572
16372316
16365408
16361752
16362036
16378408
16316660
16422464
16368464
16373520
16396960
16313840
16391704
16364104
16340736
16345432
16357164
16435064
16346344
16335292
16337600
16325200
16366004
16360472
16376252
16348036
18220576
16383508
16370808
16380604
16362828
16376464
16371760
16393560
16369996
16309420
16390380
16374068
16371564
16393584
16324288
16384556
16383148
16368932
16415400
16366584
16417876
16371812
16359512
16373744
16313756
16392716
16644200
17925256
16614284
16388024
16395008
16356808
16364288
16339876
16428044
16372248
16369184
16396136
16373168
16398784
16348872
16365492
16379952
16337980
16405488
16352956
16373488
16352004
16396400
16400092
16330228
16339224
16334032
16373896
16401924
16367324
16392384
16352628
16398588
16372064
16359448
16404356
16338632
16419824
16406860
16365640
16340584
16346992
16426716
16374448
16366700
16353708
16353148
16418756
16390344
16398392
16454108
16360336
16404000
16371368
16471848
16326332
17566268
16816536
16361416
16333272
16329896
16449012
16379232
16359932
16370428
16320864
16421276
16389936
16398360
16396620
16358284
16429800
16378080
16370824
16372928
16395744
16393172
16383920
16362236
16363096
16360452
16371200
16376852
16689004
16362936
16383120
16348252
16346308
16363900
16358712
16432492
16392712
16355176
16334804
16293860
16386056
16398512
16387808
16371152
16362968
16401768
16359240
16350272
16370244
16366420
16395176
16407572
16360184
16353144
16378940
16407324
16338336
16338172
16382548
16359368
16354076
16357228
16370328
16340836
16414476
 
16351212
16366188
16395284
16358620
16410028
16351828
16406640
16354100
16349148
16425488
16389096
16372676
16381548
17288360
16720996
16397896
16372064
16332040
16366676
16366896
16381840
16352024
16357212
16422268
16355640
16349684
16415080
16322900
16385652
16385940
16463964
16368280
16348132
16412840
16385160
16369816
16399344
16352156
16403328
17204188
16741252
16382192
16340016
16390900
16372420
16363416
16387968
16359320
16345704
16362972
16345396
16385204
16346080
16584836
16322796
16382472
16342364
16376612
16369228
16346256
16330888
16347256
16467780
16327136
16356604
16375872
16362136
16436248
16356872
16344804
16355928
16344884
16434540
16344056
16336036
16400036
16371928
16382940
16329408
16331892
16407052
16437892
16348984
16382028
16349840
16368864
16451660
16326820
16375376
16332744
16325560
16451488
16382284
16376624
16336620
16317476
16420636
16389020
16394940
16371384
16511816
19643968
16614784
16460568
16316932
16415056
16372752
16360576
16377000
16442608
16419152
16374432
16348804
16626664
16330212
16463512
16345060
16352712
16336608
17633152
16385440
16341676
16362268
16323868
16363988
16416732
16354452
16366824
16419668
16350000
16372772
16341068
16346520
16380872
16418220
16373428
16354376
16360336
16374704
16437224
16377580
16357824
16391460
16374444
16426784
16376420
16379196
16348428
16351244
16462748
16342180
16367696
16356328
16389556
16457752
16341576
16378308
16368320
16355344
16422236
16322392
16362968
16382520
16428232
16335732
16341704
16341576
16350684
16387172
16403636
16323684
16357748
16356240
16428196
16355620
16346036
16355460
16345148
16428764
16348356
16786816
16368260
16370860
16371328
16385964
16365504
16414364
16407464
16330172
16354504
16320260
16425576
16441500
16345228
16350272
16340168
16376224
16465264
16331536
16363264
16350824
16367364
16462072
16343120
16377444
16366396
16351188
16421444
16360104
16362616
16331268
16366840
16429736
16365872
16339228
16372948
16354256
16351920
16381380
16375112
16370948
16415336
16468460
16386140
16388796
16369816
16451664
16363080
16373616
16386772
16334420
16482884
16463656
16410200
16385540
16389620
16420232
16365324
16368816
16366456
16371556
16883468
16482512
16446704
16316968
16420712
16370944
16377272
16370064
16351752
16433600
16382732
16350800
16381596
16377004
16466888
16405732
16371084
16334880
16344320
16440508
16367888
17028084
16944192
16473328
16388100
16381980
16369692
16387608
16441264
16330176
16332472
16358156
16388764
16344176
16439892
16339548
16528672
16360780
16364560
16353044
16348152
16370940
16362988
16451748
16348288
16433672
16352056
16332084
16424876
16373180
16368116
16342848
16348576
16380312
16365028
16360908
16337236
16388372
16390376
16343332
16346548
16354932
16406472
16406700
16379544
16371512
16352612
16410452
16389356
16388836
16360940
16380204
16403316
16401536
16360828
16359344
16370104
16400600
16359648
16440208
16372128
16366804
16396504
16867780
16937796
16313908
16418336
16387380
16384808
16366476
16356100
16397888
16366360
16337244
16323156
16381156
16417184
16378124
16374200
16369308
16325188
16406376
16342912
16355044
16333308
17194756
16720176
16376284
16379852
16315424
16415368
16380784
16397508
16391612
16334952
16358548
16417612
16376788
16385688
16379780
16353116
16389292
16376836
16372136
16346576
16413916
16373544
16385828
16372128
16346736
16401916
16371152
16354368
16342844
16408500
16403784
16367744
16397524
16334896
16378368
16361864
16374468
16363808
16334848
16402928
16360252
16467664
16364344
16363656
16445668
16727040
16384988
16357100
16331824
16429472
16372256
17016072
16378156
16337816
16387360
16435940
16412144
16373164
16354552
16412536
16363808
16383120
16348256
16387840
16373148
16461668
16333872
16325176
16380344
16373800
16358624
16421316
16404276
16596200
17348520
16434592
16362580
16332220
16415404
16365548
16363744
16372300
16320200
16395700
16383936
16398584
16335272
16390948
16350948
16381488
16379768
16384616
16394056
16368816
16371932
16357480
16322000
16387784
16374076
16358680
16408784
16340848
16393252
16356880
16375708
16356264
16379628
16409912
16391688
16385360
16337628
16350396
16397596
16347064
16370848
16350020
16353936
16390248
16378844
16369380
16346096
16372460
16386136
16352284
16341016
16319652
16393588
16344912
16399804
16374044
16417228
16409604
16427264
16360856
16366672
16354764
16388172
16410864
16385136
16361336
16382772
16860208
16356288
16339044
16297564
16375108
16369860
16359808
16364836
16329576
16415176
16405708
16425336
16373224
16320852
16418288
16366776
16367304
16353504
16365216
16998820
16634772
16376572
16365976
16336748
16408212
16352068
16429556
16324016
16358240
16429064
16373308
16375428
16332308
16374880
16344928
16374492
16379268
16362412
16399996
16405564
16386644
16358884
16422708
16374248
16343656
16339524
16359032
16321836
16425436
16365008
16366732
16386804
16291120
16453256
16402116
16322808
16360696
16328688
16421116
16357220
16317984
16408704
16356740
16373232
16346056
16325348
16458936
16313976
16339928
16362716
16390888
16389360
16396824
16395276
16383548
16377420
16363984
16430688
16379832
16350844
16372052
16363664
16384664
16344596
16398004
16392784
16780692
16938804
16363528
16395784
16373376
16379208
16394004
16358648
16385408
16288400
16458344
16399800
16397388
16366200
16358012
16405044
16346440
16375128
16373416
16623164
17669984
16521380
16374664
16392804
16340104
16398572
16345912
16362376
16323560
16402620
16398144
16393396
16392108
16347932
16376836
16367660
16351672
16379012
16316144
16397124
16354464
16347264
16379552
16326256
16385152
16384220
16384716
16384756
16329076
16378876
16346584
16358200
16365892
16371044
16410212
16365440
16412616
16387928
16354080
16392380
16369252
16399164
16331212
16339668
16444448
16377636
16370516
16372924
16388800
16390032
16413092
16385080
16363392
16396928
16394144
16638584
16408312
16335220
16346228
16445740
16372312
16362828
16370624
16345780
17530988
17888088
16887068
16359368
16377252
16425476
16381656
16370132
16345888
16396312
16510416
16373916
16401840
16308072
16406832
16435036
16367568
16407556
16742404
17370244
16365644
16431920
16388924
16347040
16442452
16374752
16400164
16351932
16345416
16429200
16341236
16349272
16352416
16351516
16417072
16344116
16331316
16384296
16427252
16323860
16348048
16383124
16382764
16396580
16342684
16367424
16320144
16377068
16408380
16356648
16419832
16370980
16404820
16408088
16346788
16362144
16388568
16382684
16414616
16386488
16382148
16330252
16385680
16393200
16416188
16367196
16322780
16426128
16376292
16360740
16391776
16307636
16416328
16405184
16411788
16417428
16331516
16398200
16394540
16380996
16413168
16321844
16399856
16370164
16803708
16612144
16326312
16432740
16387196
16377676
16447236
16339400
16400008
16382400
16372060
16368428
16351748
16450412
16378764
16383612
16380124
16354340
17048448
17120600
16356532
16397300
16402044
16393204
16391860
16364280
16395452
16526020
16363860
16344276
16364804
16442832
16445192
16364676
16366340
16336164
16323956
16457172
16329188
16330672
16363736
16350280
16456416
16379796
16352748
16364636
16371552
16465524
16334576
16344124
16457536
16325620
16349224
16367784
16354468
16400376
16444384
16343316
16331768
16377860
16390624
16411672
16362172
16360068
16366792
16347708
16421864
16330204
16378956
16349444
16394436
16675648
17291412
16362600
16331788
16375136
16362580
16371496
16315368
16415092
16417716
16385280
16379916
16329040
16395848
16431332
16333740
16592052
16391620
16342780
16442720
16425032
16383972
16360268
16365060
16435372
16349776
16370688
16366300
16350304
16433940
16329348
16368612
16368972
16354256
16408284
16361268
16330840
16393816
16400840
16359260
16365492
16364668
16378304
16435988
16348328
16355492
16370580
16345304
16494448
16328820
16354864
16361788
16341996
16414548
16353744
16361364
16354804
16351532
16459312
16370052
16380208
16407980
16387712
16388124
16333600
16317160
16433924
16404876
16321624
16412396
16349824
16396428
16436584
16353792
16379420
16341424
16775232
16433056
16366956
16350500
16407968
16341240
16410464
16395172
16359592
16396888
17087932
16596924
16349928
16384180
16333564
16453756
16356900
16341596
16355704
16335376
16448856
16368988
16367796
16358348
16375936
16429980
16374844
16354612
16339988
16384988
16436368
16335808
16354860
16431112
16335184
16364176
16372840
16357560
16395156
16330760
16434472
16372736
16365536
16353228
16381940
16494168
16356856
16352872
16479524
16329468
16411004
16358652
16352048
16420624
16440724
16346236
16327068
16341384
16391016
16450260
16355172
16354476
16372100
16368796
16452240
16356508
16756596
16362568
16360732
16420092
16385696
16441836
16368104
16418244
16583396
17074312
16803028
16332472
16447176
16375528
16393456
16394676
16306620
16324820
16792088
16596280
16365928
16425900
16376472
16357304
16424252
16359452
16360588
16441108
16364392
16386912
16384588
16330624
16452488
16390320
16377308
16381920
16329044
16429316
16343268
16399000
16394616
16406792
16314428
16357120
16346340
16385416
 
16439588
16386480
16360764
16385640
16365204
16449364
16343980
16330640
16554436
16355084
16481992
16360324
16352640
16338136
16356640
16435980
16357336
16350696
16354740
16367552
16404168
16344408
16373872
16406568
16419604
16360772
16658164
16400516
16392912
16465544
16357340
16350020
16379712
16693784
16402096
16373488
16360280
16350860
16354552
16404636
17258924
16471420
16387676
16403052
16387568
16342588
16336472
16385676
16460412
16369752
16317984
16368600
16392236
16309920
16413008
16391412
16376188
16375680
16386464
16372968
16394896
16342308
16344804
16417788
16354740
16403668
16358304
16360304
16401280
16387036
16371956
16356252
16382668
16375132
16403184
16384464
16326720
16418116
16365928
16403236
16359796
16345000
16465876
16319444
16354592
16358424
16346976
16462908
16328428
16351164
16367112
16348644
16425320
16389956
16380764
16358184
16379396
16420224
16328736
16360420
16407464
16331588
16448232
16338128
16366312
16395448
16457396
16405716
16360900
16335300
16372684
16456004
16340992
16388332
16361040
16592876
16944292
16421048
16364752
16401140
16328044
16429028
16339140
16348916
16333548
16654624
17139808
16491912
16365876
16334108
16396352
16344488
16397440
16372040
16424856
16399528
16415048
16359732
16379488
16347416
16393244
16405344
16365756
16373212
16397068
16399696
16382824
16406436
16357236
16378224
16387836
16425240
16465096
16344696
16393728
16397424
16353896
16357884
16358352
16396632
16347724
16409368
16360104
16346888
16432932
16371468
16353988
16419436
16372200
16396432
16398512
16348168
16371760
16406812
16380828
16381000
16360080
16354140
16395040
16559376
16373404
16361200
16372500
16372688
16394764
16402284
16370116
16342540
16403888
16413632
16372160
16383236
16295216
16436624
16365080
16384628
16377224
16333032
16406416
16377872
16368576
16478660
16356188
16391064
16379708
16422944
16377160
16364188
16414260
16411212
16380988
16356820
16423008
16399404
16388468
16337136
16389032
16454252
16369152
16356000
16324340
16410904
16460160
16380108
16364552
16336080
16386884
16604608
16380888
16403996
16337952
16389676
16463772
16329232
16395576
16373340
16382148
16403996
16391788
16347560
16408984
16361424
16368840
16345200
16377588
16330256
16395992
16375836
16405372
18058700
17292104
16369360
16330876
16363548
16342876
16345504
16433700
16375088
16346352
17292772
16744260
16375816
16373340
16362852
16326680
16376372
16364228
16367116
16365788
16353124
16435620
16351864
16372660
16372672
16383980
16414280
16357564
16421344
16365288
16334852
16451144
16366084
16418952
16378152
16341768
16417104
16367924
16353152
16375972
16341584
16410288
16336452
16386276
16329684
16379432
16369328
16521576
16386356
16341964
16360476
16371020
16412988
16358260
16381964
16399020
16366912
16380064
16385264
16369228
16396092
16410268
16347868
16383424
16403516
16437604
16399160
16388368
16388908
16371068
16824308
17002460
16583244
16304712
16410080
16351024
16361280
16408468
16374620
16344588
16438536
16367888
16412872
16346068
16357596
16413028
16431072
16387236
16398244
16374444
16387972
16370088
16399936
16359332
16383508
16405548
16371440
16358528
16387204
16453656
16336768
16353404
16379820
16336452
16436140
16384472
16312612
16335648
16364464
16400608
16428988
16380492
16340916
16390948
16390664
16399816
16373404
16342220
16400168
16367040
16355932
16405364
16344716
16437812
16358836
16358656
16385296
16327456
16403804
16352752
16392660
16378676
16338248
16402248
16382964
16371776
16409996
16356504
16445792
16370796
16371064
16319596
16386388
16380504
16391228
16361344
16334780
16374996
16349356
16372952
16454128
16290368
16340692
16395984
16528852
16597704
16391768
16366840
16418008
16338416
16368048
16387516
16379700
16379692
16365468
16350428
16339820
16404876
16347032
16398812
16366740
16327636
16373332
16358972
16367444
16375540
16339228
16409224
16357452
16330768
16359892
16381536
16398584
16351100
16356288
16353804
16368736
16419680
16347608
16352364
16357920
16398744
16379976
16352268
16378452
16341148
16413392
16375188
16363396
16416144
16371984
16412024
16340256
16392560
16371096
16353140
16397844
16330920
16366696
16337328
16317892
16395928
16379908
16372332
16339776
16359456
16391104
16380300
16353632
16390468
16386660
16407024
16370364
16367936
16352812
16393168
16362496
16344144
16379972
16310852
16406588
16402316
16391112
16352872
16411736
16366412
16386740
16404956
16360104
16328676
17053948
16773796
16354468
16325424
16356760
16342580
16386952
16387072
16353548
16410984
16380232
16379304
16350172
16327560
16407332
16356804
16382664
16347480
16324208
16398684
16345536
16331784
16367460
16338148
16413516
16382672
16367744
16333284
16361476
16459024
16325728
16331172
16380964
16395232
16326732
16372664
16353304
16362504
16452708
16342484
16334888
16375224
16362116
16420364
16329836
16350612
16366908
16317792
16453788
16362864
16330900
16344144
16322372
16414884
16332120
16377732
16351444
16389468
16408184
16370376
16387400
16317816
16415352
16488592
16381644
16365068
16363824
16349896
16383344
16407988
16382292
16358536
16353216
16369988
16349460
16387780
16369008
16376568
16382500
16409052
16362796
16356136
16440720
16421292
16367860
16343812
16373376
16377592
16371036
16374496
16344316
16355848
16388704
16408624
16366112
16388004
16347808
16370544
16374012
16356304
16328020
16363292
16443588
16327944
16359536
16321320
16420316
16400700
16370636
16343136
16326412
16350984
16408916
16379636
16391740
16393692
16352908
16338436
16379320
16350936
16383684
16367440
16397748
16335944
16337136
16452968
16447904
16340248
16377368
16326760
16324560
16379292
16399028
16352792
16354416
16386780
16367008
16368416
16367132
16333076
16469420
16449224
16386412
16369648
16354532
16421936
16341736
16357236
16400196
16712648
16435728
16423956
16341860
16362792
16352888
16374444
16353516
16355604
16320764
16393132
16367300
16370756
16372908
16363208
16411156
16373912
16401024
16377656
16325924
16377100
16369436
16391512
16384212
16351236
16413852
16407772
16395980
16376308
16387256
16419424
16363528
16364508
16343716
16372456
16416308
16400008
16403660
16351676
16354872
16405436
16438160
16423496
16346556
16399236
16355776
16431788
16350964
16315504
16378744
16386640
16372800
16395572
16343360
16391868
16376436
16389608
16400840
16331296
16363436
16364264
16337572
16359048
16382784
16385292
16374780
16392400
16393624
16327700
16366080
16389332
16359640
16389640
16433460
16416028
16390876
16386400
16420488
16387056
16391020
16357504
16442628
16378772
16376100
16421188
16390292
16355752
16335952
16437548
16370852
16375336
16376280
16322712
16391068
16416964
16370844
16368044
16419692
16363872
16372144
16399924
16375300
16374288
16400972
16387008
16402444
16357096
16339412
16370960
16346824
16375888
16319084
16541228
16351676
16371280
16400260
16321904
16396372
16369912
16349328
16349408
16328064
16402996
16388336
16378000
16354692
16340364
16395892
16399820
16374668
16391292
16343952
16394716
16378764
16359996
16384488
16381412
16364912
16337876
16329140
16347760
16375552
16390220
23194528
16891812
16316500
16432104
16359220
16373808
16367972
16304372
16425512
16363796
16318324
16354528
16364420
16434744
16356628
16361880
16327860
16355196
16395744
16385836
16371636
16380712
16360172
16412768
16344284
16383992
16357508
16382392
16427536
16398308
16343144
16397060
16418316
16313456
16378660
16338968
16357724
16359176
16421300
16352524
16339328
16403924
16365476
16391608
16357056
16371392
16311460
16477272
16332824
16467632
16367848
16335252
16429936
16369752
16381264
16366480
16339116
16448172
16323744
16393564
16413396
16350984
16422908
16381532
16358744
16365724
16364700
16440348
16401992
16362924
16368840
16356880
16423292
16372520
16358280
16351160
16372916
16405708
16353960
16334800
16305976
16366128
16336092
16346312
16388108
17140768
16665460
16422384
16349420
16383220
16356088
16423912
16379128
16387532
16377112
16354168
16414072
16355656
16377248
16374008
16349412
16457220
16341184
16340648
16394692
16379840
16352608
16328136
16390668
16380640
16427248
16364032
16364024
16322908
16409664
16456756
16325392
16332592
16342540
16348612
16452960
16372816
16358312
16325996
16343236
16457008
16350184
16406148
16367608
16346900
16444248
16365816
16339488
16392532
16433044
16372300
16356224
16336092
16374264
16440472
16325264
16362168
16351768
16365304
16471232
16329600
16336648
16380576
16340620
16416912
16361072
16381464
16384740
17080072
16568912
16369800
16361036
16353888
16389168
16367608
16359464
16398980
16319960
16438412
16358768
16377680
16370396
16323516
16389824
16384612
16421960
16371588
16364384
16444836
16350256
16376104
16358392
16371452
16410736
16395136
16360764
16351776
16388376
16394364
16394108
16366348
16335724
16404316
16394480
16394552
16380108
16344572
16373048
16372892
16366552
16398736
16324992
16397620
16377384
16371080
16378028
16339772
16431288
16368980
16363868
16411564
16358936
16406092
16366380
16409624
16391656
16353688
16400412
16378140
16351812
16347336
16392396
16408540
16428808
 
