Procesando...
  Filtro             : sierpinski
  Implementación     : C
  Archivo de entrada : lena.256x256.bmp
2660136
2711980
2703116
2653960
2654704
2654680
2656404
2653212
2659536
2662784
2718052
2719868
2671612
2694456
2657472
2659008
2656540
2654272
2653312
2662924
2689268
2655512
2678580
2664208
2655008
2703364
2654680
2653540
2707320
2654752
2660400
2705460
2656624
2678536
2709512
2656084
2654092
2708884
2654168
2654456
2682000
2679676
2654960
2694236
2660276
2653404
2656780
2654512
2653836
2653880
2657552
2656112
2653964
2698444
2666732
2654060
2654312
2655104
2647688
2700544
2658792
2679104
2751120
2654796
2688712
2728656
2654964
2654400
2704704
2649852
2655336
2706916
2654628
2648352
2654868
2654772
2736488
2655140
2658200
2700340
2654472
2655940
2668200
2659824
2677544
2690924
2657324
2654500
2655432
2647484
2657276
2648260
2658136
2675448
2656112
2699480
2654952
2654900
2703600
2648228
2655172
2647896
2660124
2685628
2667492
2675316
2663800
2661200
2649056
2705816
2655868
2647316
2658044
2655984
2648872
2654768
2705704
2654836
2655084
2653736
2656116
2646768
2655824
2666900
2748720
2656408
2687756
2736040
2652428
2710804
2651916
2670372
2655904
2654792
2709476
2656172
2652184
2656548
2657880
2658820
2654220
2655276
2654320
2649124
2673540
2683536
2714124
2691652
2658828
2721328
2654688
2655560
2704364
2656300
2715852
2649696
2715104
2649264
2659060
2657116
2656976
2655172
2647292
2650472
2650832
2678512
2679060
2657376
2684276
2713828
2661524
2654220
2699072
2657868
2654416
2655004
2649860
2655708
2713344
2654612
2649840
2650556
2657276
2716400
2713676
2660640
2692340
2742124
2680956
2689732
2660760
2654468
2654732
2657040
2653820
2655608
2648564
2658980
2657428
2712828
2649764
2655572
2655432
2654504
2655352
2656856
2654008
2683592
2656880
2673716
2680976
2658016
2648296
2656092
2654956
2719176
2656816
2648144
2656296
2702152
2654456
2713212
2654628
2654656
2706448
2655004
2647268
2657092
2678012
2656540
2682324
2734564
2656052
2648748
2654672
2654576
2648396
2650852
2655064
2655020
2652776
2654876
2654484
2654436
2694180
2657380
2709224
2655504
2667808
2677380
2655568
2760432
2659148
2647552
2651220
2655768
2654756
2650988
2656064
2648924
2649820
2661392
2708508
2653324
2647700
2657696
2654020
2711224
2655116
2670056
2683088
2653872
2759004
2652408
2703720
2655452
2710884
2649924
2650208
2655556
2647692
2649904
2656652
2655572
2712900
2653576
2647108
2654204
2659184
2711496
2671776
2667868
2662720
2695776
2732660
2655480
2653796
2708780
2648496
2647840
2693288
2654652
2648000
2656224
2653560
2652816
2657120
2654188
2652768
2656408
2655616
2682304
2654736
2670456
2684776
2655120
2657232
2655144
2654428
2647612
2649508
2656576
2654204
2658780
2655236
2647944
2658180
2654664
2704640
2655056
2653912
2702012
2780148
2864152
3011068
2941268
2830776
2728608
2799976
2699372
2673840
2654896
2670644
2658112
2657644
2656788
2655788
2655004
2647392
2738592
2668828
2708748
2658600
2680148
2730032
2672480
2648832
2654924
2672848
2654120
2652992
2654964
2649068
2656052
2679708
2671528
2655716
2654868
2653556
2655156
2647576
2682932
2702736
2655776
2696164
2656348
2648272
2659420
2650100
2656844
2655528
2655012
2654452
2654968
2653808
2653452
2656452
2653908
2646992
2657160
2704404
2656804
2674552
2731212
2669780
2750624
2655604
2655632
2662592
2654348
2654368
2648028
2655764
2654640
2653252
2655452
2654984
2647656
2704044
2654048
2659964
2700628
2657040
2680852
2653456
2674436
2742588
2648940
2655168
2654884
2653460
2655592
2649076
2655096
2707220
2655792
2648888
2660540
2696216
2653768
2653184
2647292
2649736
2704384
2682228
2655556
2673512
2685432
2654396
2713156
2665620
2658848
2654256
2650148
2655948
2714148
2654196
2655032
2700044
2658012
2648168
2684336
2653960
2653932
2684840
2683852
2648936
2732612
2723048
2653800
2694740
2650984
2654496
2654244
2652996
2657932
2653696
2660316
2653396
2703996
2647644
2700952
2651132
2666012
2648484
2704640
2684196
2697988
2694096
2658368
2657160
2655192
2654800
2657700
2655404
2653356
2650320
2657140
2649316
2654468
2654500
2698040
2656404
2646932
2656952
2653388
2677948
2684764
2658876
2686352
2717220
2658640
2656216
2649748
2698772
2659800
2653792
2707708
2648732
2669628
2677624
2654920
2653724
2654812
2648388
2656772
2655624
2685508
2673208
2702944
2692136
2712636
2652788
2650064
2653904
2653300
2656556
2648192
2651304
2660140
2653288
2705980
2647892
2649108
2650000
2649552
2656580
2648708
2676208
2702808
2686512
2683472
2659960
2658760
2652912
2655264
2653936
2660464
2698108
2653620
2649872
2660112
2648228
2656336
2647484
2654532
2652952
2706664
2656956
2679300
2697192
2679980
2732288
2652968
2660084
2655100
2715420
2657760
2659448
2697892
2657244
2656796
2696184
2648540
2716664
2654904
2653604
2693340
2657880
2685732
2694164
2649596
2684368
2661772
2652384
2692292
2650664
2656432
2656180
2646756
2661672
2653636
2656200
2696032
2653880
2647500
2650268
2648544
2656188
2653560
2728068
2715588
2755600
2809012
2786376
2790340
2779612
2743340
2774960
2889900
2900536
2874060
3011260
2751700
2783564
2706204
2648560
2701872
2655820
2656008
2698984
2689568
2663088
2733312
2685860
2647236
2690860
2653864
2653248
2679764
2656980
2648388
2664864
2653664
2648184
2654800
2649204
2691904
2648784
2660932
2656552
2647776
2684684
2650720
2670296
2727460
2647080
2656552
2654084
2680768
2648732
2659796
2654224
2648268
2693828
2663032
2663216
2657132
2653344
2648848
2705376
2655232
2673732
2741992
2650648
2684592
2658212
2654140
2654512
2655100
2654112
2656852
2647832
2650744
2656668
2654876
2663228
2654648
2654964
2699940
2647572
2698728
2656188
2677712
2733208
2647848
2696340
2653980
2654780
2647184
2654664
2654296
2705104
2654548
2654272
2698232
2648060
2648720
2659716
2654044
2698820
2654396
2653792
2655732
2673668
2674348
2663704
2694064
2653676
2656532
2670960
2657732
2654616
2648176
2655648
2655056
2653964
2663540
2648080
2699836
2654812
2653632
2697028
2655192
2658128
2724388
2655080
2681124
2692640
2647700
2696700
2655520
2648084
2654356
2647992
2655304
2659260
2654000
2654436
2657676
2655304
2655252
2658932
2655288
2647644
2654656
2682664
2646252
2680028
2689508
2653716
2702468
2648020
2699756
2656564
2656456
2647684
2655772
2654884
2655588
2655144
2654944
2648124
2647832
2654008
2708388
2661396
2671108
2649864
2679284
2655448
2654544
2705260
2648544
2654156
2655624
2653876
2654644
2654248
2701492
2647744
2657280
2658952
2657296
2654192
2658696
2696456
2672124
2727820
2659608
2691656
2718288
2656084
2653484
2684344
2648416
2656360
2656664
2661648
2648384
2657208
2652624
2708584
2647748
2696620
2653720
2647908
2654808
2676184
2660892
2669252
2693460
2653968
2649292
2654500
2703076
2654316
2647668
2655076
2648248
2655596
2648204
2695744
2653224
2658120
2699160
2654676
2653396
2689072
2680304
2702264
2671752
2731820
2655124
2659448
2695352
2656044
2703096
2648084
2656444
2652480
2668228
2656252
2697808
2654100
2653648
2695996
2684824
2653556
2667812
2679120
2653304
2694164
2685080
2649004
2652216
2752856
2743668
2816964
2657036
2659400
2653724
2709320
2654176
2652996
2697028
2648548
2700816
2660488
2653072
2688120
2680792
2661628
2695944
2649692
2656508
2655044
2655120
2654952
2648044
2654980
2756152
2762524
2838220
2784408
2786444
2786056
2778128
2942284
2896524
2671072
2677288
2650600
2676944
2687040
2719796
2654716
2647908
2649508
2648604
2650532
2654040
2654116
2704932
2654404
2654120
2697452
2653988
2655244
2692736
2648312
2658868
2676448
2651968
2668268
2680504
2654380
2654504
2647572
2649680
2648368
2692420
2694308
2664492
2655116
2702644
2653612
2654116
2654692
2654984
2659180
2655604
2657464
2683372
2644204
2682752
2704048
2657868
2653680
2699752
2655968
2655528
2690244
2649640
2704292
2650024
2699468
2655800
2648096
2649376
2648948
2650160
2649408
2677532
2676080
2653152
2696240
2647320
2662924
2654212
2705428
2653640
2647804
2655448
2698864
2654516
2657740
2694168
2648524
2657284
2701320
2648792
2656768
2648252
2675292
2683024
2724368
2686608
2654796
2698716
2654300
2654264
2647108
2724424
2653888
2658156
2702384
2648284
2650532
2656052
2654740
2655972
2653984
2647736
2664072
2741928
2665568
2675304
2750180
2655320
 
2656744
2649200
2648668
2701144
2657448
2656528
2654552
2657148
2654356
2653712
2647620
2655532
2648916
2655092
2711380
2654084
2674328
2695800
2727096
2684176
2664568
2657300
2647772
2654976
2655448
2647016
2649008
2655176
2653656
2705420
2647976
2655224
2655272
2653808
2655048
2647932
2703636
2679596
2644556
2678456
2662688
2659816
2653916
2711776
2657176
2656148
2698072
2656056
2653560
2676188
2647876
2655256
2654400
2653116
2655244
2647504
2650816
2670912
2679596
2724084
2691608
2659044
2699612
2660940
2653508
2654872
2655116
2658972
2704404
2655564
2653884
2694184
2655868
2648596
2656208
2654580
2714000
2655448
2677584
2739156
2658476
2743216
2660312
2657952
2657832
2657716
2648352
2658928
2654556
2767652
2659992
2653268
2653880
2646936
2650352
2670516
2654792
2653968
2649240
2686748
2663400
2688604
2684684
2658812
2647160
2649740
2655900
2660228
2652816
2694568
2655176
2693204
2649032
2875292
3023468
3111420
2916188
2661300
2711380
2656852
2713400
2650964
2668032
2682908
2662196
2648880
2668032
2653836
2655748
2653676
2648128
2650440
2686080
2660324
2698788
2648848
2661464
2654136
2654816
2659920
2725064
2699772
2650892
2753996
2658260
2654500
2697004
2648796
2650972
2654888
2655384
2655800
2647232
2658664
2647924
2655780
2648124
2656332
2655956
2655408
2647812
2682828
2676624
2715668
2688352
2648016
2655796
2654284
2703736
2656580
2662308
2655984
2660284
2691424
2655220
2698012
2656280
2697968
2659756
2703936
2656332
2654476
2719580
2667860
2721000
2693640
2652208
2656488
2658304
2705608
2653824
2657356
2695688
2654176
2647432
2649132
2656020
2660028
2647980
2655504
2696124
2662404
2654036
2730376
2663324
2735956
2683976
2655184
2655128
2656124
2654436
2655088
2655756
2653588
2661436
2654760
2647552
2648580
2655532
2656216
2655644
2705556
2654080
2653032
2734228
2645660
2681960
2691804
2654016
2653932
2653708
2653320
2654732
2649256
2656432
2654404
2654420
2653312
2648964
2649736
2661340
2701916
2655540
2652992
2659624
2683472
2643488
2684416
2654296
2655436
2656872
2654016
2647348
2701812
2655608
2653916
2657396
2655484
2657868
2647320
2656940
2647944
2656604
2652936
2706404
2677668
2670400
2645152
2717676
2705136
2659420
2648368
2656144
2669140
2656852
2698660
2650284
2655992
2716196
2648148
2656540
2655888
2702420
2648432
2656360
2705512
2707316
2684900
2710520
2700328
2660380
2660456
2654552
2673496
2681944
2653864
2698256
2655580
2700952
2655676
2671652
2649512
2649116
2656440
2648392
2698512
2648228
2685372
2668688
2651264
2708840
2654776
2654692
2654656
2699796
2656948
2648144
2656648
2653956
2648476
2698280
2656112
2647456
2689256
2655112
2653432
2654608
2656092
2662144
2661900
2727052
2685836
2653680
2701452
2665116
2666604
2696704
2655340
2655112
2672568
2656400
2659608
2697836
2655624
2653808
2698156
2659008
2653748
2739960
2680192
2655212
2740316
2660260
2659136
2655412
2655208
2648704
2664552
2663692
2734612
2659368
2655684
2700496
2656140
2656908
2694172
2655168
2657276
2699532
2679076
2718912
2660280
2684960
2707704
2658984
2674612
2656832
2648080
2660548
2655124
2648056
2656064
2653980
2649584
2654432
2698640
2654312
2659716
2696656
2648436
2717172
2658540
2679336
2749820
2659352
2651856
2649596
2725052
2649504
2655876
2703516
2655508
2663228
2698936
2656008
2654848
2702848
2657964
2664628
2693736
2654368
2680236
2688344
2683876
2682816
2723224
2659128
2654500
2694632
2657004
2655532
2705920
2649556
2655924
2671284
2657960
2657100
2655664
2706736
2654948
2654472
2694684
2676760
2648740
2709916
2666452
2655248
2654704
2654004
2655056
2654956
2647564
2656836
2648436
2657212
2709560
2659012
2654108
2648264
2656152
2654600
2655848
2658128
2677284
2653672
2680104
2661412
2655812
2655792
2653796
2701676
2654460
2653264
2699648
2655204
2654944
2704252
2659084
2656964
2691184
2658864
2708652
2656724
2681072
2737528
2653108
2752940
2660124
2712208
2654304
2654776
2688356
2656328
2707540
2658940
2654780
2702016
2656284
2655640
2648564
2649104
2656332
2653920
2657988
2674940
2679196
2713704
2686304
2658360
2706544
2647956
2657772
2661256
2649120
2657836
2655496
2708520
2654176
2653828
2693572
2672428
2654324
2655744
2655656
2646912
2678888
2657580
2732604
2685404
2658100
2711088
2648700
2696080
2655136
2656016
2697024
2659532
2651084
2656056
2648344
2665828
2654712
2647536
2655876
2700740
2658088
2684976
2700320
2670140
2673996
2652560
2657864
2654296
2708540
2654132
2654276
2690632
2658584
2704200
2656712
2654192
2654124
2648068
2649872
2660116
2656500
2660296
2680916
2649204
2674424
2667896
2656304
2654024
2695984
2870512
4103000
2818664
2720648
2655752
2647156
2655508
2654200
2683932
2654680
2649656
2696784
2655560
2679260
2750144
2657704
2681904
2703492
2656204
2653908
2700744
2654996
2654016
2647608
2655704
2649024
2670676
2654744
2654960
2648296
2698432
2654160
2656488
2709040
2677896
2650696
2736124
2689980
2655652
2702672
2656576
2655300
2689752
2654492
2654756
2680612
2656032
2654440
2709292
2648488
2705824
2649200
2788008
2786036
2785156
3017044
2658584
2709124
2680408
2693052
2658180
2657776
2707832
2662484
2653664
2697772
2656008
2701628
2657640
2655988
2658560
2655028
2648132
2657020
2666388
2674104
2686524
2705520
2692480
2715252
2649244
2656844
2654496
2704648
2656376
2712896
2654892
2648496
2669940
2743496
2657916
2656308
2697492
2649572
2656652
2655088
2679756
2684620
2660832
2696124
2656296
2648488
2659268
2653684
2656236
2654804
2659840
2705776
2649284
2689700
2697724
2655632
2655604
2702440
2662956
2660428
2705244
2672564
2665200
2677980
2681188
2659684
2655656
2648028
2655896
2653260
2655300
2654412
2648788
2656980
2664648
2656640
2655196
2700556
2648404
2695092
2648600
2656604
2741600
2652112
2674952
2686104
2656524
2656108
2654076
2655572
2654876
2654208
2650208
2656428
2650056
2657044
2656556
2655048
2658368
2655436
2649664
2648720
2696568
2727088
2653640
2736308
2659632
2690760
2660104
2709928
2650084
2650136
2650160
2655864
2701392
2656392
2656196
2709112
2648524
2695304
2649152
2649544
2650656
2662428
2722376
2646092
2687992
2657240
2655548
2648488
2655868
2655004
2655788
2655476
2656412
2655472
2648236
2658260
2703864
2656160
2661936
2706644
2656024
2655436
2716236
2677328
2647212
2704716
2655000
2714508
2655424
2649364
2659248
2656860
2706784
2655796
2655304
2657716
2647976
2655648
2647416
2658004
2710048
2654492
2654904
2732152
2676724
2682032
2689536
2655112
2654824
2655888
2648236
2654536
2657744
2649900
2655868
2657764
2709756
2660184
2649168
2703728
2657164
2656464
2696668
2655452
2738232
2652368
2678800
2738192
2656424
2707660
2649292
2698216
2654764
2652956
2697572
2657456
2650576
2654792
2655592
2653244
2655860
2654532
2647240
2656028
2684304
2716968
2651864
2689596
2708324
2654904
2704180
2655580
2653776
2703444
2648964
2702880
2656896
2654152
2698024
2667512
2648972
2696812
2658160
2655328
2707568
2687036
2680144
2656320
2690716
2660280
2666116
2655960
2653828
2690248
2657556
2656596
2653920
2655924
2694580
2656416
2702356
2656348
2706968
2648900
2657828
2713164
2678500
2679012
2713776
2680596
2707884
2694744
2656276
2655504
2702464
2649376
2650996
2655224
2703572
2655080
2660588
2699900
2649052
2653180
2649856
2651384
2658216
2677992
2718716
2683648
2689044
2663544
2655288
2650184
2657612
2655952
2701108
2658764
2707028
2651288
2698256
2657028
2648972
2651560
2650484
2690612
2651140
2649784
2720996
2652312
2678896
2725684
2695820
2655200
2656408
2696804
2648520
2695564
2678752
2649244
2648640
2650092
2698600
2649880
2700220
2652364
2705344
2656448
2671440
2751496
2651876
2683624
2707452
2656004
2648304
2649940
2702680
2651132
2698812
2655440
2647644
2660120
2656952
2710944
2655128
2648752
2656296
2654324
2699996
2681668
2736020
2654464
2685916
2713556
2652444
2652572
2697564
2693428
2651916
2649916
2658728
2655592
2706612
2654728
2647892
2658764
2655684
2655000
2657280
2650032
2724344
2682212
2660320
2751312
2654504
2654844
2695572
2652488
2695112
2656412
2647836
2660900
2648340
2657768
2705840
2648252
2657484
2655520
2656492
2655280
2654432
2673424
2721156
2676912
2679920
2665208
2660676
2707640
 
2650340
2657280
2708708
2656608
2648168
2650980
2655176
2648988
2650888
2650228
2650308
2656912
2649376
2656820
2690584
2651324
2670860
2690920
2700128
2696236
2658336
2656008
2728988
2649156
2656600
2703252
2648644
2655424
2648252
2661668
2654368
2649372
2656616
2648120
2656988
2680508
2651684
2742780
2649856
2660972
2650840
2656180
2648176
2699068
2662288
2655128
2701916
2655792
2655120
2694664
2705496
2657416
2666076
2656108
2654968
2682944
2746396
2652096
2680296
2649976
2649068
2650968
2717360
2650264
2656652
2703200
2650728
2829468
2743340
2733552
2655368
2653996
2676392
2655500
2653884
2682372
2684484
2645472
2671560
2715984
2658212
2649324
2655700
2655824
2655156
2654612
2653960
2654440
2659080
2656704
2654684
2648884
2656816
2707964
2655036
2651980
2655624
2676028
2728760
2674820
2670476
2716724
2649584
2705664
2649984
2669188
2654672
2655412
2654160
2654620
2659624
2654716
2675828
2660176
2657484
2653880
2683572
2666492
2689908
2654228
2688476
2656712
2656536
2655272
2654804
2648796
2656644
2657356
2654000
2654712
2648760
2650216
2676324
2654436
2653424
2654420
2654692
2655576
2678588
2678444
2651992
2693924
2662480
2657004
2695728
2659400
2705448
2655892
2656064
2702624
2653240
2656828
2654520
2654064
2648732
2659640
2712860
2657664
2654872
2722872
2682644
2656552
2755128
2657528
2703772
2656120
2655768
2655944
2655820
2655980
2650152
2657232
2657000
2661392
2649584
2656528
2655144
2648492
2660380
2661204
2743620
2663052
2676496
2691864
2654412
2655712
2654912
2657512
2654060
2655740
2654564
2655024
2699800
2649624
2663008
2651292
2696340
2700480
2655356
2647620
2655968
2686864
2645460
2674032
2688484
2654880
2657320
2647016
2658612
2653740
2648816
2655524
2654864
2655136
2653656
2654724
2703148
2654976
2647772
2650184
2655800
2656636
2752500
2645708
2724240
2739488
2658676
2655912
2653920
2650140
2651856
2649088
2657560
2655368
2654012
2655648
2647372
2689148
2659356
2664148
2654000
2648120
2675860
2687096
2645732
2736356
2649840
2656672
2649152
2658008
2709288
2656036
2647984
2700148
2658232
2648624
2655748
2701252
2659700
2655224
2649672
2656168
2659196
2674872
2693268
2656216
2696420
2659056
2649304
2709640
2655404
2654512
2694752
2648856
2656572
2654260
2699456
2648976
2657348
2654668
2659436
2653176
2648640
2697792
2674284
2668560
2677096
2689828
2654300
2653696
2649584
2661392
2654548
2655680
2654796
2654280
2703188
2660792
2654392
2696868
2659456
2659976
2657552
2653800
2654968
2744908
2652916
2674704
2741272
2786420
2801452
2661504
2647864
2657808
2655932
2710532
2654716
2647624
2649200
2657884
2654988
2648808
2654876
2655748
2657796
2683264
2690208
2651544
2689632
2655648
2657544
2651304
2657268
2657136
2648528
3877976
2830828
2892344
2837052
2745188
2694496
2686352
2654572
2661732
2655352
2648468
2701248
2655128
2685548
2691600
2653372
2655952
2656288
2654820
2655652
2648736
2656872
2705220
2650216
2704840
2655608
2654388
2706132
2648724
2650912
2649340
2658944
2682456
2867276
2794276
2918212
2726080
2789432
2664208
2651240
2649720
2674652
2648284
2651260
2650960
2700804
2648900
2651816
2657320
2648880
2703408
2649300
2667000
2691032
2645628
2680268
2662848
2703388
2648580
2659908
2653888
2653548
2654676
2660936
2648404
2660148
2653524
2724112
2673392
2656640
2702976
2648908
2656032
2669932
2675932
2654996
2698944
2648348
2658112
2659100
2656088
2647512
2706328
2649424
2705404
2656016
2654516
2654476
2655856
2653592
2656212
2652352
2656968
2647876
2716736
2681948
2652244
2762524
2704696
2654548
2654456
2701948
2650268
2656176
2663120
2649672
2650856
2705720
2654412
2655124
2707068
2648896
2650216
2657164
2655368
2672480
2681396
2720604
2695164
2659580
2710212
2655776
2712440
2655304
2660864
2698496
2657068
2653932
2651868
2696660
2703264
2654076
2659344
2715372
2655296
2654080
2763428
2664864
2672400
2737368
2661196
2654504
2699484
2655576
2654440
2681912
2654836
2653752
2654212
2655680
2655916
2653476
2655300
2659536
2654672
2704560
2661564
2807536
2776504
3060644
2861668
2914516
2932204
2945752
2734768
2773316
2741380
2792984
2661644
2647620
2657092
2654488
2674608
2660216
2713496
2660648
2655528
2738924
2656304
2680620
2746844
2663332
2669448
2655572
2713516
2655952
2710540
2654688
2660464
2715452
2647888
2672504
2679496
2654900
2647728
2700028
2654212
2667444
2745900
2654152
2674320
2737848
2653616
2653804
2701936
2655556
2658924
2697528
2654380
2712196
2647988
2654260
2654284
2663260
2654008
2656992
2655148
2653948
2717100
2668884
2701904
2693560
2724304
2653424
2656084
2655468
2648280
2706936
2649540
2656976
2648556
2696936
2654964
2650180
2650108
2678540
2662492
2739032
2649720
2686388
2680004
2648552
2687764
2658320
2659448
2658732
2655324
2657756
2678296
2656260
2656816
2647796
2663736
2654496
2722184
2654916
2649596
2656316
2649700
2649536
2674264
2749016
2659716
2687180
2724636
2706364
2648360
2702068
2653692
2653892
2646668
2649316
2656068
2648964
2648904
2657292
2647160
2656500
2653428
2649396
2654872
2735084
2666972
2667452
2689736
2656432
2727408
2654024
2650064
2655956
2656176
2707828
2656188
2704912
2656120
2704908
2704168
2647480
2663588
2650144
2650240
2654448
2677064
2651392
2669844
2690416
2660020
2660104
2707552
2654892
2655304
2703704
2648072
2659260
2688516
2656952
2648200
2657152
2655344
2658864
2653624
2655564
2702484
2673316
2698624
2673432
2673524
2712488
2654900
2648992
2654108
2660024
2653828
2654940
2655500
2654972
2649480
2649556
2656888
2701912
2649488
2702528
2655692
2674404
2737404
2651272
2677960
2656536
2647548
2656328
2648712
2707484
2654864
2654696
2701496
2654516
2654032
2696112
2647936
2652976
2658260
2653820
2654420
2654228
2670824
2653796
2677784
2681572
2654916
2661956
2654388
2701876
2656172
2648112
2665484
2718652
2659072
2653044
2696380
2659856
2655268
2704824
2649488
2656572
2680868
2774192
2650280
2693748
2718136
2655968
2655128
2649052
2659656
2648572
2670344
2679360
2654256
2656128
2700296
2648644
2658704
2700732
2653968
2653636
2701880
2683972
2674184
2655864
2710920
2670376
2662676
2665628
2659352
2663896
2654976
2718516
2654028
2648100
2739604
2896548
2968080
3149388
2812708
2990216
2891780
2847248
2956188
2952728
2959852
2858468
2720264
2676996
2655848
2674072
2655948
2653036
2674460
2654428
2654516
2667724
2655812
2654416
2654420
2655772
2656116
2657012
2663008
2678828
2654016
2676380
2657424
2652772
2671204
2654908
2654004
2670924
2657028
2647104
2655028
2653732
2683568
2653544
2653804
2653904
2651968
2653352
2655016
2673196
2673496
2651664
2681968
2658664
2654492
2655396
2704708
2653844
2647180
2655892
2654316
2703292
2655652
2711700
2656652
2658856
2693500
2649768
2655688
2654512
2670700
2679644
2657996
2686804
2649312
2650172
2704596
2655840
2655852
2685740
2656852
2653700
2656192
2655092
2648876
2658888
2654500
2709096
2654820
2654724
2693576
2671980
2666088
2667912
2684688
2658924
2655168
2648284
2689336
2656444
2654880
2709224
2654908
2655724
2701500
2649412
2696544
2656052
2647380
2655812
2651680
2653520
2729956
2656032
2677928
2742100
2658356
2656088
2692864
2654348
2655064
2687804
2648044
2695952
2696816
2655144
2647992
2650476
2648800
2654988
2707748
2653812
2648096
2728680
2648444
2683788
2671832
2657392
2709012
2653804
2648464
2657008
2655024
2705060
2654908
2656748
2648204
2650244
2670136
2653592
2693712
2648268
2654040
2692976
2680772
2653036
2684244
2657824
2653940
2652444
2654368
2654076
2653216
2655368
2655896
2647720
2647736
2659640
2704696
2655816
2655648
2697876
2656716
2705196
2683716
2654172
2726680
2687400
2662524
2686700
2657104
2654968
2655976
2656224
2656820
3083272
2810152
2672420
2656328
2709052
2648280
2658632
2655776
2655432
2664172
2685256
2652848
2680848
2685900
2661716
2657428
2647728
2660348
2648536
2694828
2648304
2668148
2654692
2690172
2653716
2658664
2655632
2653988
2654928
2655064
2690644
2696008
2654808
2682660
2648104
2656972
2648780
2649936
2656340
2654572
2712992
2660860
2654596
2696664
2658468
2657556
2656856
2658648
2656156
2661368
2649436
2714664
2731084
2709064
2991792
2997096
3264212
2928020
3056232
2918052
2975020
2662764
 
2655364
2658560
2654576
2655376
2656356
2648372
2695848
2648876
2688836
2655692
2734648
2665236
2678480
2744532
2654604
2654260
2692676
2655152
2647908
2661160
2647788
2657388
2648840
2656112
2655836
2718068
2655972
2655692
2692968
2654380
2656288
2727032
2651052
2675416
2737696
2660764
2655468
2700196
2654732
2653428
2647424
2656684
2649336
2658388
2654448
2654860
2647764
2702736
2648612
2662328
2663176
2655980
2681700
2718480
2671816
2661396
2711692
2657704
2660748
2701528
2655880
2654104
2699240
2655384
2647596
2693336
2656012
2656872
2696828
2657160
2710448
2649100
2668208
2679248
2652468
2686648
2655076
2657524
2654260
2655796
2649240
2656332
2704844
2655816
2707320
2666724
2654776
2703036
2650032
2700316
2655100
2655080
2659564
2678652
2689424
2647096
2687328
2653868
2655480
2648332
2658552
2648248
2654396
2653304
2660684
2653948
2702776
2658740
2647904
2654812
2654132
2705484
2657380
2655648
2710484
2652636
2702252
2677384
2655616
2648248
2655548
2653124
2702280
2659616
2654272
2709660
2656092
2657820
2703476
2653632
2657348
2696552
2655652
2654408
2668464
2673096
2656204
2749736
2655324
2650276
2660532
2649328
2649336
2657860
2706200
2656792
2655312
2990192
3073800
3017908
3096964
2919760
3164920
2912324
2945056
2916624
2851540
2796604
2704840
2732968
2680000
2656748
2700396
2658424
2650816
2658988
2700984
2658692
2713928
2660520
2655356
2693308
2662036
2655456
2649752
2656780
2682324
2656004
2681564
2695428
2658020
2655720
2660104
2656328
2648196
2670708
2656704
2715268
2660948
2656396
2702548
2656616
2658740
2656016
2656340
2694744
2670288
2677456
2686632
2693552
2659312
2655424
2654548
2653780
2655896
2649100
2678464
2651856
2655448
2668804
2686964
2656760
2655012
2691348
2656600
2703824
2650624
2688648
2743168
2657108
2690220
2708096
2654728
2655056
2697652
2649792
2651424
2657388
2655568
2649272
2700984
2651740
2659308
2654784
2655728
2649128
2657280
2705828
2676144
2675900
2660608
2697200
2657500
2649116
2656952
2704072
2653684
2647920
2657516
2655116
2702084
2652032
2711488
2649072
2700492
2654804
2654512
2696676
2655068
2670292
2719332
2678976
2693064
2716544
2654972
2657796
2692780
2662012
2704048
2657716
2710752
2658608
2649268
2685516
2662400
2656520
2702576
2658040
2656092
2655640
2684956
2647864
2678200
2746312
2660560
2648672
2659432
2653368
2706388
2657320
2655192
2705308
2655760
2648740
2656616
2654372
2654616
2709192
2659132
2655256
2694856
2677132
2658140
2678408
2666648
2655488
2655680
2654052
2653824
2698740
2654792
2654400
2701188
2655020
2653608
2698504
2656164
2655324
2692036
2656680
2655080
2743372
2677600
2652656
2765364
2661300
2704368
2650648
2655816
2657816
2655324
2656420
2658440
2650384
2661988
2656808
2648732
2657344
2654804
2655760
2656532
2656948
2677920
2677712
2653820
2687168
2653968
2702020
2659416
2648128
2657604
2697948
2654244
2648120
2652540
2655196
2708060
2658996
2649896
2665612
2650436
2649316
2652580
2676768
2657196
2675728
2677092
2657464
3116756
3359656
3052792
3027216
3059768
3068712
3064744
2662172
2655160
2655388
2689952
2731136
2660544
2673352
2655292
2658024
2682412
2652380
2676540
2704028
2650388
2649672
2652028
2655872
2673104
2656792
2700892
2656184
2653964
2704828
2648128
2656420
2653620
2654756
2654964
2655116
2672296
2671672
2650660
2691192
2654172
2654500
2654236
2656684
2655792
2655500
2647544
2654260
2653824
2652996
2648908
2669468
2654196
2714624
2655648
2648032
2656252
2682116
2721116
2674940
2682788
2649892
2657248
2649380
2657120
2654152
2655600
2658680
2655692
2649264
2656568
2655072
2655316
2654976
2655208
2653288
2735376
2669736
2685684
2656456
2672792
2676100
2664984
2703096
2654600
2653752
2693540
2657676
2654208
2697832
2653444
2649124
2655636
2647936
2650480
2705876
2654468
2660420
2702876
2682856
2652792
2675000
2669096
2651504
2653180
2661604
2653816
2689836
2649092
2651688
2656160
2654236
2654108
2653452
2702136
2655128
2648296
2656348
2653640
2681004
2687952
2643344
2692476
2654932
2717008
2656628
2654064
2699736
2654320
2648436
2694880
2658672
2654516
2647280
2661032
2647748
2649636
2656704
2653804
2707272
2674360
2679052
2717128
2688380
2651052
2657344
2648852
2657284
2649080
2660484
2659144
2706616
2655304
2654640
2694032
2655212
2648408
2655816
2654396
2653684
2659712
2691656
2649604
2667456
2663476
2720872
2654324
2650432
2656000
2657672
2706812
2654452
2652944
2698496
2654472
2657336
2710048
2656308
2654728
2698044
2654604
2795572
2876260
2942996
2985132
2926784
2997328
2782804
2722884
2867932
2832316
2727364
2721852
2655964
2653776
2699892
2655224
2658148
2697368
2648724
2654508
2655024
2683984
2687756
2656320
2698588
2656524
2656468
2654876
2646452
2660776
2658076
2654696
2654960
2648600
2648468
2657768
2654696
2653872
2655112
2656420
2655160
2654280
2678548
2668812
2667444
2689208
2654048
2710688
2657048
2658076
2700124
2654636
2656972
2701036
2655612
2653880
2697372
2657484
2650688
2656504
2708276
2654040
2653708
2735808
2646556
2673648
2687792
2757156
2828852
2746284
2777188
2719168
2693520
2656096
2654508
2675264
2657628
2654028
2655396
2648572
2658636
2654688
2679316
2665052
2668056
2764844
2655120
2647488
2706148
2658756
2658732
2697356
2649572
2648228
2695192
2648096
2648724
2647936
2656448
2654196
2647552
2654880
2705952
2675368
2653480
2725572
2750732
2649252
2648272
2658204
2703324
2656624
2655216
2699032
2693520
2655172
2709504
2654720
2647248
2659896
2657976
2650872
2656760
2655516
2678832
2651332
2680232
2674496
2652784
2656108
2652848
2654104
2708396
2649776
2653228
2701936
2703012
2655496
2654640
2703088
2648272
2656480
2653984
2655944
2667128
2682540
2650852
2679932
2660416
2658460
2653184
2654672
2655732
2648080
2661364
2657760
2657104
2654320
2648076
2656852
2655468
2656896
2648692
2700568
2649256
2680504
2742084
2657496
2689392
2730216
2654932
2654352
2700644
2659296
2655004
2696608
2649900
2648844
2654340
2710188
2654312
2655084
2710464
2654828
2654824
2702360
2671268
2679036
2721884
2694676
2649688
2650672
2654996
2654204
2709060
2654724
2657560
2654196
2654640
2654172
2652812
2653836
2653396
2653260
2647160
2655444
2647508
2672096
2655856
2686388
2695348
2656392
2655776
2650916
2685964
2655260
2648336
2660068
2659852
2710604
2654876
2650052
2656428
2649328
2664692
2740632
2803136
2681652
2684900
2730660
2689592
2647808
2655408
2654676
2709792
2653836
2656388
2698060
2653992
2648392
2655932
2655248
2697120
2658324
2653292
2647632
2687392
2654296
2678608
2686548
2653752
2686904
2654260
2650188
2649704
2664664
2653696
2681644
2654344
2657644
2697464
2649820
2657024
2654636
2708664
2658332
2655664
2695020
2658172
2679200
2666384
2723112
2695768
2654064
2714640
2649020
2702668
2656484
2653976
2699436
2648040
2662060
2657116
2655968
2655244
2652812
2654028
2652928
2656076
2654632
2681348
2655800
2681808
2773964
2660308
2707348
2656116
2654816
2648168
2655072
2702892
2655056
2656792
2648068
2658044
2652928
2648360
2655348
2653012
2653284
2655992
2676120
2699920
2798580
2685576
2705160
2657856
2647648
2688632
2700840
2654268
2647720
2688932
2654636
2653596
2661176
2653340
2654724
2647620
2649992
2789900
2802332
2678760
2651440
2695336
2657232
2653996
2648612
2655676
2654208
2656104
2653252
2654776
2693560
2654776
2657704
2706180
2655972
2653572
2695264
2658604
2700172
2673704
2718244
2657856
2693960
2725720
2654840
2647112
2655620
2655284
2706192
2654912
2658688
2697332
2657052
2653392
2654852
2655020
2648112
2648488
2663136
2654348
2681108
2712936
2673636
2734552
2655408
2657240
2696856
2648660
2651136
2655596
2659716
2654732
2654688
2654004
2654400
2654356
2653796
2653644
2698572
2665908
2652980
2725284
2656272
2736100
2689320
2653440
2706112
2656216
2654568
2697364
2654196
2654420
2692340
2649232
2649140
2725176
2648160
2703936
2653988
2653244
2696520
2657348
2682540
2651864
2678008
2663632
2659456
2655652
2654056
2650088
2657416
2649160
2699156
2656320
2654952
2656448
2655692
2654004
2658284
2655496
2655796
2648024
2671540
2677764
2651660
2695604
2663088
2661824
2647136
2656740
2654632
2702592
2657116
2707124
2654860
2654236
2693304
2653844
 
2707040
2662760
2654604
2697224
2657228
2673140
2680944
2654940
2691588
2659276
2647912
2692224
2748108
2733956
2655104
2648120
2654952
2647720
2657156
2653196
2654496
2654712
2655000
2646968
2649996
2704504
2690172
2649932
2744124
2678484
2652352
2649716
2658348
2652728
2654224
2654640
2654904
2653100
2704068
2899868
3110048
2666872
2654500
2717948
2653632
2653544
2731916
2686712
2721684
2690540
2714636
2648924
2655156
2659852
2647616
2695608
2647384
2660288
2655012
2705476
2647868
2697384
2653080
2654560
2691316
2649444
2649664
2726560
2671868
2660364
2753228
2658216
2648508
2661476
2651036
2700516
2655524
2656572
2699880
2654540
2647528
2659060
2660096
2711864
2649092
2650000
2649856
2662492
2736068
2646968
2681452
2684848
2654892
2697160
2657240
2647804
2664688
2648600
2698108
2657584
2794520
2766896
2653900
2654940
2656180
2675448
2656896
2677344
2667372
2684992
2645004
2743792
2658484
2654176
2750864
2653328
2661424
2684704
2648280
2658016
2655892
2653448
2655772
2655200
2660240
3185308
3137516
2752428
2961968
2744060
2721760
2678372
2699068
2698592
2659376
2682856
2660156
2660492
2699232
2654752
2653784
2693652
2649100
2654728
2654784
2653332
2653700
2677708
2656256
2653548
2677708
2677464
2656408
2694136
2653380
2657928
2655116
2653840
2653864
2654676
2647888
2699976
2658448
2653640
2717588
2647592
2658440
2704548
2651168
2656640
2647160
2725328
2659712
2675704
2688848
2648676
2655688
2647812
2672488
2655788
2647916
2708320
2685336
2701736
2717372
2672796
2654748
2688540
2681028
2651524
2740324
2677040
2743712
2709308
2689204
2724804
2649832
2754200
2660460
2652536
2710304
2705384
2678316
2655676
2648236
2676980
2732308
2656380
2652780
2692324
2684244
2656072
2714896
2675292
2651180
2782468
2651660
2669736
2666868
2655536
2654868
2654292
2654792
2662868
2660960
2680996
2655360
2680864
2648652
2714156
2654620
2655396
2694068
2674888
2661780
2679904
2685400
2659440
2726660
2664132
2700760
2655008
2654560
2697836
2659860
2676380
2665356
2837524
2717364
2648524
2664180
2714444
2668180
2682212
2746648
2667056
2743604
2653524
2656204
2657176
2654504
2715428
2662696
2682516
2659568
2657412
2687416
2668336
2654660
2665596
2708748
2649304
2653532
2663196
2692932
2656444
2681284
2699352
2658892
2662036
2648772
2659964
2659500
2647952
2654604
2659604
2715284
2654452
2657260
2702160
2665184
2651804
2729624
2739104
2806032
2848144
2734624
5268208
3321748
2672044
2653900
2715992
2650412
2718100
2649664
2678132
2709348
2678352
2658160
2712716
2663804
2651264
2696076
2651032
2670052
2743460
2683616
2664036
2747900
2673540
2660660
2683688
2669748
2650468
2830824
2742972
2807264
2809996
2700676
2713200
2654336
2689364
2652420
2671672
2679300
2751288
2694784
2699844
2711596
2664908
2651488
2659332
2658660
2656424
2655688
2805312
2665576
2669584
2650772
2655396
2704488
2649348
2655680
2710660
2685016
2683620
2710892
2687072
2653416
2714272
2662988
2684020
2656240
2670800
2655120
2647696
2659228
2650800
2651644
2657236
2647372
2651408
2694024
2649008
2697244
2685396
2674524
2659312
2684948
2671392
2653688
2656440
2653704
2654172
2655624
2656328
2648288
2656036
2655584
2701652
2660720
2704744
2654940
2708384
2654592
2655224
2682492
2663696
2679604
2700340
2661040
2658120
2697592
2656996
2648240
2656516
2647828
2655312
2666552
2654608
2727304
2653420
2653188
2671536
2657752
2647816
2655120
2682320
2654112
2675672
2670548
2658244
2663636
2710956
2652428
2662388
2656544
2655068
2655268
2664228
2656548
2650388
2662216
2648736
2669124
2654476
2712560
2679752
2736520
2650836
2685276
3133648
2806076
2871208
3046312
3302096
2796436
2716584
2670220
2649852
2655856
2649328
2656048
2711816
2654484
2655228
2696372
2655128
2686596
2709660
2673932
2676176
2701164
2657408
2650688
2657312
2699320
2656108
2651708
2694300
2649528
2659320
2656536
2655344
2709048
2653560
2658412
2700828
2661292
2681504
2724908
2677476
2665568
2711480
2649200
2651828
2665744
2789944
2759184
2651996
2657876
2654132
2649456
2687564
2759076
2785944
2784416
2809996
4446488
3066068
2676220
2680944
2717620
2653312
2653008
2663304
2668740
2654780
2657772
2655052
2654680
2872776
2729804
2654904
2654048
2697360
2664268
2719724
2713936
2824452
2680604
2721724
2708544
2656808
2717648
2653548
2652504
2696440
2657364
2656540
2708836
2654940
2652820
2660020
2653328
2648080
2656392
2660980
2657444
2654588
2683684
2650860
2678084
2680376
2663888
2654268
2659196
2656652
2653832
2654716
2682172
2655368
2661904
2657440
2649988
2648700
2647412
2647240
2655320
2656440
2679888
2706996
2646164
2675764
2655644
2679576
2656180
2652492
2677096
2655100
2654200
2671820
2655908
2647376
2654744
2654532
2654020
2649064
2655548
2648440
2654572
2673584
2684668
2651740
2693604
2655008
2656204
2702220
2647644
2700788
2655028
2655564
2710628
2655072
2650028
2654856
2654988
2654056
2654216
2648396
2671208
2851004
2681268
2668080
2724596
2705568
2718936
2655012
2658196
2734388
2655648
2657264
2653752
2659980
2655420
2653484
2654596
2660108
2696492
2671152
2654496
2655440
2653576
2831880
2653472
2692476
2732196
2661448
2656244
2663432
2654368
2658272
2702512
2647976
2715148
2662820
2654636
2740896
2654088
2657656
2693588
2648156
2664572
2758348
2684352
2664484
2697812
2657848
2653676
2666020
2701784
2768140
2682836
2659164
2654724
2654280
2648224
2664464
2717056
2821372
2667924
2654476
2654964
2671024
2680616
2682588
2649604
2768256
2667556
2656184
2697964
2655080
2687384
2680232
2679336
2656564
2647600
2656344
2656020
2684416
2674628
2655716
2687052
2648596
2655216
2713464
2652756
2702212
2705644
2667116
2648336
2668692
2648308
2663596
2656508
2718092
3038992
2764876
2728848
2748500
2659784
2648060
2656544
2658772
2674292
2690164
2671680
4218644
2694504
2654640
2725364
2668452
2655080
2656852
2656820
2692376
2655928
2655404
2712596
2653068
2667128
2706336
2654316
2646644
2655536
2647096
2670364
2654852
2725264
2698108
2656760
2709392
2653576
2654700
2769528
2649244
2692616
2683496
2653360
2655276
2678120
2692904
2781084
2726632
2651728
2655356
2672100
2743052
2676520
2708624
2707680
2647492
2654492
2654444
2655540
2653300
2700880
2663088
2711244
2654020
2654156
2751936
2647780
2783116
2667608
2655308
2654320
2683988
2722412
2653704
2703096
2753040
2687372
2657540
2757792
2656284
2716736
2667576
2737604
2924376
2724752
2712796
2652780
2647700
2691696
2712820
2655204
2721664
2686604
2654748
2737500
2658844
2657308
2661700
2653808
2653308
2657268
2658612
2648836
2655380
2656840
2715264
2664288
2772184
2653000
2654140
2655104
2652964
2682232
2691312
2652576
2696200
2649232
2654064
2655800
2655764
2649416
2658012
2654084
2656372
2655684
2653688
2655020
2654096
2654228
2655052
2647896
2683496
2673608
2676832
2650624
2671856
2685152
2659128
2663940
2647556
2714136
2654512
2646928
2654032
2653360
2653244
2701792
2666216
2782584
2692756
2794580
2675920
2707196
2662000
2684408
2706804
2759112
2994544
2763220
2859112
2801508
2837188
2756188
2654620
2672028
2818848
2680048
2653964
2658828
2661252
2661420
2648864
2690044
2698192
2666640
2662604
2853888
2673164
2658756
2689808
2676628
2739732
2745696
2739856
2779556
2775664
2793852
2713160
2663596
2737432
2656632
2653904
2707924
2654600
2698172
2708784
2674992
2678400
2714172
2654032
2690308
2657972
2769500
2691748
2715656
2765892
2760452
2751572
2756208
2678028
2703840
2664460
2651796
2675544
2661636
2763924
2653720
2668892
2658192
2654660
2654420
2673792
2673860
2682204
2747656
2721852
2768940
2708408
2729048
2820744
2825732
2726136
2761228
2678792
2786344
2782744
2864140
2675564
2708164
2687832
2656120
2717732
2703392
2647172
2653936
2709388
2654184
2647360
2649592
2673892
2721656
2679140
2751588
2764376
2738176
2790624
2731196
2812808
2851524
2666032
2731728
2665868
2652856
2657812
2703180
2763236
2669584
2671696
2660224
2667968
2707900
2741928
2665476
2760180
2764448
2684412
2700164
2670728
2749216
2751432
2756156
2753700
2797788
3897656
2660956
2650544
2752748
2908880
2966836
2796680
3008480
2719296
2656520
2654536
2703844
2681544
2694380
2732384
2762132
2793848
2740576
2729320
2782012
2658760
 
2736336
2686696
2654440
2654548
2655260
2647972
2749916
2819740
2756060
2734064
2773052
2668700
2691504
2690728
2661224
2702160
2760096
2795388
2777712
2771716
2711528
2670660
2674600
2662264
2647488
2663136
2653968
2802824
2802124
2854812
2797132
3006288
2714992
2688204
3028696
2757056
2789756
2748616
2874952
2664728
2728744
2667552
2654616
2692000
2656112
2735800
2664768
2666288
2820528
2678404
2689424
2664940
2688020
3700688
2671764
2749680
2662744
2650720
2768216
2761704
2673764
2673608
3046888
2696584
2674368
2719536
2648036
2769920
2688144
2669124
2836912
2684336
2732304
2785688
2806580
2776780
2913344
2670084
2665712
2727360
2659032
2664300
2656236
2653436
2654040
2691832
2664132
2699008
2655472
2689552
2654524
2654860
2699340
2658820
2706808
2690400
2765620
2685716
2740244
2659372
2654432
2701976
2650068
2660068
2659072
2663492
2655604
2648708
2660768
2657760
2679644
2711300
3021720
2916528
3638172
2952488
2673408
2710608
2675588
2655728
2668804
2742684
2709652
2667480
2726992
2650016
2661780
2656396
2657340
2668176
2717248
2656168
2653808
2706884
2695932
2679216
2710872
2667864
2739624
2746328
2694044
2712776
2654156
2692680
2647164
2655616
2662576
2653088
2702716
2667284
2654940
2660472
2654872
2654232
2669260
2653776
2688296
2653004
2681688
2742112
2648520
2697844
2683656
2659120
2710404
2659528
2666984
2674960
2658988
2714176
2682880
2668696
2707584
2656696
2698824
2686368
2738312
2682124
2704092
2664876
2659800
2647700
2655428
2656608
2701432
2659852
2693348
2652792
2653552
2678348
2653172
2670300
2667292
2657088
2672068
2664800
2691928
2649056
2682636
2648752
2659184
2656016
2653752
2660264
2657128
2658856
2655908
2655672
2655864
2655804
2660944
2653836
2650056
2660124
2649876
2654288
2733240
2679272
2655344
2751712
2774932
2733652
2728948
2724076
2742200
2666776
2655276
2656004
2647180
2654472
2652832
2657316
2650676
2658488
2653308
2655276
2655408
2677336
2681400
2653708
2693580
2653776
2677240
2655560
2656748
2676808
2654100
2646668
2657588
2647628
2650360
2661480
2675332
2654148
2653932
2693444
2648596
2707284
2670404
2674812
2677736
2689384
2662444
2647428
2657860
2649000
2658544
2705388
2698036
2655984
2653844
2713832
2654432
2647308
2650944
2705252
2657504
2654196
2704384
2679096
2655844
2674900
2682980
2732644
2655240
2653776
2705032
2655652
2656656
2705368
2655048
2654776
2712472
2651496
2661660
2653668
2700272
2649356
2656740
2654660
2684380
2654244
2747240
2663336
2653720
2701716
2664300
2711012
2648488
2706588
2654544
2657508
2706532
2658716
2707612
2656492
2654548
2698644
2841556
2657740
2758272
2656600
2912020
2781360
2749100
2875084
2873480
2829796
2724764
2668800
2659112
2654916
2648684
2648904
2666832
2654012
2664792
2720700
2677316
2684036
2728200
2709172
2682988
2656720
2791860
2933260
2853760
2673444
2691256
2674304
2691456
2667364
2694576
2654868
2667856
2684988
2679056
2660600
2719128
2676512
2648708
2690416
2946544
3027268
2714900
2982404
3336252
2861628
2665728
2649728
2729756
2707880
2658992
2653532
2703852
2648076
2721900
2730764
2646824
2704028
2686772
2721920
2648448
2662140
2655044
2656776
2655212
2675732
2648808
2670648
2716884
2662160
2663008
2697180
2692620
2671500
2668132
2679324
2729976
2733568
2715184
2703836
2649008
2695588
2659092
2649320
2654916
2700512
2670248
2654828
2655236
2655168
2664516
2718272
2701508
2690832
2662156
2657744
2690380
2672780
2684972
2685476
2654476
2653652
2654256
2679544
2656316
2671840
2673864
2670140
2693512
2739464
2660008
2710808
2719640
2666992
2663144
2831372
2739500
2737100
2722472
2689368
2686308
2670524
2654080
2662820
2661848
2809556
2839104
2671916
2768632
2657056
2679020
2654044
2648016
2719800
2882516
2921300
2980184
2761516
3083080
3035824
3120840
2983572
2952892
2868520
2661060
2670236
2721144
2654268
2647312
2696284
2658260
2661448
2666504
2728136
2654484
2661392
2725496
2688756
2718824
2699948
2656100
2727616
2655104
2650284
2695880
2659652
2655328
2715108
2656796
2654332
2659916
2648172
2712076
2655504
2655696
2693404
2665312
2675724
2734012
2668504
2699028
2715700
2650172
2661020
2648600
2657536
2654332
2659812
2654344
2717416
2655320
2655256
2703476
2656432
2654708
2728416
2657496
2654888
2677504
2651956
2674284
2680744
2650308
2681112
2658032
2663624
2648808
2656348
2654712
2653288
2660504
2740720
2706132
2669404
2650692
2817596
2797796
2721804
2835936
2814076
2787428
2810760
2786980
2691360
2715288
2660616
2827124
2952980
2669836
2931064
2999004
2845748
2667800
2648388
2650448
2649516
2649796
2787476
2802324
2799160
2724420
2718208
2764952
2783744
2653908
2648476
2679920
2648632
2647712
2657512
2649384
2679732
2648836
2697416
2650160
2657348
2700016
2656012
2654024
2711340
2686812
2678448
2653764
2688888
2657388
2713232
2654732
2647540
2658740
2658764
2712648
2649140
2707960
2651776
2656144
2713388
2655624
2653444
2707296
2654100
2656964
2675892
2659060
2745160
2695220
2649728
2681932
2889660
2791564
2806692
3007728
2855188
2716968
2688524
2668540
2659856
2654720
2659632
2700352
2659068
2653916
2738284
2681468
2694404
2795712
2658084
2656696
2657216
2709560
2654744
2654128
2700580
2654460
2654240
2703144
2649836
2696812
2648740
2694252
2654884
2654460
2688448
2724844
2684592
2656024
2757744
2649268
2671036
2661052
2654544
2655268
2655864
2650048
2658284
2709004
2654636
2654608
2698736
2656204
2654688
2704188
2654684
2648644
2685116
2651260
2685172
2670412
2649316
2657372
2708680
2649544
2658104
2683960
2658012
2685500
2711592
3063656
3090892
3079084
2952636
2963288
2998488
2699868
2674860
2681960
2694428
2680152
2698672
2655852
2656364
2702788
2648900
2706672
2648924
2654964
2697788
2648580
2842296
2676760
2868916
2743128
2670624
2660068
2706112
2779908
2743988
2776984
2968160
2849280
2853084
2728760
2755032
2655964
2790076
2661460
2656560
2655160
2654668
2711728
2665348
2653504
2653768
2691212
2656860
2663100
2694248
2650768
2672744
2664372
2646728
2653452
2701336
2779740
2673208
2814256
2690236
2887812
2662992
2654712
2885596
2879180
2843968
2798364
2766768
2710888
2685752
2724488
2645848
2806168
2656016
2656984
2650128
2662036
2697480
2656072
2654552
2695832
2655100
2655320
2653600
2650860
2655520
2656928
2650656
2655420
2656824
2705676
2681228
2655648
2678084
2693244
2691620
2655956
2659796
2683292
2656108
2655948
2677716
2655120
2654460
2667600
2658024
2654384
2658276
2653988
2655304
2656104
2677972
2709612
2687292
2687808
2712124
2664008
2655944
2700132
2665108
2707268
2656716
2654728
2654340
2656744
2655332
2656332
2650832
2656292
2655500
2656580
2648096
2678040
2650876
2672268
2682104
2655388
2711852
2649060
2697204
2654828
2655688
2695932
2655008
2650764
2655124
2648544
2652448
2656928
2714548
2658824
2659864
2706028
2677596
2647068
2678500
2663856
2719184
2655032
2658880
2696688
2651220
2654628
2656768
2654584
2656172
2662864
2648380
2694996
2650224
2712128
2683756
2654724
2679676
2678804
2660772
2693920
2655920
2649060
2655352
2656588
2721364
2656172
2655820
2702148
2649456
2690784
2657500
2655760
2655344
2650376
2658264
2656848
2656084
2673212
2680952
2655456
2695420
2655500
2654940
2657336
2654652
2696464
2656912
2734676
2726312
2661780
2662296
2719292
2650316
2650108
2658460
2654976
2711660
2656204
2685404
2652324
2677324
2679352
2655232
2656796
2660508
2654568
2651064
2672604
2699188
3123704
3230972
3041808
3019336
3150008
3351076
3317356
3218652
2938376
3161224
2798704
2654424
2703712
2687172
2660232
2648288
2689992
2654876
2654452
2682220
2650312
2659300
2654864
2657204
2656832
2655704
2655176
2649600
2649864
2652324
2682248
2692024
2656252
2709336
2658656
2663892
2657724
2650516
2658540
2654548
2655568
2655428
2655568
2648788
2650848
2657840
2652516
2657884
2680576
2658536
2648148
2687596
2682220
2651056
2699296
2655184
2741116
2654940
2654772
2655504
2656528
2648984
2655932
2654876
2657064
2652172
2657428
2655424
2648568
2656496
2659968
2655228
2672888
2658840
2670800
2687420
2649924
2652600
2650864
2650832
2651820
2717592
2656204
2648912
2657684
2649024
2669860
2648808
2655908
2657804
2648928
2656420
2686352
2684068
2657956
2684456
 
2659120
2657696
2655996
2660296
2659668
2650432
2656516
2655636
2711388
2659808
2655756
2700836
2676436
2692232
2754884
2727948
2763600
2753980
2781320
2690220
2700496
2660408
2656924
2657792
2656168
2649356
2657452
2656456
2704260
2659168
2709192
2657224
2657268
2699612
2650100
2660828
2657144
2656332
2688392
2709872
2675584
2671636
2661996
2655420
2707148
2656920
2649440
2656072
2657104
2707288
2655088
2656348
2705100
2649008
2654548
2657284
2653136
2655936
2661852
2676372
2647780
2686616
2657472
2657008
2657088
2654972
2648284
2659052
2656700
2665564
2655224
2655172
2702984
2658124
2654960
2698332
2661436
2710752
2656152
2681560
2728868
2653812
2754928
2661592
2652828
2658792
2655040
2727680
2658604
2652832
2659732
2654956
2712172
2650152
2700204
2657464
2657036
2650516
2656500
2656432
2670444
2677424
2662456
2684828
2656968
2703384
2657712
2656020
2699996
2655332
2663868
2844088
2765348
2714784
2765976
2680088
2667444
2655364
2649140
2662600
2686200
2684488
2652012
2729092
2673432
2652772
2698516
2657252
2665656
2695152
2659440
2657268
2695584
2656440
2655116
2696504
2649160
2692204
2732960
2679468
2742808
2732340
2803112
2736208
2840388
2726260
2665640
2667928
2668072
2716856
2663744
2651072
2681120
2660356
2649428
2657524
2648664
2692472
2658268
2648760
2659408
2680148
2688108
2681276
2707344
2682692
2656936
2717440
2655116
2655144
2703052
2656456
2657088
2700468
2650040
2652512
2651232
2657692
2658672
2654524
2658512
2654948
2649876
2683260
2678252
2655796
2681856
2661744
2655116
2657604
2656280
2655920
2706484
2656308
2656748
2700200
2650672
2652436
2657168
2686596
2655944
2654372
2655980
2657952
2701524
2676196
2687460
2711532
2654944
2651748
2656676
2659128
2655132
2653844
2655160
2649296
2657140
2655096
2658012
2660188
2654644
2649868
2657356
2666660
2655016
2683552
2656276
2675152
2745056
2656516
2658208
2697044
2657448
2656072
2702548
2657256
2658924
2653440
2656928
2649972
2874252
2917276
2836724
2670496
2717956
2685008
2681412
2715760
2684912
2649644
2663884
2656328
2706788
2655824
2655468
2701956
2655524
2649876
2651008
2701116
2656316
2657760
2704944
2655044
2648284
2659040
2670988
2738888
2662008
2695912
2658988
2656148
2655684
2702960
2649484
2698424
2701036
2657276
2657056
2655836
2655272
2648116
2701224
2655524
2660688
2697848
2694284
2674700
2658696
2686892
2712556
2647276
2656180
2654092
2653532
2646676
2651908
2655336
2701036
2694872
2653816
2647340
2655956
2653300
2653808
2654740
2654648
2647148
2753136
2646444
2687636
2726428
2658276
2646552
2648736
2655264
2653092
2700752
2653576
2698460
2654496
2655636
2652536
2652592
2698124
2658492
2652464
2692396
2657736
2685968
2652424
2682148
2647468
2650924
2647584
2665556
2659200
2708528
2697836
2657652
2711716
2654808
2654628
2698180
2685456
2656140
2709464
2647500
2653296
2731248
2693600
2734504
2698928
2658276
2702284
2659244
2648276
3044024
3088228
3029708
2887084
2865880
2943472
2955444
2878512
2849024
2796972
2668004
2682840
2694904
2682988
2689912
2671300
2697772
2659428
2657656
2653316
2667032
2654068
2658260
2694372
2662440
2655032
2660628
2653764
2647328
2657408
2702248
2693464
2715076
2648264
2696996
2710500
2670124
2662852
2649116
2656164
2696112
2648392
2659408
2647928
2698372
2653724
2648964
2655576
2652980
2653752
2653204
2647352
2650424
2660072
2667872
2683180
2660716
2694260
2655132
2660448
2648056
2674324
2705540
2647644
2658572
2646660
2655316
2660344
2709432
2655248
2647748
2702908
2656472
2652604
2695688
2676812
2686664
2657720
2695832
2654428
2654216
2650232
2648900
2647788
2655156
2654936
2652448
2654452
2648408
2711248
2659312
2647736
2654864
2692888
2654392
2656540
2748396
2655048
2691348
2670100
2647832
2649664
2654752
2705152
2703264
2651064
2660908
2647744
2665856
2665020
2687056
2701132
2968536
3068780
2961056
2972596
2680444
2670584
2661288
2689360
2648212
2654224
2647864
2647572
2647736
2655800
2654244
2656420
2652980
2654836
2653144
2698864
2649036
2695368
2652776
2653368
2648272
2678128
2645896
2721876
2692164
2713228
2653404
2648520
2690672
2651268
2656476
2661220
2653364
2653144
2691096
2648792
2650104
2659100
2652972
2706352
2654028
2653492
2730584
2644432
2676048
2680196
2648028
2699084
2655336
2654004
2654828
2658484
2652848
2647792
2695584
2655392
2647172
2648344
2659244
2653580
2661808
2646636
2655704
2728212
2646908
2681544
2657480
2652628
2654228
2654476
2654112
2685848
2740924
2727748
2657540
2669112
2711172
2652656
2652804
2652992
2647368
2648120
2649652
2681704
2691488
2648672
2741596
2653936
2654100
2652436
2654240
2656196
2652968
2649200
2653276
2646640
2816852
2784640
2864864
2968280
2946856
2939736
2865308
2708080
2679312
2662240
2688640
2691348
2648860
2654080
2653652
2647164
2648072
2656180
2674492
2653136
2647644
2667312
2654248
2654864
2656024
2647052
2662920
2652872
2711820
2720264
2655480
2756084
2676880
2696804
2670900
2653596
2668516
2658880
2663440
2654232
2653652
2654976
2653504
2664264
2660580
2713060
2711028
2734216
2719184
2682548
2688700
2656304
2749116
2648484
2703912
2685216
2665216
2653580
2655380
2660884
2662484
2694716
2665644
2712800
2655156
2647276
2648924
2656612
2661848
2649068
2729700
2671624
2665744
2703752
2717620
2676144
2661788
2654816
2658652
2647560
2654884
2697064
2710072
2677696
2760232
2920500
2985664
2804928
3043568
2946580
2889580
2882636
2881776
2974508
2830452
2673116
2654852
2647912
2696408
2682540
2660220
2719024
2649588
2700452
2659848
2653324
2648728
2658272
2658164
2658172
2653624
2681144
2689604
2660020
2690500
2668092
2659860
2650276
2654408
2650152
2664208
2653908
2661460
2648716
2657876
2655516
2648108
2663780
2653984
2653264
2660236
2654672
2683796
2679384
2656340
2693532
2662972
2657788
2712048
2690956
2661208
2709584
2654752
2653484
2693776
2681116
2657724
2714680
2647148
2656488
2662112
2653356
2668184
2679844
2647308
2681184
2699168
2659792
2670600
2653596
2653588
2653148
2653876
2709132
2654108
2698984
2670992
2672232
2654464
2713880
2653204
2659340
2692140
2648456
2685896
2655932
2750372
2678032
2651656
2705588
2653968
2655984
2704796
2655008
2655664
2694464
2648560
2647888
2694648
2647376
2654936
2704756
2648172
2658232
2712152
2688636
2643664
2678772
2669380
2658488
2653644
2647184
2649484
2648004
2656220
2653008
2703812
2653680
2647068
2663760
2647784
2655204
2654328
2709380
2682584
2727224
2688296
2681800
2698520
2707920
2658952
2661676
2654292
2649212
2662344
2651344
2743384
2996308
3174444
2782252
3003556
2731572
2667032
2673496
2692948
2695944
2676884
2677316
2711016
2660504
2652900
2670092
2654384
2654564
2652592
2654100
2651696
2653428
2652920
2649168
2655004
2653396
2690224
2925684
2832812
2864936
2917756
2812772
2812556
2743388
2722524
2722760
2726044
2654264
2654560
2693800
2654412
2662588
2693700
2654880
2710108
2654500
2653308
2646852
2677288
2684312
2754608
2657552
2689708
2704084
2653840
2653652
2703224
2655916
2652820
2654300
2646972
2690908
2654848
2662200
2648364
2653320
2653672
2654816
2653668
2647080
2674548
2662524
2668740
2691836
2654612
2718700
2654244
2655076
2700188
2648056
2653576
2654180
2652992
2654264
2718012
2659556
2653724
2653708
2653024
2655740
2655312
2692072
2707380
2672884
2685608
2657368
2652852
2654288
2654252
2648612
2656928
2653512
2696900
2654660
2663364
2703816
2717596
2706116
2715372
2693348
2711744
2654944
2689904
2707344
2706712
2677760
2708852
2655480
2654012
2661328
2652664
2660420
2648964
2657004
2654840
2654572
2660104
2657324
2680608
2649288
2658100
2705644
2697032
2685940
2715220
2694800
2655024
2654640
2665868
2654480
2647680
2695836
2689832
2710432
2655820
2653340
2698424
2687120
2658388
2709672
2648508
2661188
2661944
2681556
2688612
2644712
2706864
2701648
2654852
2655040
2659580
2647852
2724900
2674864
2670656
2701308
2659516
2653280
2653616
2657468
2654448
2698732
2656536
2655524
2685108
2658580
2686308
2685576
2682672
2652432
2657372
2653936
2653416
2671704
2662060
2656256
2675548
2670068
2660100
2653428
2707068
2699976
2658988
2709568
2658428
2688728
2705024
2714844
2665280
2666268
2648788
2656364
2695244
2649784
2649532
 
2654336
2655328
2656584
2647700
2662568
2656312
2712148
2764596
2811580
2954688
2949336
2712708
2762836
2748756
2667368
2653968
2688120
2653564
2655764
2685608
2660828
2703980
2654248
2659640
2699072
2648304
2654300
2671236
2654472
2646880
2723768
2681820
2683052
2710256
2692060
2653376
2702284
2663160
2654428
2652448
2647912
2698152
2647428
2656904
2653716
2652852
2654712
2699132
2661428
2653436
2699312
2655612
2674632
2713032
2677472
2687296
2737400
2655624
2654368
2702420
2653480
2646964
2653660
2655688
2661648
2655128
2710576
2654416
2647632
2650652
2692624
2654072
2662280
2688108
2670240
2870028
2722000
2809152
2931040
2866008
2724772
2776844
2760200
2750096
2764072
2740084
2757156
2655764
2655188
2653160
2670224
2663468
2682568
2681096
2685372
2649492
2694476
2653044
2677860
2655340
2647676
2649832
2654972
2652632
2656516
2648740
2654716
2655448
2653872
2656744
2646624
2656536
2654040
2652680
2671352
2658696
2713436
2693488
2649104
2647572
2655200
2699836
2663172
2647540
2698936
2647576
2648832
2701360
2648120
2650196
2696544
2655708
2653008
2646692
2690380
2680212
2712044
2666960
2685768
2703020
2655096
2660040
2647460
2652960
2657964
2706276
2661152
2653096
2688140
2660208
2657072
2648344
2648192
2694240
2655676
2653936
2744040
2652584
2685764
2669092
2654300
2649304
2654552
2659896
2696528
2655100
2655980
2705252
2654920
2653684
2692744
2653120
2653940
2700436
2653176
2657120
2711420
2674992
2694808
2693580
2654736
2710976
2655244
2698348
2654248
2699936
2656560
2652936
2649120
2662348
2647920
2655956
2648020
2665964
2669876
2695208
2659604
2679816
2744044
2678812
2697516
2683948
2662392
2722472
2947240
2795944
2999032
2972976
2747040
2735772
2766264
2805196
2718460
2700116
2658792
2687840
2654164
2653208
2732228
2651240
2664992
2690300
2653188
2647332
2655028
2652856
2653388
2722444
2683892
2653808
2700984
2661616
2704044
2647892
2653256
2652920
2655328
2659288
2663880
2681744
2643912
2694472
2654208
2653580
2685280
2655288
2697064
2654540
2710016
2653768
2654380
2688056
2654700
2654096
2690544
2647740
2656620
2702652
2653536
2692588
2680556
2701764
2693156
2653764
2646460
2655740
2695660
2661212
2702324
2647260
2670712
2656260
2653964
2653396
2652708
2653148
2652356
2698476
2656980
2654076
2684868
2650544
2735480
2675392
2700552
2654812
2654956
2700348
2654056
2647000
2653672
2654824
2652904
2653464
2653272
2654396
2653692
2654008
2646296
2672072
2848564
2794192
2821724
3275704
2762224
2669288
2648804
2650896
2649028
2658108
2653464
2663388
2657772
2655256
2654228
2706816
2658076
2654544
2701704
2657024
2649144
2676480
2679256
2718472
2687252
2658544
2720512
2649828
2708920
2656188
2656316
2708092
2651276
2659240
2657120
2708976
2657212
2654564
2704556
2656132
2655324
2702312
2679780
2672972
2653496
2689988
2658700
2659944
2658444
2657936
2647500
2652408
2659096
2657956
2715652
2658608
2655688
2649496
2660356
2655208
2649704
2658396
2657524
2678876
2673412
2656872
2689860
2655056
2661776
2711692
2656960
2655624
2655120
2662096
2659192
2657400
2657692
2671084
2651944
2651068
2659684
2656072
2654704
2663824
2672084
2654360
2673672
2685384
2662792
2660704
2686200
2701704
2648868
2691524
2657488
2656516
2717072
2657856
2649688
2657240
2654876
2655836
2656868
2649920
2658800
2678780
2715044
2675056
2677328
2718224
2660496
2664320
2711320
2650320
2658412
2658092
2659332
2648352
2686372
2655464
2705932
2655340
2651144
2650868
2672052
2755764
2677212
2707600
2685356
2667700
2662528
2654632
2654128
2656380
2658988
2657420
2660524
2661232
2649964
2655740
2701360
2655132
2657320
2708584
2654960
2648652
2674700
2654984
2749580
2687776
2709476
2660940
2667140
2849468
2693528
2850172
2941084
2849224
2867904
2724096
2900868
2718496
2674348
2655708
2654860
2655492
2686592
2682504
2724448
2682988
2668716
2660048
2662028
2655060
2655312
2660080
2656180
2660984
2703012
2647720
2662372
2648512
2652624
2706004
2661624
2654076
2655952
2675684
2676860
2659828
2690780
2690164
2720540
2684260
2657464
2707616
2668844
2705552
2655604
2708644
2657176
2662396
2704472
2663080
2658500
2649188
2666984
2659760
2675976
2976544
3017776
2964984
2854532
2913888
2780116
2656788
2656160
2654572
2669836
2651328
2651616
2676716
2655812
2656268
2696308
2655588
2656904
2693408
2658796
2744944
2653376
2671368
2733188
2664396
2721864
2655716
2649124
2650748
2648468
2676400
2649956
2650012
2649344
2665608
2660800
2721288
2655400
2655020
2703040
2705032
2683316
2713516
2693068
2665248
2704436
2661092
2728324
2656544
2660276
2699208
2656160
2657868
2658648
2655236
2696532
2708596
2704076
2653328
2663192
2656196
2748968
2711284
2662008
2760376
2669336
2710124
2694512
2662356
2720184
2649060
2655784
2671648
2657716
2656908
2655652
2661784
2649624
2660984
2714988
2663436
2658644
2739996
2668516
2664140
2721120
2652256
2674008
2647820
2647904
2656808
2705000
2653688
2654736
2704564
2656424
2707164
2653764
2654468
2700412
2700472
2659232
2713744
2675624
2679160
2693056
2688472
2656088
2654972
2654000
2654048
2666820
2655916
2655244
2654400
2654588
2696800
2654672
2704988
2654652
2654776
2696860
2655860
2660620
2681736
2656208
2680820
2724740
2699956
2656228
2652496
2702752
2656260
2654488
2697760
2708152
2648716
2657004
2655508
2661896
2664092
2671320
2648972
2668220
2678084
2691148
2648028
2703512
2687148
2652928
2648756
2654288
2647940
2647204
2648720
2652140
2648340
2649248
2647500
2653552
2659168
2662400
2688952
2680948
2687992
2721832
2660796
2713580
2698068
2658652
2678516
2654296
2658724
2659332
2656964
2694952
2657432
2653812
2693488
2685444
2784336
2725916
2665008
2664268
2703684
2676820
2651440
2688460
2735512
2794728
2958852
2673780
2656032
2654200
2648348
2660124
2656420
2665680
2661984
2648136
2656828
2675532
2648300
2684484
2654508
2667220
2715544
2650168
2684648
2647148
2650220
2656108
2648676
2657640
2659348
2647336
2656068
2684820
2658172
2658908
2650256
2654128
2655228
2675144
2666092
2653532
2716256
2715260
2655212
2697576
2697424
2649432
2679860
2664728
2648968
2654704
2655972
2682876
2653808
2647524
2655260
2654144
2679740
2655232
2648264
2686812
2647732
2721608
2685256
2655244
2757340
2659580
2649296
2655188
2653664
2707092
2654364
2653692
2679720
2651960
2656952
2705100
2649648
2694864
2654812
2646772
2654920
2653872
2673180
2668964
2672900
2688608
2664088
2658672
2647436
2658140
2707624
2654776
2652376
2699772
2648192
2657916
2658956
2719860
2654040
2648760
2659436
2664884
2655072
2743448
2654256
2674432
2733048
2653136
2657844
2653516
2708748
2654440
2649840
2700468
2659904
2653004
2702904
2647008
2710752
2656260
2653680
2718964
2687476
2658608
2756112
2656420
2691292
2670084
2716800
2723548
2649120
2693760
2681856
2660268
2657036
2655524
2649748
2650416
2659520
2650596
2650248
2661000
2716720
2654252
2674052
2740160
2666656
2726976
2660852
2670560
2696304
2681328
2660068
2711384
2647860
2710820
2655352
2647400
2688092
2729688
2697652
2656492
2704056
2660320
2649216
2696004
2684144
2717904
2772772
2662248
2650292
2760692
2660172
2651072
2671392
2693084
2695852
2693396
2662816
2647424
2678264
2650732
2701684
2663776
2679816
2692640
2649080
2729204
2680136
2657984
2706004
2655128
2656616
2690380
2677512
2658160
2654720
2659232
2654316
2667064
2653872
2653188
2646980
2656932
2654856
2660184
2691024
2654808
2678160
2664036
2655568
2653264
2656744
2663424
2652952
2658460
2699860
2647208
2702892
2653632
2654184
2695652
2659868
2705168
2653824
2653808
2723604
2682420
2653272
2751232
2659276
2657588
2690396
2654776
2653260
2654796
2648424
2655100
2664344
2649300
2684008
2655364
2661204
2665608
2648248
2729072
2692912
2676020
2728268
2677088
2700244
2662892
2654632
2648744
2665524
2648340
2652980
2651236
2696132
2659748
2649076
2690168
2657696
2651636
2657252
2655628
2718868
2656896
2684780
2656856
2674080
2702496
2712716
2658308
2654700
2648372
2658040
2649180
2655632
2656788
2747808
2669672
2688692
2657212
2650396
2664956
2736044
2844276
2745348
2815076
2658700
2717092
2930756
2670576
2648356
2739960
2839588
2662340
2646408
2675840
2672904
2987896
2886680
2716468
2751828
 
2674348
2800292
2694584
2657164
2726436
2660404
2666796
2710384
2655548
2669984
2654136
2663704
2649352
2663560
2685280
3315360
2683536
2698820
2654068
2670148
2710612
2647320
2747560
2665576
2653256
2668920
2698044
2649608
2660232
2649696
2670868
2653900
2654816
2653808
2689560
2715684
2648884
2667608
2655128
2672548
2716160
2651640
2682300
2761340
2654476
2709856
2702296
2665264
2655616
2695760
2654892
2658424
2700440
2655224
2671188
2666668
2649824
2655184
2664880
2675092
7033324
2671784
2708324
2715696
2649172
2654696
2649932
2650312
2705152
2701524
2656100
2654892
2699128
2648616
2657904
2647656
2657196
2647996
2658620
2648256
2687220
2679480
2700976
2696284
2660192
2863424
2710840
2788976
3038712
2984676
3036856
2852008
3047848
2763440
2657988
2700312
2660964
2654304
2656276
2659324
2647944
2685056
2671268
2668544
2688504
2658252
2650768
2664660
2656168
2648456
2697776
2684740
2651400
2655136
2697892
2655492
2655960
2647668
2657644
2702604
2654600
2656580
2734412
2703016
2677760
2677140
2720176
2650392
2657048
2653056
2703256
2649168
2898440
2852092
2847680
2851244
2780836
4164896
2788916
2806208
2668956
2656476
2659448
2697508
2695348
2679136
2695536
2655380
2654156
2692032
2663280
2653472
2654868
2698432
2700284
2651372
2693956
2712412
2653472
2659652
2693276
2655088
2700504
2681052
2687328
2657048
2700296
2660440
2655528
2654360
2654004
2670960
2665684
2658360
2649368
2658740
2705496
2648924
2657892
2704248
2658176
2665324
2649848
2689736
2747868
2648944
2720948
2724156
2663592
2703844
2649064
2714864
2687448
2657928
2713144
2648976
2661888
2705104
2689304
2657640
2712864
2654636
2654020
2695264
2685416
2690596
2667108
2687632
2670508
2698616
2676636
2654964
2666820
2655504
2705248
2669448
2654404
2667172
2648700
2649312
2689648
2658444
2710456
2664484
2654244
2681784
2690320
2659784
2695136
2659200
2648608
2659704
2698564
2677556
2657592
2709948
2656136
2657912
2688388
2664372
2715792
2655224
2658648
2698984
2687108
2713420
2688060
2677628
2719280
2725964
2711840
2683880
2653952
2658436
2659660
2651512
2654140
2648764
2685692
2715168
2647796
2650236
2666132
2713948
2654256
2647868
2721088
2685440
2683320
2718728
2692040
2669572
2722024
2656864
2654300
2654144
2667580
2654468
2673464
2672916
2663136
2655080
2655416
2755088
2684744
2663136
2666216
2680144
2679872
2686840
2686972
2655084
2689448
2693356
2659656
2666412
2646888
2673256
2696240
2666236
2673112
2682136
2653028
2647836
2667624
2655048
2779852
2679656
2690340
2878096
2786832
2699512
2664944
2647968
2657000
2649036
2662576
2670788
2648756
2667536
2679024
2648304
2654924
2696100
2676284
2654888
2654212
2653964
2688396
2701004
2656644
2730888
2681064
2672364
2659068
2670508
2648528
2659096
2691120
2652876
2665288
2654172
2648196
2678052
2654524
2653080
2694412
2657844
2647984
2681496
2675240
2665820
2700816
2652256
2649376
2656804
2649464
2649104
2650520
2655988
2705556
2648640
2664288
2655896
2658164
2651828
2676384
4017504
2780008
3695328
3619948
2729852
2686748
2715532
2654628
2658824
2648396
2658132
2648936
2655608
2655480
2685996
2654228
2653468
2686948
2654908
2702644
2653244
2657356
2693572
2660680
2749732
2656040
2682096
2685900
2659928
2648260
2655528
2654704
2655816
2657324
2663728
2648080
2703376
2657472
2655136
2692072
2656416
2654112
2652184
2657344
2660736
2682572
2656684
2670936
2663384
2701672
2657324
2661888
2691732
2654492
2704244
2649400
2656956
2653556
2648176
2655416
2703740
2655408
2654208
2698908
2654604
2674684
2683508
2657608
2692980
2658616
2649648
2700524
2656584
2655184
2698192
2648916
2700516
2656704
2695228
2658372
2654688
2704440
2653944
2648232
2657672
2687704
2677400
2677248
2654396
2691236
2651632
2656456
2653496
2648552
2657512
2654500
2655712
2657280
2664688
2704076
2653780
2653128
2689404
2657088
2649992
2656296
2701788
2680688
2676520
2707088
2687716
2659088
2649588
2654460
2657596
2654024
2648276
2654508
2657060
2653812
2653268
2653860
2655088
2653012
2655160
2654508
2648156
2656164
2681060
2647440
2679572
2689324
2659956
2654608
2715116
2657416
2648568
2658940
2663788
2655780
2654296
2702636
2654996
2647036
2689708
2662152
2704024
2654644
2647568
2687188
2656840
2740548
2688424
2710944
2654488
2662528
2647664
2655308
2647768
2648604
2662304
2654012
2654984
2654520
2654060
2647280
2649596
2701072
2655088
2683132
2686632
2773376
2710116
2666936
2657308
2647320
2649568
2648392
2648872
2697608
2654068
2653612
2693612
2649736
2700460
2648420
2654988
2656372
2663904
2658088
2691212
2664388
2675684
2697792
2653308
2649652
2650068
2657324
2664964
2968336
2785216
2850164
2786608
2728344
2742580
2652596
2656856
2673064
2656060
2654372
2660888
2738400
2652696
2731360
2680520
2656852
2647664
2656124
2653300
2708876
2656596
2652640
2704688
2647320
2653508
2705500
2669672
2707068
2656520
2697200
2654516
2686852
2690060
2660128
2688992
2658724
2655256
2647800
2649260
2650660
2667156
2655004
2653392
2658776
2654304
2655588
2653124
2697848
2653580
2657860
2696776
2714880
2680260
2820504
2833984
2843784
2736580
2704048
2678632
2660056
2677600
2653992
2648588
2649072
2661208
2655688
2649096
2657396
2655100
2647080
2650864
2655352
2654792
2723128
2689460
2683884
2711704
2649928
2655316
2655304
2654008
2655688
2647924
2657376
2647356
2664188
2654076
2658192
2653804
2654972
2654120
2648056
2656012
2658520
2685152
2666196
2689292
2735336
2654344
2653132
2692008
2688004
2724988
2654676
2652008
2655208
2664012
2649264
2699684
2649100
2696972
2653944
2661112
2692248
2674616
2687576
2652848
2698124
2657132
2663192
2659832
2647328
2655368
2656856
2694744
2666176
2654340
2709904
2655112
2654612
2695288
2745820
2719968
2660140
2701456
2680652
2684688
2716992
2680048
2665076
2666692
2656640
2656540
2700996
2655752
2650032
2662016
2648296
2666336
2658824
2649188
2668884
2654628
2675896
2675044
2659788
2690432
2651244
2679268
2738036
2673560
2648404
2797692
2669236
2649204
2661252
2655740
2656400
2700976
2673452
2755548
2648208
2664908
2713460
2653088
2654364
2730552
2730496
2667472
2760756
2675484
2669236
2655032
2660252
2659436
2663160
2648220
2655580
2655072
2667468
2673180
2653884
2712768
2647896
2674768
2649220
2673656
2693088
2652848
2677404
2707704
2663100
2657372
2687616
2662312
2649264
2662248
2653268
2673444
2656580
2672468
2653792
2664016
2697288
2679804
2661056
2760712
2694868
2694204
2654496
2713940
2661288
2654656
2654652
2659204
2699884
2673040
2656248
2648012
2662352
2707156
2656864
2648964
2655728
2694924
2690376
2767536
2851624
2682388
2696216
2683288
2671304
2679728
2658676
2648632
2656560
2655272
2653968
2663892
2675064
2663892
2658068
2661736
2704072
2675056
2653604
2713788
2654464
2686944
2736364
2698036
2691552
2660608
2664072
2703196
2667740
2716452
2655288
2653252
2697716
2678864
2715380
2681464
2649812
2654864
2654496
2658536
2697780
2653732
2685208
2738180
2665224
2750888
2696660
2654268
2707668
2654736
2653428
2691820
2697292
2655580
2657448
2697920
2647448
2705936
2655652
2654404
2697660
2657880
2657828
2678836
2660352
2677472
2701580
2706588
2648048
2697348
2654232
2652468
2653136
2655104
2654136
2647508
2659764
2700428
2659684
2653208
2698896
2647628
2706012
2655416
2684648
2647368
2675188
2687816
2717976
2657608
2647216
2698460
2655388
2648060
2699132
2654148
2656496
2695128
2657900
2655480
2691172
2655008
2690796
2766552
2664124
2684076
2718152
2674396
2661244
2658436
2654372
2696352
2648052
2659452
2665420
3015984
2803108
2779252
2913736
2870164
2891056
2802456
2803620
2752316
2716380
2782028
2787876
2688072
2696376
2692036
2654592
2653244
2696488
2655140
2657916
2698068
2653744
2708444
2652880
2708732
2721304
2664460
2663544
2704352
2647812
2664376
2687472
2649376
2679684
2668460
2647620
2655656
2654268
2707416
2654984
2655224
2702232
2677324
2648792
2655196
2656292
2708132
2653276
2662908
2696804
2654648
2730484
2681988
2656584
2746388
2691836
2694344
2965828
2796460
2932960
2842328
2723072
2754736
2805536
2715436
2738632
2709356
2662180
2705488
2654380
2706240
2648012
2681088
2679540
2655080
2674400
2655216
2714684
2653628
2652940
2701632
 
2653212
2655432
2692768
2655532
2707348
2648500
2699128
2657140
2653260
2709388
2654940
2647980
2673704
2664360
2679088
2681848
2657244
2696500
2658852
2653628
2698976
2654004
2707896
2654260
2653908
2703612
2654808
2647280
2656404
2655468
2655100
2647484
2655436
2679976
2650756
2672480
2680804
2663220
2654404
2695888
2656076
2712344
2655412
2654996
2700260
2648736
2693632
2654136
2653996
2700724
2659464
2647784
2647984
2656576
2680508
2650592
2672984
2662044
2654824
2647584
2649268
2655076
2654528
2654132
2652820
2653884
2654484
2655060
2653752
2706228
2647276
2659172
2706612
2647992
2666456
2675788
2648624
2692716
2652868
2656316
2708716
2653672
2650932
2656132
2656168
2709120
2655224
2647804
2658152
2653996
2713840
2648620
2649156
2656064
2649812
2674996
2675324
2713820
2689224
2654168
2647456
2701396
2651132
2649376
2697848
2731696
2655280
2655076
2654736
2655044
2647896
2655948
2654424
2648208
2654828
2654732
2728544
2680500
2658136
2688232
2657480
2654212
2648064
2654228
2706824
2654916
2661064
2699996
2656216
2657068
2709672
2653420
2653472
2701996
2654596
2658720
2705688
2674188
2653100
2736332
2692600
2687168
2649564
2667104
2704308
2655304
2700308
2654872
2654360
2672480
2656000
2654304
2699492
2655152
2653444
2707344
2648032
2699068
2683368
2649348
2755228
2661736
2653264
2699048
2655092
2653856
2653492
2647384
2737344
2820808
2710396
2743236
2773320
2808760
2844228
2812980
2819652
2822636
2820472
2853472
2846176
2888144
2689568
2708196
2744028
2740252
2747036
2744252
2683256
2783364
2677684
2776468
2661812
2742508
2723420
2694308
2665520
2720508
2648672
2716504
2685068
2697852
2655244
2778084
2710116
2753564
2755108
2819860
2802248
2788668
2785832
2789748
2786472
2844172
2926916
2935616
2959812
2811408
2667940
2655344
2675032
2653672
2653740
2663356
2647908
2668540
2653276
2803508
2691268
2659208
2654000
2654900
2654604
2647608
2679672
2727060
2720768
2694744
2660860
2713784
2661884
2670880
2710164
2741956
2663372
2647268
2658776
2654460
2655184
2709196
2712816
2658100
2658284
2661460
2656276
2678184
2655396
2759704
2708700
2684872
2686420
2714560
2647896
2667524
2649988
2659508
2653996
2699948
2667628
2686484
2656876
2647348
2655460
2691580
2690928
2698796
2687052
2708468
2685124
2655176
2713404
2720584
2653864
2652196
2697944
2697120
2723048
2648264
2657728
2701136
2651028
2708032
2676168
2681244
2659932
2665008
2676560
2674888
2660192
2705732
2652540
2729620
2659556
2665128
2654012
2660288
2669748
2704208
2655056
2655272
2661340
2671484
2655376
2649232
2654320
2654344
2667908
2682344
2649984
2687068
2659776
2662608
2695376
2658708
2660212
2653608
2657676
2652968
2647356
2697048
2670984
2654968
2654172
2655152
2660628
2698124
2741204
2696576
2786432
2660600
2701220
2652100
2690920
2687536
2737932
2665484
2685916
2651680
2860736
2826120
2834816
2694300
2684364
2658284
2646796
2668356
2653984
2651168
2681900
2654672
2737292
2686072
2839100
2667844
2716568
2654508
2649560
2686212
2705868
2649404
2669164
2713788
2653232
2652768
2691420
2655532
2701896
2647732
2660284
2686176
2720196
2676836
2662124
2661168
2655144
2702940
2657036
2653064
2692348
2689096
2655360
2652312
2660968
2654768
2653816
2653588
2648696
2647672
2647884
2667780
2679648
2647172
2738068
2652012
2667624
2655276
2653572
2653412
2700080
2653308
2654968
2701428
2657888
2656184
2696796
2646896
2663528
2654628
2649520
2708892
2681792
2653232
2733704
2686928
2657120
2663624
2655408
2654736
2647104
2657428
2654608
2653636
2652884
2654332
2647244
2654448
2656672
2670344
2688452
2690096
2679984
2697208
2684020
2668336
2655548
2801208
2699996
2669156
2807488
2757696
2739084
2726044
2786092
2684680
2726564
2680708
2791196
2654348
2664788
2682548
2677184
2678652
2710756
2686864
2657612
2705436
2655592
2653176
2704900
2653148
2654888
2697204
2654368
2654592
2647308
2653560
2707712
2653840
2647472
2654760
2653472
2734212
2654508
2679124
2688484
2652436
2655296
2647332
2653508
2652844
2653092
2653372
2652932
2655804
2653412
2652740
2653580
2653476
2647680
2657424
2654376
2654604
2727840
2650900
2739440
2682516
2655900
2709244
2656112
2654772
2654592
2653244
2653332
2654140
2653776
2648900
2658656
2653160
2709508
2654252
2652968
2704128
2651112
2727348
2654924
2676936
2728816
2648056
2656652
2656520
2654960
2653668
2651476
2657968
2654424
2714012
2647824
2714536
2652960
2653744
2654552
2654400
2658868
2676420
2677100
2658368
2696836
2658308
2655312
2648144
2657936
2710292
2697712
2654752
2702348
2702864
2647612
2699304
2653924
2653444
2704664
2653012
2657204
2647400
2678984
2660696
2674904
2691688
2720936
2656048
2647584
2654624
2653276
2654604
2656464
2653524
2653460
2693772
2654912
2701616
2655588
2706120
2649384
2694560
2656684
2682012
2697624
2666768
2717644
2658748
2656884
2647620
2689204
2648044
2657596
2654576
2655176
2657620
2648300
2655484
2653996
2648868
2649712
2649352
2656720
2664212
2681916
2644276
2689516
2718464
2648104
2656656
2656364
2648588
2653664
2704256
2657856
2701528
2654416
2703312
2666780
2655352
2652956
2654248
2652160
2647820
2679068
2683096
2649436
2694748
2649408
2650436
2654812
2654072
2660080
2654160
2648176
2656804
2649868
2648828
2656052
2654876
2656604
2647764
2649220
2648716
2658020
2673612
2684184
2649368
2697924
2700992
2654884
2647996
2660556
2655700
2654848
2654952
2653552
2653844
2695152
2656128
2654440
2702812
2649912
2655768
2698188
2648080
3166424
3047396
3017664
3015732
2928964
2716496
2655028
2735060
2654696
2714104
2690508
2655472
2695772
2658640
2653812
2689420
2656460
2647092
2657980
2654044
2674944
2682116
2653160
2692424
2654860
2674144
2692012
2691996
2735152
2738156
2711176
2788208
2745976
2774292
2690844
2701076
2651336
2655112
2659224
2652124
2658620
2678516
2668908
2657052
2696988
2660992
2694596
2653076
2658536
2677800
2749072
2826472
2818144
2838808
2775788
2791416
2688736
2759484
2762352
2809896
2668040
2667716
2677164
2677856
2679880
2691848
2657040
2648848
2657616
2705864
2648312
2655828
2674592
2655296
2654172
2659060
2648544
2657492
2654884
2660900
2657148
2659684
2691904
2685716
2650332
2729628
2674036
2657492
2653640
2702296
2660008
2702320
2648552
2657384
2714696
2656200
2654376
2718724
2656384
2654380
2652932
2704604
2648748
2684056
2676376
2647712
2736988
2649664
2661404
2699996
2652484
2653216
2648360
2650084
2656564
2649000
2656236
2654920
2656476
2699912
2654388
2658972
2688456
2657244
2737764
2685040
2652160
2684936
2650508
2658712
2648140
2655272
2662284
2704212
2654076
2655396
2659944
2655624
2653528
2659316
2655120
2655172
2658228
2648964
5287564
2951200
2917936
2979780
2904088
2852816
2792412
2666648
2654172
2653684
2653292
2653040
2659324
2670260
2647120
2656972
2647964
2650088
2659248
2648524
2680132
2685928
2683208
2697564
2724860
2743048
2716572
2675580
2709924
2667864
2659136
2680628
2707820
2739008
2783380
2820608
2992420
2737828
2781640
2665024
2704188
2658504
2703308
2653240
2719964
2743716
2661964
2656048
2654056
2652360
2657080
2670432
2701328
2655168
2647404
2654772
2654400
2653092
2700892
2648084
2665376
2654452
2704716
2684264
2650328
2667264
2682016
2657356
2656200
2663424
2649240
2693592
2649948
2657896
2648368
2654260
2654820
2698028
2656388
2653160
2697048
2654108
2697332
2652788
2678840
2654516
2675032
2699296
2648856
2703264
2649460
2661464
2656124
2736148
3978060
3911052
2698220
2654140
2655540
2681096
2654556
2653728
2686388
2684824
2681372
2677292
2660196
2690784
2652656
2656420
2648224
2654124
2654276
2648640
2650116
2655216
2648172
2649880
2655876
2654616
2654216
2648392
2692420
2648940
2712052
2670936
2658616
2681540
2686680
2665992
2661284
2647804
2654756
2655656
2654324
2647212
2665688
2654412
2653484
2648120
2654900
2648988
2647824
2658740
2697968
2655640
2678612
2645084
2723764
2684400
2662828
2654600
2705588
2648556
2683820
2649472
2656976
2654728
2648080
2656548
2657020
2658096
2711880
2656432
2655888
2701468
2653848
2674808
2654832
2682204
2662564
2659156
2653924
2657948
2656120
2670496
2656088
2653532
2647772
2655852
2654680
2655764
2655536
2649396
2698076
2648996
2697376
2673140
 
