Procesando...
  Filtro             : sierpinski
  Implementación     : C
  Archivo de entrada : lena.1240x756.bmp
46087760
46085988
46133108
46129740
46114372
46157024
46119388
46134736
46160800
46125812
46097956
46112796
46089920
46069708
46080724
46123608
46187428
46128052
46111100
46115224
46084196
46138200
46497380
46509192
46535700
46575168
46447840
46083720
46100260
46472324
46330336
46845220
46169788
46233248
46111936
46140296
46115860
46085388
46106960
46163492
46178592
46085892
46080792
46113108
46153020
46134260
46119732
46156452
46137760
46103520
46112936
46151556
46115008
46126928
46091764
46063368
47087240
46108436
46468280
46486724
46399040
46112128
46125604
46080372
46140356
46138532
46109720
46106972
46118776
46157048
46129768
46063136
46073532
46108284
46125508
46129160
46125936
46100188
46140896
46104588
46149992
46028632
46136172
46126336
46176420
46078120
46135460
46108932
46070460
46098600
46145232
46123432
46141444
46109544
46125892
46098728
46141172
46146616
46106924
46103632
46164028
46148508
46022604
46122216
46141108
46131316
46114804
46197436
46111656
46104208
47796192
46078124
46122908
46107092
46151664
46123128
46113252
46121956
46135408
46127844
46442692
46489424
46475692
46448772
46513200
46471512
46530480
46482764
46496036
46507336
46505120
46514804
46514520
46555300
46150816
46035840
46069152
46120624
46107316
46091016
46051992
46068828
46121920
46145580
46113376
46252296
46116416
46071792
46154012
46123240
46102424
46099288
46081388
46113280
46133588
46114372
46196404
46140424
46088388
46107944
51849864
46110140
46143416
46174348
46105516
46104284
46131564
46131964
46129548
46135484
46138996
46129836
46123840
46116344
46190960
46132960
46115084
46097552
46145044
46119880
46144364
46086920
46084980
46071144
46137168
46077988
46157076
46119872
46896468
46140616
46165920
46123168
46140240
46116640
46090316
46105352
46138608
46110972
46112232
46160336
46122112
46157140
46104968
46038724
46073640
46052548
46076000
46145196
46161460
46103252
46097424
46105020
46395936
46132288
46056944
46744804
46070952
46147992
46131156
46113812
46037148
46100564
46106336
46156608
46095368
46113836
46111036
46108152
46116732
46145700
46101524
46095888
46143460
46175024
46146156
46148632
46126060
46140240
47169060
46025576
46108308
46192304
47812752
46178132
46074120
46099148
46138728
46080176
46148596
46038024
46097972
46067808
46065588
46102444
46100064
46112364
46139424
46072304
46128644
46139844
46020912
46083864
48574180
46161420
46475616
46114888
48080028
46121396
46074284
46110112
46086624
46079364
46086604
46115608
46104740
46129536
46070552
46138304
46279132
46091604
46090144
46149528
46235228
46174336
46129364
46129828
46069756
46129268
46139124
47122008
46149336
46098720
46050084
46705632
46099704
46131608
46109960
46146908
46126024
46091708
46070364
46151420
46115888
46135356
46136512
46146292
46113576
46530780
46470124
46496852
46435844
46440260
46428696
46414568
46122884
47205556
46108344
46156196
46114140
47657744
46072868
46364160
46062140
46054764
46125268
46151080
46440400
46395328
46060452
46038208
46072332
46109260
46033556
46469772
46404236
46095632
46069240
46084172
46087560
46130964
46106508
48256208
46075008
46127840
46050328
46075520
46197144
46105640
46108072
46125404
46112728
46113124
46090036
46096356
46123148
46104584
46143632
46188932
46102504
46142404
46104768
46129904
46113412
46114392
46161168
46116960
46092772
48249648
46057596
46076476
46071116
46140740
46825032
46119316
46052464
46108948
46071300
46088488
46145008
46004384
46120248
46076668
46065364
46098064
46127312
46143556
46099448
46109252
46116596
46156004
48016816
46220724
46093280
46238908
46089916
46159028
47831852
46108748
46136516
46166964
46138520
46159324
46143584
46163788
46119500
46161200
46124384
46193868
46417812
46094272
46105176
46139856
46124724
46167948
46106056
46126980
48114968
46103176
46128040
46147140
46155224
46130112
48319128
46135816
46173648
46049860
46143072
46114112
46125820
46148652
46116588
46071912
46083744
46056292
46137428
46134432
46487952
46371772
46111456
46077996
46121908
46145148
46396036
46135768
46129416
46185164
46134132
46123876
47512888
46144732
46128548
46106992
46134956
46112140
46122580
46148520
46130204
46144344
46125320
46124960
46131536
46116324
46491068
46500812
46552628
46112988
46085804
46081972
46861848
46084368
46083460
46131768
46154496
46047680
46123040
46158248
46281544
46091656
46119060
46186700
46159600
46096568
46101136
46052368
46091600
46128592
46121084
46135336
46112668
46071180
46129712
46116544
46137316
46132528
46159932
46089500
46099664
46117160
46136276
46233984
46115280
46067208
46108408
46168796
46124516
46158704
46096596
46215676
46157500
46098844
46133220
46155180
46147788
46154500
46129420
46199484
46080100
46156740
47122748
46143324
46167244
46155816
46112936
46128460
46069752
46169284
47975272
46140448
46096172
46097780
46122288
46100624
46048204
46031400
46126316
46041672
46057536
46162316
46135472
46104712
46182496
46007968
46043144
46117168
46165248
46312428
46127656
46090284
46146112
46093604
46136980
46482096
46480244
46157060
46153880
46123380
46175908
46095080
46197056
46133940
46130440
46450804
46479004
46423540
46418640
46477128
46057068
46074680
46187136
46102396
46473508
47867300
46092784
46123632
46133640
46150208
46136988
46085324
46137636
46135896
46155504
46134708
46107416
46116892
46130292
46115384
46120520
46155380
46149072
46147264
46150184
46126744
46115380
46105628
46073488
46195372
46093620
47814352
46144184
46050496
46115276
46109724
46133320
46438912
46001880
46141172
46885260
46088024
46129180
46116312
46147372
46141152
46119020
46150172
46167272
46141880
46153844
46162788
46150932
46165804
46182196
46168944
46108200
46195640
46393932
46385484
46067108
46103520
46087800
46068560
46162572
46152560
46107336
46252924
46087224
46113060
46120992
46156732
46149388
46095124
46102764
46102240
46054228
46129408
46099820
46473964
46500524
48021120
46072644
46079116
46141024
46103172
46167148
46119824
46167792
46095064
46120836
46117120
46739984
46046724
46080588
46097084
46134100
46137760
46456304
46448444
46149440
46108736
46144556
46124028
46465680
46445608
46431192
46516244
46418364
46110364
46059544
46106700
46121312
46063704
46114492
46093408
46115264
46111340
46163268
46144496
46147992
46108924
46154188
46112980
46145176
46159276
46117260
46107032
46410244
46134164
46208636
46139776
46179220
46315484
45997516
46083700
46138580
46098888
46111860
46116744
46122240
46117128
46074440
46103884
46149436
46103580
46119184
46072276
46098956
46055972
46489712
46055684
46089808
46104876
46135460
46151900
46503176
46080996
46178780
46102620
47967676
46095896
46173176
46081380
46103508
46046084
46127896
46093108
46086372
46074128
46155964
46014528
46089624
46113360
46128792
46137344
46120932
46103988
46054924
46137696
46120960
46116748
46086628
46152320
46122976
46112496
47008292
46131972
46120252
46116544
46116952
46195896
46098576
46106144
46082304
46114888
46099880
46069624
46138780
47889832
46115920
46079736
46087312
46094396
46120864
46178872
46086576
46092624
46164248
46127968
46280616
46480808
46467304
46431544
46489300
46533456
46444120
46049820
46066320
46115760
46076084
46167404
46109448
46104856
46875140
46107028
46399784
46400156
46113732
46064996
46025432
46076712
46077692
46341428
46069652
46202048
47210536
46080388
46096180
46122084
46102800
46138728
46116956
46122764
46099928
46141956
46087440
46125596
46163252
46494672
47280396
46468284
46422336
46388564
46454412
46549572
46594488
46547884
46518060
46359376
46461740
46411680
46773352
46129140
46376932
46518356
46067396
46153336
46114848
46161524
46505244
46474648
46409480
46424312
46259444
46314916
46463384
47284808
46086428
46148052
46079020
46122352
46157880
46164080
46109948
46179452
46153852
46510296
48556588
46128460
46498696
46457524
46598736
46495328
46475464
46467440
46423344
46408484
46361752
46111668
46087024
46124020
46100868
46122564
47207944
46400388
46443420
46405092
46144748
46330876
46162928
46132312
46148976
46142924
48215104
46092536
46063796
46125308
46126620
46427692
46366048
46514488
46427964
46401944
46068496
46520220
46404036
46442328
46487120
46372460
46449956
48928880
46194580
46088980
46136556
46124932
46562752
46354576
46114836
46081172
46422180
46488112
46428784
46446428
46452732
46427896
46396456
46433172
46268608
46112440
46116620
46056072
46122672
46131796
46526472
46699708
46157852
46125276
46127392
46122824
46115020
46104580
46161208
46468468
46230264
46155876
46134472
46162244
46088176
46103296
46194340
46095888
46133388
46111528
46145860
46088992
46108640
46098808
46137620
46089616
46068164
46120072
46308420
46124280
46369608
46102104
46168760
46199732
46074604
46090232
46553824
46089652
46141748
46400800
46062992
46123472
46153640
46084068
46113324
46083768
46040244
46104860
46071184
46109928
46144624
46117404
46137732
46067952
46884548
46119828
46088760
46062536
46046360
46064576
46114844
46061192
48691672
46365608
46490820
46437832
46453908
46431756
46461392
46439416
46463312
46023568
46143624
46078472
46070764
46116640
46124592
46098176
46126100
46076872
 
46150300
46126368
48406828
46092876
46410640
46035616
46143408
46268092
46883844
46071660
46075356
46125468
46096144
46117232
46095500
46115116
46072760
46145448
46435644
46479132
46357800
46415948
46478792
46574108
46524752
46479060
46470116
46478964
46429340
46057904
46089196
46148816
46720628
46114128
46075748
46120380
46138272
46119476
46208384
46143112
46504440
46446060
46473280
46124996
46170368
46129464
46558952
46396672
46669300
46074572
46155536
48280256
46086824
46273620
46052920
46048260
47522032
46040420
46141400
46087240
46286420
46252000
46529484
46431844
46450760
46416284
46463512
46104820
46123668
46103840
46084960
46131920
46110316
46138516
46101992
46171740
46156448
47565052
46102064
46316444
46564976
46040480
47818328
46065036
46177556
46109976
46078140
46080900
45994972
46086452
46154660
46099140
46177220
46100380
46258612
46111168
46094272
46116388
46109984
46089352
46144292
46141152
46117920
46102960
46202276
46123928
46303624
46066844
46537444
46144960
46125004
46112252
46179804
46109536
46188848
46103440
46132328
46101864
46244568
46165964
46319436
46090300
46110376
46170400
46107968
46531660
46430836
46457656
46393444
46164064
46143812
46163636
46073228
46137796
46423380
46169008
46081724
46165108
46102200
46169408
46136072
46121052
46117900
46191624
46413152
46117136
46088416
46102744
46133804
46103736
46063796
46067656
46110200
46161460
46116660
46149576
46117224
49318524
46067068
47502544
46088888
46110064
46129712
46110596
46109604
46101880
46130840
46122584
46097380
46103008
46120960
46110480
46142896
46149912
46110952
46286100
46512448
46437048
46477636
46457700
46482444
46449156
48104224
46179084
46089308
46934808
46116124
46178528
46175100
46167704
46175660
46116716
46127468
46160776
46225816
46148304
46039236
46110104
46065192
46117044
46101792
46124004
46148648
46071760
46117524
46229876
46129780
46197676
46108684
46215308
47921280
46058456
46144676
46156580
46123828
46498788
46451400
46098752
46121700
46130856
46138556
46515404
46376888
46139948
46111084
46158276
46115648
46093508
46155420
46161784
46406308
46078436
46115628
46072296
46112484
46353076
46942964
46184672
46312224
46064152
46094600
46150776
46169304
46158536
46553416
46093044
46153972
46107148
46494752
46480772
46441020
46123508
46072368
46115036
46117328
46122116
46127276
46490668
46081244
46175804
46120108
46441676
46495064
48397500
46129384
46129060
46121740
46181604
46454944
46191488
46139864
46099924
46125200
46130344
46530820
46048520
46066500
46107608
46129492
46070040
46089712
46116772
46093596
46099364
46102964
46086000
46132988
46009064
46154912
46438480
46404348
46393308
46459580
46454988
46409812
46403424
46353788
46443876
46420708
46443404
46515472
46393120
46082752
46099020
46087296
46098368
46503708
46411644
46105648
46154216
46121584
46197796
46115272
46031812
46109576
46264592
46197992
46461764
46370880
46402848
46449784
46498388
46392820
46063284
46092964
46416104
46080636
46475584
46112964
46175028
46081740
46135092
46139668
46162344
46106648
46093352
46121636
46153312
46140460
46106912
46025160
46222012
46087220
46134740
46088504
46481548
46067748
46092272
46484176
46476200
46450788
46475096
46484648
46490928
46399400
46429804
46446080
46430648
46389024
46376588
46433556
46432012
46459576
46522876
46460700
46096672
46091304
46095772
46471644
46404872
46427616
46451676
46461364
46435580
46471812
46454204
46482552
46510028
46420272
46473588
46350184
46049008
46068316
46164772
46458996
46464584
46461696
46458784
46306764
46494652
46275784
46066700
47765704
46094452
46473760
46096724
46106008
46515848
46474096
46113104
46097600
46034720
46101888
46121016
46142272
46125872
46125756
46071344
46056212
46044616
46156816
46102180
46219732
46452852
46457768
46129528
46075404
46106892
46498968
46527388
46521264
46486920
46494216
46477936
46463956
46486212
46476080
46497192
46551352
46425724
46495484
46434780
46437012
46386356
46090472
46109000
46141568
46112320
46137064
46106088
46184916
46123948
46111584
46127816
46041824
46095328
46542152
46541336
46498768
46513412
46473392
46492364
46468300
46533200
46489544
46425184
46105396
46450176
46400112
46487244
46412940
46523132
46424084
46506964
46442800
46479488
46440204
46381216
46422100
46427480
46234656
46127428
46067368
46067748
46061488
46089692
46146480
46533080
46462968
46483932
46413204
46475324
46468296
46514824
46338980
46464564
46471728
46437792
46472396
46398860
46406148
46438256
47967392
46490032
46458200
46423220
46267632
46815272
46065128
46506452
46023260
46142648
46133248
46158992
46146636
46098484
46102948
46110728
46043100
46114708
46081444
46132496
46085984
46157016
46097512
46112584
46117820
46114392
47238008
46148436
46101368
46156832
46113216
46125280
46947784
46102296
46107860
46143452
46115632
46511908
46472012
46462524
46411160
46502716
46439864
46435968
46437460
46467328
46411604
46466788
46130908
46125200
46058780
46169640
46249380
46063672
46134540
46237456
46287788
47623720
46435944
46415928
46433292
46434904
46490940
46456556
46392908
46458472
46398740
46243104
46447184
46495720
46456116
46423740
46403560
46500632
46436856
46454500
46480488
46138352
46361164
46420972
46399272
46493524
46421804
46520936
46135428
46083988
46061548
46507424
46427268
46459368
46381384
46405784
46421748
46465532
46364440
46500784
46048740
46073056
46079404
46118532
46110776
46048832
46444564
46256620
46418212
46489756
46437020
46499072
46451332
46027696
46866252
46134968
46098676
46112512
46125552
46149860
46119112
46000168
46100188
46085008
46125508
46156140
46429040
46087756
46084980
46091624
46081220
46153692
46536828
46141124
46105388
46265188
46503820
46464884
46410004
46460844
46467012
47187448
46147336
46509136
46413016
46458636
46459992
46499100
46456724
46133980
46483872
46427856
46404360
46484336
46413736
46541596
46525928
46430268
46415296
47195376
46470688
46074184
46436360
46045056
46079724
46363996
46096712
46431868
46513712
46023440
46097600
46449372
46463212
46441708
46386392
46420252
46417192
46372640
46428776
46454336
46437232
46502120
46081432
46153836
46086776
46148936
46438060
46469016
46374196
46361448
46329840
46101280
46152008
48720252
46060136
46105248
46517560
46414160
46485528
46379496
46426364
46473284
46383920
46391856
46430980
46440988
46485808
46471280
46408740
48422540
46061492
46117192
46416008
46466468
46426340
46135520
46449432
46474700
46476324
47014804
46079852
46112572
46041944
46157944
46072732
46425212
46466136
46416768
46473244
46490852
46443116
46484592
46447052
46415944
46367472
47165368
46079652
46103988
46072480
46113776
46128164
46148156
46462312
46428260
46517472
46401308
46475668
46125624
46430332
46459928
46449676
46478588
46481004
46504456
46508128
46511180
46438252
46471816
46456892
46531020
46491844
46492516
46790656
46069248
46069516
46144200
46422776
46060628
46128176
46061868
46078948
46180688
46084228
46669508
46094252
46146040
46099256
46129480
46085424
46078248
46062660
46120792
46115272
46518552
46045584
46009772
46079452
46087616
46105364
46137996
46538168
46077228
46105452
46088444
46128340
46151260
46124460
46192884
46109100
46122912
46890440
46069464
46114244
46110328
46105176
46028484
46089900
46377792
46459656
46415904
46536624
46418776
46383828
46536796
46048960
46487212
46471464
46442500
46068580
46072896
46115500
46074068
46177612
46113480
46108488
47604284
46093084
46049472
46557380
46418088
46495456
46358564
46376748
46374444
46057920
46068528
46069892
46119412
46185844
46139728
46103564
46172624
46076316
46104068
46126420
46347868
46426100
46388960
46020708
46195380
46294260
46083972
46310456
46120724
46567428
46075216
46097100
46120880
46141960
46095100
46096716
46112916
46088980
46106680
46185992
46054904
46148188
46113140
46189680
46147344
46120508
46084568
46061352
46142120
46086000
46108788
46094276
48303328
46114684
46540868
46455088
46441948
46104072
46133668
46117992
46339712
46511544
46503832
46487164
46438844
47100100
46125488
46144600
46232788
46099496
46471524
46519916
46438064
46521632
46421500
46442012
46427920
46433976
46508424
46488208
46067216
46117124
46434240
46488768
46495424
46505464
46378572
46434076
46426156
46478328
46484288
52136030
46148496
46106888
46110876
46072600
46126336
46171264
46118160
46142084
46155456
46129180
46447056
46538372
46169100
46123796
46101888
46163628
46165752
46083516
46432716
46421216
46530420
46167192
46140524
46106872
46150604
46242540
46124436
46333280
46106284
46155688
46452068
46477240
46441452
46102864
46153964
46094124
46109980
46848548
46165848
46123176
46494696
46413272
46499848
46431500
46474884
46473448
46503320
46479972
46165540
46062636
46150008
46465544
46465760
46515772
46472304
46404360
46457972
46070844
46147520
46075028
46409292
46439460
46470620
46034996
46058048
46094340
46061048
46094408
46141740
46114812
46123852
46017828
46101308
46090780
46935988
46112756
46111556
46057920
46480812
46025916
46086124
46095756
46068336
46153920
46087008
46126696
46072468
46150192
46117976
46125540
50440232
46069904
46490640
46451756
46390104
 
46399172
46486096
46617416
46424920
46468476
46912768
46058272
46045952
46284432
46104764
46105068
46101488
46415608
46065912
46150408
46131880
46143912
46136428
46038692
46048020
46482588
46444124
46071604
46497888
46139340
46068280
46124300
46122500
46103392
46094652
46091640
46259620
46114744
46083452
46111148
46122072
46101472
46073876
46167492
46128392
46257960
46116112
46100092
46144960
46090824
46223592
46114784
46384472
46077012
51427164
46099840
46031296
46116856
46051540
46290320
46131024
46104444
47781588
46165936
46126788
46122168
46050804
46112932
46089024
46090556
46079932
46094788
46087808
46102264
46135460
46102628
46087580
47530968
46074924
46452240
46421596
46200872
46375720
46419040
46011776
47696180
46016096
46107016
46052460
46130948
46078568
46122232
46055536
46107956
46191940
46092288
46087984
46105208
46174236
46090324
46470664
46340520
46425764
46555304
46184120
46138436
46469896
46039556
46131692
46083592
46154252
47650964
46088060
46140448
46300400
46111904
46075904
46119100
46126264
46122256
46098020
46132416
46100356
46105840
46121332
46074616
46065112
46111704
46096212
46131612
47406444
46124380
46121868
46066404
46112960
46118936
46154080
46119020
46128964
46129068
46081132
46099504
46128556
46100196
46126820
46117220
46135172
46094872
46141708
46130720
46101908
46096844
46110488
46093764
46108976
46119948
46125856
46042664
46099208
46055108
46085440
46499252
46439124
46383844
46276204
46102584
46180568
46082200
46474916
46065380
46552176
46503268
46448580
46491044
46413428
46506900
46445244
46516016
46406952
46427924
46413160
46084440
46090616
46088920
46160796
46062304
46120096
46321080
46173344
46239560
46569644
46063332
46135816
46112292
46132200
46081976
46170876
46065972
46085716
46145188
46077336
46069668
46089476
46073020
46111444
46103924
46114196
46108588
46174440
46847208
46168232
46057040
46075832
46050000
47874804
46030424
46062336
46124900
46493172
46088332
46507096
46247372
46499304
46093940
46071924
46112128
46098760
46100988
46071512
46155904
46134148
46135512
46113160
46285504
46126764
46140008
47871460
46155224
46083992
46149984
47624792
46160436
46099292
46081108
46079948
46149900
46079372
46091196
46039864
46098604
46140668
46241512
46690208
46689040
46297544
46385684
46422004
46740772
46712988
46412640
46078428
46112496
46081960
46112616
46142512
46408188
46473324
46119500
46068292
46284260
46122416
46119568
46075352
46102700
46104660
46076536
46053528
46131852
46128008
46390996
46095416
46077044
46097240
46097012
46145616
46167988
46146972
46078008
46071684
46779960
46109252
46162292
46466012
46117624
46101772
46127452
46488368
46473236
46457464
46450196
46357456
46524532
46421048
46535176
46497664
46136896
46095520
46106360
46065244
46491992
46456020
46049420
46090896
46134512
46114880
46501196
47001812
46071972
46059212
46097940
46102964
46113860
46142908
46155340
46059736
46113500
46068612
46100096
46095328
46106152
46070152
46126836
46078876
46142080
46158844
46103188
46028140
46060280
46194344
46826132
46059680
46521160
47206688
46093476
46451732
46307348
46531980
46552808
46437856
46499544
46127964
46077108
46110716
46118292
46129708
46107312
46118720
46100720
46057748
46098656
46077840
46095684
46111052
46110144
46090360
46163104
46124384
47161152
46094160
46108416
46103056
46110548
46121012
46171768
46114144
46116304
46123180
46152716
46111368
46157364
46193240
46153172
46123944
46148424
46477072
46557304
46455340
46464064
46081052
46564708
46510296
46111188
46097132
46114084
47203364
46198268
46124480
46205676
46015448
46146592
46452660
46434404
46099656
46142740
46097160
46139116
46107676
46143200
46097260
46144032
46115880
46166888
46104404
46186592
46113396
46111596
46107428
46172632
46113980
46618552
47193236
46023776
46128836
46097868
46247280
46094112
46138168
46105212
46159996
46119648
46086660
46095632
46133552
46111068
46211492
46097808
46055588
46116016
46105668
46151192
46143912
46079260
46056128
46116864
46172000
46081240
46732312
46120260
46123484
46153516
46121160
46526916
46488948
46126260
46128816
46405776
46257452
46130888
46094828
46116852
46080684
46048932
46156220
46131632
46185792
46099772
46081764
46138936
46201104
46081380
46389128
48446076
46056572
46133788
46267400
46545780
46485192
46103964
46088272
46088640
46144160
46110244
46119472
46078492
46071016
46098936
46129696
46110424
46086388
46108652
46411216
46010804
46433392
46112128
46115472
46216432
46737444
46122932
46165340
46126764
46132600
46083152
46167660
46105152
46144232
46107764
46139152
46124864
46064964
46123160
46088824
46110432
46118860
46094524
46086840
46144864
46082692
46083356
46101740
46113412
46140816
46054264
46025728
46159800
46091188
46119224
46139192
46113672
46504316
46489004
46547916
46105164
46033072
46058748
46091660
46160272
46079212
46460460
46056120
46121304
46092672
46175428
46087580
46075508
46465108
46409048
46159996
46105756
46111940
46181728
46016252
46570052
46405072
46084740
46112476
46143880
46109220
46091728
46141164
46099892
46126868
46464484
46432112
46446108
46464744
46459112
46503364
46451180
46440464
46421208
46057832
46070364
46456624
46431368
46034204
46175204
46092640
46034116
46117208
46099836
46119840
46082260
46128288
46129264
46151776
46089192
46139160
46215424
46496912
46368720
46482068
46441008
46495320
46420076
46493240
46430004
46869076
46493364
46447316
46122188
46117236
46448196
46126476
47475604
46064952
46066572
46089488
46131784
46074572
46056868
46119128
46184904
46105144
46063272
46148136
46112796
46130504
46082004
46097228
46392228
46067928
46067640
46037424
46055164
46257828
46110132
46090004
46111668
46122156
46491996
46055232
46105616
46016696
46455996
46082912
46090300
46512972
46512680
46426788
46444412
46414456
46490556
46450932
46407440
46359112
46434848
46363072
46112048
46086884
46138916
46686600
46104276
46023340
46096664
46263340
46425280
46992768
46377452
46158220
46414884
46436160
46384348
46478300
46064360
46084212
46140484
46110704
46132040
46069572
46124040
46092260
46116808
46059708
46089576
46054132
46078448
47664640
46060876
46296240
46196096
46074800
46048132
47294712
46177228
46101996
46079544
46124836
46104796
46090604
46094284
46115540
46048152
46137600
46105216
46105656
46090048
46043892
46049312
46529564
46469528
46550988
46138680
46971792
46226944
46184444
46160824
47968660
46413384
46146844
46562028
46083720
46049888
46104432
46073968
46092508
46095436
46140528
46113544
46106804
46102728
46108416
46143516
46131448
46127172
46135760
46055344
48573708
46139128
46038752
46073624
46134572
46184816
46021672
46117200
46114312
46186992
46138740
46343056
46112656
46112160
46103392
46173088
46063788
46128368
46119372
46089044
46073360
46169824
46656468
46450448
46416392
46414408
46877444
46091752
46072704
46129840
46085996
46194620
46150208
46108404
46132796
46104280
46071776
46163792
46092712
46154044
46405660
46487048
46409772
46291500
46093416
46122916
46484968
46479148
46466580
46568940
46461404
46426980
46515280
46250580
46575520
46566996
46425368
46528524
46509480
47873352
46131804
46099248
46360536
46084668
46124652
46084724
46489580
46440204
46445772
46520944
46423940
46515280
46469892
46496588
46396820
46304640
46044016
46065500
48093816
46046520
46434224
46429824
46029188
46027716
46120532
46086660
46079224
47251032
46216068
46114848
46133700
46111416
46120464
46123516
46107096
46071428
46144176
46072276
46069728
46080504
46095384
46186340
46138012
46094500
47826148
46095420
46121240
46101760
46351552
46388364
46394640
47574084
46142032
45990180
46076328
46072072
46440440
46471344
46354720
46448616
46429984
46381832
46401964
46451684
46449316
46476720
46478016
47872892
46079668
46115724
46139076
46092424
46067692
46150684
46063732
46112520
46080952
47151736
46117028
46461276
46133624
46151572
46127060
46129488
46098032
46160120
46114944
46109660
46130856
46129284
46286256
46087728
46104628
46158092
46031852
46141380
46090324
46085996
46088704
46119588
46083684
46077516
46097632
46075680
47457412
46072200
46090144
46099668
46096120
46086684
46096956
46159536
46403068
46317408
46089500
46082828
46146804
46104616
46083000
47086852
46048084
46136844
46120608
46196088
46127004
46116876
46072504
46049100
46063668
46152360
47154732
46102520
46188792
46071212
46130276
46477568
46470156
46451896
46501984
46418496
46097760
46089600
46274108
46102628
46167060
46406548
46058188
46080332
46160384
46474828
46447260
46438484
46423912
46183640
46620692
46224628
46099280
47790600
46151956
46435864
46478700
46392432
46428576
46385636
46469620
46479044
46531624
46470528
46464924
46409464
46460628
48359084
46059788
46071860
46515580
46514260
46444412
46431436
46065164
46310664
46085320
46134868
46091848
46060932
46093736
46104508
46133872
46123528
46178852
46061936
46084100
46088808
46301444
46438352
46395076
46759696
46107420
46444544
46107156
46395092
46068416
46109124
46143032
46102696
46090232
46110228
46137488
46111092
47136216
46206644
46111808
46077648
46052324
46063628
46099364
46106208
46066896
46093204
46121736
 
46121368
46088376
46138188
46004108
46052856
46157512
46387740
46385092
46357276
46428676
46347760
46493020
46423388
46445796
46438448
46435208
47005484
46498636
46431024
46590460
46404788
46355460
46423096
46283952
46457012
46467948
46473632
46384332
46378136
46169004
46096440
46504936
46461324
46389368
46407704
46456900
46451036
46465120
46382456
46482164
46399352
46416712
46390224
46788552
46165636
46071752
46112476
46084372
46120540
46156988
46114600
46101276
46040192
46114384
46050048
47496112
46062452
46086988
46086976
46156840
46467592
46455332
46439540
46420520
46473212
46433068
46475752
46531192
46410236
46464316
46437704
46119052
46100928
46188036
46133376
46365896
46461760
46309676
46114272
46053928
46118228
47129708
46156468
46156772
46068380
46184988
46435580
46434000
46438800
46458520
46474548
46417712
46443184
46409252
46392236
47477564
46194792
46073540
46090240
46039696
46504988
46405092
46674784
46361196
46664040
46899892
46078620
46161328
46112700
46137476
46107732
46093652
46125380
46038252
46041344
46057992
46139412
46464596
46487560
46513068
46014400
46044284
48516272
46094080
46108716
46098440
46108820
46132508
46107528
46125916
46120876
46122512
46276268
46081532
46106516
46167756
46107052
46525164
46469776
46429696
46440140
46277964
46046256
46083248
46101408
46080320
46112252
46089116
46156244
46077264
46260416
46449976
46515020
46231876
46122724
46413504
46112324
46244316
46683296
46087188
46254352
46161616
46127784
46129524
46131308
46349664
46528428
46429716
46110608
46146716
46152544
46130532
46294844
46113004
46124360
47899820
46133816
46139808
46146252
46101332
46603840
46756696
46508640
46505600
46925032
46036012
46079616
46064092
46076880
46054088
46123224
46145448
46129328
46071920
45984996
46350724
46471400
46455220
46354236
46503048
46395200
46431208
46796220
46093876
46449640
46480620
46074436
46249752
46196684
46130436
46227188
46102728
46114568
46217460
46094956
46094108
46099704
46146104
46062468
46079172
46120108
46071868
46074660
46095340
46428052
46494592
46252328
46080316
46110732
46110524
46423844
46504628
46438124
46393608
46714404
46077720
46097532
46148164
46018552
46108376
46496288
46500116
46103668
46071584
46058836
46127636
46070532
46125184
46110360
46068216
46091120
48475376
46090592
46073628
46076944
46108976
46163260
46037720
46090348
46129128
46132500
46455752
46495104
46399416
46448472
46399240
46057040
46086524
46537376
46430316
46440496
46434140
46448304
46385980
46472012
46422168
46514008
46342432
46081868
46140740
46084772
46139456
46046124
45998140
46083384
46132500
47477532
46131564
46107248
46149340
46098032
46112880
46125052
46116732
46108228
46154392
46071004
46330080
46496120
46536512
46484984
46525688
46575624
46515676
46575500
46682196
46520080
48158268
46086668
46099236
46109008
46104368
46150044
47702256
46054272
46134144
46442912
46511608
46407124
46478656
46442320
46492748
46477096
46487580
46428348
46492892
46454536
46461664
46667960
46446260
46464480
46786564
46544924
46448884
46078228
46110932
46456204
47596140
46079760
46101132
46149836
46069316
46147488
46131624
46502732
46459308
46465236
46462992
46429908
46364004
47348904
46123192
46450012
46429616
46776800
46383400
46529920
48258272
46460440
46463352
46435576
46458720
46453080
46443544
46547868
46449708
46420576
46460672
46441076
46440200
46363452
46436880
46065760
46097592
46260516
46063352
46093668
46506224
47389408
46035932
46065368
46110112
46115288
46619736
46033844
46075712
46113948
46177428
46479024
46458772
46449180
46102848
46091464
46426976
46420312
46525828
46434100
46205152
46055996
46174932
46106356
46111248
46140628
46520876
46473752
45985340
46103080
46673364
46482040
46415668
46553836
46116500
46132176
46443568
46444856
46447836
46189692
46284712
46112592
46119424
46150840
46093388
46143208
46110936
46149952
46463340
46522268
46395596
46484248
46786364
46431660
46429632
46394816
46065656
46498024
46403116
47572984
46094684
46103156
46113048
46078032
46378044
46452316
46470312
46457256
46489616
46500984
46558404
46377748
46482788
46444160
46528636
46547672
46463400
46599140
46519460
46505328
46531580
46469484
46559864
46380192
46428868
46478448
46378364
46359472
46454444
46438240
46538576
46477136
46399084
46380840
46423328
46467728
46530620
46383956
46482108
46506352
46563864
46157356
46667032
46023056
46121400
47060232
46168324
46419988
46475724
46437088
46469360
46444808
46394396
46466048
46460200
46456516
46465124
46398392
46062204
46118912
46110212
46121724
46063648
46078560
46118528
46072664
48222832
46086612
47306340
46049388
46101480
46142640
46496608
46461264
46475232
46325816
46047588
46068204
46473816
46462468
46468228
46439896
46393412
46445388
46455900
46439912
46458224
46392704
46218456
45995932
46363264
46125020
46410460
46433668
46411164
46407908
46498212
46434644
46375508
46397848
46329196
46172112
46134396
46140112
46052428
46137020
46092452
46020232
46096368
46400624
46438660
45973060
46105648
46454724
46460664
46448104
46117940
46878628
46118316
46121052
46102832
46106352
46086708
46109572
46094488
46133584
46426216
46534228
46525432
46604940
46497540
46475952
46511184
46491384
46419332
46380580
46353440
46557568
46481304
46503104
46429636
46447312
46135608
46067080
46111832
46147508
46131824
46134172
46101300
46116984
46124168
46325700
46074284
46108176
46149172
46132392
46168932
46130112
46461276
46377892
46388252
46466612
46416380
46465876
46313652
46091088
46176188
46710268
46045896
46130976
46133084
46450468
46517612
46394076
46408716
46045352
46118452
46103884
46329816
46206244
46067120
46147544
46408228
46508084
46071916
46080656
46148692
46098456
46176632
46138180
46054764
46095984
46060776
46081672
46093888
46190556
46265424
46060796
46100748
46077916
46221572
46101004
46077988
46054828
46136952
46055840
46095512
46101224
46152464
46109124
46065772
46104304
46210264
46408684
46524252
46247732
46286148
46073044
46099944
46079848
46116492
46147940
46427568
46401404
46254512
46084096
46095328
46131032
46073656
46090272
46109168
46095056
46098012
46117992
46065332
46088620
46086360
46119528
46069892
46137824
46092180
46114652
46079008
46127532
46009604
46120024
47773464
46126300
46080184
46178512
46442256
46016440
46016952
46112484
46149300
46082328
46115924
46019928
46059136
46064320
46076656
46089592
46118696
46149772
46533456
46085592
46115264
46056144
46295216
46238688
46450716
46098028
46349732
46426224
47476116
46137868
46583740
46058408
46112776
46381508
46232960
46443196
46396324
46456876
46438076
46465376
46451824
46437860
46360448
46398784
46340368
46447624
46038592
46073768
47161260
46041756
46106204
47265072
46088208
46053532
46094392
46096668
46117872
46405268
46343864
46279028
46394660
46513692
46472008
46424448
46457720
46453016
46454752
46547240
46444508
46500948
46503344
46476020
46394208
46446372
47645868
46249352
46099652
46438100
48638920
46159344
46050564
46410144
46438636
46414496
46467584
46522576
46443996
46411132
46379516
46455920
46455540
46471656
46317640
46074100
46064480
46418584
46446828
46453220
46355240
46393684
47846696
46104240
46197896
46072520
46908464
46059804
46513680
46409488
46224960
46396764
46432680
46406408
46078732
46076276
46071604
46105680
46073596
46076248
46115476
46086276
46073352
46115336
46108900
46120988
46119068
46087808
46178204
47267436
46365124
46257436
46502092
46412232
47101012
46074676
46465568
46493812
46493508
46444608
46511264
46451892
46511520
46524864
46515308
46500976
46520096
46370348
46412292
46061456
46309844
46032480
46106692
46083188
46077220
46319828
46100196
46105992
46082956
46093480
48546544
46177216
46420436
46407600
46408624
46528016
46397856
46055852
46464352
46430476
46401404
46466684
46428044
46580340
46440260
46338412
46178984
46087908
46086232
46368320
46120476
46181812
46131008
46122104
47817872
46135408
46426476
46462828
46469968
46425664
46041136
46109564
46454656
46465396
46406612
46365996
46393428
46461756
46497764
46480416
46397200
46404260
46470504
46501600
48515092
46183984
46092648
46094080
46090132
46151756
47201728
46108656
46385192
46364908
46473912
46456260
46463340
46509232
46409192
46084348
46115848
46165444
46320888
46389848
46220428
46044268
46046480
46193412
46807756
46164732
46108860
46464152
46467656
46456592
46357584
47954496
46092248
46121872
46092456
46074704
46051080
46204720
46481584
46253032
46164292
46080160
46080568
46182896
46492484
46321440
46147760
46082276
46167632
46156748
46352052
46505852
46471168
46161292
46080396
46079448
47791704
46114060
46114940
46104692
46149104
46088128
46107544
46086876
46102496
46104236
46119556
46167920
46496184
46435424
46408640
46436812
46437880
46776224
46113244
46059596
46065116
46090420
46175136
46114304
47950084
46055140
46073272
46123880
46066472
46092024
46121536
46110684
46156668
46502140
46606124
46438112
46394408
46070568
46060376
47824696
46102680
46136596
46133100
46067220
46162700
46110680
46119560
46428308
46565640
46492220
46516792
46449936
46468308
46432308
46484016
46415640
46390208
46116144
47263292
 
46158532
46209296
46064664
46099452
46152432
46151780
46082872
46128120
46162412
46056836
46071640
46104512
46438236
46451168
46383240
46392204
46481348
46438960
46361916
46521392
46429868
46369880
46412264
48049980
46076604
46120668
46402144
46394272
46390292
46405072
46434780
46405352
46473576
48457904
46033868
46075884
46111520
46173752
46189264
46442768
46495184
46353752
46046664
46059216
46101912
46062688
46082860
48011796
46175468
46074196
46113496
46373544
46201464
46423412
46488552
46473652
46417704
46416600
47290896
46096428
46071880
46070316
45994652
46112508
46261520
46111168
46138428
46055508
46053020
46090840
46131872
47109756
46016908
46136188
46492420
46336348
46066652
46080852
46192612
46201776
48110456
46056000
46023964
46147536
46112696
46472208
46527884
46362756
46355100
46111840
46187740
46428836
46037672
46386072
46058496
46080292
46468648
46477568
46429604
46409324
46408028
46437112
46487472
46098720
46071524
46097848
46220880
46088912
46406412
46451788
46470160
46489348
46431060
46487884
46506184
46469748
46455056
47794304
46094716
46069140
46045296
46029756
46140704
46419120
46472168
46396460
46360424
46389556
46375280
46393732
46390368
46114532
46266708
46462404
46445340
46437876
46396760
46494404
46390884
46450172
46407312
46927944
46016260
46339680
46425456
46492488
46494040
46462896
46430520
46253120
46392092
46564016
46480980
46412632
47136008
46098392
46131228
46145340
46071784
46098960
46111988
46128956
46093424
46069952
46164920
46127548
46228100
46110324
46166632
46517028
46521196
46456688
46513828
46461456
46488716
46440848
46514508
46441548
46485624
46410004
46162820
46136244
46120512
46081256
46411452
46367508
46337500
46390560
46468212
46482792
46098312
46514304
46483840
46358148
46040012
46450636
46084344
46085676
46100692
46423472
46087092
46084960
46494260
46014092
46082072
46044952
46095640
46101340
46085512
46086396
46060720
46102928
48462660
46518348
46335140
46435900
46405040
46415232
46397944
46358864
46369996
46121768
46464276
46522196
46475684
46483600
46377968
46117524
46993496
46154820
46106504
46066296
46116016
46199504
46216028
46012356
46165344
46133360
46474200
46387232
46343180
46110812
46482232
46484320
46483512
46421204
46411840
46452384
46417904
46410024
46498648
46354308
47346272
46095316
46046312
46495096
46375848
46442412
46494496
46422976
46463280
46246376
46183588
46086792
46469704
46453204
46480828
46438316
46547568
46445132
46511388
46452368
46543336
46504400
46515636
46513192
46521676
47726036
46426916
46364136
46073948
46177324
46111124
46031564
46058672
46987572
46149700
46116684
46165892
46051604
46101136
46086556
46302264
46499308
46457500
46085236
46082876
46085880
46189280
46098104
46077324
46118220
45979844
46081136
46083732
46150776
46114488
46067724
46107176
46039804
46059664
46094128
46129656
46300380
46207496
46085600
46091064
46274552
46125292
46368352
46454024
46236936
46370320
46326644
47322356
46509524
46370044
46466812
46492556
46521604
46411464
46107624
46108640
46130808
46098160
46141288
46165588
46034776
46148584
46117072
46200672
46142688
46105064
46112748
46161300
46317496
46126356
46097476
47125796
46082872
46105388
46074360
46589208
46159472
46097852
46110924
46166096
46162548
46056572
46131112
46263876
46112276
46278360
46274952
46435084
46414620
46448292
46461508
46415660
46324076
46072988
46108356
48244520
46124316
46126596
46151944
46538324
46287392
46051240
46478864
46133904
46217096
46046272
46046036
46158892
46092116
46089276
46068372
46425976
46479076
46316348
46112656
46405112
46263844
46025668
46082460
46112044
48085204
46099728
46203184
46127396
46060516
46061572
46558604
46212332
46028104
46093616
46253804
46042764
46192672
46071352
46234032
46127360
46388788
46476476
46392856
46448232
46484292
46133068
46487672
46036088
46070220
47258940
46133204
46077528
46048044
46075444
47460840
46197484
46087728
46423204
46480072
46397404
46450112
46404800
46446864
46435116
46309404
46341064
46413948
46448392
46445256
46434992
46507220
46411132
47432856
46069588
46308784
46116936
46082856
46125084
46078008
46079944
46055768
46146820
46122236
46115848
46047180
46062024
46061788
46080176
46093780
46152364
46105176
46102800
46079728
46039952
46494356
46400124
46487200
53798264
46065632
46097292
46121644
46969136
46117868
46073584
46138476
46103564
46121964
46072680
46056240
46127572
46156700
46054004
46092644
46115092
46442640
46455256
46327788
46507148
46090908
46156612
46126012
46423312
47398680
46089348
46042824
47232788
46564336
46338744
46020440
46520996
46571100
46428264
46086520
46091516
46068396
46220764
46298744
46395876
46440184
46481308
46459092
46384800
46108924
46102668
46191388
46128212
46136904
47669952
46064668
46066036
46124136
46088572
46118456
46085172
46144908
46089428
46113612
46129120
46108696
46107132
46011480
46082116
46088140
46107684
46111164
46112752
46103432
46119132
46136652
46166372
46086776
47242120
46037608
46112976
46167860
46102424
46140636
46087192
46047936
46072584
46077676
46064308
46101228
46134996
46058452
46110124
46174468
46487980
46419828
46403976
46083616
46147928
46168856
46134416
47127928
46015820
46145344
46082580
46172408
46174336
46077104
46183812
46160080
46162448
46054312
46080968
46101088
46100188
46068616
46108784
46186064
46107860
46160208
46105508
46151700
46188732
46171912
46224964
46099956
46158304
46082272
46158684
46168620
46179016
46110888
46117552
46050356
46140748
46145592
46079972
46127760
46160688
46428260
46405036
46505084
46533616
46549428
46535948
46531616
46555984
46104332
46080680
49138132
46181832
46139248
46155680
46145940
46137388
46034168
46073876
46126172
46101500
46116220
46101716
46152684
46108908
46122784
46095524
46090304
46074716
46131748
46112856
46108532
46090264
46150396
46124064
46113248
46520076
46220044
46555912
46457788
46333424
46064568
46156672
46120552
46058436
46050764
46057016
46082948
46091332
46103724
46124492
46488496
46436360
46500564
46538340
46408112
46462832
46543732
46571796
46485620
46500828
46347496
46424548
46505712
46451448
46447896
46384780
46150472
46109500
46374864
46084296
46104604
46078480
46144872
46159620
46252860
46059400
46082892
46081636
46064280
46088696
46151608
46104808
46175888
46139328
46179876
46158832
46169308
46142260
46188132
46125844
46200416
46051228
46080584
46062152
46102256
46144852
46171544
46170464
46096936
46135068
46051748
46111920
46085532
46084308
46083148
47871024
46053120
46059332
46089268
46039288
46070904
46060296
46117888
46072844
46067152
46048592
46121336
46056140
46063112
46149848
46100124
46106712
46049096
46080520
46079844
46051696
46088856
47577408
46110636
46194056
47432200
46066728
46080756
46127428
46103512
46110532
46129064
46197028
46101644
46188316
46191292
46148680
46163344
46141224
46156280
46132540
46195308
46145396
46075292
46097272
46387360
46094448
46092372
46103240
46079540
46150052
46134392
46161528
46433772
46455720
46467020
46502728
46478800
46398252
46354892
46075228
46100020
46173564
46139900
46124588
46070064
46099088
46080364
46108956
46136128
46145072
46085512
46162624
46647172
46199256
46158560
46138900
46145584
46108180
46151384
46120624
46135604
46137764
46096508
46034056
46117336
46164056
46117268
46150732
46101804
46069968
46759184
46066004
46090708
46103296
48609200
46051372
46119140
46192956
46023732
46131228
46034828
46029404
46001144
46170752
46068284
46088524
46129040
46159276
46123340
46127568
46157008
46158060
46147968
46205636
46120936
46039920
46080620
46104232
46447788
46088112
46067056
46131372
46071392
46074296
46113272
46089936
46086224
46055592
46086968
46167212
46110416
46485824
46396148
46424224
46517204
46715168
46414872
46407064
46117724
46130148
46115268
46093008
46081680
46066688
46140552
46085416
46178936
46074352
46067476
46076912
46145608
46178000
46133848
46054624
46088776
46103256
46115396
46490200
46065792
46082716
46061820
46572156
46112904
46122372
46030628
46056100
46188020
46146932
46075988
46068764
46440236
46116220
46092496
46046020
46077356
46193696
46118508
46130428
46064708
46131240
46097716
46136632
46021820
46055808
46099560
46082980
46124412
46069472
47686228
46065224
46151084
46088508
46147952
46185976
46094684
47908724
46142060
46048332
46041656
46070836
46112208
46166824
46033868
46132104
46114864
46141112
46145520
46478700
46072804
46110600
46090364
46132608
46069828
46121032
46053860
47609188
46131776
46083208
46063056
46128172
46093480
46095656
46106468
46146544
46114084
46091948
46117284
46106404
46121932
46182540
46001824
46203592
49023972
46100612
46108000
46067672
46469864
46473884
46393200
46427304
46098716
46118712
46382128
46505400
46459812
46412148
46474576
46449188
46487944
46083984
46100736
46100240
46155268
46088004
46104864
46439172
46168664
46145340
46102724
46087196
46116328
46366860
46087132
46102784
46339932
46092240
46108496
46087864
46108712
46154808
46094920
46102848
46202728
46064840
46104244
46104184
46099908
46183992
46096772
47050204
46182660
46054000
46139900
46099040
46100496
46115876
46137384
46487628
47560596
 
46100188
46134740
46038664
46088828
46105744
46101128
46126660
46108044
46076128
46081252
46114560
46114392
46157024
46496668
47623512
46175968
46148536
46525032
46491080
46518652
46554012
46583264
46534172
47079444
46170668
46059980
46170752
46097744
46080672
46065388
46106100
46145796
46067464
46252840
46092336
46031672
46126888
46064064
46079740
46124200
46106048
46079428
46070696
46046220
46119200
47139716
46119132
46090584
46140256
46143768
46059164
46139608
46196652
46123360
46147776
46026248
46044972
46145628
46168648
46148964
47790748
46040436
46158204
46428936
46450876
46438996
46429412
46399492
46388344
46362428
47303524
46104248
46094844
46111472
46110764
46086840
46332888
46069484
46082456
46083500
46056852
46112800
45950940
46034876
46308656
46131056
46067560
46123244
46079976
46076380
46086408
46164568
46081092
46131544
46076088
47058064
46095392
46127028
46119292
46051932
46069112
46077732
46087972
46099740
46006920
46095692
46125276
46109052
48543852
46048824
46045180
46136652
46191488
46034704
46085332
46102356
46101036
46084368
46056180
48198820
46077980
46075136
46107696
46539020
46061464
46085568
46062532
46088312
46100880
46100192
46079424
46048336
48640208
46156560
46455252
46427008
46076540
46038404
46022100
46565880
46306996
46444676
46442072
46186956
46059596
46080468
46037052
46098652
46073864
46053604
46046796
46078136
46034784
46076420
46235480
46097624
46209172
46097408
46325904
46230188
46430992
46545888
46316740
46469136
46387996
46331044
47314988
46057644
46133160
46515684
46346076
46006364
46113128
46041556
46079188
46068596
46042176
46136740
46767612
46114192
46160664
46135600
46115356
46134668
46089348
46081532
46107552
46056756
46102660
46075144
46135792
46098860
46098724
46096872
46108032
46083944
46088256
46080220
46075984
46063592
46211596
46112660
48197968
46085224
46480056
46075792
46428064
46396992
46446840
46500184
46429104
46479228
46577136
46412388
46429356
47419556
46089080
46447980
46051888
46043416
46133764
46135720
46069356
46509584
46468412
46335728
46078988
46107384
46133700
46146764
46438292
46330804
46111432
46068732
46116092
46144092
46161188
46082952
46108644
48119908
46143380
46098916
46104036
46079512
46205644
46065084
46149816
46031724
46183664
46115592
46064460
46101052
46508980
46445460
46485544
46380440
46378728
46406272
46425412
46461292
46355288
46489152
46423832
46085580
46081736
46485216
46458136
46323268
46483724
46497348
46540232
46358300
48371004
46053884
46055220
46527884
46410116
46312248
46381324
46491464
46359556
46380668
46432960
46407608
46402820
47213900
46431740
46422984
46384028
46434492
46403864
46433840
46439932
46421116
46378980
46076848
48189780
46073864
46132196
46543660
46415888
46340376
46383388
46061672
46109004
46154008
46142264
46058672
46063904
46078552
46629116
46164164
46424336
46354332
46411572
46377496
46440688
46463012
46471552
46411032
46422984
46054120
46033640
46063812
46493268
46350052
46520604
46440920
46111960
46038004
46409144
46131880
46146688
46076808
46045244
46152336
46134736
46091000
46213228
46162956
46497840
46499548
46528676
46461724
47592380
46102824
46037864
46077152
46153908
46065440
46110832
46073060
46101160
46149544
46047084
46100588
46018184
46068748
46054696
48336004
46020424
46098308
46338696
46354248
46377896
46445484
46402248
46423532
46506052
46118660
46121892
46089336
46154136
46132240
46119120
46097956
46456908
46531060
46488748
46348644
46606096
46013008
46073876
46174624
46559772
46401672
46390336
46432192
46400416
46445744
46451912
46086460
46474464
46531756
46528328
46457620
46541404
46451756
46368740
46420868
46444252
46444548
46419388
46059508
46113780
46095416
46069152
46100256
46075948
46197696
46081280
46105380
46463068
46039824
46076888
46075808
46067304
46215088
46378840
46375332
46381520
46407512
46363840
46053508
47237544
46111992
46046584
46127860
46121596
46070632
46115512
46031832
46048772
46882944
46097056
46155940
46066432
46144252
46139156
46084628
46124844
46113380
45989784
46067996
46095388
46094588
46029324
46154212
46059220
46147124
46096732
46471484
46549324
46448312
46400020
46373860
46445340
46405256
46004684
46121556
46142528
46446552
46350492
46390368
46464360
46475172
46438096
46356088
46522736
46364584
46063944
46085576
46088940
46499720
46042300
46153596
46146380
46150488
46085512
46161292
46127108
46074572
46623680
46057168
46099044
46454892
46472860
46449192
46406084
46405840
46472632
46399084
46310868
46362572
46631532
47026332
46042028
46067616
46110848
46045908
46133336
46167352
46197116
46454936
46082948
46078472
46069704
46087188
46128840
46097188
46138196
46047216
46032332
46057200
46147712
46097088
46142656
46052332
46041796
46031792
46069552
46432724
51643092
46068668
46080068
46065276
46060120
46664772
46164956
46110908
46076312
46088640
46095076
46125376
46142108
46171240
46063124
46066788
46179388
46158704
46097208
46025840
46032140
46116376
46123044
46104292
46069840
46348800
46128344
46130096
46142488
46223236
46210256
46097924
46119264
46149712
46101916
46100516
46130588
46078732
46087960
46094836
46099064
46109340
46091480
46076824
46063412
46073324
46102840
46120748
46102824
46092612
47359184
46231092
46102212
46121508
46071888
46128612
46138716
46137264
46092932
46053304
46029420
46139424
46109620
46121148
46074808
46148140
46060640
46052492
46055660
46044272
46106720
46098140
46116040
46091624
46069140
50494456
46061044
46104116
46230812
46076948
46076456
46049104
46032116
45991332
46041828
46078320
46128268
46130876
46136488
46094116
46112012
46111264
46080392
46119872
46083612
46330836
46069556
46126024
46203092
46153120
46062776
46106236
46101500
46123736
46122976
46055096
46126572
46077268
46155688
46135108
46132616
46145652
46146632
46096720
46132860
46116220
46124212
46109828
46096520
46085020
46130072
46092776
46069420
46470512
46140404
46102508
46196628
46477836
46152472
46433660
46348696
46285972
46414020
46407604
46480008
46422292
46450600
46320332
46105248
46051280
46115612
46103000
46117660
46515420
46225536
46139368
46138420
46063700
46021844
46045228
46099292
46052432
46076464
46104452
46077616
46073676
46115188
46124472
46427128
46415356
45978968
46052820
46146596
46039660
46112820
46118652
46105524
46750604
46148008
46065908
46001276
46080704
46095424
46054648
46079836
46081116
46081364
46090244
46101984
46116892
46089500
46060432
46067620
46111240
46089080
46072996
46073908
46070632
46104860
46071852
46081548
46099260
48265032
46057136
46100400
46173268
46115020
46472716
46428212
46435640
46509788
46427528
46433764
46423360
46324692
46540048
46350608
46427008
46357508
46380036
46408764
46420960
46399644
46445992
46356964
47390352
46101368
46113956
46458424
46053256
46104060
46067660
46132584
46138276
46051860
46084040
46053924
46087480
46093256
46114224
46098988
46088920
46092712
46096744
46084804
46134580
46221528
46111776
46144632
46129692
46254144
46090660
46067696
46086200
46117468
46101456
46030184
46092032
46135416
46138380
46133464
46084652
46116944
46129764
46117100
46083344
46073856
46094700
46072440
46058516
46121936
46123536
46422876
46070672
46084676
46089092
46084624
46119852
46085288
46096940
46063884
46107860
46071964
46063320
46112996
46040860
46025720
46098344
46113736
46128052
46659324
46173960
46206484
46138652
48376464
46076752
46073284
46273968
46014084
46118368
46071828
46408972
46416936
46440848
46403204
46450060
46436088
46472124
46446948
46427936
46440692
46441980
46303912
46188084
46076152
46161368
46067668
46084652
46102008
46828536
46042360
46151652
46138844
46102156
46104344
46113588
46121128
46155712
46094880
46434324
46471052
46245584
46273908
46497368
46516356
46203820
46055076
47609080
46138200
46051652
46253340
46083256
46121956
46086324
46075680
46056656
46110368
46219792
46084032
46048276
46077668
46100224
46052564
46062616
46122204
46120020
46063320
46023788
46071620
46093208
46131788
47035572
46034492
46086804
46105664
46038784
46032804
47722248
46137504
46112132
46078844
46483452
46065784
46054720
46107724
46096476
46143920
46401968
46216728
46064140
46125116
46098356
46139328
46251940
46155632
46098808
46134696
46139916
46104556
46065380
46077056
46105168
46804724
46048000
46111708
46099784
46066052
46098260
46161648
46056084
46038724
46066960
46096848
46043932
46051096
46094620
46060068
46103900
46068864
46089240
46105940
46105048
46077360
46069968
46044248
46080804
46072484
48484832
46068336
46118456
46052000
46081488
46020696
46110216
46019800
46114404
46091232
46437032
46113248
46426496
46023864
46079712
46099248
46053964
48038872
46079860
46084376
46455652
46307068
46385428
46007988
46090540
46881036
46108268
46058460
46103208
46101712
46091724
46045504
46088320
46098444
46083956
46130320
46075068
46279640
46116060
46427180
47222912
46387268
46431056
46385488
46056312
46085812
46160252
46904760
46183332
46066908
46437612
46438820
46074404
46094044
46059108
46068712
46132560
46083456
46089172
46102252
46168668
46158936
46135368
46104472
47962872
46060544
46050040
46037004
46085132
46127848
46126860
 
46064844
46155608
47844588
46066136
46096144
46165408
46151996
46103220
46032944
46098916
46087756
46148056
46091380
46275020
46044616
46074576
46106492
47263128
46180000
46076972
46114928
46033780
46081056
46095752
46153632
46037584
46120564
48325356
46075688
46110156
46118672
46121344
46073788
46110516
46114692
46075112
46126496
46115320
46123740
46055348
46052248
46834624
46087972
46080896
46137996
46107316
46087832
45997280
46091360
46083216
46045148
46073788
48551904
46117220
46063964
46026976
46109556
46182260
46066804
45986884
46131100
46106000
46043060
46099520
46004720
46154108
46179760
46176188
46047908
46083736
46110972
46163832
46147340
46045928
46183280
46060632
46053460
48361536
46115020
46117016
46181684
46078732
46087020
46095696
46136976
46178896
46116060
46064392
46186816
46071180
46002232
46070668
46072620
46084680
46115320
46116808
46087416
46077836
46103888
46056836
46067932
46110592
46112808
46096328
46081488
46146296
46110896
46145476
46084336
46139260
46113596
46126472
46080096
48297648
46058212
46090344
46057512
46106144
46037036
46031768
46056224
46090612
46108340
46079856
46132720
46061904
48414152
46136888
46101008
46089240
46131672
46107660
46121660
46060052
46415712
46233152
46289448
46084836
46126360
46058452
46087124
46122888
46040528
46119432
46066844
45983556
46004784
46149268
46089176
46073012
46072368
46273764
46056032
46138908
46112548
46232276
46082308
46045528
46048804
46094504
46141004
46210576
46134944
46134828
46078416
46061144
46097224
46194052
46085860
46144368
46064724
46083944
46066292
46116596
46098948
46187680
47345192
46077784
46121384
46141868
46112260
46160200
45979444
46134944
46052692
46065688
46584736
46066100
46068888
46047964
46066308
46108220
46153776
46201264
46123372
46052980
46088628
46042376
46129672
46202036
46112656
47613260
46060256
46122044
46085532
46122556
46075260
46099420
46152456
46138660
46090324
46029744
46091112
46070516
46089560
46002152
46123160
46171388
46036604
46154944
46076108
46042300
46050412
46103108
46191960
46127956
46057244
46043736
46092944
46149740
46049356
46079384
46019468
46065852
46083636
46090192
46163296
46469700
46417188
46416352
46243228
45962500
46089608
46047644
46055304
46057640
46646260
46062036
46139412
46170812
46111656
46102272
46076952
46425884
46114580
46108036
46035984
46005516
46090988
46118444
46070580
46128844
46029248
46020060
46035308
46074268
46089708
46089580
46073400
46099256
48373328
46066192
46100764
46097236
46093656
46140040
46106788
46133916
46386740
46075216
46084212
46088668
46118548
46097396
46155576
46187552
46087780
46358408
46406248
45996856
46081664
46174276
46210064
46442752
46373828
48067224
46059248
46152568
46074788
46049388
46055200
46129028
54171080
46132328
46101836
46075108
46107004
46135172
46115056
46046388
46158432
46132972
46048044
46118832
46129192
46114708
46162176
46179224
47497948
46146728
46045680
46117012
46162288
46119720
46111168
46004504
46050680
46053700
46053144
46413216
46367388
46419344
46441584
46108720
46102288
46101260
46251132
46060272
46069892
46099004
46066916
46012092
46182588
46080184
46072356
46296208
46101720
46092536
46099432
46062108
46126412
46085336
46056204
46094796
46116256
46184960
46158360
46191676
46132400
46278860
46147392
46345464
46095688
46174992
46035736
46993044
46026156
46089176
46072576
46068712
46078900
46122392
46125156
46097160
46125628
46083852
46477804
46475784
46453916
46466188
46235564
46423840
48407204
46125200
46079220
46184392
46102984
46268640
46116084
46042664
46036864
46065364
46064508
46112184
46135444
46092940
46080832
46075064
46099056
46110712
46076004
46085440
46094500
46098952
46115524
46248124
46225732
46647028
46047724
46217696
46109844
46057664
46886680
46109176
46080188
46163592
46014728
46060768
46128744
46107248
46163228
46053988
46164168
45987704
46105108
46051148
46090820
46133832
46077216
46107480
46863224
46177776
46061680
46117312
46103684
46093816
46131672
46113816
46112968
46061256
46059816
46080568
46071036
46134324
46108576
46106024
46113376
46065164
46029404
46100660
46059672
46055664
46320608
46157420
46110608
46249720
46090880
46135464
47044080
46053424
46086480
46084268
46118168
46079572
46130448
46069628
46132888
46023548
46146208
46091416
46070876
46120676
46164012
46147784
46073380
46083616
46097924
46163732
46128332
48567696
46107984
46085580
48622220
46045508
46266044
46084208
46109256
46116804
46111664
46108068
46108460
46096628
46062668
46146308
46092592
46134168
46055804
46074092
46099060
46205392
46152980
46095632
46070284
46057284
46269316
46126444
46106324
46182052
46059512
46103260
46097000
46218588
46070836
46067736
46108848
46083996
45999296
46090224
46114540
46108484
46034664
46046432
46101856
46117832
46133496
46057244
46062028
46052580
51733640
46068324
46123116
46156920
46057704
46099732
46131160
46142400
46054996
46102992
46048288
46089680
46091728
46123012
46108188
46050940
46086892
46041608
46099152
46120388
46039912
46027608
46151568
46443124
46116844
46116456
46084828
46136704
46083096
46084052
46130516
46045116
46051632
46179932
46051008
46031540
46139736
46090828
46168896
46158180
46058188
46150924
46133684
46154240
46111608
46148788
46193936
46159804
50328876
46035108
46151348
46105292
46108788
46135480
46163892
46113312
46397332
46429128
46409216
46456292
46488136
46510052
46279172
46060716
46071104
46095124
46090896
46112136
46089332
46103884
46077808
46163864
46063224
46073692
46096708
46147584
46077296
46064484
46066860
46093392
46060776
46135160
46147412
46141564
46044028
46112636
46103052
46094576
46123868
46144736
46112412
46050624
46082584
46159736
46117776
46063524
46139628
46072804
49501684
46087980
46055288
46104596
46080156
46103176
46121008
46111548
46066008
46075656
46097936
46105176
46141908
46108996
46068348
46066540
46116416
46097476
46084312
46020180
46185328
46083284
46045148
47485296
46094504
46080892
46131184
46104044
46113772
46094204
46127004
46058976
46149956
46147556
46064204
46061940
46069040
46095028
46125508
46146796
46033212
46171744
46116400
46140500
46181620
46540236
46103324
46139956
46181200
46069012
46148956
46050256
46130564
46116132
46074292
46076196
46034192
46083204
46055848
46068324
46027892
46066996
46064968
46101824
46074188
46057404
46102936
47662048
46111552
46181480
46055260
46152864
46023136
46069852
46060356
46101132
46114076
46053976
46122268
46043264
46047640
46051780
46137812
46144644
46184872
46101536
46391948
46042300
46147092
46080548
46993060
46025956
46120816
46117596
46154672
46063580
46037588
46072052
46099452
46105764
46108232
46046220
46071692
46106432
46104856
46125648
46135492
46027024
46059552
46065920
53337568
46119624
46184980
46043444
46099548
46914640
46124896
46074988
46113748
46156356
46150496
46083564
46044200
46052392
46120676
46076732
46073256
46123436
46121924
46083804
46039256
46130880
46085460
46109648
47028348
46080948
46165696
46103540
46066412
47765084
46034948
46070636
46096524
46076740
46053328
46201864
46054304
46075248
46126660
46159976
46043060
46119184
46083164
46057512
46083952
46131116
47816656
46185280
46110876
46105100
46114268
46147980
48010304
46058600
46083316
46141772
46139468
46043752
46093356
46099656
46211180
46155304
46037812
46149192
46040696
46079964
46069948
46055288
46180444
46093104
46120408
46113976
46147508
46091392
46154908
46076160
48636936
46111576
46118380
46144156
46099608
46014224
46066704
46045348
46078740
46027700
46079864
46059404
46109492
46079732
46067884
46081032
46067208
46083332
46084472
46069132
46084696
46072996
46066856
46081212
46095540
47715240
46082720
46063716
46123984
46117156
46084088
46167196
46144784
46089668
46130396
46145628
46091280
46058964
46116864
46055248
46115084
46065016
46073248
46523844
46158376
46037788
46049296
46115468
46091548
46081172
47330432
46108264
46062708
46062656
46078964
46140020
46151764
46085776
46039980
46106352
46090200
46123836
46130680
46132108
46213132
46045120
46113864
46368068
46088404
46063444
46040436
46168840
46222832
47221428
46039056
46096640
45979156
46033124
46076876
46100276
46104912
46137016
46051652
45972732
46104792
46157020
46204340
46140868
46132512
48235928
46015276
46087436
46076128
46094996
46172204
46302408
46131424
46029196
46575260
46113292
46102768
46088192
46123652
46025684
46164892
46096492
46078108
46072000
46124396
46075092
46122572
46119700
46129572
47960068
46111840
46163904
46061668
46120620
46018504
47930428
46031692
46066136
46095336
46159804
46099612
46093136
46060488
46103376
46084368
46102372
46138524
46109900
47855996
46074912
46033140
46102844
46127192
46112580
46096876
46098184
46107996
46809672
46035052
46044616
46073800
46098408
46042412
46062184
46067272
46034276
46054736
46025776
46090620
46163244
47295116
46041512
46147576
46138068
46035208
46115084
46105552
45986508
45961580
46033672
47977688
46105476
46104948
46053052
46079992
46015856
46123404
46089400
46079012
46074560
46095104
46085020
46146060
46089356
46425284
46134752
46118556
46129620
46100708
46093568
46113052
46063616
46066640
46114200
 
46081776
46430396
46042968
46139336
46136332
46133808
46106172
46098460
46072784
46133132
46147068
46081740
46065208
46095396
46064888
46128544
46147700
46075000
46002348
46016948
46223488
46282348
46101524
46063756
46143688
46090556
46105776
46128488
46093760
46146376
46095692
46110028
46109324
46110508
46121900
47334240
46040096
46102868
46070384
46088112
46160856
46094800
46113240
46090332
46115216
46098156
46094892
47480872
46048880
46223492
46125252
46130548
46149912
46107244
46070316
46023088
46092784
46068636
46085728
47975284
46101252
46086616
46070164
46125704
46062488
46075936
46094716
46118100
46130132
46111032
46158016
46138080
46980508
46169844
46135292
46057776
46056792
46108196
46080292
46133984
46085168
46102436
46118044
46450888
46111884
46120688
46124660
46086232
46080652
46092044
46128136
46133820
46110864
46085664
46127660
46145368
46112456
48107680
46112004
46088312
46088144
46073576
46098108
46113224
46128336
46088484
46146984
46484228
46066348
46061048
46063204
46126084
46090076
46102472
46094932
46064076
46046548
46125580
46082404
46114312
46072888
47499492
45995412
46126224
46070852
46044792
46109692
46178120
46136892
46234948
46090540
46125376
46121060
46082120
46101112
46134524
46078832
46129748
46122868
46107484
46067176
46094200
46124828
47400048
46090492
46060992
46109588
46127072
46097572
46081120
46134016
46073896
46111292
46290580
46056600
46133224
46140716
46089640
46067252
46122700
46087504
46069488
46078868
46041676
46123356
46086052
46102360
46057376
46128548
46035088
46168544
46074908
46137764
46090364
46166040
46097352
46069000
47941772
46089356
46173772
46043336
46095652
46109092
46066540
46069044
46040572
46128040
46156740
46085400
46092080
46132792
46188900
46094444
46259768
46116160
46052812
46051748
46079824
46147396
46116256
46110284
46434504
46091228
46057812
46097168
46070236
46039776
46140472
46055404
46087576
46123716
46075336
46056128
46045208
46121772
46090160
46080684
46097348
46836644
46185328
46065080
46113184
46047712
46135236
46042992
47032572
46101308
46108368
46133540
46067564
46145456
46096660
46087600
46076908
46147024
46079416
46077760
46115504
46056632
46083700
46021592
46089680
46099508
47247420
46089416
46152940
46127568
46174868
46040772
46138896
46127136
46083036
46110776
46098796
46032340
46084636
46118540
46127004
46120184
46102820
46097388
46074812
46106344
46078096
46089248
46108960
46750032
46195824
46176820
46083636
46092464
46087888
47090116
46071292
46025352
46074456
46048060
46064108
46105312
46062796
46074400
46129420
46157372
46036424
46097304
46118224
46083176
46037540
46035664
46028264
46068116
46392004
46063912
46139684
46166896
46142076
46520584
46093060
46049960
46061744
46081468
46058480
46068020
46109996
46119980
46077332
46122976
46123060
46107232
46058348
46097864
46065044
46104400
46095824
46079296
46046872
48441148
46071384
46076884
46138780
46211996
45995272
46071988
46113808
46119036
46093176
46033672
46117260
46042608
46087860
46056864
46105252
46062860
46034384
46012836
46041724
46132252
46389932
46022440
46089700
46234932
46089236
46102644
46145500
46159212
46156328
46036060
46093504
46117680
46093716
46066036
46071516
46097280
46101032
46126304
46080756
46069472
46017744
46077344
46067156
46076056
46051064
46115352
46108040
46156292
46198664
47279456
46085824
46130708
46114892
46103520
46158332
46119840
46145040
46115564
46133500
46026848
46067484
46099200
46064892
46066084
46072512
46126736
46117736
46068124
46096932
46113048
46142712
47956936
46048852
46111684
46476828
46143052
46127940
46075552
46137824
46092236
46152680
46081348
46127656
46130480
46040688
46069336
46120048
46093924
46089304
46146468
46126068
46111528
46089456
46104276
46142772
46081396
47139492
46093140
46082440
46057600
46086880
46107924
46146156
46023180
46046640
46075032
46044312
46053360
45996752
46079688
46189028
46030828
46167596
46037892
46078020
46121340
46205604
46111332
46139768
46117560
46081476
56214196
46155268
46112192
46040460
46104464
46061048
46052760
46078332
46117016
46133832
46035544
46144968
46055344
46112668
46071588
46112824
46222100
46136256
46169032
46061488
46134552
46112476
46095336
46054604
46075228
51380320
46098520
46048212
45996384
46060060
46078212
46074108
46091872
46112188
46161680
46158116
46175472
46058516
46071492
46041028
46149936
46021576
46066512
46132348
46106076
46067476
46127064
46149172
47057600
46040956
46054676
46121080
46114404
46133756
46107916
46112000
46116964
46168048
46142056
46143624
46129728
46168604
46145516
46255444
46074332
46066288
46101104
46149272
46094640
46119140
46122816
46191256
46058652
46089260
46840940
46167048
46129524
46115364
46140512
46067036
46132792
46094536
46070452
46005348
46067596
46103672
46128148
46131120
46120300
46140460
46130672
46124364
46221180
46065280
46133892
46038640
48235332
46086208
46178408
46160060
46080304
46044780
46035528
46088724
46089488
46119944
46087516
46027684
46076064
46193012
46048116
46071288
46156132
46104744
46025464
46054716
46130504
46121304
46145544
46108788
46486056
46107132
46091492
46566284
46089884
46109252
46104532
46136896
46111508
46110276
46066724
46116616
46091020
46127484
46101668
46074324
46157808
46104520
46168520
46130620
46167000
46149040
46218512
46119932
46176840
46089656
46176060
46112872
47799028
46025344
46130504
46098452
46026428
46085352
46100280
46042728
46121224
46112484
46097484
46078880
46101896
46020656
46109004
46106032
46090044
46049900
46074196
47220004
46118508
46231568
46115548
48471760
46076816
46079336
46113716
46099160
46085648
46141172
46151544
46107500
46132632
46145880
46150784
46129748
46147112
46064900
46062960
46077408
46146684
46037676
46034776
47552256
46203488
46072864
46214312
46142076
46945816
46066892
46047176
46098952
46133648
46063380
46103692
46110440
46153452
46088140
46037948
46119400
46057488
46059844
46060252
46065104
46087792
46089652
46155852
48301096
46083520
46084128
46080176
46041796
46181136
48119804
46047432
46059624
46127820
46161800
46082360
46083708
46139764
46101620
46047816
46082952
46094332
46125080
46026644
46172580
46142716
46134116
46096660
46266536
46072600
46049424
46014256
46113268
46035932
46178820
47177184
46130020
46113180
46095776
46086572
46122072
46105584
46091224
46075640
46101488
46062900
46074664
46152040
46100224
46072228
46348576
46109732
46193244
46042724
46110128
46129088
46147456
46085660
46035384
46154888
46631928
46104568
46203168
46150628
46046656
46061376
46094900
46160584
46259296
46171008
46019724
46063684
46083904
46211200
46233144
47012420
46055828
46075228
46040356
46108160
46055208
46044180
46108156
46989076
46012632
46167900
46101304
46162808
46163064
46158292
46101716
46091192
46149240
46116124
46103884
46086292
46154984
46138440
46050992
50005712
46149264
46045140
46054636
46137092
46117620
46074796
46031108
46043076
46211576
46112440
46119196
46072732
46078744
46091756
46143956
46052896
46090280
46139824
46248880
46028052
46165736
46108596
46102844
46102428
46852416
46148136
46135532
46143128
46320524
46052480
46062484
46122396
46107360
46096896
46109524
46075692
47105264
46104980
46099628
46103412
46109980
46088672
46042092
46031936
46094748
46058216
46076880
46105208
46102088
46131960
46011900
46094424
46123828
46050224
46088824
46107428
46069900
46125512
46211632
46009464
46692632
46077688
46099108
46119776
46108176
46016076
46030720
46094248
46102544
46089748
46099412
46106200
46136816
46014040
46789792
46088304
46256428
46048164
46279188
46035444
46077384
46142992
46123968
46195772
46057000
46053120
46102944
46077940
46154680
46095524
46092028
46098876
46292684
46085968
46082280
45964480
46093940
46092220
46130092
46190844
46051780
46075732
46134232
46129320
46520968
46119496
46100956
46071976
46071892
46083392
46093664
46176688
46128972
46056040
46085124
46145836
46108108
46091320
46115568
46477616
46047136
46084684
46099692
46076952
46105584
46070636
46155532
46106764
46056444
46604920
46169624
46038640
46074936
46088660
46150544
46103464
46150476
46140736
46063920
46064308
46080436
46086732
46078976
46107836
46670196
46009852
46156420
46161520
46057112
46053932
46087084
46152472
46019504
47987040
46024952
46068008
46064420
46191952
46085136
46222552
46106424
46042880
46113848
46240004
46057784
46043116
46151188
46056392
46061784
46813400
46146908
46111248
46028976
46116260
46148904
46056984
46068684
46080236
46217612
46050664
46170052
46080364
46149236
46067348
46104988
46161952
46167452
46046496
46096476
46110060
46145592
46162644
46063508
46082732
46779984
46062236
46102628
46153416
46157812
46215768
46128268
46067280
46121764
46123716
46153536
46060520
46096124
46104096
46081572
46172300
46063288
46128424
46002120
46080756
46099136
46054840
47273236
46134856
46058572
46145608
46126356
46085480
46044892
47199384
46098156
46106152
46093732
46110936
46158840
46153748
46127792
46012112
46068920
46094116
46021784
46044572
46143480
46078672
46128772
46070304
46110568
47413404
46017328
46148152
46158372
46084376
46055064
46133464
46047624
46120024
46181360
 
46113600
46090340
46163936
46080492
46083460
46127484
46051608
46089888
46085440
46080780
46101836
46100024
46103660
46099980
46080044
47005180
46187616
46094776
46117900
46152312
46060860
46143416
46059404
46054556
46131156
46131812
46225420
46050676
46125920
46033784
46076604
46078468
46096640
46105948
46035620
46019308
46102424
46122336
46016556
46053868
48369120
46114848
46133064
46060316
46129224
46345156
46083564
46140212
46053592
46095036
46088260
46108948
46075108
46090832
46060244
46104908
46157936
46094780
46135720
46136956
46107988
46106900
46198060
46072472
46976456
46031508
46112836
46096124
46192112
46166524
46017872
46128044
46175120
46089124
46076132
45954756
46026828
46114056
46128740
46100860
46135424
46053180
46056772
46115372
46215968
46107580
46172160
46079448
46121336
46097808
46073080
46868328
46131548
46046260
46084300
46159592
46123572
46053832
46074184
46098000
46204264
46226800
46033988
46150640
46045212
46068152
46061220
46095080
46193624
45970932
46050360
47973928
46129500
46009460
46128224
47847936
46113512
46100352
46123692
46082728
46045604
46120144
46106172
46132456
46170980
46109716
46076092
46057300
46036572
46103932
46071140
46081792
46091712
46104880
46056844
46084416
54083544
46003828
46058056
46204676
46180836
46111544
46034868
46035204
46118704
46141632
46162336
46048140
46049856
46038776
46128312
46101984
46032568
46140112
46027104
46121676
46103076
46047204
46032532
46053336
46110904
50490226
46193984
47201244
46170960
46091840
45989648
46037028
46116656
46073960
46064796
46152704
46043984
45999664
46030572
46104676
46000572
46024200
46147744
46008188
46065116
46129332
46170700
46204652
46128052
46093380
47794736
46119008
46004404
46122968
46036716
46030264
46071988
46118724
46134936
46117240
46046904
46070524
46121396
46110828
46123504
46039904
46129216
46070528
46097448
46124372
46119748
46052700
46582100
46062956
46142988
46126388
46061108
46031040
46090444
46121460
46088912
46071724
46114244
46044364
46045536
46072364
46063484
46076832
46078656
46087084
46094148
46088312
46115548
46131000
46126208
46081400
48466240
46081016
46067100
46108704
46009536
46076688
46042088
46083572
46082808
46078980
46085860
46125100
46082756
46053044
46101948
46089116
46101176
46052412
46154308
46135052
46016896
46093696
46065296
46058200
46107048
46842040
46037188
46130128
46052888
46084824
46062580
46081496
46085432
46066672
46166824
46103744
46143076
46198960
46179936
46040188
46037144
46190092
46093136
46106632
46102716
46046388
46148752
46059212
46158484
46095772
46122628
46080700
46129536
46070752
46108244
46062032
46076132
46088764
46084344
46073788
46105560
46184464
46135060
46071692
46058380
46032016
46189648
46078252
46155216
46111848
46141532
46080208
46093480
46042712
46058084
46087432
46070468
46107616
46114252
46091644
46123504
46098912
46096444
46134968
46126144
46090884
46120416
48744872
46081556
46147140
46049552
46077880
46095576
46100020
46074768
46108800
46024840
46104980
46131128
46147092
46124728
46040648
46110464
46092624
46087912
46072156
46089052
46064380
46081832
46059648
46069228
48247356
46085240
46055400
46101144
46146036
46005152
46106356
46169112
46104144
46131392
46080992
46050104
46083516
46060056
46112064
46123468
46140924
46050972
46106092
46156000
46110856
46110440
46085420
46087220
46157368
45984260
46180696
46095456
46134336
46081456
46102256
46101032
46121504
46103960
46111308
46082060
46099744
46089996
46154700
46067492
46075448
46058172
46076132
46071160
46064044
46093008
46037724
46049560
47209540
46087508
46087296
46115160
46118800
46081644
46173808
46125304
46132204
46101940
46065180
46043532
46030576
46118272
46096080
46125264
46090908
46122392
46097220
46140984
46111312
46068644
46159380
46101772
46119756
46907408
46175392
46088220
46138544
46139432
46180928
46137492
46115648
46102392
46068752
46054028
46077172
46060756
46146480
46125860
46062788
46038628
46108596
46135972
46048528
46122608
47813240
46078496
46095028
46278692
46154800
46109304
46200124
46035904
46071852
46190504
46106772
46172864
46085616
46088128
46097484
46078756
45943844
46083572
46118932
46175136
46096584
46116464
46089732
46284044
46106916
47117408
46055588
46073692
46144124
46068672
46149000
46076548
46082896
46131872
46150712
46116436
46095568
46173572
46136056
46077928
46036512
46062604
46208924
48245928
46064956
46067232
46079184
46124524
46162652
46822380
46075020
46043868
46071120
46168776
46074936
46030252
46108636
46068676
46057756
46089956
46139536
46117648
46067768
46154464
46029040
46040252
46135680
46659888
46115728
46119860
46099292
46061440
46082708
46137272
48937148
46143672
46123868
46162856
46146440
46145228
46108532
46130816
46123372
46091232
46041644
46116180
46124420
46073012
46041892
46108640
46103760
46108684
46047768
46106584
46090840
46054080
46068780
52385148
46150660
46105172
46016236
46166880
46129964
46118584
46113148
45992876
46131320
46059872
46060768
46041372
46050560
46106828
46054656
46151804
48246584
46003688
46112200
46132784
46129580
46037368
46037688
46077492
46603556
46062268
46119080
46151084
46187588
46050104
45982556
46038304
46093368
46048824
46058016
46067132
46064820
46080748
46029464
46118840
49131876
46137168
45995312
46025692
46055568
46182220
46105120
46040072
46058268
47983944
46081084
46070216
46177776
46091720
46121868
46102720
46060004
46065200
46144280
46094328
46019508
46041068
46013976
46079584
46771228
46112856
46132048
46138908
46151976
46165556
46136764
46057164
46078480
46064568
48375148
46182428
46080660
46083076
46034544
46122504
46067948
46082456
46096772
46096292
46091512
46084600
46051792
46159484
46089872
46151888
46121076
46125444
46131620
46081212
46115784
46176464
46062460
46111124
46095552
48240728
46098840
45994716
46017892
46058340
46149444
46076392
46130780
46148344
46219376
46063756
46114684
46057428
47511772
46088660
46127896
46130064
46107880
46399432
46112400
46135452
46648360
46031928
45974184
46050928
46098276
46147308
46158500
46101100
46077332
46090284
46040628
46107828
46162232
47984648
46045824
46066040
46113740
46095488
46094060
46075636
46172268
46096712
46110412
46121988
46134584
47082708
46012124
46021964
46079420
46093888
46121340
46106776
46023004
46071552
46070752
46108300
46044804
46134756
46101696
46134912
46068520
46069480
46090732
46101960
46122000
46078232
46166668
46101008
46101248
47633064
46183872
46017472
46126964
46074676
46042556
46093796
46128640
46069216
46125024
46127384
46040796
46209300
47015632
46080816
46160788
46068924
46260816
46439092
46430820
46429420
46455220
46473292
46585952
46492768
48255200
46164556
46059312
45999888
46060324
46036580
46089132
46076308
46126872
46089164
46037660
46165848
46615332
46059004
46097280
46180380
46049724
46094736
46184500
46130308
46106012
46001348
46088872
46116068
46103044
47156580
46130824
46077500
46102376
46102496
46108736
46038580
46116352
46104432
46146368
46210364
46410192
46171516
46084924
46159256
46120212
46047884
46239156
46106204
46101716
46128128
47408776
46022356
46076052
46153748
46138876
46050488
46136632
46089308
46080096
46052828
46493356
46097560
46116424
46052016
46182428
46050224
46156808
46141096
46118860
46096788
46101780
46078996
45998524
46073452
46086032
46970116
46130212
46104576
46097664
46102200
46076548
46152552
46172252
46031360
46060908
46113668
46154992
46107228
46075296
46029956
46101660
46025052
46080524
46106732
46114084
46029332
46098776
46120628
46071880
46115220
48562076
46048236
46032548
46097868
46096080
46107504
46226576
46006220
46140428
46064868
46030284
46055996
46123384
46099860
46070204
46092972
46163052
46104100
46200620
46128980
46146324
46054324
46051932
46128988
46087992
48026232
46049212
46069152
46043952
46072084
46150724
46044188
46049180
46078904
46102524
46046272
46033704
46068204
46089916
46096280
46110316
46055048
46041376
46038744
46133080
46079548
46095920
46026720
46050924
46071260
48273612
46067340
46069388
46213272
46438148
46352252
46468660
48541536
46051340
46122932
46167172
46137744
46118300
46049040
46104564
46111552
46120976
46018468
46142956
46038672
46026112
46115640
46148568
46486468
46064472
46033944
46099728
46081660
46094420
46071804
46180052
46080332
46111732
46113336
46136280
46127864
46130428
46151960
46147436
46142796
46147328
46141700
46132596
46009604
46154296
46019428
46039284
46144020
50187224
46167180
46030884
46118236
46067712
46152896
46726888
46054988
46083216
46110708
46039084
46045856
46064372
46099228
46077580
45999212
46103604
46085932
46026904
46014772
46121356
46080856
46077924
46079312
46089572
47095720
46053596
46149684
46063048
46178984
47820452
46069540
46096176
46051216
46102424
46084660
46084556
46110576
46040516
46038200
46076336
46139068
46098892
46051080
46132712
46051336
46054632
46115192
46125788
46091144
48656692
46028652
45994164
46056632
47392872
46103628
45992512
46071924
46093464
46078580
46028608
46025960
46080740
46118436
46091752
46104108
46077388
46121416
46078728
46039196
46092644
46046036
46025100
46082528
46139752
46032736
46083596
 
46017280
47054448
46017320
46088076
46083132
46150816
46072636
46104044
46101632
46099344
46144720
46036124
46118636
46042332
46146556
46107404
46024756
46121828
46088924
46111980
46131600
45991248
46406696
46146368
46154912
46155648
46106572
46076072
46112372
46109312
46063460
46050340
46083604
46071580
46107116
46108048
46066264
46066512
46080812
46121844
46110928
46121708
46108948
46170864
46081904
46513004
46033312
46079320
46113848
46121924
46090380
46090696
46110936
46128276
46091540
46090820
46140296
46141260
46120324
46084092
46039752
46084784
46195068
46140972
46169736
46085384
46117156
46035316
46024264
46031200
46083044
47576704
45986584
46180484
46078416
46081564
46094632
46079028
46109508
46089444
46209708
46179876
46089476
46099568
46133760
46111484
46181304
46104840
46168920
46115352
46137260
46191660
46144200
46130032
46033828
46042984
46827240
46193240
46153172
46162708
46120848
46150192
46112740
46138488
46137328
46000380
46081856
46107876
46089584
46082164
46114692
46120676
46093456
46109212
46095484
46086556
46068580
46104064
46089744
46259600
46097392
54358036
46129848
46166932
46096804
46052660
46143932
46039260
46041776
46030416
46151892
46112172
46043048
46142892
46039112
46014960
46127316
46255088
48529636
46162612
46091612
46142424
46063676
46199404
46087016
46180848
46089692
46166604
46111420
46073140
46072772
46168644
46126612
46109496
46101368
46050904
46042696
46068676
46088132
46094588
46104380
46040056
46167044
46111248
47466904
46071312
46150512
46148604
46150512
46080736
46069404
46094668
46121484
46154012
46121048
46022360
46026788
46101180
46088508
46151316
46150976
45997156
46056836
46041772
46094808
46204468
46062708
46039600
46231060
46074932
46004760
46173288
46124024
46097004
46074624
46118488
46091232
46099628
46030256
46056268
46063312
46055420
46095524
46083168
46145124
46107780
46098784
46086092
46103372
46059840
46129512
46296748
46183828
46153268
48254604
46036856
46057172
46061944
46057856
46046816
46133592
46100060
46082172
46118940
46170444
46110432
46071052
46080028
46106000
46155268
46134928
46158824
46077568
46146392
46146060
46066252
46361816
46097336
46119612
46141840
46132828
46091036
46117384
46100644
46468616
46534340
46493168
46099508
46137208
46151020
46242136
46045424
46060204
46088656
46167748
46111604
46137636
46181556
45976632
46101008
46167992
46124852
46107100
46121560
46021128
46007340
46152536
46104960
46173768
46179976
46019676
46087052
46084828
46132120
46111084
46055312
45990064
46055400
46277820
46133540
46103520
46330924
46081316
46089348
47617792
46091664
46054240
46075096
46153168
46074456
46129776
46082892
46114000
46121496
46087144
46086800
46123580
46139096
46051624
46157924
46121168
46135208
46070880
46025828
46086404
46044672
46178796
46173136
46071300
47675164
46070016
46095588
46150256
46108536
46116872
46118400
46064600
46079428
46062056
46056084
46099088
46073592
46138528
46113932
46128704
46148884
46143904
46132512
46142568
46036092
46120068
46131040
46125476
47959100
46150884
46010756
46076024
46136692
46086760
46133668
46104928
46110148
46098096
46147224
46127824
46040960
46118680
46055584
46111560
46141948
46094896
46173072
46421620
46052912
46123092
46034784
46123632
46102412
46037092
46043544
46085000
46137640
46138972
46028576
46100760
46071096
46084128
46106236
46150968
46051016
46135504
46068408
46098880
46088452
47647872
46141048
46114212
46164300
45973576
46056716
46176492
46111004
46019880
46069520
46131792
46067660
46065132
46074564
46033456
46074860
46106228
46131760
46086456
46111972
46083848
46134640
46208368
46050920
46918520
46159156
46071620
46018828
46074376
46128676
46369660
46075108
46148056
46086452
46113344
46071820
46066072
46076444
46097184
46092956
46088240
46148488
46153772
46126732
46136968
46162980
46237460
46143516
47306520
46172632
46155916
46114148
46035072
46052084
46030308
48114376
46048508
46083708
46072252
46028116
46089316
46089268
46024112
46014508
46109496
46079676
46127676
46122876
46024340
46020932
45987296
46083140
46082532
46012252
46072864
46114580
46084936
46080856
46115608
46078448
46125620
46060972
46109940
46111788
45984532
46034336
46065428
46086312
46113384
46247324
46025648
46075432
46132000
46070764
46133524
46059136
46189372
46891200
46086740
46089040
46079188
46088400
47837352
46131464
46136644
46035848
46064036
46144388
46128440
46113916
46066836
45941424
46030932
46087788
46090008
46085684
46134772
46012220
46027216
46063736
46083508
46143416
46169756
46035060
46035064
46083408
46018944
46122276
46029144
46134184
46131264
46057588
46091112
46056060
46113564
46074720
46131460
46116732
46118844
46032524
46118692
46092160
46027032
46060884
46069940
46107284
46175604
46147876
46137692
46150248
46129576
46196900
46113816
48657704
46077516
46046656
46118864
46074972
46037244
46076524
46176808
46099912
46054076
46141036
46265900
46060172
46260548
46090296
46160544
46041164
46121344
46140092
46080388
46116376
46122340
46105236
46052232
46093104
48563304
46132088
46156032
46163296
46079728
46099540
46172828
46110668
46096692
46114408
46064724
46081240
47555492
46144444
46168808
46118492
46110016
46157196
46131852
46033924
46077084
46095312
46147060
46090144
46455220
46859612
46080748
46094932
46101732
46062512
46022524
46047596
46108276
46068404
46021460
46034376
48103736
46121592
46160448
46087084
46071224
46132800
46122336
46108512
46118120
46098700
46637516
46116928
46135600
46035888
46128312
46107404
46058588
46026924
46080884
46051700
46098476
46086492
48010784
46066688
46114720
46086424
46076732
46130892
46046252
46025060
46081884
46112456
46124364
46081232
46081128
46131124
47194264
46062856
46174820
46411952
46467836
46024672
46026672
46087808
46086948
46153212
48820364
46130180
46022596
46068292
46090524
46075260
46117844
46124520
46167664
46056556
46018352
46044056
46076440
46226296
46124080
48147548
46085156
46030156
46103564
46108884
46131372
46154212
46024044
46099176
47143864
46137592
46126216
46026804
46139060
46111792
46151876
46088088
46059124
46032728
46018452
46093284
46077476
46357304
46077928
46030948
46797684
46153716
46188620
46044244
46053428
46045844
46043908
46215132
46818932
46065084
46030088
46102552
46132908
46113204
46147924
46055076
46007684
46040544
46032580
46120644
46090756
46056084
46058864
46073532
46400568
46060144
46136844
46076216
46107192
46048608
46214032
46107832
46131804
46465088
46201516
46085504
46037088
46085944
46123616
46117168
46203960
46038948
46026072
45989536
46021492
46067972
46052336
46099004
46105284
46073716
45980556
46078676
46065108
46078008
48691996
46031064
46071536
46133180
46083672
46079960
46092664
46039968
46113828
46062436
46121952
46090992
46089568
46107608
46198920
46139672
45976040
46070900
46102976
46105756
46101704
46054096
46030532
46098192
47871040
46153908
46024152
46052360
46059316
46144372
46091788
46013428
46069164
46106864
46086880
46096932
46072560
46118620
46127616
46087320
46144020
46825544
46105496
45992636
46100448
46050912
46017608
46092892
46410964
46186276
46148080
46049672
46058180
46069064
46058232
46094836
46087996
46013588
46041724
46115464
46082656
46072944
46165960
46292936
46060404
46060892
47414576
46160836
46020288
46058388
46086236
46066696
47537856
46127092
46195364
46019384
46083828
46059652
46097752
46064880
46062172
46080476
46023840
46066396
46055832
46078624
46055412
46279420
46073864
46162604
46401584
46163520
46034836
46057656
46047648
46099380
46891228
46016588
46122168
46112616
46046760
46112528
46128588
46035096
46093456
46045616
46114956
46117628
45976396
46070356
46004856
46047088
46204280
46159200
46181264
46081660
46054812
46084852
46097748
46072964
46096236
46088420
46089240
46148384
46128420
46130096
46042388
46095780
46088400
46164048
46110528
47440648
46049108
46101352
46081908
46113292
46134268
46150556
46156376
46137032
46135020
46110852
46207400
46072964
46068360
46073380
46097104
46062320
46115304
46135280
46108576
46098056
46092072
46184196
46202416
46722748
46056520
46146280
46072180
46118744
46037552
46043168
46088328
46147132
46077680
46112344
46111932
46069668
46072608
46128412
46119624
46037084
46019976
46065748
46057424
46096556
46075784
46017656
46069588
46134104
47294264
46099764
46056288
46090332
46116832
47080012
46014568
46101776
46013608
46073988
46072868
46071168
46149236
46195628
46029668
46038840
46048288
46083152
46166200
46136548
46018680
46118632
46048364
46109672
46216040
47895468
46000724
46107948
46124812
48292860
46074984
45997020
46080004
46116100
46060884
46120120
46055088
46074532
46063576
46151416
46134520
46123224
46104160
46088652
46152292
46138524
46085444
46135156
47725352
46087636
46092244
46295668
45987572
46052548
46071572
46077428
46089584
46070732
46057952
46079020
46077840
46044308
46084176
46069548
46053552
46044808
46060580
46078308
46064964
46145336
46153884
46179304
46119344
47026460
46033420
45988296
46108676
46132176
46032496
46051904
46037600
46074180
46072072
46089748
46029468
46106528
46053156
46080276
46117144
46113324
46090508
46040484
 
