Procesando...
  Filtro             : sierpinski
  Implementación     : C
  Archivo de entrada : lena.256x256.bmp
4093272
4022300
4053808
4020288
4038504
4019744
4020040
4081380
4107500
4060740
4050536
4051228
4019632
4021500
4019656
4069704
4049780
4041464
4058548
4023176
4023180
4019712
4019096
4042548
4019604
4037796
4026728
4020756
4020352
4018484
4043460
4019864
4037984
4019536
4019904
4058952
4064324
4040148
4048600
4023828
4023852
4019344
4085196
4025016
4079964
4024916
4018024
4021708
4020396
4059268
4018792
4059228
4018496
4018648
4052208
4020336
4086012
4078272
4023224
4070668
4025068
4070216
4025352
4063320
4020260
4065468
4019680
4062924
4023604
4062704
4032124
4023716
4020000
4027504
4023648
4025928
4025144
4103364
4022428
4089596
4060384
4068324
4026092
4024336
4026432
4019224
4024484
4024344
4069508
4022940
4065504
4020172
4063208
4023268
4063316
4019528
4023604
4029044
4057772
4075252
4040432
4111972
4024624
4021608
4020164
4039996
4019988
4042752
4046904
4021760
4026928
4023868
4025748
4023732
4052508
4024872
4053776
4024344
4051152
4051676
4059188
4058736
4035836
4026204
4019036
4036892
4020628
4020380
4025336
4024520
4071376
4030120
4041196
4023556
4022400
4023196
4027360
4042736
4027216
4094604
4052288
4080104
4055276
4030020
4030036
4019896
4026236
4019696
4025956
4019128
4062268
4024868
4076080
4025924
4023932
4031456
4019508
4068956
4025032
4066196
4045752
4072084
4029916
4066560
4028108
4029488
4024796
4064880
4033144
4083628
4024988
4065812
4024692
4024820
4047860
4026800
4025612
4023112
4067364
4023600
4061764
4052396
4030208
4050724
4053860
4052164
4022408
4025736
4025348
4023116
4074052
4021736
4064548
4024444
4068064
4031284
4025876
4019760
4064328
4020236
4023460
4027136
4049260
4075452
4038620
4068052
4047632
4027776
4025568
4073204
4024768
4055936
4029256
4067604
4025364
4067900
4019040
4062292
4031256
4019504
4025252
4019020
4024572
4117444
4022444
4102532
4034284
4027924
4024572
4024692
4067524
4019820
4027896
4077748
4019312
4021608
4023704
4019640
4026696
4094088
4024784
4068108
4025280
4040428
4057244
4027696
4115804
4022920
4029848
4023980
4070488
4028672
4063468
4018748
4070196
4031468
4025916
4024224
4019016
4024152
4025692
4067472
4024764
4058372
4050172
4110712
4028052
4096748
4028720
4067516
4025128
4019556
4020088
4020192
4025792
4071476
4019064
4024116
4024852
4023944
4064512
4025976
4024284
4024260
4066272
4058388
4097176
4030764
4100012
4029932
4029540
4024376
4024332
4057804
4060936
4086504
4025544
4023804
4025264
4018924
4025340
4023824
4027060
4025456
4059424
4036220
4113332
4021340
4052000
4024540
4025124
4024248
4024264
4059844
4024996
4063104
4028320
4060392
4026584
4023508
4024856
4023164
4060140
4025540
4025624
4023700
4083488
4049256
4026916
4062544
4018324
4027992
4023516
4070088
4024576
4063656
4087816
4161140
4206736
4149312
4195832
4150112
4151132
4153976
4099152
4032624
4119280
4027388
4089108
4063588
4025140
4035904
4025532
4073472
4025992
4069892
4030996
4103296
4142428
4155632
4045796
4140184
4040452
4145664
4048560
4048720
4067344
4075396
4024508
4097564
4037856
4066664
4019036
4036200
4060068
4025360
4056616
4070100
4025984
4024620
4020080
4023816
4052428
4025640
4079452
4032704
4068392
4058276
4055348
4030752
4055952
4031956
4024808
4070972
4042920
4073188
4024388
4066236
4019436
4063100
4030156
4025756
4021236
4064012
4019440
4076932
4024912
4019628
4047512
4089264
4049976
4056180
4076808
4019852
4026620
4023756
4094652
4025080
4066404
4072364
4024972
4072180
4024448
4023892
4026248
4023652
4067624
4025284
4068172
4053852
4017380
4046080
4057620
4029068
4074360
4032176
4061236
4033636
4070616
4025200
4073464
4026620
4079504
4020256
4025572
4018352
4028852
4032128
4025504
4028432
4114920
4026012
4094748
4063740
4028848
4027588
4052120
4024548
4066156
4024244
4023868
4024580
4023016
4057520
4031924
4071752
4025612
4068832
4019880
4057188
4051616
4116160
4023148
4101184
4032344
4020228
4024408
4071288
4024304
4094412
4025044
4067236
4024208
4065072
4020344
4030232
4023628
4025284
4024900
4065984
4019172
4086508
4062584
4027500
4060952
4115552
4026848
4074896
4025096
4065108
4023684
4025520
4025112
4024732
4065568
4020520
4031720
4033480
4027072
4063364
4025552
4066684
4048916
4089512
4071680
4067868
4073892
4020356
4025328
4027616
4025264
4062888
4019388
4032248
4028180
4025316
4024856
4019468
4019196
4087928
4029560
4019572
4026096
4083676
4038144
4052304
4063360
4076404
4031376
4025268
4020208
4019640
4026244
4019600
4022672
4064928
4024268
4064476
4025480
4022940
4019976
4025160
4073356
4024928
4106688
4018740
4105096
4054092
4019816
4025720
4066180
4024488
4071732
4018304
4065116
4024704
4024656
4023624
4018236
4029268
4023716
4065840
4025180
4065572
4027576
4065668
4021144
4087728
4033972
4054692
4059912
4024232
4083904
4164252
4212576
4157020
4193312
4026196
4027900
4024020
4047372
4025200
4062104
4025364
4062972
4074460
4121120
4026420
4086168
4026636
4018472
4049148
4057816
4027584
4063732
4025920
4024464
4021404
4033588
4022040
4485392
4337948
4289496
4438920
4090552
4187728
4084792
4130648
4059872
4061800
4026688
4018592
4031004
4029536
4026180
4052940
4023948
4042304
4019556
4087096
4024668
4069768
4021764
4061208
4025256
4021576
4025576
4065280
4024788
4043244
4106932
4069596
4026764
4060856
4020764
4027972
4026296
4025020
4065860
4025052
4027132
4023880
4072560
4026008
4024716
4036080
4068668
4037568
4053544
4017848
4053504
4025788
4024592
4077596
4020244
4075840
4019952
4065124
4052100
4063064
4025392
4022440
4020496
4061044
4026748
4064112
4023716
4065340
4041724
4073952
4021000
4066868
4028764
4057704
4027508
4027184
4088272
4028752
4024756
4023996
4020076
4030040
4030864
4068672
4018520
4023672
4023528
4076036
4024768
4119672
4056300
4032072
4106224
4031288
4069584
4019288
4063824
4024188
4060680
4042884
4024376
4020948
4023636
4025296
4024624
4070196
4023688
4019180
4023964
4024376
4058648
4024904
4105024
4051792
4079588
4019824
4024156
4028060
4069548
4019136
4020600
4020920
4066724
4019604
4061660
4026140
4024304
4027236
4068136
4023420
4066064
4057652
4020164
4048416
4104688
4024352
4065352
4025828
4022716
4023280
4018916
4032704
4024892
4025668
4024468
4070380
4021920
4069508
4024588
4026048
4024420
4026076
4066200
4071960
4053820
4024212
4026824
4019196
4027456
4064832
4026052
4074132
4024736
4071160
4019996
4069108
4025320
4023388
4024680
4019412
4031236
4026160
4091524
4065752
4075464
4055656
4085116
4020244
4072796
4025376
4024072
4077724
4019288
4026600
4025652
4067408
4024356
4024976
4038316
4019396
4019992
4059304
4024200
4043556
4062272
4031388
4109812
4033540
4067420
4044016
4074064
4024808
4063728
4024044
4064196
4031064
4023712
4067232
4023608
4060644
4018508
4062044
4025112
4070820
4049752
4034728
4043572
4049288
4035740
4028372
4073368
4024412
4070716
4024736
4018812
4026472
4019552
4023100
4026500
4026728
4068952
4020280
4052160
4048400
4071708
4066188
4020744
4040820
4052952
4028956
4041596
4074288
4024644
4064276
4037196
4070584
4025024
4023948
4024464
4022344
4069268
4023628
4062412
4022936
4023160
4025268
4069760
4067256
4047772
4053060
4168120
4183792
4155480
4055576
4028876
4027312
4022164
4037356
4070804
4024012
4018288
4021628
4068488
4026856
4022316
4025008
4075916
4091832
4019572
4100372
4029424
4074904
4025704
4023616
4025236
4024328
4063544
4035560
4024052
4023480
4062404
4024288
4079684
4030060
4071716
4035716
4077628
4052412
4072720
4046364
4047032
4022320
4019096
4079656
4019480
4054756
4021048
4021476
4020172
4041484
4023188
4028104
4053836
4026120
4039820
4025768
4023232
4048788
4060308
4041312
4070228
4034872
4018564
4059504
4039008
4074256
4029640
4019848
4031676
4025844
4025960
4024444
4065008
4025200
4080644
4025772
4067808
4020400
4059996
4062720
4029508
4109256
4019184
4063860
4024008
4062608
4043800
4019492
4026688
4023748
4023712
4022844
4074952
4024184
4061816
4024436
4061392
4023224
4024044
4045148
4064468
4029556
4050568
4072328
4031732
4062436
4018908
4063392
4025780
4023608
4026816
4018604
4063300
4025084
4018756
4027516
4024344
4053328
4024544
4058836
4063012
4086276
4044364
4096852
4025088
4024776
4034404
4020064
4031164
4025224
 
4072660
4019956
4066436
4023916
4066692
4024176
4023444
4019380
4025024
4069008
4037620
4103464
4015956
4090940
4025768
4063044
4042992
4019716
4021324
4078248
4024028
4023820
4027024
4019448
4026368
4024004
4061804
4034164
4068376
4019884
4023828
4037620
4132688
4024964
4095372
4032272
4020128
4024452
4024272
4059740
4030448
4067448
4025236
4024332
4023296
4022792
4074792
4019448
4066176
4018256
4064688
4024412
4083792
4070708
4036344
4071860
4072736
4024752
4056652
4021096
4071196
4022560
4026968
4028852
4024144
4073012
4024312
4058056
4025152
4020880
4026368
4019260
4025656
4086316
4056548
4036416
4121852
4025344
4025044
4018988
4031424
4026384
4026136
4065652
4023724
4055708
4025288
4070232
4024692
4058948
4024572
4073556
4025300
4023912
4060712
4064480
4076364
4068656
4025628
4020424
4066192
4022648
4065244
4032464
4063036
4019652
4054740
4024932
4072800
4030640
4064020
4025096
4033860
4026188
4024000
4112792
4025084
4075860
4062360
4069240
4029848
4023016
4022108
4032944
4024368
4065288
4025148
4063952
4023600
4019836
4019960
4069148
4025208
4089816
4020068
4068604
4059004
4067544
4045576
4036240
4025444
4023948
4025400
4024956
4074464
4019904
4023280
4018848
4027028
4067160
4023752
4024600
4062364
4032060
4025396
4025360
4085980
4092280
4069836
4116228
4030260
4024832
4024724
4041524
4025120
4027444
4026380
4058608
4025320
4075168
4029200
4062272
4131808
4112288
4034992
4180576
4037216
4072112
4048072
4060916
4058388
4516436
4261988
4362268
4385572
4204936
4183756
4160940
4215804
4051264
4050552
4023664
4060276
4026264
4025524
4026720
4067324
4023936
4059612
4015900
4060096
4063524
4036696
4025748
4019480
4025388
4024668
4041280
4059084
4023524
4036792
4079576
4025296
4067768
4023660
4023560
4019288
4061648
4048088
4051308
4080876
4053948
4070028
4026484
4019900
4059864
4019920
4043364
4018816
4026224
4024012
4066528
4036560
4061728
4023248
4063988
4023400
4019992
4026520
4106016
4036408
4036940
4110184
4030004
4031604
4023864
4064940
4019368
4063288
4029656
4067644
4023456
4032200
4058712
4029564
4064628
4025412
4062824
4025208
4024524
4057444
4021684
4046788
4056196
4074636
4028384
4317176
4225508
4341472
4250592
4409348
4259600
4176332
4266340
4175332
4103752
4026572
4062544
4019552
4030440
4037116
4062748
4025404
4117880
4036564
4063920
4026432
4072708
4024784
4047544
4020848
4024772
4024456
4023936
4066080
4030552
4067852
4019204
4054636
4025732
4079440
4053196
4113696
4018944
4100124
4023052
4064096
4023372
4071320
4023064
4061288
4040984
4063072
4023592
4027656
4024124
4023844
4057804
4025936
4068388
4025204
4065984
4043808
4097660
4030832
4057404
4024048
4072348
4020820
4029380
4072404
4025176
4062848
4019388
4057772
4025324
4024336
4024484
4030964
4058292
4031848
4070236
4028388
4049236
4032644
4101392
4047648
4076536
4029864
4064712
4024296
4025604
4026844
4037852
4025208
4018832
4026300
4060204
4033544
4071200
4024608
4018976
4025156
4024216
4050804
4020460
4043904
4065148
4068032
4019240
4074704
4048200
4068268
4025848
4023956
4028720
4068396
4020464
4061404
4030504
4058544
4025188
4018956
4025692
4023152
4075492
4021528
4105720
4043144
4062736
4023504
4024268
4024080
4043424
4027172
4074248
4024424
4063352
4018536
4063408
4025780
4025432
4023816
4018900
4023328
4037984
4099856
4026096
4106360
4020904
4028572
4024060
4019928
4026332
4033044
4025604
4068132
4024540
4026476
4022612
4024352
4063980
4018808
4025212
4019932
4023232
4053556
4062836
4022412
4161108
4047636
4053368
4023444
4023780
4025544
4027252
4024872
4023940
4025556
4023268
4044636
4025400
4061812
4023632
4024004
4026268
4049008
4111028
4027608
4111032
4025580
4065824
4019336
4071872
4023824
4024088
4024028
4018708
4036900
4024960
4057468
4023840
4052628
4022708
4062364
4026016
4024236
4092608
4056344
4071892
4061424
4024924
4026320
4023220
4063364
4024060
4059804
4023756
4057996
4023796
4024952
4022888
4062320
4019016
4061992
4074460
4079316
4032928
4055488
4039300
4071968
4099368
4024696
4047472
4025020
4060664
4024632
4056716
4026344
4024100
4057732
4024760
4062692
4024016
4057576
4019524
4053920
4027128
4069520
4066160
4071768
4106708
4065060
4033176
4033896
4025044
4018452
4026088
4023788
4064048
4023608
4062988
4023964
4024912
4018364
4152728
4036440
4035920
4067552
4035372
4123112
4021800
4101668
4030068
4023276
4022832
4018704
4027004
4023460
4077740
4018896
4031324
4023496
4075532
4018708
4065188
4023824
4063400
4073380
4023552
4049616
4053508
4025568
4140420
4028936
4074096
4024364
4078428
4026432
4069540
4019676
4062736
4022660
4023388
4018540
4027168
4024396
4072472
4024004
4068128
4018620
4097384
4057460
4028792
4059092
4025448
4065872
4025684
4070480
4025972
4024976
4023776
4053380
4023596
4061052
4024580
4023128
4019644
4036444
4036684
4023408
4064800
4056124
4032788
4093636
4068736
4024000
4025932
4025380
4024432
4023632
4069480
4023248
4060060
4025132
4069456
4026800
4025144
4023240
4064416
4024500
4027320
4019280
4098436
4022716
4039268
4056352
4020920
4024704
4028780
4065512
4023996
4025988
4023900
4070296
4018620
4065344
4023636
4065608
4024064
4021116
4030512
4024424
4023428
4066884
4076768
4049736
4037736
4025856
4024468
4070688
4023172
4060432
4022036
4024356
4023304
4023636
4063920
4021040
4064540
4025484
4063392
4023948
4018896
4039912
4066124
4023808
4060632
4075468
4026412
4024660
4019196
4025796
4053732
4023784
4023224
4023460
4023188
4067904
4023996
4062528
4024880
4023344
4024856
4024412
4094708
4057384
4029404
4063884
4024396
4023956
4070012
4028028
4019680
4047632
4047144
4024388
4059496
4019204
4077032
4023156
4023648
4028240
4023604
4068524
4031312
4112396
4061176
4031548
4056064
4082932
4026016
4062916
4024948
4074284
4023704
4069720
4019348
4024120
4024548
4025324
4067472
4019352
4035228
4078136
4024080
4023064
4072776
4066040
4051552
4060200
4071144
4018784
4024212
4023788
4065176
4022344
4066712
4025636
4026268
4019532
4024532
4026008
4019392
4025992
4023652
4061096
4019048
4061852
4088964
4049072
4103392
4029192
4019528
4020164
4070032
4024092
4067776
4025912
4023888
4221272
4138876
4218612
4271760
4334640
4186224
4182420
4162660
4243196
4055896
4091004
4080048
4028204
4023116
4030920
4070972
4024416
4025780
4023356
4067736
4018696
4057680
4025080
4067932
4025540
4023516
4029080
4023680
4070480
4051492
4022388
4047168
4106540
4030228
4066752
4025756
4023396
4062452
4033148
4120980
4122392
4203528
4154876
4213188
4148888
4199192
4150700
4209128
4151736
4143440
4242080
4188252
4284404
4182616
4089472
4041524
4026372
4026108
4031228
4030576
4019596
4021976
4019604
4056060
4035088
4063176
4019920
4043904
4019800
4046872
4059580
4089884
4019712
4059568
4053032
4050084
4027780
4028140
4049416
4020112
4042976
4030400
4023460
4026452
4024048
4041556
4036144
4026032
4023792
4062980
4024508
4045752
4067108
4076764
4056604
4076592
4023948
4093684
4026640
4017060
4025088
4022036
4028856
4027844
4068140
4017868
4064628
4022564
4019204
4021416
4070628
4023340
4049892
4037648
4095032
4062800
4074860
4024604
4073632
4026404
4023236
4024956
4023452
4065452
4032968
4068784
4024360
4063428
4043184
4027468
4023592
4026460
4025092
4104552
4022444
4094492
4059544
4065136
4027296
4071548
4019696
4067056
4025444
4067576
4026388
4019512
4031892
4076428
4023872
4025956
4020716
4064576
4024952
4023728
4118404
4025136
4119996
4037928
4026140
4024496
4063008
4026020
4065792
4019788
4026872
4024588
4024540
4070388
4019356
4024924
4023588
4069728
4024160
4025216
4034952
4060348
4081844
4057272
4027152
4080472
4024308
4024652
4019820
4028232
4025700
4022908
4069996
4023964
4061904
4027516
4073024
4025032
4024200
4027320
4025120
4052796
4059852
4072788
4069244
4078048
4019732
4064576
4023980
4024596
4025304
4018504
4020836
4019036
4047548
4020524
4061716
4026468
4044612
4025672
4030004
4019344
4073400
4064548
4026248
4100632
4024680
4036360
4033748
4046460
4025056
4048688
4024704
4060376
4027356
4019812
4025872
4020204
4024928
4026568
4023448
4026272
4075672
4048560
4092880
4034072
4067544
4026536
4024036
4025392
4056500
4028036
4069208
4026584
4063608
4023988
 
4025660
4020300
4027100
4027564
4023604
4049672
4027236
4045556
4074352
4023644
4042396
4058444
4036224
4025816
4054008
4020120
4026468
4023180
4072248
4026392
4069928
4024856
4067636
4023520
4023992
4026892
4025928
4068312
4021468
4097896
4023632
4088968
4054836
4065732
4020196
4061776
4020320
4096084
4025820
4071004
4025096
4019332
4026004
4025980
4020160
4060796
4026012
4025256
4124268
4062424
4124916
4023108
4093228
4032448
4027148
4053216
4033160
4091388
4095876
4043908
4033572
4082100
4033824
4068920
4025948
4061404
4024800
4020372
4021688
4074624
4092616
4065316
4042808
4270588
4140776
4300844
4357540
4242744
4221624
4305248
4122896
4073944
4041388
4027184
4027340
4046760
4026272
4054348
4022464
4026740
4053716
4083312
4019224
4064596
4024848
4025824
4023688
4072192
4024488
4068488
4027176
4074904
4025356
4023156
4066772
4029824
4026052
4024400
4062816
4022648
4073836
4046668
4100036
4030324
4069664
4035748
4212932
4222708
4251012
4305212
4399756
4260648
4106688
4228292
4032536
4030756
4026432
4019192
4069752
4037920
4064368
4026384
4054012
4026940
4054044
4066204
4029380
4027760
4032460
4061796
4026968
4087636
4024876
4072172
4029492
4025676
4027168
4019684
4021228
4062440
4025976
4024080
4035244
4050968
4063904
4051908
4101420
4028572
4024020
4029312
4029916
4020640
4068760
4025292
4026912
4023824
4070404
4033500
4073600
4028296
4024412
4069896
4024148
4079488
4056236
4081128
4050168
4079412
4025900
4069620
4026644
4027676
4064012
4033604
4024916
4078348
4028116
4067664
4024880
4026400
4028012
4027380
4066856
4026460
4116012
4059464
4017636
4113420
4033056
4027620
4027116
4025400
4073640
4022464
4024748
4025896
4065260
4025100
4060032
4028308
4019288
4046240
4020616
4065572
4026528
4050084
4052396
4035416
4073140
4025160
4070696
4023848
4054504
4025744
4065184
4052104
4032604
4025996
4062956
4024380
4055488
4021524
4063540
4022812
4069564
4024136
4112464
4029348
4050720
4067248
4026372
4067964
4025772
4062272
4027320
4025308
4059152
4020196
4029316
4026652
4027200
4024472
4066628
4027184
4026716
4019800
4067496
4071088
4018824
4052092
4094468
4037680
4024096
4021184
4065004
4027348
4065008
4024708
4019280
4020236
4026608
4026812
4024312
4072636
4019784
4057048
4063544
4028368
4060484
4027692
4051228
4082556
4018732
4066060
4024640
4061780
4023988
4019364
4022112
4060640
4033168
4026744
4023588
4065156
4021536
4066208
4024036
4061992
4040120
4051732
4020468
4067580
4028624
4025004
4067364
4020964
4066652
4029296
4062852
4019324
4027680
4066468
4025452
4023880
4019148
4087360
4023764
4018852
4024976
4094584
4061008
4029520
4068760
4027532
4069812
4019912
4063572
4026080
4023556
4025620
4019328
4026580
4033412
4026440
4020112
4059472
4156080
4100400
4154280
4103832
4084580
4025896
4058836
4098492
4036912
4063828
4020500
4075844
4023356
4064836
4025244
4018680
4027380
4072252
4024240
4024072
4019256
4033988
4025820
4019288
4048152
4043660
4077116
4060224
4099324
4026860
4070580
4020372
4069960
4024912
4066952
4027856
4020044
4027228
4025184
4067140
4025712
4067632
4024508
4025816
4020568
4086428
4027140
4109204
4064208
4029540
4026840
4020844
4027044
4029060
4071936
4024556
4062040
4028772
4076528
4024764
4038712
4020596
4026492
4028100
4024324
4072512
4052408
4070336
4057664
4311836
4098660
4025364
4027196
4033900
4019628
4035280
4024020
4067288
4026496
4079728
4044936
4074476
4025316
4024488
4027732
4023060
4040092
4059772
4081932
4047988
4081796
4029636
4040348
4023444
4074220
4027816
4077556
4033428
4020444
4026388
4025464
4026364
4024396
4078648
4064964
4024632
4068692
4045412
4045192
4016320
4058540
4084264
4029412
4065712
4019384
4071864
4027848
4068900
4025264
4022812
4020264
4026424
4019376
4023988
4023360
4072916
4031328
4066952
4048352
4112616
4024828
4054748
4062348
4032564
4068368
4024068
4066796
4025884
4020124
4027508
4027168
4023616
4073028
4030920
4028592
4023864
4067860
4019968
4097356
4070680
4087036
4044672
4057984
4030412
4022828
4026316
4018964
4025824
4071820
4027992
4066752
4026320
4025396
4028288
4023812
4025272
4024960
4074112
4029856
4066196
4051036
4072456
4047540
4052008
4031872
4076716
4019488
4063508
4027324
4029416
4026448
4024856
4070592
4025040
4064532
4025208
4024956
4020300
4024296
4024580
4023900
4101516
4018000
4048848
4096056
4035164
4078036
4025048
4025564
4064756
4022400
4025888
4077124
4024096
4027912
4021080
4025528
4077776
4025676
4061844
4029584
4033356
4059516
4074628
4059884
4073072
4022756
4067332
4024760
4060584
4029396
4021080
4027608
4025328
4024972
4025192
4061268
4026840
4061588
4088032
4023584
4066416
4056588
4068348
4022940
4074956
4036436
4023756
4068516
4023800
4022420
4027928
4070880
4024016
4024588
4033872
4025088
4061096
4026792
4019052
4027228
4068136
4027832
4052288
4066288
4027284
4106684
4027240
4051664
4020492
4063364
4023172
4064336
4026528
4065988
4028484
4070100
4026824
4076684
4025440
4057172
4025732
4092216
4024796
4099864
4026064
4088400
4065124
4024112
4020320
4025896
4026612
4025064
4063492
4024440
4056716
4025596
4058992
4027604
4068348
4023836
4033884
4024072
4023336
4061996
4058952
4066692
4045396
4047700
4028988
4020832
4036844
4024584
4065448
4050660
4083500
4025952
4026092
4020744
4062676
4026396
4024512
4074432
4023940
4065572
4075936
4023744
4046840
4064992
4028980
4025408
4026856
4037488
4065624
4030760
4058084
4028124
4078528
4022556
4025652
4264724
4322632
4264764
4437240
4089232
4040196
4060924
4014848
4101128
4022604
4068228
4025120
4057816
4025084
4028760
4027016
4024032
4073628
4019916
4065708
4027124
4024392
4024868
4020100
4026592
4033032
4105476
4058096
4113732
4060816
4079724
4029380
4022080
4296544
4249656
4282012
4193520
4437308
4244764
4039816
4024928
4027920
4024540
4073732
4025548
4066200
4024480
4055120
4057960
4027388
4117152
4022828
4025976
4028416
4071348
4032124
4077284
4025372
4069248
4019364
4067400
4027388
4021040
4023660
4083696
4025060
4071460
4028428
4043292
4034208
4047224
4064392
4023236
4079244
4026596
4102672
4114352
4076044
4019384
4062796
4028276
4061452
4024172
4027848
4023244
4026428
4026128
4037028
4066176
4076124
4077784
4048460
4096248
4049748
4074916
4024636
4023636
4026488
4026884
4067316
4020604
4025332
4072828
4019620
4028636
4079640
4024740
4066376
4024816
4028668
4071520
4016864
4081304
4049932
4024844
4064916
4059064
4022344
4062060
4021528
4045124
4027560
4048868
4026380
4040968
4020956
4046816
4028368
4026512
4025048
4065444
4058248
4022400
4062308
4026552
4030076
4027480
4025356
4022816
4026920
4028496
4065036
4025352
4054804
4027936
4071180
4025196
4031752
4021476
4059324
4025472
4044424
4050920
4026484
4092888
4025704
4069640
4026684
4025000
4025856
4024432
4063804
4023572
4053472
4026524
4034528
4062676
4028236
4068704
4023212
4052232
4030200
4072740
4071188
4036792
4086380
4033340
4031856
4122348
4191992
4103956
4191308
4091180
4028584
4030312
4064452
4020508
4057980
4140476
4144300
4029672
4076244
4074644
4088640
4026536
4095436
4032704
4030620
4023896
4069152
4024760
4023208
4025712
4026772
4064080
4025436
4061732
4026348
4045940
4047224
4024556
4024404
4018868
4085044
4023648
4087752
4057132
4043816
4025620
4045432
4030596
4024532
4019460
4024096
4045992
4024716
4052996
4025584
4024196
4019304
4024932
4029140
4070832
4020260
4069056
4030160
4133524
4044488
4071488
4280376
4303692
4288468
4287596
4037676
4019876
4026020
4025700
4023736
4073124
4020420
4026176
4025344
4068232
4027568
4044700
4073028
4078688
4058476
4019596
4028068
4027744
4024292
4071232
4019856
4069824
4024548
4069404
4024644
4024032
4023820
4020796
4032184
4025280
4028660
4024396
4087356
4057624
4017400
4059008
4085240
4025956
4068616
4026028
4019044
4026096
4030928
4023832
4024488
4069600
4027592
4026664
4019300
4026696
4076672
4025684
4023556
4102544
4051228
4073180
4064036
4025348
4018952
4067204
4020100
4066376
4025204
4063564
4027988
4025384
4025608
4023476
4069308
4019036
4028564
4019348
4072652
4031024
4112272
4033092
4048188
4059388
4024824
4066196
4024980
4080520
4024508
4069504
4020124
4061492
4062932
4029396
4072232
4025584
4074916
 
4021396
4032512
4026300
4068712
4068916
4078644
4045124
4091612
4024776
4019052
4019744
4024544
4073628
4025544
4063992
4019560
4075648
4048944
4029748
4025020
4051108
4072400
4027536
4065876
4027652
4125604
4028144
4047352
4032508
4077004
4019232
4065144
4019368
4019920
4025900
4024044
4074136
4023960
4063204
4024764
4023552
4024696
4023016
4063736
4026916
4089436
4068120
4070692
4062960
4076640
4025556
4020764
4026176
4075408
4023752
4065992
4020028
4073776
4023960
4024172
4024640
4031752
4027568
4025464
4079624
4028888
4097192
4056676
4025620
4060096
4027560
4074136
4020048
4063692
4024868
4020264
4025292
4074852
4025680
4023884
4025060
4021084
4021080
4027004
4076160
4025996
4024284
4057144
4043736
4077568
4059616
4069180
4024140
4026272
4026084
4020860
4025992
4025132
4025996
4025440
4065720
4029144
4074736
4024896
4065368
4022176
4065336
4029036
4065780
4023632
4045820
4059732
4029384
4067656
4026860
4025208
4019956
4028396
4028936
4073200
4019828
4024464
4019780
4025204
4026676
4080900
4024068
4068608
4020664
4113720
4022392
4041796
4065220
4025532
4019704
4062676
4034276
4081272
4020516
4236936
4224640
4205424
4158552
4170780
4026292
4048132
4030324
4038920
4024984
4115332
4040624
4088668
4049556
4077632
4028292
4027388
4030172
4027848
4059444
4072904
4235896
4310764
4115596
4332580
4270144
4122668
4255112
4064632
4037868
4024720
4064132
4019640
4080088
4057348
4109228
4025784
4024192
4020428
4060824
4027332
4029240
4025288
4025160
4059524
4025428
4081152
4025608
4074048
4027168
4019312
4071616
4064704
4060812
4045316
4038344
4032164
4073600
4027280
4024996
4069208
4020444
4026996
4029184
4069316
4024376
4062124
4020888
4025408
4020664
4020844
4075712
4042076
4108148
4019676
4061324
4030776
4024724
4032160
4024768
4092428
4028088
4073152
4026240
4063904
4019720
4064980
4026408
4026068
4024972
4066800
4020356
4062884
4046952
4066160
4022224
4056544
4029704
4025996
4060416
4028020
4024868
4065032
4031896
4066192
4019536
4054308
4026368
4083468
4025052
4026452
4023536
4024896
4055288
4052604
4052504
4072248
4054228
4023440
4029628
4027720
4025768
4061996
4019980
4095360
4030532
4053556
4030792
4025360
4064056
4018812
4062544
4023816
4060560
4029860
4052668
4042664
4050280
4106700
4030024
4061572
4019540
4063824
4024404
4024168
4024764
4023296
4062688
4033620
4064824
4025740
4023676
4062792
4018576
4067272
4024244
4073908
4022072
4036088
4091912
4033704
4059652
4025096
4024656
4024244
4059380
4063736
4021068
4059760
4023988
4056216
4029884
4019544
4026012
4023812
4061232
4027648
4130588
4024168
4093640
4033140
4070672
4024484
4067964
4019856
4058900
4030392
4024716
4032596
4025500
4058304
4024320
4061228
4025936
4028008
4026976
4018508
4050996
4066104
4068364
4062252
4070680
4026228
4055644
4060432
4023316
4030272
4023512
4019076
4030332
4066332
4024316
4060848
4023640
4019788
4032952
4064744
4023532
4046348
4059612
4074840
4116520
4030432
4026536
4024892
4025304
4033220
4058112
4025104
4061692
4023312
4038700
4026040
4050444
4064672
4027864
4025028
4024588
4024824
4086264
4052128
4072640
4058440
4023920
4063536
4095332
4024616
4023844
4069592
4026172
4061156
4025024
4024920
4024708
4026992
4063840
4024596
4062980
4023804
4025960
4061444
4025552
4050432
4061208
4024752
4025376
4060240
4025056
4025284
4023956
4060644
4019636
4061860
4023816
4024104
4023608
4019776
4023776
4019348
4061476
4024936
4057056
4081992
4034708
4098520
4031248
4069528
4026480
4018832
4026036
4064792
4026760
4018696
4026496
4049556
4085716
4028732
4063956
4086732
4212248
4158200
4135200
4071240
4067488
4078028
4027484
4024860
4024800
4058948
4056076
4019004
4027780
4023552
4023304
4063732
4023400
4056200
4038168
4066068
4023988
4024360
4018392
4199916
4259292
4164144
4242416
4037624
4041280
4045060
4053336
4029276
4025124
4021984
4025568
4025752
4024588
4042628
4024016
4042088
4026920
4044928
4026796
4023072
4063192
4022116
4100524
4059564
4081220
4026040
4019244
4028336
4073444
4023820
4018608
4030572
4025552
4025496
4023452
4064080
4023124
4056432
4028276
4064652
4019428
4091772
4021584
4053096
4109828
4024368
4065392
4019932
4070564
4025088
4022820
4026528
4023904
4064224
4021568
4063352
4023184
4024148
4023544
4018724
4026536
4031692
4054912
4019348
4099852
4024068
4067244
4023252
4061884
4025528
4022708
4025140
4018684
4027088
4024232
4026580
4023228
4065120
4024016
4059176
4027248
4065484
4056084
4115060
4027064
4064104
4029108
4067176
4025124
4022872
4034968
4025552
4066688
4023828
4028352
4018980
4024616
4029000
4028492
4061128
4023688
4053540
4025932
4096752
4055764
4025896
4064608
4026148
4066884
4019908
4027176
4024188
4059872
4018460
4067128
4025148
4072472
4023412
4022972
4023948
4020108
4064724
4024112
4059648
4044328
4042752
4039756
4115348
4025856
4058152
4024200
4023700
4026208
4024544
4025416
4027680
4084548
4061136
4027516
4026428
4025804
4061476
4024136
4055160
4024832
4117940
4022888
4081088
4054124
4019384
4021996
4068572
4025324
4052808
4023448
4018732
4025692
4025244
4023888
4022652
4065116
4019316
4061508
4026856
4024292
4018840
4063596
4023920
4093680
4043592
4021348
4026328
4019752
4021332
4019116
4052088
4018544
4072716
4027432
4040412
4019756
4048380
4042916
4036448
4023912
4044996
4044900
4064232
4029240
4081324
4026088
4028168
4041148
4020332
4027556
4027940
4044248
4019968
4047004
4024952
4030236
4027364
4020636
4026308
4025360
4065672
4027788
4088776
4062164
4025660
4060456
4028348
4024376
4018776
4026232
4024008
4061316
4026096
4025816
4026688
4068112
4019780
4025504
4025304
4056000
4061420
4025000
4024712
4057956
4047504
4035108
4061700
4029796
4025604
4025428
4019248
4025744
4027860
4025404
4025004
4069368
4019912
4060052
4025740
4061460
4024252
4018672
4068504
4024688
4064476
4017460
4045680
4069568
4028776
4068720
4018892
4025528
4057540
4065892
4027228
4046988
4029524
4023744
4030608
4031144
4062960
4027492
4065008
4024820
4048180
4066976
4018820
4060212
4027232
4025344
4035056
4060492
4018840
4025004
4023384
4065428
4023680
4037636
4026368
4069068
4031632
4018952
4034208
4069716
4024132
4059824
4080668
4062200
4060636
4030000
4024524
4025612
4196752
4204952
4176024
4071952
4020708
4066792
4023160
4025656
4030412
4019272
4024768
4024640
4057716
4039860
4077468
4031080
4048412
4060868
4067476
4032244
4023940
4018496
4162552
4031800
4054952
4019036
4066920
4019656
4026648
4025656
4025024
4018212
4027160
4040132
4120848
4022304
4110536
4041020
4029224
4024872
4023560
4072092
4021880
4082424
4028064
4027984
4026112
4066660
4024988
4032880
4025864
4074408
4026440
4077948
4048592
4111136
4020516
4114712
4024776
4025068
4031432
4019812
4025668
4024420
4020236
4027224
4092100
4025532
4024252
4070452
4038996
4081116
4024928
4071820
4024684
4043012
4058000
4089588
4063688
4083796
4024548
4030580
4021328
4026248
4073644
4024064
4065928
4039692
4070432
4019772
4023468
4074060
4024156
4071988
4024224
4033180
4048828
4030864
4110368
4063508
4020304
4028304
4028260
4024784
4074780
4023932
4023568
4024684
4023572
4077576
4019356
4027400
4041268
4072368
4024916
4063964
4025044
4119144
4026320
4044440
4054524
4028152
4025324
4036728
4027892
4078712
4019216
4064820
4024476
4029868
4026324
4023976
4064956
4024652
4078756
4025532
4073856
4024744
4110424
4022556
4101284
4036536
4068528
4026200
4075380
4024324
4023804
4019612
4029356
4029832
4023980
4064100
4074556
4023504
4063508
4023592
4058780
4030408
4040296
4070176
4022348
4061064
4031248
4075216
4019756
4065828
4025680
4028776
4025544
4030744
4066772
4023328
4060808
4019420
4035612
4028964
4071604
4024508
4064404
4051088
4107616
4024112
4105732
4033780
4086348
4023588
4018868
4024668
4023860
4024848
4025448
4066552
4022904
4066760
4024040
4066628
4031200
4064428
4024512
4018908
4057088
4091232
4030312
4061832
4033956
4029952
4024520
4023636
4061612
4021368
4026240
4025744
4070488
4022812
4078296
4025036
4025076
4019800
4064776
4037080
4065856
4058164
4024944
4046176
4049808
4034792
4026360
4020468
4024100
4026292
4044952
4073480
4025320
4063508
4024804
4074348
4029516
4023752
4019108
4021756
4025136
 
4076880
4062540
4027600
4048424
4037408
4024336
4023192
4066352
4042004
4065044
4024836
4068428
4024516
4025212
4070548
4023284
4025940
4022476
4068960
4024240
4084996
4043224
4060340
4072860
4059928
4038788
4069952
4024572
4061136
4025524
4093192
4027640
4069384
4030580
4025668
4079988
4019024
4025268
4028912
4068964
4022852
4064624
4054592
4095328
4033220
4118444
4029632
4076240
4024688
4029988
4024624
4023756
4070600
4023772
4065096
4048888
4019252
4024948
4071632
4026520
4024528
4068776
4271628
4246232
4031504
4134812
4029928
4076936
4030312
4024204
4067168
4024132
4073536
4025160
4069628
4018940
4037268
4054860
4023832
4023812
4040044
4025288
4114228
4052236
4075120
4032272
4059616
4031504
4072304
4029188
4023616
4024972
4023364
4066988
4024140
4058448
4024692
4023968
4024172
4025132
4071740
4019476
4025400
4024380
4116036
4035456
4100956
4055600
4074164
4024340
4025240
4068908
4018812
4067892
4023116
4062756
4027580
4077336
4024260
4027860
4026668
4023748
4070552
4019100
4027372
4055436
4083332
4051208
4102636
4025468
4074260
4027744
4078324
4026968
4081344
4019632
4067076
4025812
4026736
4025644
4022808
4065320
4025740
4074440
4027504
4079356
4059252
4019972
4044096
4029336
4026308
4020300
4026412
4023988
4053112
4028348
4057980
4025780
4048804
4025500
4026336
4020072
4045872
4028696
4024948
4046180
4038272
4081652
4021720
4076552
4023608
4024500
4043248
4027524
4044156
4024020
4028600
4026556
4025068
4044508
4020684
4026648
4026276
4023588
4018648
4025264
4024096
4050456
4057420
4028856
4063840
4056016
4028288
4056936
4020240
4067644
4025732
4066684
4024572
4019304
4026688
4024692
4025540
4026132
4070048
4020236
4062384
4024400
4056620
4034420
4050308
4061896
4074560
4026812
4058612
4027180
4071780
4024516
4023980
4025444
4019324
4070528
4024580
4063336
4024036
4021328
4027804
4024244
4026564
4060872
4074068
4042848
4106884
4020452
4063324
4019708
4060764
4026328
4024844
4024400
4019184
4025796
4023776
4061624
4086812
4029400
4072576
4020664
4024488
4039500
4111656
4027336
4099864
4025156
4025840
4027424
4025668
4062324
4027168
4074372
4025140
4065160
4027560
4064936
4026488
4024572
4028320
4020240
4027060
4019832
4050268
4099480
4028832
4062688
4072196
4018804
4059128
4025664
4057944
4020956
4064516
4019092
4062016
4025232
4024192
4031984
4019996
4023324
4024852
4061672
4025476
4091484
4035736
4101480
4061376
4024504
4027036
4018972
4025972
4048292
4084168
4028904
4063068
4027164
4070940
4025484
4023840
4019732
4070120
4024800
4066132
4031420
4067536
4031196
4045892
4096596
4029600
4066624
4019712
4026676
4024856
4070360
4024124
4057812
4026088
4062376
4025008
4024016
4019824
4038292
4093816
4020040
4097084
4043908
4038832
4059240
4024812
4026192
4023088
4066984
4022768
4026856
4492612
4826960
4662736
4124908
4211432
4210448
4146120
4118108
4131792
4032320
4077972
4066412
4022712
4055280
4087324
4025452
4024088
4043752
4043968
4041624
4050360
4024288
4057296
4027416
4068364
4030164
4027592
4024796
4018828
4026664
4023072
4068392
4058040
4067436
4046208
4043776
4031276
4033148
4021468
4024880
4024960
4023972
4065980
4021160
4067832
4026580
4063856
4025228
4022720
4024120
4027768
4061148
4033972
4101852
4020512
4113964
4026024
4063716
4021124
4060936
4024692
4029748
4025480
4025700
4062480
4024584
4049848
4027108
4062936
4026408
4065092
4024380
4060128
4048244
4096868
4024720
4059660
4025184
4029244
4024500
4019912
4024752
4025504
4032568
4069856
4025324
4061916
4026452
4023628
4038884
4026608
4063332
4020116
4027376
4046232
4059000
4027620
4096360
4029624
4061996
4045784
4029520
4019892
4061644
4024020
4023724
4068624
4020004
4028212
4023176
4057940
4026120
4072384
4026616
4058732
4050520
4082376
4043088
4104716
4029288
4024504
4060768
4024572
4026328
4023536
4063568
4030892
4070472
4020468
4025936
4024368
4071076
4023996
4058004
4026956
4026252
4062952
4081076
4043476
4129144
4031948
4070196
4024072
4023536
4024896
4019032
4027712
4024608
4061128
4024328
4064916
4027260
4064112
4067480
4024952
4066252
4023556
4062808
4031696
4054480
4039472
4028232
4072132
4021064
4086944
4025560
4024088
4020348
4027476
4026472
4067956
4025708
4078136
4026004
4069244
4020728
4066608
4038088
4068336
4019336
4102108
4028952
4023956
4027272
4019180
4033056
4026868
4027200
4023636
4068608
4019344
4062696
4025952
4027080
4024628
4062536
4026172
4078336
4052768
4114212
4021484
4095204
4057220
4026920
4066704
4026324
4073132
4026264
4028328
4025216
4025108
4066760
4023832
4063976
4042980
4067712
4024628
4061464
4025888
4114604
4052508
4030436
4049268
4074880
4026260
4019188
4026972
4024560
4027808
4038816
4070756
4025560
4060600
4027000
4070224
4029984
4081712
4025700
4064916
4023904
4044888
4035748
4048096
4107144
4025884
4060684
4031832
4080780
4027628
4024416
4028164
4026868
4083328
4021168
4020500
4026372
4027948
4029412
4063804
4024496
4058792
4066532
4027604
4057724
4054392
4068516
4024600
4025972
4019548
4065500
4025700
4028444
4026508
4020580
4033076
4020308
4026944
4023196
4066944
4023228
4068532
4021976
4063628
4023020
4045056
4082744
4021232
4062900
4024744
4019376
4104868
4050964
4085872
4028848
4018960
4031048
4025736
4024416
4024624
4057400
4043972
4077708
4064396
4105252
4028616
4050800
4032296
4068768
4026048
4026496
4024560
4087528
4026172
4020044
4019132
4063116
4024544
4024048
4026008
4019700
4019188
4067756
4028116
4100424
4041748
4045152
4063044
4025680
4021608
4066896
4074496
4021092
4063932
4024444
4076092
4029108
4020000
4031272
4070288
4025364
4058884
4072296
4030252
4065112
4067568
4024420
4045880
4095864
4023220
4066752
4023212
4081000
4025176
4025328
4019968
4032172
4063776
4030084
4062064
4023100
4066940
4024600
4069160
4029512
4024044
4060980
4078260
4045776
4027916
4042892
4031560
4068476
4022408
4061776
4036392
4066884
4023732
4023708
4024120
4025024
4063224
4020556
4025124
4073256
4024660
4097644
4056064
4067088
4059844
4029956
4074800
4029912
4064308
4020200
4066180
4025920
4023388
4024896
4024632
4065184
4036136
4062536
4026432
4072652
4025084
4023160
4049848
4060856
4025428
4061656
4073768
4023832
4027520
4079864
4025644
4023952
4026880
4026636
4033000
4026328
4061036
4019544
4067200
4026376
4064268
4025348
4023616
4049040
4041968
4088876
4063728
4065028
4024592
4043636
4027184
4019484
4020408
4024068
4024960
4026084
4062232
4025656
4023904
4077304
4028768
4059316
4031596
4024964
4056688
4027440
4097032
4059104
4066816
4027452
4077584
4028440
4064808
4026852
4079116
4024536
4063488
4025172
4023752
4026060
4029648
4063152
4021352
4038700
4073848
4064564
4023760
4047968
4043888
4032892
4024376
4067248
4023348
4068756
4024388
4045376
4026888
4019404
4026192
4070948
4024192
4032272
4021300
4025600
4023688
4034832
4129968
4025016
4115664
4024904
4027412
4026984
4066800
4025536
4061444
4026916
4025080
4064732
4027008
4062392
4018804
4027008
4076660
4025416
4023940
4020472
4047824
4067064
4023404
4114384
4023852
4022116
4026624
4025676
4068260
4019996
4065092
4023980
4061576
4028256
4022644
4039004
4027608
4025108
4023576
4063760
4031440
4052776
4051644
4079952
4056184
4063148
4026552
4032376
4024740
4019080
4033928
4070832
4024148
4024864
4026828
4024504
4026588
4027076
4066684
4023684
4055976
4029100
4057748
4029584
4054968
4059944
4026560
4073056
4023912
4030576
4020700
4024260
4024744
4025436
4085924
4027288
4067080
4022480
4060112
4024040
4054736
4020280
4066136
4059228
4019532
4097292
4029548
4074464
4024216
4024400
4031360
4028812
4067976
4026936
4058312
4180632
4174012
4079224
4054612
4041024
4033388
4082896
4024324
4060048
4058116
4028108
4056700
4076516
4035748
4065952
4022776
4066336
4024300
4019532
4031068
4026264
4025232
4025252
4062776
4039544
4028500
4024036
4066620
4025368
4090248
4036728
4043956
4061920
4077268
4019620
4071780
4026244
4064060
4023024
4061200
4024940
4020820
4026492
4023032
4051920
4025180
4041180
6492504
4327844
4311888
4359048
4405032
4178028
4310840
4162280
4278928
4024360
4078368
4024532
4062724
4018940
4057056
4080576
4024036
4019092
4019528
4028020
4067420
4024776
4026408
4026436
4103812
4022304
 
4091788
4052228
4024672
4064612
4026852
4020684
4060964
4023312
4024056
4066424
4024028
4061028
4025748
4072836
4024124
4031484
4061976
4020452
4031416
4052328
4025084
4045296
4030860
4040592
4026228
4024020
4065260
4024164
4056024
4025948
4072616
4024556
4066180
4021200
4076000
4019480
4069648
4023840
4023736
4046608
4063320
4020104
4064548
4082740
4025620
4062712
4026228
4073176
4027988
4019016
4026600
4023500
4025452
4065392
4019356
4027616
4025044
4074400
4025864
4062416
4046852
4059496
4023108
4063652
4079860
4021868
4024824
4019268
4028272
4024516
4073048
4024452
4062284
4027596
4024024
4019616
4069784
4023636
4067280
4026584
4019144
4048708
4097760
4029468
4066576
4075280
4024712
4026228
4025160
4077276
4020248
4065764
4023076
4058416
4024348
4028592
4025744
4023456
4062444
4024708
4059692
4033616
4058956
4027984
4090856
4063152
4075816
4025652
4077608
4021812
4032016
4064792
4025100
4069700
4024620
4033084
4018928
4025408
4023580
4020088
4058320
4028828
4071236
4059796
4072576
4045000
4047688
4025684
4029464
4059532
4025940
4055180
4020564
4022548
4026212
4066300
4024936
4060216
4025624
4067824
4021428
4026176
4074936
4030520
4106724
4025688
4095136
4026880
4025136
4023828
4066572
4017828
4025944
4028184
4063088
4023680
4055256
4027764
4086000
4023152
4025356
4019416
4033768
4026148
4060032
4113424
4020960
4138944
4025724
4067192
4023156
4059708
4023588
4061772
4018268
4062384
4024896
4023432
4026276
4018412
4026260
4023456
4058612
4026988
4057292
4055516
4088040
4043140
4060820
4027608
4026392
4026412
4023388
4061352
4024408
4053208
4027968
4024148
4019672
4025900
4026028
4026752
4023932
4058012
4100272
4085968
4094612
4074632
4040516
4085392
4025976
4077080
4024360
4018800
4029264
4019996
4029040
4068012
4029284
4082560
4019372
4065136
4024084
4055264
4024116
4019328
4044288
4133420
4027264
4077664
4126624
4256116
4222184
4328088
4436816
4242016
4212868
4177664
4279028
4111800
4262132
4177488
4226724
4027436
4025736
4026640
4064460
4055872
4101844
4052284
4124412
4030960
4028592
4019568
4030900
4065240
4023900
4061840
4025008
4064432
4022616
4025292
4079920
4024808
4064032
4019768
4072852
4029136
4059840
4024480
4038384
4066760
4120892
4120480
4150016
4149720
4031816
4034904
4027304
4046244
4021696
4188488
4132972
4266036
4247404
4263184
4058516
4024100
4048452
4069296
4015812
4056884
4025316
4045072
4029772
4048376
4026660
4046016
4023504
4058580
4020312
4066468
4024480
4024452
4023920
4025248
4025868
4026352
4024576
4051892
4112392
4021580
4102192
4026644
4066020
4024508
4023240
4019968
4059784
4074176
4024848
4063188
4020168
4026036
4025180
4069408
4024772
4061572
4026304
4083944
4049944
4052084
4022860
4099480
4028004
4030832
4027788
4025204
4067200
4025580
4052752
4068768
4025092
4059552
4023144
4056340
4020100
4058064
4028804
4026164
4024872
4051912
4079572
4032916
4061568
4081600
4024024
4101628
4026408
4076580
4026108
4023580
4019276
4070268
4026152
4023368
4019272
4020436
4038996
4026052
4025992
4025048
4101148
4027572
4055268
4060896
4080048
4024512
4057772
4025456
4041632
4024972
4024944
4066232
4024232
4059456
4025680
4024268
4019684
4019352
4027348
4023396
4029852
4059764
4079236
4044452
4044036
4071764
4020392
4082000
4026552
4067292
4025324
4018520
4027236
4071884
4020196
4060544
4029108
4029032
4026884
4019648
4027592
4063424
4069804
4077360
4048012
4074604
4027260
4063368
4024796
4025552
4025656
4025420
4065560
4024500
4062480
4019356
4018964
4024292
4025320
4024156
4064328
4024396
4094552
4068072
4018952
4069180
4029756
4023608
4023092
4065112
4022556
4022996
4019468
4023076
4023356
4053708
4019376
4067084
4023788
4059308
4023868
4023892
4025460
4047408
4065540
4023000
4103432
4031788
4069948
4023988
4059828
4024528
4019152
4020924
4020096
4024216
4025780
4023956
4062644
4019524
4066564
4024688
4062000
4024832
4066684
4018572
4052228
4058464
4025152
4020372
4024348
4024848
4025520
4063092
4031712
4065492
4024028
4024556
4025448
4029916
4078140
4024604
4061448
4024376
4033840
4080748
4031156
4113140
4024508
4032900
4017800
4057028
4018268
4019884
4060288
4082308
4025788
4067240
4023796
4024664
4025612
4066812
4019208
4071388
4023556
4141700
4038616
4047328
4085200
4020204
4020324
4034312
4062484
4024332
4060952
4025208
4035876
4255600
4275212
4152824
4285240
4135756
4207140
4111612
4235444
4079912
4214732
4052768
4111172
4052792
4080668
4025080
4023332
4028264
4213524
4149868
4096976
4030492
4041952
4029900
4029108
4025748
4023972
4064092
4024560
4025800
4059624
4062064
4086336
4102036
4024836
4066848
4019364
4091472
4025368
4065304
4023324
4018608
4025372
4030456
4027072
4022732
4069412
4024368
4064376
4026480
4077364
4044300
4097932
4056356
4104920
4026000
4054472
4025260
4078352
4023936
4024016
4065656
4024272
4064660
4067444
4068172
4019004
4061036
4024576
4023980
4029984
4021324
4048496
4030052
4106836
4060540
4069020
4024856
4022876
4020360
4059620
4019708
4062992
4026724
4052792
4024144
4023228
4070132
4024712
4066996
4024552
4064076
4018092
4111564
4020368
4041304
4103940
4024164
4073832
4023216
4063724
4025508
4062488
4023136
4028240
4025036
4039544
4025024
4022724
4032008
4018916
4066056
4029996
4061476
4057332
4016800
4050344
4092912
4026636
4023048
4019188
4019420
4023300
4022964
4064472
4023264
4061724
4019168
4026008
4024068
4069716
4039804
4063484
4023312
4090216
4069036
4021404
4061812
4025800
4025984
4023348
4061776
4019196
4063288
4025032
4059884
4023564
4022580
4025544
4024856
4069268
4023304
4074608
4024660
4018080
4054312
4112472
4025548
4067476
4020488
4025664
4023540
4025932
4082416
4019972
4064476
4023784
4054536
4021280
4025668
4028652
4024976
4073032
4023900
4061444
4018132
4073508
4023640
4087572
4054864
4065768
4026444
4024556
4026040
4018028
4032592
4025504
4025764
4023592
4059108
4022980
4057056
4031220
4023676
4059272
4019592
4026720
4115580
4021580
4043796
4089652
4020168
4019328
4028320
4026988
4023144
4057588
4023856
4038040
4027008
4067692
4024212
4024464
4025260
4029460
4025964
4026824
4082616
4075500
4062212
4064688
4076932
4025864
4023512
4032848
4029160
4083248
4025816
4058748
4031252
4073436
4023548
4030196
4023804
4023648
4061544
4021276
4024672
4100404
4066312
4022224
4056888
4028932
4047036
4019524
4024416
4039896
4077968
4030564
4063332
4056824
4019800
4026340
4023888
4037964
4039192
4076884
4025100
4041376
4058384
4054236
4040836
4057308
4055508
4019916
4042244
4026156
4052564
4023272
4039732
4023156
4024732
4019084
4024928
4049656
4024300
4036980
4346036
4217052
4378144
4284300
4188132
4196916
4144008
4078948
4023828
4083712
4029092
4024240
4096320
4244280
4241680
4183020
4175000
4082604
4023840
4023572
4020008
4018972
4028408
4051776
4108580
4023496
4116288
4032360
4071876
4025036
4068804
4019564
4062856
4020672
4042132
4025776
4018336
4025244
4023544
4083920
4018860
4066888
4018356
4062632
4051504
4075904
4047892
4066296
4030684
4071584
4025420
4023624
4065036
4025572
4032948
4023060
4063116
4023308
4019244
4025900
4069764
4023428
4023612
4062716
4024552
4053860
4024452
4097260
4057024
4069392
4018628
4060184
4021456
4061648
4023448
4057360
4024392
4024416
4019708
4025444
4052372
4019576
4026660
4027152
4023852
4068940
4051392
4069308
4061020
4036236
4025052
4072380
4027088
4070908
4024104
4024140
4025480
4023792
4056264
4026964
4055984
4027740
4060184
4023616
4060984
4020012
4067412
4060720
4020988
4107000
4024868
4024676
4023944
4059984
4023660
4052284
4027716
4019752
4023756
4030116
4026092
4053156
4020248
4059888
4023912
4023652
4026852
4059748
4093256
4021908
4105368
4029344
4019548
4026232
4068644
4024772
4061568
4023400
4057752
4021328
4056412
4023016
4023372
4026800
4025348
4062232
4025532
4024476
4050972
4050180
4069088
4053184
4031136
4068780
4025192
4024844
4019168
4023172
4028228
4018424
4025748
4022924
4023836
4018096
4062496
4023600
4056460
4023120
4018924
4054424
4031624
4049868
4065320
4073572
4062824
4029092
4060784
4023624
4018444
4025468
4023776
4026280
4026936
4064148
4023292
4048912
4026500
4072508
4018620
4062372
4065656
4059888
4043664
4094236
4032692
 
4062288
4024156
4019064
4019312
4025556
4067620
4025760
4056584
4024984
4071176
4019316
4064248
4019012
4032244
4029092
4028600
4103476
4024836
4121932
4030872
4033380
4023944
4062500
4024160
4048512
4025232
4023968
4023828
4024044
4061244
4026220
4019916
4024056
4023588
4026256
4065636
4051852
4091164
4022040
4056664
4025132
4059324
4018928
4020188
4066984
4024252
4023760
4068788
4024852
4055744
4025720
4069568
4024772
4024188
4069316
4030948
4025332
4051992
4084456
4045128
4065048
4028556
4066176
4024100
4055884
4037452
4026116
4023060
4066520
4025388
4059408
4017780
4029568
4022764
4061084
4022124
4054536
4049264
4069728
4022740
4058752
4056736
4025848
4023796
4023556
4046204
4019200
4048860
4023424
4060616
4025968
4021248
4022052
4024504
4025284
4027652
4065240
4019120
4051752
4055764
4069240
4059792
4323752
4219392
4330184
4243272
4385924
4312776
4155964
4245352
4150772
4035584
4029016
4079104
4023592
4062768
4028036
4025712
4075636
4050328
4048644
4024760
4069644
4028068
4071064
4023316
4062132
4020116
4062008
4086336
4031608
4028492
4033512
4082004
4039276
4095200
4023400
4054272
4025748
4068868
4057604
4014972
4049936
4057700
4029784
4023444
4065772
4023636
4073988
4023196
4062800
4021508
4065668
4022848
4023128
4023376
4018700
4024292
4023624
4061808
4026812
4101424
4016808
4108672
4036332
4020020
4111796
4223568
4157128
4208384
4023748
4060576
4023528
4037168
4023560
4038152
4025452
4024324
4023676
4022260
4043712
4060644
4088748
4022188
4106756
4030064
4022184
4019440
4067876
4023320
4018200
4026124
4022564
4063240
4029968
4055048
4025640
4042868
4023088
4046044
4022208
4023588
4049588
4046496
4028004
4115960
4027264
4048084
4023208
4067328
4024520
4025808
4020608
4022008
4024912
4023940
4024052
4067360
4026192
4063560
4023544
4061288
4023460
4053428
4030268
4047676
4110216
4032940
4078320
4023784
4067824
4019684
4022840
4023800
4023700
4063288
4036556
4024620
4024544
4025300
4062928
4026964
4064592
4023172
4049212
4018156
4052920
4096140
4025072
4063120
4026412
4056688
4025296
4063224
4034720
4023520
4059808
4024272
4068080
4035732
4023776
4023328
4025108
4062096
4029420
4128624
4025344
4055796
4033644
4018336
4025232
4022996
4021784
4023000
4065412
4022068
4058732
4019508
4061784
4024708
4023424
4058728
4064136
4024524
4064396
4047548
4088988
4027220
4062856
4032044
4067488
4021036
4063484
4024564
4062592
4023788
4018796
4027452
4023896
4069580
4023744
4057788
4019344
4060696
4023608
4058792
4047796
4110908
4027368
4108244
4030880
4018816
4025008
4030636
4024092
4023492
4060428
4062888
4019668
4029012
4023796
4064112
4029816
4060628
4019632
4026072
4025500
4041564
4094724
4035692
4067900
4033464
4087592
4019988
4065196
4023332
4029944
4064640
4023932
4024760
4023368
4063604
4048644
4063652
4024240
4070372
4023264
4023084
4071768
4025372
4044732
4053884
4079556
4023980
4062736
4025844
4023472
4025520
4062332
4018392
4062976
4023220
4057676
4022896
4043072
4018964
4023476
4033648
4031356
4097080
4025360
4095432
4029760
4025292
4026448
4019180
4077396
4027288
4061588
4023908
4023148
4031300
4023832
4054160
4021404
4059708
4023268
4054584
4027352
4095192
4054060
4066412
4060724
4077920
4024368
4019072
4023528
4088600
4027040
4070252
4026020
4024340
4038864
4020448
4062040
4024764
4060324
4019064
4026056
4024936
4062688
4024456
4090988
4056916
4026280
4024524
4023164
4019180
4060696
4030384
4054372
4018752
4025792
4152260
4217448
4521768
4273240
4200320
4094640
4026280
4023016
4050344
4019296
4105556
4041560
4032516
4076720
4024884
4071940
4018676
4059248
4033168
4041064
4093896
4026768
4279104
4238240
4242992
4023816
4026604
4024844
4099060
4051932
4271800
4214144
4130272
5118020
5001248
4110424
4138720
4122084
4037524
4035404
4024400
4035520
4027732
4022908
4024336
4023652
4042976
4025712
4041700
4052120
4065220
4046364
4079744
4028288
4025648
4025832
4023780
4068464
4027632
4058304
4027072
4066700
4027208
4074200
4024104
4024476
4019380
4024960
4023556
4023960
4107676
4024116
4085220
4063116
4072368
4032460
4024540
4024568
4024056
4065052
4025128
4069620
4023580
4022468
4018944
4023168
4025228
4024372
4064896
4023508
4057564
4065248
4074456
4051432
4041612
4025288
4026344
4026408
4026020
4062964
4019336
4024696
4030336
4070944
4024148
4059432
4026072
4070592
4026160
4023176
4024276
4038232
4066616
4023468
4108536
4027272
4056124
4024676
4068220
4057432
4023652
4062552
4022968
4058928
4025140
4019300
4026404
4025068
4026744
4028064
4065920
4025124
4047288
4052796
4022064
4099620
4027612
4030008
4026756
4060320
4018716
4063492
4023896
4057116
4023964
4019184
4019184
4020848
4027840
4019164
4025440
4025388
4028024
4083500
4060076
4083560
4052992
4061840
4024000
4059460
4023616
4024544
4018716
4023336
4059100
4023384
4057340
4019268
4057068
4024384
4028068
4029072
4018740
4028080
4054852
4074092
4075192
4050688
4028720
4070104
4025084
4051192
4020376
4059992
4019648
4056348
4026380
4056888
4023676
4019232
4025056
4023556
4027052
4026840
4060888
4065416
4069232
4042620
4084572
4033444
4028888
4024660
4025204
4024044
4063564
4021608
4060308
4023904
4023804
4026584
4018044
4035152
4018188
4068384
4023708
4071720
4063112
4022940
4042908
4071388
4029704
4059884
4023504
4020376
4026956
4057216
4025996
4024440
4023672
4023832
4058268
4025928
4025368
4024572
4070204
4022644
4093716
4052732
4022040
4048640
4072840
4028236
4061400
4022612
4018640
4024680
4029520
4025624
4026772
4065148
4018900
4059724
4027680
4059372
4023968
4018756
4023276
4090968
4058140
4073596
4056508
4075572
4028468
4059616
4018632
4062668
4019212
4024760
4022964
4059400
4023384
4055564
4024564
4023628
4024860
4048268
4077932
4034408
4078160
4025820
4090064
4032748
4030700
4025928
4065016
4018364
4060784
4024456
4059780
4024312
4018468
4019288
4069396
4028424
4063216
4028952
4020168
4025224
4129504
4166120
4195804
4244292
4139912
4208924
4102876
4205276
4083160
4149064
4028328
4023164
4024892
4023644
4068832
4024980
4059364
4041116
4070536
4024092
4022360
4052720
4052616
4029744
4056364
4029120
4026468
4025584
4018756
4023352
4023576
4065512
4023504
4057788
4022992
4063468
4025828
4022944
4069640
4021692
4024728
4071540
4043224
4078472
4046800
4061192
4028448
4023664
4035064
4074960
4023876
4065436
4024188
4018664
4025276
4072600
4023904
4023232
4066976
4024976
4026248
4023280
4066140
4067172
4060084
4099840
4061080
4019460
4025472
4023516
4046932
4020880
4034088
4050956
4028944
4022732
4063864
4019856
4026880
4023876
4070608
4024220
4064056
4057148
4061556
4025072
4059688
4086548
4019864
4065320
4019380
4023456
4019148
4027620
4027592
4070432
4024192
4058744
4025184
4073176
4025324
4023972
4020648
4023648
4042904
4048912
4077788
4058460
4029604
4029440
4066092
4023416
4059468
4028824
4024520
4064392
4025340
4062404
4026184
4065292
4019680
4067984
4024984
4026016
4024368
4087576
4029328
4089816
4060972
4070588
4023748
4019316
4019740
4022724
4026044
4026836
4028760
4025676
4061336
4026392
4024144
4025072
4067524
4023588
4065564
4025364
4105928
4025316
4036476
4059232
4029704
4028280
4024180
4065544
4024408
4073840
4021764
4023936
4069568
4023516
4062576
4025780
4019912
4020980
4027676
4025224
4071656
4060848
4071804
4048880
4075324
4026404
4025352
4064416
4019216
4065732
4024708
4059640
4027860
4024804
4025480
4022908
4062396
4025116
4077408
4024416
4073376
4038980
4050604
4024892
4118464
4032760
4024808
4020048
4022924
4063888
4022744
4061472
4018784
4060852
4024444
4060560
4017932
4026692
4065364
4025980
4072372
4023744
4089588
4061028
4027608
4052340
4029948
4066424
4027656
4058240
4026040
4070548
4026748
4063448
4020036
4059224
4023788
4023688
4027760
4018964
4025068
4023140
4057900
4048904
4049008
4028892
4102136
4030484
4059548
4026576
4069776
4025464
4023588
4022100
4024128
4023836
4023784
4083228
4023328
4055804
4025656
4069196
4024560
4022744
4061540
4029708
4046408
4047984
4021020
4026032
4024840
4061660
4024488
4040828
4023656
4026316
4019892
4025688
4024240
4062464
4024020
4059908
4024564
4018696
4037868
4070880
4023608
4062404
4071848
4025524
4024612
4066544
4021696
 
4064100
4023416
4060308
4019636
4021212
4042416
4078984
4024520
4065080
4020256
4062348
4019668
4076924
4054236
4071444
4063920
4061160
4025468
4064896
4024460
4071952
4027924
4064180
4024160
4018976
4024696
4027200
4064804
4026076
4060996
4025060
4024260
4024216
4063472
4175884
4221276
4241684
4434152
4286752
4121856
4119644
4090928
4035920
4022424
4030604
4072892
4032016
4028288
4025352
4067540
4026776
4072784
4026212
4068980
4058664
4022456
4045280
4054840
4072532
4073124
4033356
4067036
4032604
4023568
4071164
4019412
4022336
4019652
4024424
4026692
4028096
4054496
4070880
4025252
4066372
4057292
4023256
4053376
4030956
4071732
4035272
4056532
4028912
4061236
4025924
4025600
4024860
4070304
4024524
4024312
4058836
4020916
4070148
4022904
4065508
4060336
4067424
4025536
4062352
4023804
4023996
4070812
4041972
4070776
4024496
4018692
4066104
4031044
4024724
4025412
4019608
4023372
4034116
4072092
4031064
4063140
4054180
4094576
4042060
4063416
4024216
4021964
4051692
4026248
4079292
4024168
4063196
4032420
4071712
4024620
4024108
4027024
4019524
4023440
4074812
4023516
4068124
4065944
4022572
4054412
4042768
4029380
4019724
4029080
4024584
4019636
4024648
4025780
4031028
4075820
4024208
4066960
4024392
4018360
4021728
4072612
4024360
4075072
4055664
4030084
4056504
4066304
4029256
4019060
4025392
4024032
4026952
4036432
4071448
4025004
4059236
4020300
4025776
4029028
4029032
4072324
4025628
4061208
4055620
4052060
4021576
4056924
4087836
4027720
4063720
4046216
4029020
4019876
4062520
4021696
4026188
4071948
4026924
4064060
4018976
4067924
4024152
4060840
4033680
4054032
4121236
4037684
4127344
4027808
4024008
4026060
4032464
4062768
4024324
4062504
4024616
4024236
4047892
4026544
4061024
4024724
4024892
4023888
4063492
4025808
4109740
4024812
4091188
4077620
4065460
4031592
4019488
4034488
4030356
4029712
4024384
4024260
4025064
4070492
4040876
4026212
4025408
4025124
4026064
4067004
4056820
4074296
4021740
4057312
4031836
4087976
4021108
4067284
4025164
4063528
4023728
4030408
4026524
4023440
4063080
4024624
4070564
4036544
4069464
4024092
4019216
4049868
4054192
4077564
4057392
4070064
4029192
4058732
4024204
4042464
4025812
4181220
4286148
4255368
4298672
4298532
4272192
4105724
4093528
4086452
4099004
4027316
4057456
4060584
4045488
4089356
4031984
4078540
4038032
4071604
4025872
4031968
4021172
4020908
4029364
4026460
4073744
4024004
4024084
4020104
4026952
4026292
4023672
4108948
4037452
4053664
4052696
4086088
4030676
4067712
4034904
4073104
4027120
4071580
4022256
4085260
4027048
4074828
4029616
4026060
4070812
4023872
4061472
4028896
4058604
4025520
4223256
4216360
4220084
4204280
4209204
4027992
4028156
4028016
4026648
4076684
4026116
4253888
4237368
4037720
4079220
4038812
4067348
4019404
4103564
4041384
4042564
4118776
4029672
4027552
4021656
4032272
4027368
4024484
4071472
4025056
4062724
4064060
4029416
4027512
4023484
4066964
4025120
4064384
4026716
4054108
4020872
4094420
4057132
4076176
4029344
4023996
4032912
4027040
4071960
4021112
4023464
4025788
4024768
4024828
4075184
4025676
4028164
4024352
4068640
4024556
4108356
4020580
4057932
4043268
4028652
4070880
4027284
4066932
4024612
4062564
4024032
4023132
4048316
4029112
4065584
4025336
4025440
4024636
4063824
4026024
4085700
4062012
4075660
4080784
4077348
4026168
4022604
4025396
4023688
4060772
4029444
4062976
4024744
4025788
4019404
4073576
4030900
4019660
4026576
4036340
4027740
4097736
4063696
4066372
4063528
4074524
4022844
4062444
4025136
4023576
4024628
4022112
4026896
4025152
4026920
4023844
4067956
4020584
4060548
4022236
4026728
4023820
4056572
4054348
4070484
4060712
4026280
4024644
4066772
4051996
4066164
4026800
4054800
4024032
4018348
4033956
4023992
4028788
4023840
4067788
4018836
4028304
4023948
4061160
4035996
4082532
4072960
4064452
4026940
4060152
4020632
4056432
4028552
4024696
4024468
4024592
4073940
4026020
4071384
4024272
4025088
4019228
4037832
4025680
4112328
4028176
4085136
4035092
4067916
4028064
4030596
4026552
4022652
4026968
4028444
4067264
4025428
4056032
4025028
4024412
4043132
4025272
4069424
4027096
4072388
4062512
4069732
4055600
4027548
4027752
4074544
4040724
4068312
4024104
4061212
4024900
4018780
4033832
4020232
4024920
4024048
4028596
4024096
4061120
4024684
4093124
4062384
4069992
4059668
4038392
4025880
4075096
4024900
4062016
4038392
4074088
4025984
4064036
4019912
4079336
4023680
4022652
4024776
4018916
4027840
4027724
4125824
4026816
4094744
4076444
4065788
4024180
4066964
4218432
4264084
4140560
4246864
4204140
4110656
4191440
4114484
4106420
4023728
4064976
4023512
4068736
4023052
4085448
4027488
4069568
4097840
4027936
4075460
4030604
4065140
4026792
4074200
4025004
4023588
4025280
4024552
4076136
4026436
4064828
4023536
4019432
4025696
4087268
4058288
4019472
4092800
4021436
4026896
4020060
4030104
4086832
4026712
4064324
4025180
4076760
4025092
4027308
4019548
4026472
4025656
4049484
4148380
4105768
4168100
4119372
4045524
4082176
4088016
4023248
4061804
4025684
4070520
4025168
4023832
4026296
4021540
4068560
4028784
4061512
4024872
4019668
4027796
4073224
4026376
4049508
4028348
4047724
4115948
4026844
4069712
4020284
4062312
4024280
4019328
4063980
4024972
4026572
4065184
4026012
4073940
4020164
4063004
4020684
4071504
4026692
4095872
4022104
4043452
4053976
4021696
4027900
4023500
4027488
4023336
4067504
4025296
4066232
4025452
4018572
4027168
4024312
4026640
4024776
4025552
4024944
4071652
4052092
4071368
4056580
4029148
4020660
4064140
4025560
4061600
4019844
4024120
4024892
4059888
4026792
4067024
4025016
4063400
4019816
4024888
4025224
4023148
4088304
4050728
4024488
4067044
4069576
4023460
4056124
4074928
4025128
4018880
4026772
4073428
4026248
4023492
4069700
4019460
4066620
4024476
4056392
4024360
4019596
4052036
4051000
4088352
4062512
4065716
4024444
4062740
4023284
4054256
4026072
4020656
4028336
4027348
4065440
4026716
4072352
4026544
4025980
4021300
4025112
4026140
4050564
4088128
4038364
4106064
4029020
4028448
4025500
4023716
4066632
4031176
4068092
4019296
4061796
4024808
4025640
4023796
4019564
4020848
4022164
4065524
4027772
4068640
4028504
4092540
4051016
4070468
4024608
4018872
4025604
4024456
4020352
4026164
4027904
4023100
4067932
4018340
4061988
4025760
4058756
4026124
4022136
4030164
4064760
4025552
4093524
4033392
4031484
4024764
4060196
4024416
4024372
4025584
4027588
4057520
4024220
4024464
4019400
4062120
4026056
4058632
4023176
4018436
4042684
4066980
4021116
4068704
4071208
4024232
4064652
4023432
4058536
4020656
4061812
4023624
4057468
4023328
4019412
4029408
4024176
4027248
4025176
4065592
4024992
4092228
4053528
4032380
4063876
4025764
4064408
4023280
4066088
4024944
4026464
4025104
4018192
4020616
4063768
4026380
4023212
4063892
4020340
4054424
4082784
4025856
4095412
4022796
4048352
4087008
4029152
4026460
4023876
4071652
4025672
4207676
4161556
4291456
4287128
4380908
4245096
4115920
4159364
4094880
4021096
4026072
4108868
4050308
4088548
4063780
4029368
4032380
4034988
4020752
4071760
4024828
4027756
4025460
4019492
4024400
4023964
4068228
4032088
4062964
4023460
4063900
4025132
4052884
4036964
4051280
4069772
4031680
4070876
4025052
4065356
4021280
4040712
4075056
4023356
4067404
4026092
4025724
4026536
4025948
4061724
4025684
4077180
4024908
4132432
4024408
4105316
4053104
4083416
4024624
4063396
4026736
4082144
4025168
4018880
4037976
4027984
4092920
4120332
4168660
4166464
4052688
4028448
4082616
4059408
4113244
4024608
4068632
4022236
4025592
4020828
4026784
4031980
4023388
4075416
4020152
4065620
4039232
4065096
4025488
4024052
4023756
4024980
4064016
4027128
4095328
4058624
4033304
4086188
4032360
4021812
4039928
4023136
4066280
4023084
4058400
4021964
4018396
4030240
4023728
4060624
4026300
4054312
4025496
4024652
4063296
4076180
4189652
4099816
4304236
4252632
4293888
4233364
4088384
4154692
4039288
4098084
4020628
4055660
4068596
4024608
4056940
4023012
4025828
4067308
4024640
4075296
4047060
4022696
4044868
4060520
4066016
4074452
4025272
4064624
4024952
4019348
4024300
4020560
 
4025156
4023992
4062268
4019896
4068052
4023492
4057116
4024532
4070300
4047088
4075664
4046876
4043984
4026756
4023996
4079344
4025592
4066536
4025944
4071944
4024788
4024040
4074732
4024028
4062616
4024948
4076080
4027260
4072064
4029488
4045940
4037788
4045228
4071172
4024004
4062768
4024088
4019064
4025272
4029444
4028128
4026332
4069188
4023432
4064824
4023636
4067368
4020536
4027928
4073000
4050640
4041324
4023996
4112820
4024596
4019532
4025080
4025496
4027420
4025420
4065540
4025356
4073556
4024476
4064612
4024444
4018936
4029020
4018768
4027492
4095332
4040300
4105096
4030272
4116252
4029892
4027272
4022800
4029424
4024684
4025340
4065528
4028992
4059920
4025448
4025264
4024516
4024896
4064168
4025724
4028140
4025872
4094576
4028264
4091336
4062860
4074564
4027960
4026188
4021364
4024808
4026216
4027652
4066848
4019944
4025468
4024048
4063020
4025916
4065988
4023476
4062420
4019972
4092096
4023876
4087528
4059500
4065544
4025208
4074352
4025184
4024296
4023528
4080060
4035756
4036884
4035824
4024024
4031592
4029204
4069484
4023404
4057304
4047708
4106004
4023924
4056884
4026416
4029292
4074952
4028196
4068532
4020580
4025196
4032808
4024484
4024496
4073788
4019996
4066508
4022588
4032740
4025040
4026612
4046128
4108372
4022568
4105504
4028736
4067328
4024380
4019448
4033048
4026636
4067700
4099476
4184100
4208640
4710872
4134024
4180160
4197148
4089860
4156028
4156836
4033060
4153844
4032344
4067924
4019548
4069216
4043308
4080096
4024748
4019384
4057700
4027040
4026456
4024256
4076404
4023748
4072840
4025996
4077172
4055732
4118636
4020732
4065600
4027840
4091524
4024012
4068388
4028492
4074368
4024288
4023832
4020912
4026108
4089472
4027412
4074892
4025316
4028968
4024444
4031496
4047552
4053404
4026996
4129152
4023572
4086028
4024440
4073004
4025088
4019312
4027224
4030320
4026964
4025368
4077692
4027400
4072296
4019888
4073880
4019508
4040832
4055396
4025416
4104780
4051368
4070292
4027672
4024800
4028996
4019480
4025724
4021792
4027620
4023736
4075404
4024664
4064780
4025856
4026788
4024876
4025984
4075912
4057764
4120904
4055400
4030492
4027132
4024716
4069432
4025660
4026908
4024296
4034648
4025584
4070016
4027060
4064956
4030188
4025148
4072604
4026764
4077664
4047044
4053072
4027784
4063092
4060648
4025712
4065004
4020144
4079180
4026148
4062188
4019872
4070728
4024552
4107392
4027036
4019516
4029484
4024760
4024664
4032484
4108504
4059316
4068648
4062080
4029288
4020556
4071484
4029988
4019924
4026868
4024328
4026424
4062224
4070244
4026908
4076004
4024052
4066196
4024024
4033044
4028476
4048600
4039668
4037440
4117152
4033192
4029936
4026096
4026608
4021784
4024880
4020336
4027460
4024092
4026596
4026532
4086420
4021168
4027144
4024420
4070264
4019500
4057128
4074360
4046708
4056860
4037028
4027960
4025008
4024000
4068348
4024644
4063956
4027780
4023748
4025112
4023044
4068760
4026480
4077700
4025388
4067520
4020240
4104504
4021652
4045672
4078888
4027836
4076056
4027504
4024284
4026948
4025296
4026524
4023236
4069392
4041652
4064312
4028296
4090268
4024904
4023172
4033888
4046312
4067040
4020356
4114068
4041976
4067908
4023716
4018856
4025656
4023192
4019352
4030404
4033980
4023176
4063660
4025736
4060468
4025660
4026724
4026296
4024404
4092204
4066720
4067860
4059508
4028164
4019588
4054500
4038000
4042852
4127224
4042096
4066832
4024512
4031140
4025764
4026640
4025424
4024404
4073000
4027884
4075964
4084732
4068800
4044108
4083088
4029232
4020472
4026492
4071340
4028500
4025528
4019560
4024436
4030192
4025160
4064100
4025352
4052012
4025264
4028312
4058496
4038832
4056468
4070768
4059776
4034908
4022064
4026936
4024852
4024228
4063740
4026492
4059084
4025812
4023748
4028420
4024420
4058100
4059376
4321400
4220500
4275316
4094076
4045172
4073556
4059820
4031192
4031700
4027588
4026600
4024000
4065672
4026464
4069148
4027828
4061380
4025688
4024996
4027920
4026100
4066256
4026208
4058308
4055532
4025596
4050160
4123424
4034344
4093500
4020116
4064392
4023852
4029932
4025468
4026288
4069032
4026068
4060320
4029548
4025600
4025400
4067260
4025188
4061152
4056048
4075828
4046648
4108264
4028728
4073848
4019164
4063100
4024004
4024628
4031844
4028080
4026976
4025048
4064264
4024744
4052656
4029704
4074120
4024808
4031840
4052384
4069736
4055856
4067584
4026236
4070900
4020500
4056460
4027420
4023776
4024004
4067984
4019572
4068580
4024692
4063096
4024684
4167432
4157836
4156880
4058124
4117284
4045196
4078884
4070424
4022400
4075660
4025272
4065260
4034036
4019940
4029284
4073428
4026100
4040412
4065732
4028156
4025900
4023848
4074576
4026164
4053788
4094896
4043456
4086664
4021420
4025764
4027368
4025660
4069756
4027420
4070800
4020888
4047420
4082116
4024992
4025224
4020364
4079464
4026384
4026752
4025536
4058828
4044652
4050600
4123352
4027484
4063520
4026688
4078444
4024700
4070400
4026728
4023596
4021668
4026952
4025484
4023944
4066128
4026744
4091540
4024640
4069308
4061264
4067288
4057744
4040528
4023592
4077360
4023760
4077932
4020252
4068876
4024864
4066012
4026860
4041884
4026196
4024428
4070536
4023092
4067888
4019864
4039920
4055168
4021724
4064832
4071804
4029052
4075872
4024380
4025772
4024968
4028068
4079436
4026936
4070160
4021308
4027364
4023816
4030596
4025248
4077356
4021940
4052472
4102492
4041872
4124512
4028532
4028384
4030512
4100548
4032552
4028020
4073384
4027196
4072908
4025572
4062292
4021084
4061808
4026364
4025644
4024292
4025604
4126152
4058440
4147216
4050868
4067296
4033640
4051896
4049932
4063228
4023676
4041064
4027224
4065752
4025632
4020968
4033848
4025028
4025564
4031240
4037120
4078216
4070708
4066632
4063684
4059332
4024308
4063624
4024868
4077980
4019680
4074576
4024036
4069912
4024828
4075296
4024864
4023956
4019680
4129704
4226640
5266040
5667032
4344536
5426344
4183532
4178928
4072052
4085288
4026936
4028600
4025420
4023168
4060468
4029232
4025388
4026172
4069068
4019776
4064048
4025380
4063144
4027944
4061324
4040472
4044400
4110204
4032432
4080144
4028668
4066516
4019948
4066736
4024300
4063264
4024496
4021052
4076636
4025064
4024920
4025920
4019472
4035160
4020324
4055740
4015052
4050612
4084004
4030176
4023004
4025164
4025432
4023748
4028920
4024096
4068084
4026480
4082648
4025352
4064032
4025356
4025796
4021136
4064428
4019872
4103688
4028680
4048204
4055060
4083376
4029252
4019932
4027376
4030388
4068748
4023928
4058296
4023820
4066184
4050824
4025568
4024820
4028352
4065448
4025652
4071500
4063268
4059584
4051492
4074304
4041232
4272480
4112364
4235924
4030120
4085860
4023080
4025452
4026892
4024924
4060868
4026076
4057012
4027484
4024144
4028920
4069608
4112168
4027068
4098756
4025596
4029364
4019896
4063280
4028696
4019380
4026680
4025532
4025480
4024628
4065520
4019788
4025760
4023808
4069788
4019000
4069300
4064640
4066712
4041864
4097796
4029844
4027888
4026724
4018784
4022976
4027604
4027032
4022872
4084128
4020684
4070988
4023480
4068940
4023932
4024544
4064240
4025448
4106456
4021052
4097112
4035696
4030996
4023600
4026448
4025492
4070768
4026776
4070720
4024844
4069892
4020540
4065176
4024556
4024436
4024816
4023388
4069428
4035084
4101408
4021988
4059340
4031852
4022376
4027444
4026140
4026920
4023156
4076316
4023632
4073824
4021148
4069072
4024524
4025252
4019452
4069324
4022644
4028872
4047568
4111704
4020660
4110484
4024840
4071812
4025688
4027320
4075800
4018872
4031612
4018952
4024960
4023704
4071444
4029076
4063712
4018764
4067572
4018552
4061708
4050536
4123856
4028408
4068612
4031952
4022960
4028836
4018968
4025416
4023092
4068400
4022632
4063020
4023296
4067240
4022224
4025076
4019028
4024644
4022100
4023836
4105040
4022012
4056084
4115604
4024512
4024392
4020040
4067836
4020100
4059184
4030272
4077812
4028056
4024868
4019608
4056980
4023772
4024456
4069684
4025696
4065620
4062020
4066676
4046296
4029924
4020832
4025624
4023204
4020784
4021788
4025812
4023816
4027252
4060380
4085664
4027952
4025536
4025056
4064980
4026764
4059456
4072160
4073428
4027044
4062120
4078788
4024696
4026652
4024940
4062608
4027504
4024832
4024696
4023944
4061692
4025572
4072504
4024000
 
4062540
4025396
4025056
4028536
4056296
4038140
4087680
4056352
4030744
4024792
4019236
4024328
4027052
4068808
4025704
4063600
4037120
4024156
4025760
4024360
4067796
4030796
4024380
4020004
4063144
4053940
4105336
4050556
4112692
4025456
4018944
4034320
4076036
4028232
4023496
4072400
4019656
4075028
4029132
4066976
4024604
4019176
4027328
4024820
4034496
4020620
4100848
4019944
4051848
4039932
4019988
4031760
4025028
4067684
4024840
4061896
4020580
4073900
4024432
4024848
4070088
4021292
4028440
4038932
4063296
4026692
4036408
4123496
4019804
4061704
4032644
4073964
4020860
4065720
4025276
4099648
4030960
4028776
4029424
4023924
4067452
4025648
4062020
4019528
4060940
4025344
4024584
4061604
4054104
4015716
4069984
4031228
4039692
4166120
4154508
4037496
4026456
4055004
4027052
4042812
4038088
4191388
4172548
4049424
4024808
4051080
4029600
4024604
4082296
4025804
4066244
4058276
4028264
4025580
4044976
4019300
4044148
4033588
4061396
4024280
4062488
4019972
4072736
4029564
4024416
4025276
4023648
4063308
4028652
4100108
4025928
4095232
4035552
4096044
4025584
4068620
4021096
4059328
4019604
4033144
4031304
4021344
4046624
4165160
4240756
4214052
4250716
4360256
4222376
4160152
4183080
4025688
4097608
4035388
4052160
4027036
4039192
4024316
4025316
4027948
4025164
4036408
4043648
4026192
4024216
4021024
4027040
4026020
4025984
4026216
4085288
4053944
4072600
4060488
4078020
4029348
4024172
4066944
4024120
4064008
4024480
4023352
4022432
4073452
4024848
4025532
4032824
4021464
4027356
4024464
4062452
4048416
4110328
4031152
4113464
4025624
4023376
4024112
4024848
4044020
4025948
4025972
4024324
4064276
4019412
4063736
4025608
4023508
4019672
4028568
4073572
4027684
4101680
4043764
4037376
4057968
4024464
4067528
4025824
4076152
4027080
4068004
4019640
4064140
4024304
4018952
4028484
4028100
4029452
4024068
4078352
4019488
4027676
4064324
4105884
4046292
4111600
4028420
4067892
4062476
4025828
4024552
4067652
4026096
4061588
4025380
4019788
4020256
4073880
4025936
4026008
4021132
4062520
4019316
4111448
4022516
4083120
4048076
4024588
4027108
4026660
4063332
4026832
4060324
4024484
4057132
4026132
4024000
4027500
4019348
4028456
4023564
4062980
4024148
4063608
4064652
4024032
4066160
4050028
4036376
4028836
4061248
4025460
4029072
4026540
4023048
4027192
4023780
4067460
4025608
4064500
4019380
4063224
4023620
4024376
4069792
4069660
4070752
4066948
4066180
4019704
4060088
4038568
4025892
4068956
4026404
4068572
4020632
4071324
4024816
4023592
4027652
4024532
4068956
4019112
4063696
4065708
4063248
4040020
4060532
4025660
4018844
4034476
4023984
4063948
4027316
4020160
4024732
4073092
4024000
4024064
4031360
4024640
4066432
4019768
4032240
4030992
4104384
4021012
4083068
4028532
4022568
4062620
4023412
4067580
4023488
4061708
4019332
4064072
4023980
4066096
4023684
4023232
4060588
4025328
4063968
4019732
4085844
4057572
4019700
4122344
4025208
4070276
4020356
4061532
4024656
4058560
4025752
4072944
4023664
4031784
4020328
4062164
4024180
4024524
4024780
4025336
4056636
4045012
4051436
4024976
4063408
4028980
4056472
4026132
4071532
4024040
4061984
4025356
4020524
4030520
4023376
4085180
4023300
4058108
4025832
4049276
4027244
4023428
4070284
4054780
4024124
4095988
4036192
4062992
4024796
4023496
4027516
4023772
4062948
4019184
4079284
4034140
4115872
4030304
4081276
4019252
4059456
4023580
4058328
4065020
4027236
4037104
4061828
4077916
4030616
4022840
4025448
4024296
4048116
4026652
4065300
4100644
4070096
4067420
4065144
4166200
4188324
4246324
4231716
4317676
4323060
4185672
4248680
4189464
4025168
4024632
4065024
4018432
4024356
4022688
4061764
4035304
4066736
4019144
4023764
4025384
4024632
4062468
4026508
4023288
4057728
4062724
4027412
4052664
4032388
4028800
4073740
4019644
4027472
4023604
4068024
4025944
4023880
4024376
4066044
4019512
4063296
4023744
4061104
4029252
4027132
4050212
4052600
4081084
4055460
4063496
4077496
4022668
4027324
4023804
4022056
4024540
4024796
4059872
4026016
4057172
4020296
4025376
4024192
4022920
4057192
4026148
4098220
4035680
4088344
4044924
4029520
4023492
4024512
4023996
4064256
4018476
4060900
4025964
4023476
4023500
4019128
4026624
4020904
4062748
4027248
4059364
4019528
4094872
4023056
4039392
4048624
4062424
4029396
4025384
4026564
4018760
4026316
4071092
4025328
4018884
4020224
4071416
4024128
4063096
4019940
4027732
4025764
4081984
4072392
4073240
4047772
4032052
4020712
4054096
4025956
4064392
4025492
4024744
4026748
4025828
4065532
4024584
4060748
4024612
4024188
4019132
4067236
4024760
4061628
4058580
4017880
4069648
4077340
4037644
4020496
4017392
4079652
4017936
4064812
4024652
4056364
4023156
4064148
4023704
4063052
4022564
4065868
4022872
4026840
4063356
4040584
4095084
4040116
4025912
4021888
4065084
4022744
4053928
4054548
4019540
4023032
4023700
4065408
4023956
4058164
4024140
4061916
4019260
4086848
4025472
4108312
4024704
4034828
4051740
4078776
4023720
4024352
4068192
4024220
4103800
4026028
4068388
4029136
4070984
4024888
4067284
4026344
4017552
4024968
4022200
4056944
4074812
4058464
4085060
4067896
4024080
4022928
4019356
4041404
4025684
4048076
4026168
4023668
4018744
4024976
4023872
4023184
4041452
4026284
4038336
4023400
4043436
4049256
4026188
4106216
4024364
4074584
4017900
4055468
4024372
4064044
4022448
4024184
4022524
4021496
4020420
4026980
4067988
4019760
4062124
4025160
4023736
4045236
4054524
4075920
4053168
4060692
4025176
4057336
4023628
4046416
4024892
4060760
4027348
4043976
4027808
4036516
4031692
4088508
4019936
4067600
4023152
4054120
4056260
4076224
4053004
4182128
4058596
4024616
4026304
4022112
4066544
4023084
4063000
4018532
4064304
4019316
4063804
4023420
4063044
4023884
4024280
4018984
4038416
4104736
4024252
4089720
4020716
4061248
4023992
4066428
4023772
4026032
4023404
4023576
4063644
4022504
4062428
4020004
4063056
4023460
4058148
4018380
4057048
4048612
4057432
4025988
4069128
4066748
4021292
4063992
4023836
4058392
4025284
4076672
4030620
4025948
4024940
4024648
4067164
4027704
4078992
4027932
4027672
4064844
4052896
4047068
4033476
4060308
4023216
4080956
4023680
4081208
4027364
4077700
4020216
4061996
4070728
4033368
4068048
4025100
4076500
4019256
4027756
4023620
4080212
4049920
4088000
4058912
4113152
4025304
4076012
4019448
4083032
4025672
4079776
4023832
4022464
4065976
4030300
4076948
4022964
4068188
4018328
4072140
4024020
4070592
4047124
4077232
4053188
4051428
4026264
4024236
4025632
4022976
4076396
4025668
4067688
4024244
4078992
4024148
4072744
4024684
4061540
4019684
4039128
4019604
4034780
4062584
4028992
4046108
4027796
4097468
4023592
4063428
4024712
4027112
4068808
4019032
4025588
4024100
4059348
4037064
4070852
4023732
4023692
4019740
4059064
4056972
4062184
4074492
4055224
4072768
4023792
4066336
4023088
4018772
4024332
4073160
4030112
4019388
4069480
4024728
4085544
4025532
4023408
4071672
4023212
4023864
4052008
4107952
4025844
4103628
4027256
4022972
4034776
4079048
4027760
4070356
4019636
4064780
4032920
4024308
4061668
4024556
4071412
4023240
4042612
4077088
4025224
4070840
4028496
4042972
4064712
4023792
4068532
4023952
4062100
4018200
4023916
4025584
4024424
4073780
4024300
4069388
4027224
4025596
4019456
4019740
4024148
4038368
4277148
4278272
4226844
4254248
4413148
4220548
4165928
4106492
4026996
4024832
4023580
4019044
4025452
4023200
4042072
4027836
4047948
4023832
4057324
4018716
4100500
4061624
4073952
4060252
4024336
4025112
4058540
4058596
4025464
4074720
4024012
4065552
4026320
4024096
4026088
4019040
4022592
4073464
4025336
4026348
4024488
4048708
4055504
4024204
4113012
4027104
4068312
4025096
4023312
4019096
4057964
4018360
4071292
4023892
4022284
4023376
4018528
4024516
4042368
4068660
4024068
4060880
4051040
4094932
4044112
4061532
4025120
4070008
4023528
4024408
4023792
4025360
4025500
4023456
4062868
4024144
4056284
4025828
4074096
4026404
4023296
4024248
4022948
4097772
4027804
4084956
4059424
4071700
4046552
4025668
4025200
4019788
4026512
4075304
4026964
4066056
4025676
4019192
4022060
4026804
4024892
4023772
 
