Procesando...
  Filtro             : sierpinski
  Implementación     : C
  Archivo de entrada : lena.816x512.bmp
30062552
30451016
30319596
30373944
30288880
30310596
30391508
30344068
30385136
30343520
30381044
30326416
30346524
30379928
30343860
30327168
30372916
30321976
30324744
30374076
30320160
30324980
30364784
30324480
30337772
30363664
30356340
30328948
30381104
30331144
30313976
30364436
30358192
30331700
30348632
30401568
30348944
30351316
30332280
30336608
30343872
30333204
30363536
30373708
30317212
30315320
30328360
30313644
30348672
30348376
30340896
30334544
30381872
30353092
30356500
30314456
30374560
30437940
30310800
30314388
30336536
30352528
30355112
30359352
30634536
31122452
30519224
30302328
30562960
30358952
30301220
30845960
30621384
30292848
30358204
30335652
30295636
30339020
30367268
30288816
30380864
30367480
30326624
30349160
30346380
30287944
30360528
30349808
30308156
30334544
30365152
30333052
30353808
30341324
30293344
30322812
30365528
30309004
30326516
30298768
30352536
30350248
30377532
30315732
30337676
30366500
30340876
30310972
30307540
30363988
30342844
30345328
30330924
30290764
30375184
30340120
30333512
30418172
30347032
30420636
30366744
30669384
30357588
30366480
30304244
30310684
30303220
30369120
30896128
31050144
30350368
30345660
30331456
30354208
30332276
30310772
30303516
30370392
30361240
30354208
30325104
30338524
30322456
30374244
30420612
30356004
30325672
30356604
30352764
30326164
30306540
30347332
30300688
30346592
30337028
30341844
30370252
30364732
30331512
30345716
30347244
30353636
30356800
30388788
30354888
30358548
30328472
30364172
30349696
30334180
30371400
30367900
30388820
30382076
30332168
30369208
30337952
30333004
30305336
30395372
30349440
30372696
30344340
30393996
30401280
30340452
30418668
30342592
30327932
30442732
31632284
30360540
30386976
30309332
30327628
30340120
30344768
30296936
30329924
30328396
30350596
30381632
30362300
30345888
30336644
30329128
30322380
30383880
30344712
30332936
30346828
30346708
30349136
30357816
30357352
30331864
30367092
30356176
30263456
30409008
30351892
30342816
30336308
30345592
30374608
30352780
30353612
30324352
30360716
30360024
30361176
30362364
30333992
30351360
30401100
30350144
30339680
30373712
30329736
30378420
30352696
30370636
30374576
30287136
30263044
30352780
30349128
30409704
30365184
30408732
30325912
30412980
31154428
31082192
30348312
30339820
30362540
30342236
30355516
30329212
30339096
30371372
30341040
30349760
30297660
30363020
30361528
30380564
30350280
30346160
30343236
30315184
30339268
30314344
30302404
30356772
30330952
30354772
30345464
30339544
30326768
30326312
30344556
30396784
30322500
30363660
30327764
30331112
30313412
30334376
30323620
30339784
30346012
30349164
30353992
30304300
30315300
30322520
30352364
30091176
30358220
30349108
30207512
30377316
30318004
30226180
30280056
30337536
30237412
30345848
30345496
30231708
30361324
30365700
30238756
30309868
30358464
30219776
30342852
30336748
30222572
30337360
30338404
30231208
30360172
30350612
30250988
30372756
30310464
30238060
30346952
30338132
30227548
30339220
30344672
30239284
30358272
30344496
30244116
30351312
30355092
30293676
30305692
30387284
30239736
30338768
30346880
30249200
30347280
30318344
30218432
30322368
30347272
30278448
30447800
30361048
30310764
30362076
30331756
30278688
30347392
30367476
30330080
30371180
30308276
30186388
30352412
30294280
30251504
30317220
30323504
30282724
30350860
30351476
30279776
30310160
30390952
30284076
30329004
30341300
30324576
30339612
30330172
30306780
30337628
30321356
30348348
30365724
30322004
30308016
30339988
30341940
30305736
30335428
30342348
30360144
30324168
30353320
30330588
30333172
30310424
30322748
30346780
30346956
30306992
30311660
30303776
30361620
30347316
30410180
30296384
30358804
30335332
30330248
30402412
30342908
30390552
30397416
30405776
30327940
30363280
30364624
30270316
30297320
30378988
30318596
30320316
30348788
30664768
30407276
30349092
30374556
30338540
30348600
30328924
30354400
30322844
30335704
30333004
30330480
30397672
30354072
30353720
30322348
30356744
30358604
30356168
30317372
30383364
30343376
30338608
30359640
30351552
30291984
30322624
30346492
30353396
30373164
30338680
30331120
30332204
30340628
30313268
30382188
30321040
30319920
30328564
30322068
30440428
30299460
30344360
30374212
30341564
30329544
30330984
30595648
30300848
30408108
30390108
30382360
30330636
30377112
30365280
30393128
30463620
30352044
30329776
30394688
30328892
30310180
30380316
30708624
30409372
30356512
30384772
30334652
30386384
30352640
30333456
30384532
30384064
30351796
30358544
30401508
30350624
30367516
30315816
30377252
30333564
30401984
30316256
30406804
30332832
30367500
30336756
30411048
30336492
30405676
30358400
30408460
30319084
30347220
30312040
30355448
30335588
30362780
30359116
30388300
30364340
30412332
30329848
30379988
30377964
30356376
30354448
30321996
30332308
31036284
30394752
30388136
30351688
30322444
30329404
30324816
30342012
30314732
30338544
30356588
30353420
30362396
30350572
30338704
30371892
31060916
31092840
30374524
30356348
30340924
30354232
30333000
30330220
30384756
30348340
30314440
30319536
30442448
30324228
30356624
30359648
30355968
30367828
30363656
30345108
30309480
30356836
30376740
30341628
30335272
30329560
30411868
30255108
30336788
30307504
30349524
30347676
30330452
30333036
30337916
30347508
30331336
30338424
30341300
30367136
30306292
30345208
30385148
30329664
30353336
30357088
30325508
30282528
30315512
31191068
31277984
30315080
30330296
30265788
30351052
30318712
30252988
30342476
30331700
30250352
30352108
30309348
30260992
30362364
30356592
30246364
30367212
30344640
30090888
30342072
30297392
30274704
30298892
30286208
30205784
30345868
30341512
30211144
30400208
30304000
30255244
30333688
30327696
30223296
30306428
30341688
30245300
30355912
30353804
30236476
30351268
30363448
30311296
30302488
30322240
30238536
30323728
31999596
30470420
30297908
30296216
30286340
30358952
30344120
30271840
30313376
30332700
30290616
30350356
30332432
30285984
30423720
30307664
30359392
30358976
30365628
30300512
30357056
30692324
31308476
30346560
30352956
30317624
30333472
30302576
30351284
30307308
30346296
30295564
30328868
30331680
30331712
30349572
30329272
30361676
30352976
30350968
30380492
30321920
30354852
30319912
30314832
30329748
30307172
30342536
30304904
30336632
30359544
30309524
30355204
30350644
30370280
30309724
30437864
30341404
30334808
30344724
30339140
30293108
31483068
30355336
30311452
30314708
30380920
30334728
30315436
30286112
30358108
30300044
30330112
30326560
30310972
30349884
30342532
30421600
30393664
30326188
30342988
30350892
30324684
30348736
31174112
30354396
30314424
30303084
30339892
30345752
30331688
30333172
30383128
30349336
30346936
30332612
30380136
30311648
30320512
30359616
30359748
30325556
30309156
30291080
30333824
30341292
30319372
30305164
30319288
30361620
30384792
30352028
30320692
30302544
30378904
30325984
30340052
30357444
30313264
30323576
30343192
30315180
30349772
30320560
30297708
30404852
30399692
30296896
30311048
30363724
30342060
30314364
30368728
30313468
30329628
30340456
30336200
30329912
30331292
30336168
30353584
30313396
30297160
30352748
30297340
30377956
30782824
31262968
30343408
30337092
30332048
30332768
30347660
30364716
30361948
30331712
30327696
30325952
30351932
30313944
30325480
30329408
30321416
30363776
30354348
30346776
30315592
30337732
30369864
30332580
30343408
30324676
30363932
30329492
30347040
30327460
30319424
30352464
30337392
30351228
30289312
30292468
30317636
30336488
30243992
31014816
30999200
30327700
30342752
30345080
30314476
30348932
30362852
30332612
30350756
30360332
30345128
30355928
30332996
30321768
30302604
30314276
30336704
30367736
30332184
30359136
30389168
30342928
30397308
30355220
31131104
30974240
30346440
30353016
30304580
30294512
30310816
30349016
30311544
30309380
30379224
30328348
30372056
30389788
30355640
30328772
30322560
30325188
30335784
30338904
30293000
30289820
30301248
30313004
30337068
30319440
30349336
30314140
30348184
30348656
30346140
30347292
30339196
30372404
30366912
30362780
30296076
30318996
30349848
30343564
30303172
30357928
30364472
30343812
30348360
30348380
30404172
30377500
30352860
30309520
30363280
30342032
30403576
30368112
31135304
30357044
30407904
30343176
30393020
30413700
30309228
30342264
30440768
30344792
30347688
30411828
30346028
30344532
30406008
30353828
30383316
30320256
30440196
30333860
30416336
30307536
30438140
30349184
30407896
30318788
30426392
30348860
30392104
30350564
30429532
30313676
30350220
30346868
30410676
31383548
30397288
30339768
30405696
30332856
30396976
30152552
30388324
30353816
30401540
30338424
30386420
30277084
30352816
30340552
30403272
30310792
30405736
30344456
30548196
30392716
30405512
30321448
30395988
30337356
30414072
30547276
30326620
30337648
30338936
30310060
30343376
30349004
30340344
30345724
30371056
30342464
30340764
30351520
30340852
30345300
30370816
30348764
30344156
30347872
30331240
30360024
30285772
30364388
30357216
30366340
 
30341948
30318996
30359732
30338508
30389776
30353084
30323724
30295700
30376512
30329700
30562928
31429540
30355560
30335204
30340680
30326628
30330764
30357876
30380944
30350908
30328600
30363172
30338940
30341864
30332076
30360376
30362992
30369652
30326896
30355648
30345956
30367476
30360220
30339804
30340388
30344512
31555216
30333804
30341288
30309128
30336772
30350312
30327124
30373784
30367116
30353628
30384492
30380244
30351256
30374880
30370548
30354508
30291932
30352308
30355404
30413288
30298824
30394716
30394404
30456088
30326368
30376412
30342576
30360852
30354604
30426720
30347072
30330356
30325076
30343336
30352176
30349768
31291540
30395612
30346720
30393180
30302456
30421516
30350372
30167060
30375340
30386520
30227064
30417492
30341520
30284096
30355780
30357336
30273080
30357132
30414940
30268936
30400188
30382212
30331212
30381872
30354096
30258536
30374900
30328712
30243532
31750520
30482008
30215312
30307208
30343116
30226988
30333832
30380316
30257932
30357856
30313384
30297912
30342788
30356080
30322420
30367952
30376596
30268312
30371204
30383932
30277620
30369060
30373492
30304416
30337328
30350552
30268520
30463380
30387584
30345596
30343880
30350200
30288208
31240460
31086676
30265492
30381716
30373080
30269740
30347520
30372440
30259712
30364840
30341496
30313356
30366892
30350760
30295496
30321856
30374284
30369012
30308028
30369080
30292688
30351920
30374028
30316516
30355428
30369912
30313544
30351456
30333252
30353296
30328184
30654884
30283524
30374484
30339552
30426780
30307524
30418684
30348332
30343852
30356968
30354264
30343544
30470036
30290144
30377700
30296404
30398460
30431292
30353228
30361516
30331612
30434340
30348140
30408068
30397384
30409216
30366556
30336108
30336648
30364400
30355172
30392972
30342116
30403892
30351188
30413912
30346780
30430564
30306308
30351868
30327740
30378952
30338740
30364280
30341988
30508272
30326956
30383224
30356184
30388476
30363980
30383500
30645308
31131428
30359492
30359688
30313980
30358344
30353584
30300100
30350060
30387416
30342748
30340840
30400444
30326860
30393308
30416084
30300848
30349032
30390248
30356240
30403268
30339368
30376024
30383736
30346576
30395516
30362508
30799464
30401764
30350588
30325216
30325296
30336492
30354156
30339264
30363584
30335252
30322616
30356396
30323048
30316480
30379916
30328392
30312868
30332172
30351388
30380580
30362576
30324464
30353912
30396832
30383368
30360816
30341876
30349684
30367156
30464112
31626596
30360508
30302972
30346796
30307920
30359176
30340060
30289708
30341856
30326572
30341568
30328580
30354520
30371608
30339620
30388396
30337956
30357056
30331844
30346780
30328052
30301240
30346208
30301112
30357148
30341160
30364860
30336312
30327912
30334588
30407272
31867252
30360432
30382028
30366392
30375552
30337604
30363716
30315004
30353192
30374960
30364640
30349668
30360180
30351272
30372988
30370704
30348084
30369056
30358800
30331052
30340884
30362900
30380852
30343972
30358024
30355636
30547488
30330008
30388916
30332464
30415656
30344568
30335640
30629980
30711844
30315488
30334876
30353860
30360300
30453252
30348096
30312640
30369916
30436572
30367640
30361576
30422912
30400808
30357644
30380664
30341944
30372192
30379308
30369408
30394420
30378632
30327972
30333936
30410160
30367444
30353616
30413116
30299488
31341196
30368296
30324384
30348084
30329420
30322480
30361932
30341960
30319484
30310736
30325900
30261936
30297024
30370916
30347512
30269708
30329040
30334640
30320676
30313540
30339616
30128140
30344428
30271024
30337492
30329952
30530148
30096448
30383196
30330560
30302492
30341108
30430708
30562744
30322800
30317988
30303244
30327972
30332192
30287672
30350372
30321224
30277668
30358008
30344692
30278432
30311948
30358196
30377204
30299156
30319340
30273348
30320016
30323552
30298900
30303260
30319720
30416740
30358452
30321792
30265732
30334628
31729252
30359784
30300872
30345740
30263672
30336672
30316972
30281816
30327268
30288288
30229548
30336224
30351644
30113304
30347488
30334072
30215056
30332780
30276324
30237360
30331128
30339084
30246368
30323884
30346016
30191068
30324608
30334732
30284744
30361428
30336284
30253068
30300992
30363408
31643332
30340704
30307376
30253372
30376080
30342728
30206408
30325768
30319640
30266568
30354328
30321164
30219540
30340508
30373820
30247176
30333228
30339344
30251928
30300796
30347508
30245040
30315112
30355108
30241404
30337112
30335588
30267232
30328648
30345760
30275808
30339524
30371052
30313148
30335612
30355328
30265444
30336136
30321704
30296560
30333684
30339344
30305792
30328728
30370700
30302492
30352592
30279628
30326440
30349748
30345408
31195192
30306732
30331444
30343552
30336108
30330616
30353908
30306324
30340596
30312720
30357780
30356360
30359744
30329496
30377508
30398676
30353760
30320956
30364016
30341288
30339368
30349456
30373600
30343812
30363940
30411140
30379340
30358304
31639800
30344596
30335336
30333740
30323752
30367704
30357476
30327228
30329204
30354056
30346608
30328944
30349996
30319912
30330400
30338072
30369760
30360716
30345752
30377744
30309472
30343340
30341432
30361996
30353940
30397148
30323864
30340160
30329884
30405216
30306372
30332256
30353968
30347720
30302644
30302344
31017332
30337372
30330744
30380448
30361392
30334764
30352476
30352248
30331384
30368340
30329696
30339148
30350708
30338636
30408968
30305688
30358084
30327336
30334016
30346600
30314128
30356884
30365088
30297924
30324924
31322108
30814956
30340740
30346704
30334412
30368548
30334244
30342260
30325880
30339044
30360444
30340072
30342116
30345572
30319100
30367696
30325708
30341348
30367280
30310548
30322260
30344592
30331140
30351196
30319280
30326156
30342100
30350312
30366284
30358200
30346708
30300220
30375120
30314784
30378784
30380912
30279956
30338796
30848584
30345704
30331664
30305180
30316312
30340640
30329140
30330176
30366000
30338012
30360928
30364608
30339100
30310272
30355860
30333892
30338076
30330860
30336980
30376448
30370744
30344544
30331248
30367476
30323724
30477948
30623132
30325220
30350468
30342732
30331512
30323940
30298508
30378336
30341472
30357168
30352896
30428868
30328208
30356092
30415284
30297500
30360184
30377736
30331872
30340592
30414068
30288368
30332304
30326936
30349316
30370940
30332692
30325216
30340296
30473072
30284120
30339752
30359448
30394020
30338628
30404028
37856288
30315188
30341332
30333432
30287152
30333496
30368604
30321424
30358488
30360156
30385608
30311984
30339264
30324740
30407712
30377428
30397576
30346348
30382556
30360552
30427616
30289676
30310764
30318300
30358000
30885352
30369920
30374608
30299732
30310792
30355184
30348656
30369248
30304376
30305064
30314000
30348196
30355604
30339048
30312308
30370464
30334452
30351044
30346332
30342524
30318864
30340608
30360636
30345008
30409748
30334004
30391112
30337580
30357996
30333852
30365904
30354616
30341412
30440252
30343148
30366288
30312568
30345004
30338340
30714996
30345532
30349428
30353468
30344804
30316104
30347932
30325720
30340828
30345052
30355944
30314492
30326640
30326428
30337464
30424040
30336872
30337984
30364776
30309036
30326684
30341824
30346304
30350884
30327812
30362872
30355332
30335712
30310448
30300224
30083140
30323396
30332544
30322300
30311728
30339680
30305100
30346740
30316420
30304716
30326204
30349528
30303636
30346812
30348856
30363292
33634352
31066788
30337736
30362972
30332212
30307680
30323248
30323100
30359504
30351764
30378240
30335388
30340364
30332548
30322656
30592164
30290732
30360068
30323300
30360248
30134436
31096068
30550496
30352760
30324832
30325280
30367028
30316432
30328576
30332244
30328348
30339168
30337600
30325056
30329364
30361484
30316928
30343004
30293552
30332092
30338456
30310864
30340792
30356748
30358568
30324232
30323992
30330880
30363392
30390312
30324052
30307332
30379236
30304240
30344216
30360260
30336772
30297664
30637080
30334304
30300968
30295556
30340220
30361132
30330344
32763984
30305872
30397268
30351900
30369524
30347408
30345800
30394648
30345024
30406840
30326916
30412880
30506404
30353792
30342348
30429260
30295972
30429240
31538980
30580736
30318944
30393112
30337316
30386988
30324740
30405872
30337412
30413752
30351792
30390400
30349524
30452424
30343744
30375560
30352908
30364548
30356056
30313684
30359124
30370900
30421452
30354704
30316596
30317172
30330160
30334156
30313624
30318780
30288804
30299080
30327244
30355092
30389224
30341584
30310112
30343748
30287528
30396000
30285036
30334892
31079076
30501544
30368148
30350108
30324852
30358060
30352216
30329064
30335060
30381332
30353064
30354752
30349360
30337040
30359492
30538756
30330812
30364928
30330912
30354192
30313780
30605592
31507340
30332348
30329676
30299948
30421092
30369024
30113364
30336544
30322448
30245996
30299856
30311960
30226092
30337648
30267748
30297280
30312936
30323596
30204436
30370708
30305772
30243096
30339352
30344708
30263792
30357176
30344848
30213120
30372772
30295804
30244772
30321884
30364780
30264976
30420032
30356828
30263828
30336020
30877852
 
30226424
30403884
30342624
30391488
30337680
30362340
31614768
30353692
30298228
30239916
30347720
30335052
30219140
30351572
30292620
30255648
30355348
30313692
30238748
30362472
30328224
30246924
30618224
31127700
30284304
30325616
30368016
30287104
30313144
30332224
30220700
30356652
30346404
30264752
30359632
30302508
30308552
30333680
30334908
30284592
30340108
30369592
30279060
30305372
30304016
30350280
30364048
30337236
30318660
30338156
30279956
30328168
30305156
30354316
30343920
30411008
30344652
30320540
30359988
30351444
30344452
30355684
30336628
30357068
30336960
30325256
30352548
30373388
30330568
30664260
31053532
30331576
30310040
30345584
30309136
30328080
30358016
30342784
30507340
30342200
30329736
30339988
30321552
30357904
30358956
30300624
30308000
30338608
30326456
30333100
30337180
30345448
30334436
30343252
30340444
30376908
30351140
30348644
30342392
30311384
30288792
30327988
30325844
30330356
30326968
30347244
30333916
30286820
30299880
30324284
30278800
30349704
30522392
30342448
30335732
30325412
30380576
30352756
30387892
39235844
30397896
30339876
30347636
30312336
30371304
30365300
30362776
30546960
30331368
30339372
30350060
30368736
30400308
30325780
31130000
30735640
30347332
30374752
30339960
30319236
30389120
30327828
30347020
30422440
30356332
30345972
30365992
30342052
30371476
30391904
30351624
30320204
30361064
30357104
30365816
30386368
30324744
30400212
30357924
30364608
30298404
30393824
30314516
30349264
30421316
30365164
30357720
30375504
30325672
30349144
30386192
30312808
30338984
30366464
30351284
30335996
30397820
30232272
30389324
30379500
30404216
30362468
31200204
30580216
30457024
30357756
30378272
30472524
30373732
30447252
30350152
30420792
30343616
30382712
30377928
30321960
31989040
30315472
30336620
30373336
30338252
30369560
30328520
30370184
30321268
30370228
30350256
30330236
30372812
30389320
30331780
30375824
30427392
30323440
30378224
30364028
30336232
30388476
30431844
30391888
30335764
30465300
30348972
30374148
30411296
30403424
30332712
30403892
30317284
30436352
30405240
30389236
30320504
30435628
30372600
30401540
30370308
30403172
30102252
30476464
30328332
30334004
30381152
30332504
30390396
30407392
30391060
32033444
30365032
30344484
30263836
30276472
30331340
30292860
30331636
30316820
30330840
31841764
30339896
30325988
30325708
30358864
30320396
30323116
30307376
30159296
30418548
30349080
30279152
30415072
30369388
30228904
30385448
30299092
30256412
30383856
30314816
30260636
30369952
30313592
30253644
30374960
30292500
30257664
30360104
30300232
30258984
30365616
30323740
30267324
30352308
30315708
30255384
30288160
30267716
30203720
30323520
30362784
30261580
30338612
30329044
31470816
30316848
30334436
30207728
30332488
30388324
30250180
30353656
30337420
30203016
30336896
30945148
30551260
30329860
30297608
30207972
30327532
30339688
30255368
30300792
30308096
30234144
30317688
30322892
30254036
30300060
30354472
30253264
30252760
30310688
30227040
30301444
30340376
30250392
30335248
30356420
30288188
30351264
30295732
30244688
30357652
30317668
30250396
30322016
30319572
30233012
30309480
30336104
30300992
30325016
30349588
30286400
30384224
30337884
30313972
30341572
30377948
30797700
30368708
30384288
30321096
30411204
30357728
30515736
30323152
30350720
30204072
30330880
30330152
30199212
30357472
30376504
30230324
30440984
30338464
30334704
30349048
30349036
30232656
30403508
30315940
30276384
30329440
30381060
30238576
30398776
30341856
30314188
30284916
30370420
30222560
30340860
30327320
30264680
30339636
30300620
30272120
30333244
30317648
30241900
30358284
30351580
30264212
30349732
30318808
30265856
30292320
30381216
30289252
30364312
30341444
30286940
30340720
30287300
30272424
30343008
30379692
30329808
30335276
30303380
30266404
30337036
30252624
30332796
30306312
30251124
31513492
30723308
30291940
30360016
30340080
30319104
30283900
30286012
30229480
30314160
30252600
30317844
30294268
30341692
30293284
30335716
30307732
30290900
30323860
30334732
30301108
30335780
30369604
30279984
30299320
30340172
30297480
30308792
30355128
30246376
30294140
30371480
30273856
30375156
30292528
30374640
30322784
30433948
30377512
30325672
30319988
30393464
30296588
30405460
30361904
30387880
30305868
30634364
30322644
30407548
30418392
30361976
30333836
30681940
31916568
30344408
30349688
30417768
30339924
30386156
30332804
30317392
30396004
31196616
30518068
30308940
30294740
30303044
30340172
30375536
30341752
30324520
30314600
30329732
30380080
30365204
30359612
30356116
30307192
30322160
30361552
30339600
30345700
30393560
30383908
30352796
30380660
30391324
30324512
30400112
30361152
30353044
30389420
30291692
30366072
30340104
30327072
30382024
30348212
30317028
30347348
30369564
30323884
30329392
30388368
30343388
30343844
30399288
30349716
30387180
30365336
30340824
30353536
30317908
30342368
30371792
30785928
30713132
30344352
30414036
30349816
30385956
30357240
30345960
30318780
31877820
30677468
30473448
30401592
30362544
30345928
30373800
30324572
30348020
30394488
30325564
30377788
30381280
30370484
30358572
30374728
30326064
30394896
30379504
30352060
30316940
30346864
30356556
30383252
30357336
30340032
30291636
30385200
30377956
30319408
30366796
30356888
30336100
30388060
30327316
30350456
30390684
30318560
30308736
30432872
30384204
30189512
30360568
30400100
30327260
30371900
30363444
30343208
30553864
30414416
30277596
30359784
30387484
30350920
30339772
31818980
30377736
30332148
30330536
30346336
30327936
30360880
30381952
30689988
30312180
30426360
30245544
30400904
30274380
30358360
30336452
30347060
30326272
30394540
30318728
30403212
30350720
30360180
30346012
30429828
30321984
30366724
30368688
30319448
30332480
30358628
30402540
30408448
30405988
30280700
30368728
30360220
30327892
30368816
30400284
30358676
30371852
30432900
30329696
30414676
30338120
30400624
30340456
30345668
30381016
30347720
30429188
30318980
30565012
30364632
30276240
30372772
30363520
30325380
30356672
31382748
30457516
30337640
30365168
30409528
30390692
30429760
30336324
30394708
30347360
30392848
30355724
30410124
30343140
30399916
30376724
30407332
30366920
30424780
30336600
30400384
30336460
30350484
30356460
30436732
30367536
30333920
30369212
30375628
30329872
30472712
30324600
30384872
30373372
30406880
30328392
30412800
30382648
30371840
30380036
30419872
30339640
30410028
30346100
30410200
30389688
30586476
30395512
30360264
30407032
30303868
30429640
30329272
31508292
30468540
30400860
30374744
30396184
30322600
30392696
30389644
32112124
30328480
30370252
30369220
30365284
30347072
30344576
30319164
30362476
30356968
30339852
30369144
30377400
30330160
30387384
30360988
30143524
30371528
30328052
30203232
30389224
30286120
30264352
30406980
30329792
30215160
30350404
30375528
30225772
30361300
30331592
30247012
30367720
30359780
30245460
30382924
30322540
30249636
30321548
30358016
30263716
30359148
30329648
30242376
30351648
30367976
30259948
30335380
30329276
30500536
30357016
30302816
30215804
30339008
30600332
33834412
30382272
30299720
30253996
30345704
30332932
30190452
30305632
30343736
30247592
30333516
30323424
30267288
30350024
30295356
30289820
30302964
30329436
30263728
30327320
30313432
30269360
30331928
30315488
30270028
30351884
30337192
30302248
30276844
30298880
30291276
30312828
30294972
30329304
30357492
30326512
30340404
30319248
30336112
30305252
30335660
30311140
30347096
30332192
30331400
30296336
30340116
30307148
30319516
30345300
30287608
30441816
30358428
30381684
30325476
30376400
30345876
30319892
30327300
30363876
30349336
30346088
30783708
31512132
30312684
30276688
30336684
30323256
30288504
30325964
30318804
30341948
30334060
30309404
30318940
30343292
30339128
30314228
30319496
30341620
30296728
30297956
30359696
30288232
30356660
30278460
30335220
30294552
30386980
30313056
30336620
30342628
30305060
30377400
30329740
30423820
30335676
30380768
30339040
30347656
30314432
30362840
30302764
30357708
30333788
30401960
30326212
30379532
30335392
30443440
30312240
30349644
30353768
30436524
30294032
30407172
30317860
30394916
30337680
30385416
30321524
30637216
30272204
30332556
30314144
30401176
31109568
30320932
30346448
30333036
30354896
30311156
30400464
30333744
30381272
30296900
30403304
30313924
30366968
30324592
30340732
30407328
30303868
30393732
30340248
30371716
30346432
30404656
30329356
30433184
30386140
30369300
30374856
30332904
30405028
30324476
30393892
30335456
30401412
30365596
30392400
30347256
30338916
30369856
30390284
30361436
30392100
30336512
30395044
30374744
30405216
30348436
30426944
30333244
30381900
30350352
30384332
30326364
30405180
30366092
30349812
30305216
30576288
30391800
30401616
30325088
30348320
30344316
30329196
30403056
30308196
30332000
30344312
30413276
30304956
30403572
30314868
30374956
30316496
30344460
30341236
30393280
30401736
30355508
30343936
30325712
30331344
30325832
30323184
30337496
30323288
30408480
30342072
30341024
30314548
30349596
30324944
 
30351760
30329300
30351268
30280180
30309544
30318224
30341820
30348576
30337348
30285388
30286128
30349932
30287320
30323780
30289832
30276996
30333320
30694524
30279396
30302936
30375036
30119716
30409460
30332248
31729076
30449604
30313348
30215736
30324776
30330704
30216452
30315348
30303904
30220980
30290264
30278036
30263980
30402088
30302348
30208308
30327964
30324476
30264168
30331492
30321160
30254000
30338564
30413556
30262692
30364952
30307760
30234600
30361792
30383824
30265332
30402308
30324636
30297964
30339824
30389576
30260420
30394576
30298948
30296336
30321312
30339328
30282132
30385808
30316108
30322548
30327152
30380752
30332336
30389276
30338228
30323064
30342948
30309208
30287580
30343416
30318916
30269376
30291396
30306348
30355496
30365128
31603632
30437556
30353772
30304184
30326600
30339540
30342220
30334356
30314068
30351944
30310564
30324100
30240892
30312632
30317344
30292180
30299832
30377712
30273576
30311676
30338960
30276636
30244812
30360484
30303216
30361984
30332492
30312280
30324856
30314116
30325688
30339036
30323676
30309012
30330612
30319356
30312152
30332740
30270712
30295376
30285016
30325916
30294476
30326772
30331680
30342132
30326864
30312620
30306996
30337312
30305828
30319720
30364256
30329568
30331240
30322960
30371412
30336172
30332536
30335868
30293452
30299804
30329456
31544412
30647276
30357288
30335632
30311932
30318356
30325460
30298148
30318876
30312420
30297928
30367400
30306064
30323188
30336996
30322476
30335752
30336612
30405116
30344376
30321180
30373176
30329604
30326448
30374172
30366440
30351584
30338684
30357912
30321820
30350392
30351960
30339304
30353532
30341540
30389092
30348364
30338372
30337908
30351716
30317908
30310776
30359628
30337972
30364048
30360248
30356648
30327320
30383796
30349584
30345180
30411384
30334476
30336172
30306024
30280724
30643772
30275884
30348772
30354300
30358488
30330276
30620632
31074400
30325840
30314136
30297824
30313560
30363440
30259260
30330400
30359712
30263916
30348720
30380568
30278688
30359564
30359764
30306544
30355608
30354300
30251020
30300156
30376184
30249628
30319364
30304544
30263388
30344536
30320948
30337528
30318648
30347048
30373436
30298876
30292796
30309108
30315876
30360460
30259560
30385948
30340972
30336488
30358248
30356284
30309780
30400648
30319724
30376344
30339164
30336312
30344616
30320924
30332456
30320048
30377092
30313780
30365780
30322412
30356872
30410900
30298016
30381360
30298380
30406664
30309328
30415036
30343664
30383496
30358440
30360228
30182632
30441580
30341904
30258112
30371684
30344600
30287920
30407752
30343324
30260940
30370092
30353180
30299812
30385824
30369272
30263732
30402408
30346644
30272060
30332872
30260060
30305916
30410448
30352984
30259160
30345520
30379212
30228744
30340896
30289808
30233616
30339720
30328268
30268048
30362304
30368244
30266512
30347220
30331492
30296784
30305468
30349732
30208144
31547904
30481608
30294392
30385712
30333520
30271600
30377548
30329580
30376268
30362464
30332244
30224484
30312100
30370556
30264480
31438196
30537784
30230176
30324276
30333388
30254132
30343380
30311276
30266820
30339936
30377752
30294840
30363380
30254168
30290680
30333612
30248036
30300568
30337024
30291308
30298652
30299916
30249108
30270952
30305908
30283436
30286160
30409600
30306524
30317104
30260548
30270048
30296572
30338380
30276976
30343040
30330052
30309816
30330440
30379676
30361968
30364348
30344536
30305812
30344544
30365200
30302732
30422316
30332548
30330180
30169036
30330188
30321384
30259408
30368496
30319684
30347736
30391044
30337740
30213384
30335860
30332964
30246732
31633724
30900700
30238820
30325280
30344520
30257344
30296948
30326108
30325484
30337864
30370456
30252404
30382772
30322256
30321484
30361524
30313776
30310848
30363260
30373936
30262084
30365228
30303872
30366416
30343624
30293728
30325444
30309760
30347256
30299168
30353336
30264700
30318596
30364748
30360888
30321452
30407536
30246608
30396924
30363612
30320608
30339076
30339816
30256696
30341268
30334544
30280268
31312004
30522808
30280504
30321740
30340628
30282740
30361904
30293652
30294264
30297252
30329316
30495136
30330596
30304244
30320080
30358068
30317304
30317268
32344512
30348172
30287724
30334924
30341584
30285912
30301124
30331304
30265864
30341588
30346596
30326160
30340912
30324516
30306484
30365488
30324824
30338720
30344832
30350560
30348860
30351848
30321144
30366152
30304448
30332028
30379156
30402216
30302276
30364452
30364924
30309432
30334648
30318992
30305524
30298716
30312200
30331956
30344804
30306884
30362188
30288384
30345208
30225084
30284100
36146542
30382668
30359024
30327676
30386596
30287352
30391992
30328412
30307056
30324808
30390064
30301820
30391240
30476060
30339396
30331292
30360556
30311680
30337188
30307584
31115612
30416528
30403336
30268884
30422072
30347228
30371452
30342912
30397104
30332064
30423492
30358988
30354792
30366720
30358572
30313872
30379052
30366152
30407780
30337564
30380868
30317716
30406472
30341452
30385124
30340416
30441256
30324800
30428988
30319940
30317932
30349988
30396700
30311872
30348328
30357544
30322984
30561380
30382012
30321576
30320168
30355956
30286528
30394496
30410800
30294808
30351656
30348344
30320092
30371912
30304804
30299984
31360292
30755504
30333716
30322248
30356820
30244800
30304360
30368308
30284280
30327252
30334348
30268368
30322244
30325620
30308400
30344480
30335312
30272660
30333392
30325964
30293688
30345744
30311824
30316656
30296616
30290048
30223608
30352520
30281768
30226036
30296948
30068740
30356864
30291232
30299176
30315460
30247388
30307180
30277400
30331660
30251300
30294536
30362608
30066128
31393392
30395900
30291668
30345476
30337144
30277696
30317992
30308172
30309316
30302900
30355660
30102776
30406664
30305984
30251408
30460960
30388304
30342912
30369284
30403232
30233848
30388356
31299636
30513632
30349552
30344756
30250820
30406160
30367664
30318120
30346860
30362608
30253612
30391008
30361320
30288332
30366568
30378188
30229972
30379568
30362584
30273528
30373340
30345656
30256344
30301388
30367432
30276056
30409176
30330628
30347016
30344760
30330704
30320868
30406852
30293696
30394460
30309152
30319516
30299376
30331284
30268368
32097200
30362860
30291464
30333928
30315928
30297312
30329508
30346600
30244720
30312968
30323576
30309260
30307196
30321024
30323580
30327184
30381432
30297824
30326904
30368768
30288332
30336964
30369180
30448348
30813428
30328408
30257116
30324668
30362228
30289536
30346020
30332508
30250984
30337816
30315984
30288452
30334764
30319376
30241936
30278200
30353932
30279852
30333628
30328204
30297548
30336592
30367724
30271564
30329860
30295964
30287100
30317268
30302232
30311560
30319280
30323740
30302528
30261184
30334220
30285544
30331248
30307076
30330708
30956572
30480568
30250816
30356304
30347352
30364600
30319676
30333948
30370280
30375548
30378996
30293340
30384188
30372428
30327880
30362228
30377960
30288840
30338696
30350340
30315468
30323192
31995112
30587196
30360532
30354244
30265384
30341456
30307084
30262592
30340092
30287448
30258156
30334104
30291160
30286792
30329016
30321964
30245620
30362144
30336880
30249596
30290328
30438920
30280696
30337700
30313228
30304948
30446880
30382824
30399996
30321340
30361212
30267368
30363892
30390644
30327608
30341484
30429052
30268216
30335100
30331300
31850520
30668064
30335720
30239224
30292488
30340180
30259644
30276216
30390004
30292952
30301956
30333080
30324052
30332864
30443348
30305980
30335176
30310440
30386164
30336812
30393732
30262376
30383800
30323904
30311324
31298240
30309856
30254616
30346060
30326612
30272164
30363752
30294444
30286552
30335260
30414808
30292052
30347328
30397016
30333060
30355756
30398484
30274640
30431612
30344440
30330492
30361720
30382976
30283256
30366100
30352756
30367300
30356852
30391352
30284728
30417348
30343820
30301468
30345708
30149488
30330532
30388848
30206288
30415216
30453172
30215200
30332716
30359452
30234308
30391696
30344160
30274572
30346760
30347616
30220388
31716972
30334664
30234420
30372928
30347092
30210972
30327936
30356236
30263256
30320608
30313848
30247900
30300700
30345984
30276744
30357336
30321812
30239372
30396048
30311312
30244628
30367096
30317040
30249292
30372416
30383736
30314960
30402128
30430540
30221632
30393740
30312692
30283844
30363420
30393628
31666304
30406840
30376884
30307312
30324748
30421168
30433548
30396756
30320272
30305068
30360260
30292860
30215008
30500924
30322052
30341468
30350948
30391600
30207212
30226724
30296856
30118932
30325268
30327016
30365600
30339444
30407060
30241916
31371912
30745552
30195172
30439544
30369800
30199956
30377592
30383912
30352876
30447532
30337624
30306332
30318744
30352532
30215460
30395792
30335768
30312720
30258988
30482108
30195872
30423856
30333516
30189304
30264716
30330312
30161620
30234244
30504368
30164556
30228268
30316792
30175936
30209828
30304752
30418392
30232032
30290588
30156344
30337904
30310120
30367660
30254248
30321232
30236276
30242472
30316868
30217072
 
30252748
30325080
30184288
30315004
30306968
30260688
30330056
30318700
30302184
30334948
30284392
30288456
30357992
30272928
30272648
30358584
31350740
30299992
30339972
30297768
30338244
30359676
30288080
30318184
30327964
30297656
30315652
30373788
30285456
30340336
30342772
30292940
30302872
30326628
30285732
30326364
30321700
30291736
30312880
30330324
30273316
30280300
30319252
30335952
30310348
30344672
30301112
30336772
31605356
30347972
30332132
30335224
30262884
30311508
30329772
30296140
30341560
30339564
30251632
30321936
30343200
30283944
30288948
30345636
30277184
30331292
30347928
30263592
30332204
30304212
30280824
30264624
30334980
30253928
30326516
30324896
30256352
30312404
30433644
30260412
30353832
30342116
30244496
30328256
30333856
30244724
30303172
30369032
30246900
30326716
30350076
30275676
30332868
30334628
30280852
30321012
30366032
30236244
30344124
30349828
30216228
30334816
30338736
30300912
30334380
30333756
30237940
30283168
30334696
30256896
30333664
31465080
30417948
30323532
30282376
30260980
30374008
30351840
30264608
30342884
30332756
30243824
30300352
30283756
30241532
30336928
30328104
30253184
30282292
30337284
30301228
30380504
30317896
30334648
30315100
30396472
30291360
30313904
30327244
30155724
30358996
30461696
30370132
30296280
30342004
30319056
30321092
30348856
30215808
30319072
30314612
30294376
30319300
30401648
30258528
30372860
30323512
30274440
30298236
30331652
30298876
30345556
30369216
30286308
30320004
30393564
30309876
30338728
30338172
30239084
30314232
30347348
30248432
30318228
30360756
30253484
30350712
30352864
30269304
30324440
30352412
30208260
30295696
30315216
30251684
30360744
30327092
30276212
30307456
30314656
30269164
30338964
30313580
30816588
30288336
30292072
30256248
30313688
30340764
30250376
30392676
30343836
30316208
30324676
30398588
30254732
30415208
30299296
30310160
30358052
30399272
30243480
31203532
31411652
31344724
31197292
30472600
30520020
30625412
30289280
30752848
30197464
31200552
31689336
31659664
31669728
31636820
31028648
30316024
30329068
30693212
30306448
30317836
30437724
30240276
30337280
30378612
30392972
30317472
30360272
30429632
30405516
30417992
30316572
30324216
30292640
30257344
30299560
30459716
30248896
30762908
30783624
30508700
30551664
30681232
30414648
31868032
31632144
30250712
30356860
30341052
30278600
30349028
30399452
30258768
30313296
30341536
30201284
30347392
30347772
30303756
30934416
30937964
30440960
30372016
30542500
30259644
30399500
30323044
30260932
30330680
30344780
30320600
30384844
30350920
31028036
31120476
30313556
30275784
30350948
30385532
30225148
30365072
31062028
30769800
30637508
30403884
30840160
30517244
30363824
30188484
30247108
30325560
30193696
30277008
30324328
30281708
30330852
30379512
30225328
30291532
30293308
30238852
30602756
30273448
30257724
30332000
30333552
31018000
30333236
30762132
31093896
30416936
30315268
30234964
30321480
30328584
30283148
30356456
30333664
30248552
30329440
30297772
30247984
30356360
30258472
30227108
30392692
30305656
30287768
30280928
30428824
30245996
30282344
30311192
30207864
30296828
31100736
30960936
30290752
30388440
30328124
30344112
30349716
30319200
30354576
30342128
30233460
30292640
30362948
30259316
30346712
30339504
30229744
30327940
30342928
30257604
30326340
30335164
30273764
30315140
30468820
30269116
30325344
30346728
30278056
30301428
30340956
30296280
30317504
30348176
30290224
30266244
30346816
30977220
31971664
30344728
30258892
30271012
30340848
30172456
30228060
30298016
30168868
30235972
30367840
30222700
30273868
30330704
30188164
30280964
30341052
30177488
33805180
31666040
31301504
31790972
31909004
31240140
31452596
30699776
30200448
30253504
30341020
30200400
30270052
30344964
30193500
30232328
30380008
30183392
30252500
30347888
30173508
30224360
30399012
30172020
30275552
30328064
30193124
30245648
30369352
30205288
30249048
30356040
30179372
30246164
30332008
30197352
30260356
30336428
30198192
30221336
30320132
30175420
30254296
30326496
31125356
30274244
30320580
30229224
30317192
30316692
30255776
30323580
30177168
30337940
30313648
30295688
30306684
30299068
30205816
30399196
30353976
30230280
30353404
30288412
30217436
30319776
30322868
30270304
30320224
30316088
30202924
30341604
30315776
30228976
30314120
30344528
30287192
30381412
30310704
30222420
30355528
30330312
30195956
30356556
30229176
30187664
30335516
30336804
30215556
30333676
30305104
30266892
30357168
30347532
30294648
31454784
30359604
30500680
30371088
30354752
30303808
30387756
30353088
30266580
30328744
30344420
30288148
30348140
30251984
30237192
30325380
30369220
30319164
30358212
32480460
30224044
30314680
30324292
30244184
30363984
30295332
30238780
30325792
30278112
30266832
30403140
30358196
30305608
30363272
30325036
30275980
30410168
30328476
30330212
30355560
30384624
30309116
30369872
30310632
30299628
30328500
30351144
30324304
30369576
30306180
30402160
30330100
30453112
30343548
30353068
30297272
30335336
30358832
31057576
30339504
30393060
30272928
30312120
30318660
30289596
30331668
30326332
30262412
30289444
30374372
30536720
30639764
30349932
30267284
30324552
30494904
30333496
31099912
31100188
31061828
30329024
30289576
30313684
30316484
30375960
30283196
30322464
30336044
30275252
30341676
30326616
30297644
30300196
30457592
30305368
30520308
30385884
30346140
30334936
30328760
30316560
30327904
30365272
30278860
30367048
30361916
30271944
30363624
30318176
30299188
30396772
30390680
30311040
30305768
30372744
30285040
30321560
30345020
30214904
30290400
31923432
31815812
30586780
30358524
30225204
30395204
30341280
30316412
30346664
30384296
30252304
30310216
30390688
30399040
30294520
30452888
30214284
30292060
30330880
30269320
30247536
30378240
31785644
31066504
30393280
30300760
30240688
30298496
30352316
30243608
30335596
30322024
30268252
30319752
30328032
30265108
30292600
30288088
30375756
30353908
30371972
30337176
30368772
30456224
30253524
30430940
30483608
30288516
30435440
30381988
30335504
30664008
30346056
30310892
30319240
30325292
30248320
30581428
30350332
30243156
30330544
30650816
31718772
31688296
30301400
30292124
30332336
30287836
30274200
30319372
30258372
30233624
30327236
30294664
30357032
30318040
30230356
30232308
30340404
30349700
30279228
30370512
30286512
30311600
30324548
31500692
31896864
30777868
30240796
30310752
30347224
30350732
30245992
30340308
30281336
30334776
30352732
30294116
30343788
30361660
30345128
30377684
30452456
30546868
30352732
30324776
30303824
30328228
30475384
30309636
30314292
30356936
30269992
30295080
30338080
30329028
30336724
30305532
30276716
30304136
30377444
30278880
30347944
30365588
30297952
31931656
31847580
30295292
30430092
30342872
30432680
30281800
30364492
30352428
30374788
30338792
30291268
30329256
30363020
30345384
30374936
30330668
30300908
30428376
30354212
30366768
30360152
30398196
30343908
30384624
30402504
30334660
30350036
30340160
30278204
30308868
30325388
30291620
30363132
30357128
30300988
30365724
30385620
30297856
30380292
30381272
30321828
31451888
31836796
31470100
30377616
30382468
30374564
30317304
30350420
30314920
30408372
30314196
30286860
30299832
30390632
30318580
30296056
31701172
30291188
30309856
30321764
30344444
30290864
30343240
30293752
30326000
30686852
30772320
30310908
30811432
30755828
30601176
30387588
31267128
30600320
30495132
30400520
30327760
30265716
30274092
30409524
30202612
30292024
30308636
30199536
30374524
30313592
30292424
30318096
30314328
30174440
30267624
31151632
30746776
30300468
30298180
30318256
30232852
30262976
30294524
30249148
30316696
30386920
30255112
30351756
30294116
30285904
30335332
30391028
30293376
30389672
30354652
30909796
30912932
30397528
30463364
30335176
30311792
30311032
30412608
30372608
30322564
30327984
30416052
30282376
30432152
30296356
30370160
30342684
30363020
30340124
30388312
30316600
30401152
30378832
30543444
30244848
31062980
31611432
30387844
30501544
30427200
30829180
31297996
30380496
30488240
30226908
30336236
30342224
30250384
30337352
30344792
30173312
30274376
30441560
30590284
30756772
30395816
30158140
30307804
30387688
30295036
30243924
30417888
30189452
30367776
30386924
30172944
30233336
30298992
30116576
30236944
30317016
30186860
30229844
31464416
31008788
30250388
30305428
30211532
30218048
30344352
30143428
30238088
30303528
30238896
30269684
30346676
30170204
30297788
30319760
30293848
30257800
30320028
30202252
30290796
30127900
30324592
30280176
30331008
30313080
30281080
30317648
30279012
30287524
30358632
30194300
30278420
30384276
30183292
30316436
30370436
30215268
30373464
30376680
30256708
30320040
31084020
30525788
30398248
30362920
30268592
30311268
30409136
30213692
30320020
30379260
30192160
30275340
30389832
30222348
30324044
30359224
30203064
30293724
30397368
30207760
31797928
31614604
30171320
30292736
30346832
30183000
30222316
30312652
30204492
30248400
30285788
30197404
30219920
30299336
30189560
30194236
30313280
30196688
30292708
 
30312332
30186884
30401684
30359348
30140636
30311088
30285324
30265972
30302684
30314056
30275860
30262880
30298028
30199120
30243848
30281252
30239432
30385692
30284984
30259384
30278748
30317964
30221288
30316436
31736128
31661228
30421668
30132384
30302404
30298772
30312984
30264628
30331756
30296320
30259728
30359060
30249228
30217956
30309516
30249828
30231664
30259532
30196764
30194260
30314664
30137176
30310044
30306932
30305876
30282924
30297544
30238412
30261520
30325584
30260716
30224052
30327844
30284620
30219376
30231488
30067016
30238772
30340300
30256988
30324576
30335644
30138564
30291576
30245524
30279224
30310004
30231976
30249484
30348196
30209692
33054188
31739332
30202032
30253996
30308764
30191948
30300536
30355816
30176776
30322684
30306768
30151080
30251932
30303044
30635884
31048700
30912896
30143336
30259768
30283904
30268856
30285040
30376180
30181540
30258772
30379584
30189216
30263476
30359664
30180780
30243348
30342764
30181888
30274892
30312464
30249424
30325848
30381160
30211820
30331332
30347176
30266716
30241608
30297624
30285316
30275640
30409532
30211844
30325404
30331856
30266032
30242516
30475100
30210688
30334624
30339932
30186336
30344016
31179468
30942348
30311328
30392928
30228972
30324888
30319844
30192692
30267936
30316148
30221520
30257160
30375556
30188704
30281288
30339500
30143612
31209880
30948064
30235524
30213176
30403124
30175172
30217992
30351156
30238592
30230596
30400764
30174392
30280840
30366432
30217396
30219260
30438096
30168236
30303408
30313936
30229812
30212900
30361568
30149476
30281216
30351020
30222772
30216224
30327632
30215864
30266808
30307784
30216220
30243064
30133772
30272260
30365340
30306388
30305160
30268240
30333752
30252008
30311640
30289672
30235536
30224968
30157712
30275888
31595940
31259096
30258312
30277816
30278436
30319116
30318108
30363820
30254504
30316688
30079264
30334248
30304092
30332520
30999932
31135556
30283936
30310772
30286048
30258776
30182048
30261792
30246708
30133952
30185084
30115228
30273400
30284792
30275232
30289940
30340172
30224864
30295996
30334784
30341756
30242060
30338728
30255744
30220300
30253208
30093772
30288964
30280068
30325300
30281516
30357548
30275360
30282684
30328852
30218480
30346696
30379952
30220280
30239360
30407092
30227320
30493884
30337844
30300736
30244108
30385796
30256404
30422676
31099840
30825168
30326772
30337152
30225100
30350900
30322480
30273100
30283088
30413616
30225944
30355604
30354044
30323528
31055684
31018632
30238164
30345348
30341244
30308060
30284508
30329776
30221300
30372984
30264064
30318196
30371924
30306556
30317820
30280308
30353100
30276752
30398544
30304548
30352232
30325560
30343452
30313548
30417412
30307640
30369808
30331656
30309696
30316920
30384688
30276992
30369928
30353824
30316124
30325880
30414132
30301540
30378028
30335236
30297324
30298708
30390808
30284984
30347760
30374488
30307664
30288428
30402964
30216116
30992640
31210320
30362256
30274712
30383620
30308612
30318312
30328220
30277004
30304992
30341216
30255292
30281212
30388408
30210308
30348620
30340368
30262144
30268360
30401656
30185180
30301656
30365232
30208016
30201276
30355804
30174896
30296532
30320672
30220380
30226296
30362384
30174432
30305948
30309052
30195844
30244692
30297036
30173956
30242900
30262992
30204472
30244728
30354200
30201476
30292324
30280228
30199112
30231024
30329216
30183500
30256556
30348600
30204380
35998688
31180712
30532324
30276888
30310020
30234680
30262168
30337492
30181284
30271784
30346636
30525060
31012388
30490940
30233348
30273916
30330260
30200652
30264784
30328712
30145140
30266680
30327076
30213176
30246224
30322524
30217288
30231416
30305028
30188012
30248780
30340088
30187680
30241176
30313496
30245512
30255592
30339000
30185648
30244864
30336020
30198416
30227544
30301236
30162352
30279188
30336220
30196380
30243880
30316576
30203740
30255868
30364072
30225748
30236572
30325752
30183188
30441280
30318380
30281056
30285204
30374120
30201408
30265228
31288396
31028544
30210996
30377952
30188196
30254736
30324176
30193120
30218504
30350472
31247760
30545100
30358540
30250096
30312276
30344556
30201180
30261252
30333924
30202076
30223344
30351344
30173732
30262824
30353788
30170572
30257960
30348004
30219784
30260256
30336604
30203628
30384320
30322340
30197112
30251404
30368576
30194740
30243748
30317996
30159588
30277056
30321956
30194396
30251616
30293908
30196968
30238180
30273512
30174244
30288052
30287140
30191508
30254012
30081868
30319760
30282624
30441808
30314136
30297016
30361716
30257564
30364984
30527320
30871632
30499784
30285416
30232488
30260912
30280448
30223296
31323672
31005240
30191128
30311512
30249032
30202428
30285608
30294900
30216720
30322076
30235464
30239960
30308172
30267236
30183536
30302088
30276576
30242032
30309072
30275140
30254796
30200644
30147376
30330036
30360356
30205948
30368376
30323040
30315508
30289612
30418500
30202280
30337372
30333200
30278524
30299168
30329184
30368128
30300564
30251740
30237064
30356540
30319412
30278364
30257984
30375072
30287376
30337888
30337220
30445132
30365020
30388300
30216784
30312260
30329636
30255644
31282732
31678184
30546124
30294244
30288288
30276764
30329776
31064600
31500460
30295712
30349980
30303024
30333928
30295760
30328168
30310692
30300332
30318024
30325920
30246388
30293816
30286692
30252196
30312912
30329476
30280904
30297664
30339864
30268108
30338652
30321968
30285608
30353564
30345152
30302308
30310076
30323628
30258176
30369532
30337520
30246140
30330692
30311188
30210464
30260616
30314980
30224364
30272200
30320316
30215012
30265996
30334016
30221032
30269732
30317972
30190132
30261128
30342048
30230932
30277112
30341816
30949800
30658644
30360412
30237064
30275904
30358240
30142048
30237196
30325528
30180288
30226120
30347856
30195240
30257860
30338128
30175308
30250840
30351352
30177328
30260528
30338504
30219196
30263600
30346920
30125948
30237688
30276708
30181892
30236860
30298404
30187120
30211664
30350316
30234688
30158992
30340412
30146964
30241136
30286584
30177020
30307884
30318412
30218960
30270080
30338440
30182172
30264812
30302256
30189500
30252604
30289740
30214064
30429056
30506352
31782036
31460380
30290260
30149548
30212004
30311848
30157532
30244284
30383136
30194216
30241196
30289156
30223356
30254444
30378788
30195096
30228988
30272432
30207212
30261872
30346392
30197008
30210348
30355848
30186984
30268660
30309460
30178448
30232024
30356152
30184568
30229824
30315700
30211832
30264176
30388460
30155860
30275796
30340308
30156692
30267648
30345176
30215728
30245348
30403364
30165136
30247356
30378392
30176700
30255436
30390232
30191024
30228236
30376316
30181188
30266256
30317296
30170008
30296464
30306488
30472036
30362876
30997412
31032076
30466224
30313820
30192996
30248228
30315544
30231856
30251196
30330716
30149308
30239284
30340340
30195916
30294052
30062816
30333384
30322468
30323812
30271948
30361048
30249300
30359968
30330504
30347952
30251300
30388528
30271856
30327244
30312496
30343844
30285236
30352964
30256728
30356856
30350908
30287460
30291824
30381812
30266604
30409328
30302268
30308612
30304056
30363180
30290012
30391016
30283644
30286704
30359844
30359828
30267276
30311220
30366884
30277840
30359608
30358044
30455204
30261284
30330204
30270008
30287060
30312392
30260108
31157620
31122416
30227072
30307804
30357516
30255292
30292248
30293612
30311484
30236652
30298712
30235312
30287124
30215156
30259432
30303752
30256336
30217300
30331436
30278172
30326872
30348028
30323188
30315772
30252700
30308548
30316928
30333024
30336432
30323972
30404608
30264596
30347340
30283484
30273060
30314988
30355036
30272068
30359616
30315664
30342832
30282780
30423600
30233588
30314388
30332664
30226964
30308748
30371804
30288512
30217024
30375352
30198064
30348264
30341908
30389144
30231180
30432404
30173456
30284164
30339240
30193332
30247460
30654660
30965892
30538640
30304324
30176428
30251304
30331060
30188508
30237160
30310576
30171892
30219764
30323000
30131148
30253336
30293452
30219732
30225704
30308472
30166632
30256420
30312708
30188220
30200828
30314756
30132956
30303124
30297816
30180364
30254724
30270856
30215280
30194736
30383000
30233100
30223104
30281068
30163756
30203788
30287424
30208596
30251864
30286452
30202032
30227260
30292644
30213892
30235652
30317480
30226216
30242084
30266608
30221404
30228748
30324852
30212500
30221712
30302204
30284968
30203964
30315676
30202200
30308928
30350836
30160952
30283764
30327424
30224932
30246044
30403756
30149272
30260752
30305004
30216420
30259624
30373096
30169176
30289880
30327788
30224964
30235056
30396016
30175724
30276208
30370512
30241436
30273184
30304152
30201176
30255696
30344876
30180184
30209120
30325336
30172856
30206248
30354800
30190748
30224488
30326284
30179292
30206508
30333316
30192288
30218328
30349096
30297528
30256980
30347044
30228156
30303280
31633152
31579148
30737240
30305972
30227676
30303528
30323524
30258660
30372704
30243824
30226784
30321232
30264564
30278148
30301312
 
30309944
30270256
30371088
30345796
30253692
30263624
30283840
30254764
30293772
30325736
30205240
30265600
30378784
30196036
30272260
30316992
30175496
30232544
30265932
30200776
30258520
30241472
30205680
30326492
30372372
30221652
30228756
30310748
30224304
30263004
30286940
30175376
30274408
30270560
30222696
30280960
30318576
30211812
30229672
30361788
30200016
30255716
30332448
30143008
31196896
31838352
31080276
30286388
30260572
30219708
30230592
30305252
30151556
30242428
30330204
30214376
30214668
30393588
30187500
30273816
30301808
30240452
30215864
30322220
30231548
30242872
30386368
30176036
30253560
30314840
30251140
30215244
30376232
30179068
30234384
30350572
30220344
30227328
30428104
30208656
30324980
30322804
30187348
30308196
30339828
30246620
30201804
30383504
30199020
30272848
30390256
30298800
30240772
30405820
30190600
30293168
30373808
30299552
30283544
30357228
30185948
30236792
30394940
30259356
30227596
30243608
30174552
30240340
30327920
30450088
31670196
31588792
30179016
30259612
30331664
30134368
30255668
30326128
30139644
30289516
30367348
30245916
30288784
30348288
30156304
30199620
30326612
30151624
30204864
30296872
30180940
30239128
30328620
30160804
30257676
30368364
30193772
30274516
30338492
30187064
30246852
30338008
30189220
30223728
30293360
30199328
30220984
30153648
30291284
30318252
30235752
30246064
30292368
30247068
30227836
30258216
30155324
30266452
30329480
30218724
30268228
30300216
30228112
30242352
30344836
30222584
30263696
30316484
30221800
30319264
30363096
31511816
30289148
30298124
30222792
30245796
30340344
30240100
30299912
30332524
30199744
30291316
30334916
30251288
30260280
30324856
30222760
30307652
30333260
30254668
30251992
30351440
30230188
30246592
30318948
30282208
30263052
30334664
30243328
30270396
30290092
30271632
30265012
30350908
30296432
30256636
30309280
30286892
30319712
30326504
30234852
30246792
30334944
30258868
30257052
30295920
30243772
30262196
30266060
30262164
30267044
30302176
30306500
30304988
30287960
30273220
30264752
30344304
30309684
30329396
30293192
30271280
30312864
30271960
30326200
30330836
30259868
30332356
30356204
30285644
30342104
30328096
30217116
30294440
30330528
30267696
30283404
30327352
30245364
30315252
30336448
30235616
30301288
30339784
30234508
30262108
30326944
30184496
30286108
30313152
30195172
30252404
30341636
30172580
30236492
30339916
30214524
30251252
30325448
30158036
30233048
30355336
30179504
30229660
30354872
30199000
30247364
30339664
30216836
30322340
30293596
30183972
30221904
30785816
30198368
30259732
30338156
30167640
30278792
31117844
30913592
30271976
30350256
30175704
30204988
30331468
30159972
30240552
30317032
30151472
30219548
30322320
30164156
30194668
30317492
30210312
30236604
30318028
30174616
30222532
30298820
30185860
30217660
30276100
30212160
30215468
30280056
30206516
30201288
30354224
30134264
30170136
30290780
30218768
30277408
30348544
30200840
30225576
30373004
30227552
30231724
30290616
30226052
30228576
30315372
30192904
30271404
30348628
30224160
30274796
30338072
30198452
30247436
30277056
30135584
31594088
31683164
30374324
30180656
30292544
30190212
30177408
30335244
30630184
31580364
30350020
30197844
30230448
30332048
30216456
30199676
30326816
30196536
30207756
30350928
30182644
30242384
30313008
30189132
30259140
30359516
30159044
30257924
30333924
30175640
30234544
30324876
30181444
30224888
30355508
30149300
30279332
30368112
30189108
30250060
30353540
30167200
30265684
30366560
30184256
30231460
30331536
30195776
30241816
30346388
30167408
30262280
30347992
30148924
30241340
30331532
30203000
30234412
30077704
30292068
30301936
30171140
30243612
31288624
31750532
30830888
30285816
30198632
30249808
30342140
30237572
30218916
30272640
34390336
31568480
30200420
30304936
30155428
30210872
30321772
30187864
30284656
30325568
30177092
30261196
30349548
30143216
30212544
30356244
30147488
30298808
30361248
30164200
30273740
30315252
30168180
30263356
30313756
30162904
30263988
30348668
30194216
30219828
30319396
30140164
30306124
30276560
30268116
30235196
30343640
30165168
30289864
30323852
30228700
30220924
30143912
30312628
30340212
30212532
30265636
30296488
30294764
30260880
30393032
30231276
30358560
31862780
31753212
30264556
30347080
30230608
30261684
30324588
30215676
30302832
30336132
30241048
31145688
31073556
30253460
30265500
30308504
30235204
30218912
30346148
30251896
30266008
30362924
30253108
30232516
30291176
30256120
30253876
30319048
30225924
30263612
30327880
30309616
30254144
30312632
30281336
30299652
30281984
30258488
30253996
30349392
30301196
30273188
30296624
30256572
30331632
30269572
30267452
30301992
30304712
30281900
30311592
30277996
30280836
30249996
30349708
30434268
30258556
30317880
30276856
30254404
30273496
30286148
30258852
30305228
30266564
30287944
30284288
30267364
30294432
30271248
30281088
30292872
30292804
30311172
30348496
30206296
30285000
30275840
30253788
30304680
30327204
30244040
30327840
30339184
30231032
30307656
30339464
30242196
30311428
30348604
30234556
30325972
30376696
30217176
30283088
30320544
30241176
30311104
30344112
30228144
30314060
30336180
30222448
30259552
30316908
30231428
30309608
30309748
30235676
31727648
31776096
31102756
30301216
30314632
30205720
30259332
30347340
30233512
30297628
30343996
30215076
30224808
30314384
30180824
30252248
30335840
30873012
30942896
30593916
30200192
30258948
30309136
30140800
30242888
30305896
30192920
30230368
30302848
30143512
30213744
30285980
30193316
30216768
30274040
30192664
30237360
30273012
30177376
30211580
30264364
30171344
30246272
30303760
30156072
30244732
30290480
30169868
30216588
30351880
30260784
30247476
30287992
30194260
30251248
30309416
30489184
31671172
31303244
30184580
30185032
30337032
30189504
30187744
30313688
30172348
30258916
30290748
30166696
30195980
30293628
30303688
30235572
30303916
30245428
30166212
30367716
30161340
31609388
31577456
30476444
30180488
30373192
30173728
30206148
30378228
30207628
30182168
30384188
30178380
30228120
30409644
30158020
30299444
30374052
30213224
30206404
30433028
30158588
30248040
30396508
30194780
30260644
30348492
30183804
30200400
30353140
30120068
30187012
30346616
30185448
30197300
30359880
30230668
30187724
30344068
30185480
30182944
30332608
30378740
31840368
31557164
30176832
30176664
30371480
30202900
30199916
30325448
30198724
30185760
30333600
30191612
30181992
30315996
30188448
30223660
30287168
30178700
30184972
30310488
30179116
30204248
31420408
30145768
30210900
30320272
30173936
30176464
30323972
30209384
30154048
30331956
30169176
30159768
30316380
30181532
30170240
30299604
30162452
30168384
30082108
30185884
30194428
30192964
30150824
30240176
30276052
30242768
30232596
30249592
30238004
30307720
30178720
30222920
30283448
30203368
30268808
30306384
30231356
30278044
30299988
30251760
30186648
31368996
30985508
30438164
30287652
30267468
30229084
30325948
30310340
30244600
30274032
30234960
30275160
30285652
30202456
30274988
30288616
30307864
30424456
30300944
30292144
30258148
30389772
30267136
31019248
31076580
30361700
30260120
30304568
30296668
30385092
30262760
30319820
30255272
30340340
30301296
30354496
30245248
30323704
30332496
30271668
30346548
30310800
30249196
30293324
30358600
30249292
30271032
30319428
30230492
30303844
30314936
30255364
30319980
30329720
30207828
30240080
30361272
30200520
30275372
30323080
30204032
30254260
30324112
30209428
30252248
30346624
30197496
30292624
30302460
30152308
30237420
30335244
30184292
30243800
30343596
30347676
31608020
31740796
30476460
30217008
30312180
30165392
30221836
30331860
30182668
30224820
30356500
30170408
30237956
30358604
30184024
30216524
30377524
30178552
30230096
30342276
30157812
30212276
30361412
30157348
30202276
30267220
30193272
30208456
30305452
30138812
30228644
30294588
30160296
30199244
30358840
30184240
30253384
30270116
30146600
30213256
30288944
31016392
30843940
30301896
30155644
30215900
30378420
30230236
30222492
30318764
30235224
30267776
30354896
30169588
30227956
30356920
30190752
30197976
30361728
30541460
30220476
30366288
30188544
30295108
30333596
30245188
31054268
31142352
30373924
30281052
30349944
30190440
30318368
30364044
30252456
30230952
30446312
30239800
30352308
30378952
30256484
30220236
30400780
30225000
30288588
30353188
30221600
30284984
30384884
30245316
30219124
30373464
30236364
30217908
30396164
30207996
30292904
30279824
30209024
30295680
30425972
30173112
30239596
31114656
30730844
30258208
30363344
30154936
30205424
30441808
30197200
30254896
30398356
30231960
30229844
30413704
30184484
30245108
30352812
30225944
30199652
30404196
30187860
30264780
30299732
30212672
30222992
30321748
31064764
30855328
30267528
30185484
30200384
30330036
30189116
30165776
30093192
30219808
30262716
30267100
30238908
30250704
30311840
30178388
30236128
30323268
30184308
30190772
30283276
30216744
30251400
30320500
30165224
30220836
30324304
30206972
30226124
30314408
30163792
30253676
30310676
 
30172372
30231904
30272280
30259524
30244732
31192492
30607304
30226356
30353160
30177168
30200320
30328432
30181164
30234192
30348028
30158940
30214240
30275616
30158996
30238812
30304796
30157412
30183292
30326380
30187084
30206516
30319976
30124656
30225856
30259796
30201080
30226860
30374676
30136028
30877048
30901292
30161788
30209336
30353884
30189344
30220652
30253796
30218440
30168532
30358136
30197552
30190156
30331040
30185820
30181044
30385644
30210220
30224460
30304176
30201016
30245352
30333812
30190464
30328108
30310968
30259964
30273720
30406900
30172676
30270968
30346152
30237620
30247556
31911584
31569356
30740564
30308540
30157768
30173144
30275832
30173260
30224056
30285148
30228404
30232820
30379980
30192528
30193776
30313596
30188984
30159504
30357000
30200956
30178308
30337200
30173088
30199092
30411712
30155740
30202780
30362208
30178624
30234504
30343856
31578384
30804216
30328832
30156384
30223156
30358888
30165448
30209284
30329916
30209024
30235408
30350852
30176628
30228176
30321744
30204440
30200280
30341424
30204692
30212536
30392784
30197160
30215096
30281856
30176720
30204324
30349276
30145756
30160152
30285660
30189376
30195760
30346132
30175988
30235348
30341932
30137640
30233880
30296944
30173464
30206040
30343888
30163352
30234380
30085444
30287092
30288900
30276848
30289896
30260344
30083292
30334256
30296792
30223860
30276780
31489680
30213092
30272052
30328940
30242908
30291252
30349500
30223876
30258764
30354332
30174608
30238128
30333044
30246384
30271256
30315448
30220280
30245932
30346804
30221496
30265524
30353872
30265832
30275440
30358284
30227464
30272428
30674764
31690268
31526536
30317784
30222948
30252420
30345896
30228504
30260188
30350192
30226580
30280788
30299036
30204592
30263688
30322728
30225980
30261016
30324272
30251556
30283216
30344296
30252908
30277788
30287892
30298256
30361764
30336624
30243164
30293584
30328220
30255928
30283608
30912676
31071520
30504376
30288452
30284060
30326052
30262652
30336760
30319716
30297168
30314464
30301832
30242424
30310740
30369732
30279888
30337228
30436764
30313400
30304664
30305916
30218604
30233088
30371996
30210228
30350820
30344396
30283764
30273708
30390896
30163608
30326500
31118768
30765792
30256464
30384300
30182824
30292080
30307068
30210800
30306812
30351936
30195244
30261584
30372004
30184988
30240184
30315524
30177592
30234176
30347420
30171072
30240948
30379208
30137936
30237476
30334564
30179268
30260092
30332196
30184008
30247496
30334088
30151276
31558532
31728136
30392396
30299540
30327724
30195496
30260392
30365452
30207536
30280436
30265284
30155448
30213296
30318004
30136756
30252376
30272324
30185196
30224548
30287752
30190428
30189484
30312164
30188924
30253448
30314200
30134260
30231444
30295160
30151596
30192492
31767800
30664480
30234092
30331072
30172640
30254548
30322160
30138708
30272924
30334188
30178424
30182648
30295420
30148164
30138168
30306716
30173080
30230232
30283128
30217676
30190308
30313320
30161072
30212988
30355864
30265064
30186372
30357420
30216396
30198080
30343952
30177200
30849788
31082788
30172176
30202352
30365916
30172916
30334100
30360168
30168472
30250672
30355900
30170088
30227948
30388204
30177640
30260236
30375100
30176328
30231524
30387120
30198288
30260436
30339348
30194688
30306936
30335488
30182272
30234388
30306692
30200220
31141148
30969596
30175216
30232720
30340304
30219808
30239920
30340408
30202844
30280168
30333536
30169776
30258764
30321808
30194792
30279588
30320628
30178532
30272944
30339148
30156844
30241716
30314024
30183788
30256376
30101360
30354460
30587300
30256912
30270488
30277516
30092268
30278592
31135760
30987892
30340756
30274448
30270744
30218760
30328548
30099084
30287240
30257756
30228800
30259980
30273536
30304484
30187540
30298152
30293756
30249612
30308960
30294176
30189616
30231940
30301440
30140488
30201900
30291584
30193708
30189344
30123104
30693104
30210300
30268380
30328380
30196368
30293792
30161412
30281932
30244288
30227388
30223072
30319172
30256732
30278496
30276976
30241008
30230228
30404444
30200084
30266552
30250728
30220072
30201280
30265968
30178044
31813016
30195528
30167716
30201772
30239888
30193328
30166844
30238884
30179100
30226688
30224880
30167720
30194140
30109220
30227320
30260384
30228952
30226744
30279532
30259432
30257952
30310612
30301596
30349612
30249056
30387024
31034880
31111044
30281232
30291396
30339000
30333012
30305108
30303024
30295396
30288292
30381680
30287592
30376516
30239184
30404456
30260248
30324228
30304516
30356852
30274968
30342316
30309120
30314392
30313044
30350844
30212520
30394384
30366568
30264088
30293040
30304196
30153752
30234536
30333040
30229920
30296764
30349392
31542848
31605196
30282320
30212980
30292632
30384412
30212636
30276360
30346752
30295280
30240024
30399440
30185180
30263400
30396552
30200036
30288856
30356540
30265824
30237480
30342024
30203616
30263052
30395900
30205424
31130736
30875392
30183412
30235852
30339664
30210356
30276452
30361812
30198680
30322032
30370864
30194288
30254740
30327408
30196816
30256684
30317388
30130244
30290336
30319732
30269540
30240200
30327300
30180588
30279508
30334084
30222032
30210112
30300200
30269740
30242580
30633464
30191612
30293348
30356944
30245732
30202728
30822928
30962664
30374088
30327484
30180872
30237024
30339652
30242860
30210436
30354472
30184300
30297636
30319692
30153956
30252940
30305752
30272680
30219140
30370132
30236996
30207856
30350280
30264124
30215468
30369256
30535508
31059784
30549892
30165856
30258532
30284876
30148500
30237540
30300872
30154980
30214396
30327232
30188560
30221272
30329452
30164720
30238784
30323812
30142832
30195900
30341616
30173296
30205688
30327688
30191756
30245336
30308508
30203760
30242908
30274712
30182904
30244368
30335000
30201056
30211188
30312252
30172704
30562784
31053804
30440844
30242816
30371884
30173548
30233620
30363220
30146828
30254468
30337688
30176960
30224296
30345092
30166628
30226744
30359212
30188392
30269336
30341316
30205052
30284848
30326596
30161664
30665644
31172596
30424896
30220032
30366356
30172172
30252084
30334444
30182232
30213108
30353632
30226280
30248772
30331384
30180276
30216548
30358496
30195308
30234748
30331652
30182608
30204676
30388884
30175636
30199492
30317600
30213704
30226864
30342828
30152900
30178016
30394836
30192700
30176340
30281412
30148508
30180684
30299260
30924200
31291968
30362388
30161364
30218052
30331224
30190988
30206560
30355564
30185516
30167040
30244808
30193856
30242980
30246076
30197192
30189708
30313476
30199948
30207456
30127124
30311272
30206676
30209156
30365064
30212904
31593808
30366892
30180528
30291492
30334688
30231108
30254744
30394120
30164968
30281060
30331988
30236820
30214016
30400940
30165824
30195996
30297072
30179768
30196840
30318716
30192116
30207400
30314816
30229040
30213688
30349088
30129216
30132660
30297804
30181912
31868880
31921008
30183952
30200240
30320696
30139836
30217104
30353648
30181364
30199328
30293576
30166728
30209332
30316376
30198120
30162772
30368836
30193520
30201412
30361272
30187548
30186812
31651316
31738596
31019184
30346176
30181664
30180012
30338560
30194420
30185448
30357584
30165672
30155996
30330356
30188392
30184376
30289088
30162832
30250008
30337032
30218624
30165416
30342148
30210644
30223096
30358524
30204632
30184812
30341180
30216208
30200744
30349640
30184860
30173396
30411360
30207560
30160944
30304820
30169616
30213496
30343744
31221224
31515416
30354368
30189296
30170980
30257908
30241196
30185448
30359020
30178204
30190800
30300256
30180564
30239460
30406584
30206168
30301876
30410088
30188648
30236616
30416732
30218800
30293732
31245060
31443176
30201228
30364856
30254280
30205796
30326672
30207420
30284748
30367764
30203456
30210688
30135296
30230240
30285240
30251776
30217804
30257996
30249164
30212596
30277024
30212260
30335688
30286940
30282320
30213496
30270044
30254208
30244296
30292064
30241332
30229072
30450192
30278332
30265944
30322640
30208228
30227076
30298712
31259032
30856464
30285696
30268420
30213520
30298512
30210512
30177048
30334980
30242720
30298744
30292600
30219448
30197316
30316704
30272732
30186520
30436104
30323472
30263152
30270144
30297724
30267184
31023072
31157956
30397972
30305400
30276328
30254272
30282600
30240004
30284620
30288476
30264908
30276400
30266664
30311092
30240728
30259208
30258772
30312788
30229940
30259872
30301548
30217836
30278500
30315160
30264580
30302820
30317236
30274292
30275732
30216524
30213624
30314696
30346356
30192840
30333584
30355480
30234380
30263208
30333076
30220324
30281316
31031048
30941976
30362508
30327404
30184008
30296444
30365684
30228388
30284356
30368216
30224556
30227208
30358588
30199236
30259312
30343552
30381140
30334424
30449620
30163700
30363744
30397552
30297688
31048084
30612692
30259900
30331952
30336248
30208312
30330396
30316340
30368016
30303036
30393248
30182360
30338144
30357520
30228392
30281620
30317408
30174576
30201404
30355324
30198736
30256936
30319804
30237764
30417576
30348148
 
30222640
30306528
30376380
30267828
30276556
30378820
30184912
30293804
30334868
30197320
30327500
30342308
30243612
30237300
31215996
31501784
31322048
30285660
30168472
30320236
30534084
31156596
30394464
30569908
30713236
31340676
30830180
30266708
30442548
30697672
30182964
30278596
30266708
30201688
30273464
31586492
30228808
30334208
30210184
30245340
30418084
30212492
30268988
30420192
30223832
30316476
30339436
30217988
30209228
30413756
30237456
30301176
30365752
30344836
30252272
30374852
30253604
30230912
30350404
30156664
30207856
30355940
31711608
31711940
30321768
30197760
30289376
30284032
30221932
30248360
30384520
30207860
30247648
30339520
30235496
30235324
30357184
30201660
30261736
30363520
30230792
30226616
30301776
30797180
31598332
31354564
30192788
30327040
30350012
30210432
30353788
30331400
30218564
30264032
30325952
30231964
30302988
30370660
30231572
30295828
30374576
30254148
30239008
30370328
30196540
30359480
30386344
30224688
30207112
30363968
30247628
30333992
30302304
30156912
30262924
30388396
30158416
30326588
30299792
30322064
30223296
30344044
30155732
30275144
30364796
30150760
31692784
30757840
30184928
30165296
30300720
30194964
30292860
30396816
30166392
30187612
30334748
30204536
30256580
30325840
30363544
30255264
30545884
30193036
30266868
30406796
30329720
30282508
30351284
30230660
30272612
31121868
30256184
30312428
30333764
30228168
30309760
30338580
31401688
33868316
30710812
31458504
30718436
31274296
30364608
30988736
30537612
30730424
30273672
30656992
30153900
30427612
30418220
30285344
30420040
30398464
30182580
30355036
30346804
30253680
30365076
30344392
30268376
30315564
30357248
30291768
30344876
30361332
31379692
30657860
30329096
30192356
30315096
30350180
30381332
30293676
30541060
30130576
30361684
30324256
30171400
30336196
30345980
30215484
30276820
30417120
30191712
30336508
30321748
31459188
30294372
30354352
30216796
32022372
32139632
31847180
30341232
30214880
30310372
30349716
30255208
30245528
30324456
30216972
30313816
30479512
30222812
30334792
30394028
30431308
30516900
30495100
31133284
31129908
30388764
30760132
30459588
30312576
30319580
30422416
30266888
30348204
30372852
30281852
30337068
30421176
30391220
30412000
30387080
30346176
30413244
30493400
30285540
30388028
30763568
31009744
30411340
30431396
30311652
30324836
30372692
30313756
30439548
30381204
30339368
30342500
30502456
30315484
30333568
31968824
31506116
30387920
30386016
30403956
30387884
30419900
30376944
30364136
30387840
30373516
30375356
30405560
30499676
30307392
30384968
30354612
30310080
30410396
30273000
30321200
30303028
30381456
30269308
30332208
30287448
30352356
30333420
30321748
30307320
30330468
30304480
30297956
30348220
30303800
30296780
30526496
30292536
30366772
30373152
30282124
30347388
31271444
30826352
30292032
30307696
30220916
30340216
30340716
30302688
30343292
30341828
30309696
30309740
30957408
30952152
30354304
30328452
30257872
30339812
30340708
30246224
30286984
30341772
30280376
30257852
30321184
30225816
30288124
30344816
30247908
30308296
30341088
30242644
30275664
30342608
30226708
30279648
30379744
30231560
30289960
30384168
30268848
30305104
30347324
30232056
30269668
30348520
30243008
30377628
30364092
30239212
30290944
30294468
30236096
30298212
30340600
30256608
30294316
30324208
31049844
30316556
30334504
30257180
30283788
30318292
30230636
30325632
30365692
30236664
30342420
30925412
30983000
30303204
30341356
30209440
30309744
30321956
30278472
30291920
30333488
30264688
30318652
30399924
30280524
30342296
30341516
30270144
30318464
30283732
30261692
30323684
30293284
30245840
30306236
30365852
30266664
30312600
30359128
30286656
30326012
30299920
30235604
30312808
30308016
30254068
30327820
30389496
30304172
30324160
30441108
30228548
30320320
30396540
30244104
30317464
31906280
31841276
30460580
30323236
30234892
30429432
30327544
30257232
30317992
30372852
30245636
31005080
30695272
30194636
30291500
30374712
30271144
30309368
30347832
30232336
30299988
30362872
30210224
30302392
30399944
30286788
30294944
30327344
30251188
30287112
30383936
30239316
30318348
30348836
30256436
30312080
30315756
30247692
30310216
30339884
30258228
30355256
30152480
30367740
30313480
30152556
30333964
30312452
30242672
30304120
30343388
30224528
30366340
30294044
30255024
30346576
33667164
30209796
30382428
30339548
30269220
30317176
30397360
30248616
30395372
30360056
30309936
30354092
30362324
30293140
30418428
30342512
30318852
30352696
30346044
30253476
30393404
30309604
30321848
30299252
30410892
30208484
30370176
30303340
30310520
30366096
30302356
30313396
30314444
30316764
30265928
30382636
30346892
30336228
30353936
30362064
30316012
30339956
30296272
30320300
30393260
30345796
30321700
30456272
30327848
30344620
30341676
30316716
30340688
30893964
31074868
30372852
30309012
30280400
30301760
30316012
30284776
30850672
31278392
30314472
30354272
30397796
30281144
30315808
30355888
30327752
30353700
30345740
30248516
30398888
30362408
30338256
30325004
30394144
30261140
30341992
30354968
30233300
30289128
30339124
30274288
30323808
30365392
30235732
30320728
30344484
30240988
30320044
30286420
30224644
30308268
30338520
30294844
30325608
30342888
30234772
30310952
30320960
30263736
30291148
30347788
30280236
30602876
30336532
30330820
30310496
30397820
30234560
32860868
31111912
30242924
30297476
30379520
30220728
30669212
31197460
30296512
30288872
30365420
30196012
30277640
30281672
30223812
30324356
30346680
30198584
30272488
30318560
30193096
30255904
30333320
30192440
30256684
30324784
30220480
30256992
30290220
30187620
30252304
30285696
30198244
30252488
30304488
30199960
30262204
30307184
30178532
30246512
30320032
30167412
30259636
30296528
30212884
30294480
30311528
30196888
30262848
30332344
30197168
30262388
30267404
30217176
30241244
30320568
30575476
31750984
31136400
30201308
30267440
30331148
30210300
31014024
30712964
30213892
30220232
30307692
30202116
30237588
30261988
30188016
30218360
30299868
30204544
30219212
30246024
30193196
30231052
30309116
30276672
30403840
30382116
30311752
30337904
30384264
30255280
30336496
30400572
30249812
30376896
30361484
30239136
30268416
30378364
30247076
30310128
30363396
30229860
30365272
30374980
30331608
30327360
30409604
30214752
30360200
30345876
30283856
30362308
30406084
30251184
30315136
30359876
30265908
30314148
31046788
30708276
30272648
30330092
30176124
30281276
30323996
30210464
30283804
30349512
30200444
30298596
30331640
30278916
30289700
30366436
30225604
30359480
30392500
30247892
30287328
30370148
30233964
30325100
30381996
30310640
30316788
30342016
30228536
30275360
30338556
30204544
30290132
30323764
30234612
30283860
30399848
30217708
30317300
30323468
30289036
30303064
30219232
30332828
30334664
30233216
30321660
30283568
30186000
31084680
30323464
30291676
30343908
30337240
30201628
30368608
30324368
30329252
30330048
30375184
30253424
30402904
30329300
30325820
30364156
30383064
30199704
30408532
30299448
30308412
30352016
30329164
30287872
30329792
30323796
30306752
30314796
30411384
30319492
30360752
30301968
30300832
30318008
30311040
30294120
30335924
30292016
30286504
30342528
30349232
30264260
30349560
30294452
30306852
30337776
30263116
30231032
30309760
30312960
30255556
30337276
30552048
30538424
30638536
30287216
30310388
30316004
30321956
30302588
30979880
30929040
30329316
30339288
30269432
30356900
30302508
30564840
31207536
30325744
30221488
30258560
30374384
30242524
30256708
30366552
30232408
30314316
30336456
30247156
30289672
30331960
30226280
30263580
30370932
30221488
30237368
30366020
30183320
30260188
30353420
30216000
30262168
30361984
30214180
30261128
30335208
30226992
30235236
30335884
30285568
30227580
30364996
30200328
30227496
30258532
30204244
30230496
30335140
30177188
30243672
30385372
30110380
30231256
30352368
30176728
30221136
30323780
31009592
30369080
30292316
30207860
30274572
30329512
30195148
30274116
31079008
30764372
30270948
30310536
30240240
30251452
30306244
30294788
30310720
30327476
30244168
30298448
30373168
30217456
30334244
30314360
30246828
30328840
30322900
30253424
30313404
30371956
30226764
30313160
30310448
30269788
30294664
30342756
30252700
30336404
30305332
30270196
30308660
30321540
30244440
30302676
30359780
30211976
30282384
30316004
30243304
30315168
30357224
30323176
30249312
30328400
30233036
30246484
31214780
30726832
30232720
30562756
30162548
30225560
30326200
30182364
30303124
30373504
30936280
30325364
30308184
30188744
30251860
30329564
30208960
30294508
30334584
30243920
30265884
30332656
30211576
30263748
30343080
30176404
30265684
30347776
30189884
30290916
30344072
30209140
30269204
30318700
30180608
30256580
30304024
30205836
30335948
30104508
30310020
30306084
30188448
30237640
30304356
30219064
30268576
30338500
30266272
30257440
30375372
30307572
30245316
30286908
30214304
30266480
30328852
33956384
30277616
30356764
30281848
30324392
30606372
30187432
30351008
30350532
30278284
30597492
31189120
 
30258904
30341540
30276072
30304736
30349016
30317772
30219248
30404048
30350216
30320344
30355628
30416156
30217836
30293700
30379456
30238672
30424732
30319668
30294200
30331796
30307844
30269400
30353216
30301724
30370288
30319304
30326888
30289260
30371084
30288092
30374248
30327256
30382372
30285952
31748276
30308544
30254404
30315524
30322652
30385672
30354220
30364788
30223744
30310876
30352656
30222784
30309012
30310488
31428812
31828192
31359840
30251612
30335808
30318332
30291764
30352840
30293888
30319108
30352096
30317384
30297776
30312644
30508452
30562584
30360540
30242984
30376872
30312596
30328520
30333848
30299432
30286480
30331128
30350804
30301180
30310008
30365840
30316232
30290636
30429448
30244648
30255532
30374104
30248840
30331496
30400520
30234876
30335860
30352356
30339520
30404264
30437488
30305000
30313916
30382692
30788856
30967956
30338076
30246188
30323856
30336332
30242788
30446964
30323300
30191836
30227344
30358832
30236928
30302436
31887008
31042684
30255288
30356424
30197000
30253320
30333116
30169484
30244096
30378716
30169688
30247868
30328004
30150240
30324448
30336608
30308100
30276728
30361788
30235988
30254808
30329716
30251192
30259316
30336660
30219464
30250384
30336376
30212044
30242524
30328092
30230648
30287456
30302176
30260012
30287656
30232600
30212168
30261208
30313100
30219684
30247828
30277184
31026432
31658428
30842488
30147696
30236460
30331180
30189192
30272968
30302616
30201276
30244032
30294296
30210072
30303352
31090412
30622248
30203884
30225508
30190308
30224760
30367644
30219788
30221628
30312856
30234532
30232216
30352580
30164552
30310088
30375012
30218200
30329352
30390128
30220648
30258388
30405684
30223464
30302856
30367496
30223088
30337572
30375196
30212388
30338968
30369472
30208912
30273152
30345596
30216308
30270160
30298936
30146404
30277664
30356824
30184500
30252604
30612172
30977280
30371376
30366720
30183456
30252896
30291916
30263436
30277188
30300072
30366608
30242992
30360272
30376276
30724360
30757436
30195792
30269572
30336420
30196700
30243192
30325772
30192404
30248420
30370880
30183740
30250596
30118572
30348132
30245720
30335548
30261308
30279692
30317844
30186108
30258532
30301708
30204968
30248940
30230112
30185228
30250540
30289272
30172032
30336112
30262164
30239596
30258604
30300292
30216760
30316704
30119820
30379952
30314472
30243664
30290440
30322604
33466184
31801484
30525736
30240996
30277928
30341488
30267700
30321884
30317576
30265724
30288336
30366724
30307592
30377788
30340332
30288700
30325180
30685600
31812540
30649348
30367552
30183436
30292124
30322896
30272588
30278912
30277400
30227408
30335576
30366636
30250196
30306384
30346100
30296936
30283800
30312008
30253012
30269572
30324200
30287344
30354436
30321456
30262260
30291352
30351584
30222556
31441744
30295876
30287760
30339080
30295572
30282956
30359428
30304204
30250772
30317932
30294580
30292416
30328280
30306892
30308956
30303088
30295180
30294144
30775516
30262848
30307476
30317720
30294160
30323448
30368708
30256532
30330948
30345956
30308172
30342172
30352124
30297924
30343124
30372744
30308964
30346640
30326284
30298776
30352280
30400040
30264296
30435080
30316348
30301780
30314140
31693472
30256988
30280048
30309656
30245812
30318536
30366404
30262112
30374308
30678480
30237604
30331156
30334032
30176952
30244624
30336772
30205232
30239980
30340788
30231692
30219932
30424696
30219736
30253852
30326032
30220276
30212600
30317292
30172160
30221196
30382996
30229740
30267832
30336700
30205632
30219116
30323548
30180396
30252580
30346788
30243544
30307104
30325648
30264296
30296584
30389864
31346148
31760544
30612052
30177724
30363712
30352544
30189528
30338628
30349468
30244552
30277360
30354656
30254416
30337228
30362108
30228532
30276840
30314928
30182116
31299928
30586868
30182480
30235228
30312748
30194132
30253644
30325456
30179704
30303980
30341056
30165224
30258376
30256728
30178700
30226056
30304012
30236160
30259176
30388760
30186592
30254040
30280204
30218788
30246152
30285588
30189160
30240488
30305704
30174340
30242056
30303108
30170936
30313600
30353508
30195632
30246420
31796312
30290200
30293496
30322364
30185864
30260580
30296588
30226508
30322680
30304240
30289116
30228584
30345660
30250740
30401860
30361904
30216368
30243388
30402396
30302640
31018352
31498228
30204960
30293696
30321528
30195500
30276292
30321032
30234876
30222424
30324960
30191640
30264952
30330344
30213512
30252856
30339996
30211144
30200208
30329892
30214496
30248996
30361812
30180616
30351316
30328920
30197700
30299356
30343628
30181916
30233076
30354776
30164912
30250048
30387108
31073056
31018912
30321900
30178664
30236084
30315812
30174792
30219676
30371756
30200704
30213884
30325324
30154484
30241768
30331744
30169076
30205468
30367180
30207016
30312924
30334976
30304156
31683660
31418700
30158704
30252496
30341772
30234652
30317592
30349820
30191748
30249168
30348284
30180176
30279244
30349384
30188544
30256904
30320660
30244284
30312540
30341388
30285216
30331756
30411036
30260008
30253672
30137724
30384384
30268888
30224872
30380316
30224016
30323028
30356516
30254316
30211032
30354596
30189376
30252188
30308584
30226272
30240648
30500336
30220024
30341880
30318752
30246688
30210792
30931472
30789592
30225232
30312676
30195184
30230812
30332496
30154636
30235060
30312684
30190280
30229672
30297000
30185188
30237416
30291124
30219144
30246164
30305264
30235556
30273200
30294188
30179196
30248040
30303260
30261636
30253900
30302412
30268320
30223964
30327952
30332360
30307684
30991596
30844756
30271012
30343924
30163500
30276640
30276476
30229840
30287364
30417036
30217208
30313052
30355100
30254656
30268724
30358720
30397896
30323844
30431924
30183716
30238636
30399364
30969388
31020704
30368488
30212792
30306700
30372520
30254504
30268520
30347200
30173636
30289476
30358280
30221044
30279248
30433576
30190604
30328776
30347888
30290800
30230916
30368620
30254324
30275512
30391184
30201392
30286092
30385652
30239856
30303684
30334524
30295852
30295684
30325512
30180428
30716344
30952732
30155888
30243744
30094184
30292304
30289880
30283796
30304664
30295708
30368644
30259052
30282560
30301120
30186316
30246784
30375360
30176340
30427896
30310992
30160064
30230592
30294364
31598708
30207424
30189636
30218932
30219072
30369104
30155132
30236328
30324532
30183400
30254100
30320392
30180040
30231744
30343888
30171360
30249476
30363836
30231316
30250488
30308756
30157244
30281208
30300964
30169152
30360460
30252400
30205408
30218820
30271912
30216956
30249744
31589252
31606460
30284228
30357704
30148340
30263184
30303856
30203248
30245844
30298280
30215028
30215104
30325172
30229812
30230660
30270104
30225308
30217484
30458484
30188660
30200692
30312960
30368964
31070264
31754696
30174520
30198148
30304860
30196528
30226416
30307980
30189576
30162856
30323800
30166088
30233144
30365300
30153428
30287104
30367336
30156376
30238380
30308312
30202552
30269180
30350768
30224860
30238320
30386004
30219676
30265240
30400332
30218808
30557168
31735916
30994344
30222716
30339340
30161580
30218980
30323264
30206552
30217688
30269456
30225560
30237844
30376320
30203828
30282292
30349652
30253352
30290412
30406964
30199424
30255240
30395732
30169000
30251804
30353468
30443472
31740436
31097724
30157480
30165420
30304112
30159700
30190736
30304292
30175296
30179464
30317904
30205216
30195688
30281092
30186464
30188156
30314776
30197160
30208384
30350756
30176228
30200408
30304288
30187276
30174676
30295280
30188128
30187240
30287172
30189920
30230532
30290480
30157968
30231116
30258544
30152368
30184140
30287496
30174048
30184784
30281176
31467068
30226064
30284872
30182476
30187920
30255800
30158488
30195756
30242060
30173176
30251672
30296680
30195096
30295228
30291976
30181080
30228264
30270552
30179792
30238068
30222060
30219696
30204020
30169016
30247268
30285564
30217364
30252764
30346220
31017092
30828616
30249684
30245156
30289380
30320344
30253948
30313816
30306624
30184268
30282508
30333736
30234316
30277172
30322512
30303916
30283636
30377944
30362184
30313256
30264876
30270204
30311132
30381976
30253664
30319744
31152260
30929376
30410708
30187804
30205300
30303992
30213452
30220788
30367488
30209120
30221068
30354040
30206828
30185756
30320456
30204876
30187832
30340696
30147308
30168152
30318332
30133572
30251244
30376064
30184096
30180240
30354504
30183408
30213232
30360792
30766024
30883180
30364984
30200828
30229064
30328500
30196236
30240976
30319212
30250252
30228488
30355788
30174760
30191240
30337504
30179308
30205212
30353116
30148880
30290552
30390792
30322876
30250036
30348756
30187124
30201792
30354880
30851716
30844664
30355732
30205912
30207812
30333244
30170036
30242280
30310060
30190736
30265412
30352092
30165292
30266976
30338728
30169864
30238000
30343492
30232576
30325644
30312228
30216540
30242600
30062224
30337940
30246896
30331192
30287988
30351220
31295712
30375704
30279656
30300312
30193272
30270624
30107824
30266788
30271364
30239128
30326264
30287712
 
