Procesando...
  Filtro             : sierpinski
  Implementación     : C
  Archivo de entrada : lena.1240x756.bmp
66933652
66781688
66845656
66861732
66754520
66863584
66818004
66869308
66864984
66874864
66904516
66873468
66896776
66832400
66857444
66740728
66834072
66864172
66871976
66874092
66851608
66860764
66868056
66814100
67025300
66918860
66871480
66709576
66777120
66833256
66799588
66822812
66820772
66648952
66813784
66828084
67182760
67155880
67151748
67087636
67108328
67172780
67142192
66875808
66791724
66831652
67792760
66730644
66625328
66830112
66771596
66880888
66849724
66790324
66969760
66793476
66804116
66772464
66793940
66833344
66822956
66852180
66835856
66808028
66697384
66756180
66841608
66807728
70845500
66837868
66814500
66814024
66730388
66937644
66804680
69915064
66796420
66759808
66735572
66822528
67153064
67190892
67119092
66693688
66686380
66809956
66920972
66982484
66796216
66779620
67834468
66760392
66809912
66737324
66782384
66865004
66831120
68444308
67146292
67232908
67135204
67200300
67191792
67228468
67144776
67211412
67149388
67158204
67134888
67080580
69189780
66790648
66879008
66907220
66835880
66816976
69200432
66807840
66809968
66675524
66828268
66801900
66922536
66942104
66802348
66811144
66798072
66726008
66679096
66824464
67202884
67117848
67520116
66773276
66794140
66737608
66780604
67688040
66769632
66768412
67165984
67184552
67160500
67111120
66765864
67181668
67188904
67213436
66977412
66733212
66843044
66811560
66819848
66754860
67748024
66663252
66717836
66851412
66808292
68076988
66802608
66849344
67000592
66930968
66808660
66752112
66763236
66773080
66779124
66748460
66711756
66805460
66816720
66818108
66837368
66737412
67763288
66831532
66902404
66831028
66748504
66886168
66699252
66827160
66815692
66812032
66814040
66801620
66713692
66810128
66825036
66773972
66816080
66773340
66836052
66773652
66766840
66803812
68916608
66803372
66814096
66821836
68226932
66813356
66854832
66823112
66777428
66796868
66858748
66821868
66870496
66802256
66813680
66852740
66905736
66811172
66898588
66857892
67555148
66842056
66800876
66707404
67143468
66770796
66818880
66695088
66789032
66843760
66830400
66814300
66773372
66791816
66718116
66823516
66808396
66814404
66812180
66839212
66712896
66804600
68988676
66812180
66829104
69462988
66785832
66795644
66763888
66838336
66794304
66709736
66815572
66820848
66832272
66783736
66828612
66802588
66791000
66672816
66808132
66751572
66859020
66798256
66723540
67959968
66807864
69230532
66790900
66690620
66818336
66697080
66806500
66728716
66743196
66810772
66811752
66811636
66875388
66818924
66760572
66869596
66891804
66872632
66837748
66865992
66798548
68852068
67013168
67212084
67112124
67180140
67194488
66951952
66730452
66980436
67127064
67158752
67163064
67017044
66762972
66814048
66779212
66818496
66845272
66807724
66774748
66765776
66853324
66766008
66945696
66865592
66676296
67235040
67174020
67169300
67220920
67166688
66809252
66801344
66886568
66904892
66847936
66857912
66881356
66834140
67150676
67372012
67367320
66794180
66635816
66980464
66819828
66820332
66793308
66850908
66802848
66888100
66849740
66855116
66841612
66811240
66881932
66885812
66793792
66814880
67103852
66856380
67171504
67358228
66811628
67457744
66666172
66812776
66805956
66802640
66818508
66751700
66715184
66747696
66751208
66825724
66785000
66814420
66749112
66799580
66780528
66814508
66810068
66769248
66836468
66747760
66789756
67466000
66754104
66832504
66773864
66773588
66835224
66789404
66768540
66757180
66715776
66788060
67162860
67172048
67178448
66944752
67192048
67185556
67201584
67155536
67125044
67145240
67096596
67772720
66825948
66795724
66813472
66800684
66788668
66790216
66804028
66948008
66917364
67078996
66868436
66910388
66650400
66848528
66785428
66798480
66848472
66772208
66886620
66884808
67016212
66897680
66881072
66751552
66890968
66906356
66879332
66877172
66864624
66825400
66874432
66729564
67127724
66922324
66883720
66875852
66865292
66696476
66888136
66878636
68433372
66822352
66806780
66777060
66812700
66790936
66790024
66727896
66812644
66793980
66712040
66782816
66708844
66757712
66821288
66831592
66818588
66658448
67147372
69321180
66780780
66894052
66904892
66802200
66860504
66820140
66785340
66795608
66722220
67182064
67182372
67162344
66813036
66862120
66857632
66824560
66835500
66853396
66790948
66890960
68367016
66713984
66726168
69093780
66889592
66783456
66806512
66750840
66815584
66817148
66773092
66657932
66813856
66811548
66822480
66740248
66758420
66825148
66733128
66661472
66807168
67266808
66833404
66825684
69297372
66791492
66739592
66855996
67170952
66739588
66872752
66811128
66776120
66844964
66822160
66852684
66885680
66890992
66891492
66804396
66808884
66807120
66823676
67878776
66853992
66832880
66598712
68045452
66802424
66831036
66834140
66739376
66727112
66824016
66719112
66754292
66726116
66797328
66797752
66829432
66857172
66815824
67204680
66706336
66731884
66761956
66789652
69163308
66775152
66783580
66738444
66795532
66800236
66718044
66775400
66800028
66739776
66848004
66860852
66766048
66806424
66680348
66754752
66802864
66982756
66775340
66760620
66714980
66789560
68314868
66823984
66764972
66694032
66807588
67161640
67173560
67141772
67121556
67048516
66759256
66816144
67165692
67251120
67099616
67226828
66707952
66870692
67135100
67142920
67149332
67159928
68662976
66795964
66796820
66765024
66688024
67062168
67157344
67177976
67179776
67118880
67206724
67214332
67202012
66908804
67029668
66824164
66897572
66747996
66880960
66905024
66833324
67081824
66860816
66819124
66856940
66748384
66777044
66856076
66862772
66690336
66861712
66783484
66882488
66953416
66820612
67974604
66802460
66767088
66744940
66743936
66849036
66810176
66961628
66781628
66832356
66667584
66745268
66759132
66802132
66854976
66849424
66833624
66825936
66780840
66725192
68735208
66813664
66794772
66773940
66722040
66853024
66870816
68455716
66788316
66704968
66819140
66806016
66714576
66762264
66827076
66857700
66789736
66677380
66686368
66881072
66805980
67514760
66780124
66808132
66822960
66816140
66727928
66829996
66756136
67716316
66760824
66792796
66835864
66814860
66833956
66768324
66660128
66878000
66801628
66805632
66841836
66789468
66827772
66915572
66812820
66836196
66821020
66810540
66784536
66801596
66750208
67712292
66740032
66706396
66811704
66832372
66777648
66845324
66832400
66668856
66825896
67141672
67158628
66821268
69112144
66740752
66782464
66841236
66819988
66829340
66762836
66834584
66761120
68563288
66738556
66798416
66768020
66784004
66802068
67083180
67139472
67196820
67118408
67185140
67151476
68081428
66724848
67185044
67172012
67203704
67209248
67170536
67308596
67169736
67207388
66717028
66843128
67218872
67161056
67221828
67154076
67198108
67209888
67233924
67379656
66648620
67161812
67215996
66852560
66808720
66882756
66993764
66960676
66785988
67323284
66859220
66714128
66867364
66784788
66892632
66877120
66602124
66885128
66887672
66830948
66860520
67437696
66827408
66777084
66802592
66827012
66787476
66823508
66830408
66972128
66986752
66777220
66798888
66787864
66750384
66769944
66826956
67138136
67102848
67164644
67153424
67576188
66836100
66692992
66821800
67162656
67133812
67158892
67161888
67020728
67195764
67807656
66788068
66931620
67091384
67110164
67211956
67142412
67205248
67183380
67198940
67129940
67189788
66963704
67164792
67183104
67178212
67128176
67185468
67151864
67183484
67074580
67105308
68042976
66749116
67160484
67078224
67174304
67146220
67133444
67163904
67267028
67130972
67400048
66802776
66830036
67197944
67109432
67089492
67115960
67113328
67176944
66912140
67192228
66829052
66877020
66813496
66799836
66812672
66762096
67946156
66842472
67138752
67129796
67077288
67217352
67163748
67150832
67170332
67164220
67115592
67153812
67485532
66783472
66811476
66847592
66718804
66808272
66825820
66831484
66769544
68667852
66789928
66804916
66741396
66807060
66837556
66832072
66815856
66769184
66734188
66760872
67158532
66861876
67038228
66668568
66824788
66788024
66746452
66762552
66724580
66741780
70040052
66822288
66725396
66832152
66820228
66708820
66822160
66705812
67191924
67233460
67154968
67242544
66823844
66989448
66858140
66655532
66831360
66879904
66852412
66784676
66697460
67544136
66891088
67035916
67168268
67141780
67208164
67217244
67142916
67155172
67226552
67173428
67198132
67188164
67135436
67259792
66847616
66853452
66936868
66739592
66903308
66903152
68085532
66826140
66733664
66854484
66839752
66857028
66772696
66799008
66864020
66803216
66852864
66882660
66830812
66822860
68353056
66884780
66898216
66813976
66886656
66746968
68470640
66791976
66842404
66833416
66825472
66843940
66795660
66680100
66823344
66815028
66813440
66868840
66839228
66617540
66808020
67831376
66781964
66736956
66773272
66845712
67102048
69099900
66824988
66804312
66711752
66812944
67148600
67150112
67168344
67040808
67069480
67149848
67127564
67165480
67163332
66817052
66851124
66916052
66783356
66811784
67160620
67130136
67801584
66851952
66865848
66824080
66791988
67159628
67216612
66912720
67201148
 
67176708
67087860
67199908
67102512
67112664
67164224
67135820
67138888
67764944
66791020
67243860
66834708
66779256
67027932
66745456
66791196
67210984
67160600
66801900
66849760
66763984
66813876
67224316
67085160
67105168
67108616
67145312
67168880
67243176
67173052
67146840
66650196
66829144
67142000
67550648
66766028
67085760
67196652
67177184
67129888
67180028
66972412
66830660
66689816
66766368
67007972
67022840
67159188
67180728
67173188
66780836
66722908
66920848
66924392
66751372
66814276
66798920
67198520
67153044
67189656
67210844
67120820
67195372
67185608
67159744
67116416
67188520
67173888
67078604
67058980
67188612
67157608
67198376
67155632
69275448
66795636
66695464
66814804
66802004
66787736
66757892
66789032
66746044
66806680
66771724
66728412
66797700
66835148
66847472
67096752
67181776
67160356
67136332
66861192
66706640
68362988
66839988
66758500
67167184
67168240
67170792
67136536
67144528
67152556
67200372
67203668
67109756
67197928
67152432
67138368
67178772
67166236
67062876
66828480
66814348
66855892
67162244
67101508
66729660
66670024
66835188
66805804
66783536
66817128
66775800
66816748
66863260
66757200
66850244
66822464
66762524
66853236
66768780
66785132
66827872
66806480
66910528
66939188
66775028
66829180
66809692
66823692
66612460
66820212
66830816
66824904
66787504
66751916
66843520
66846904
66819228
66788608
66900956
66621912
66903600
66893956
67689468
66874220
67658300
67158100
66847668
66902984
66874364
66852748
67187384
67147476
67141156
67163032
67190516
66837368
66797160
66807524
66776880
66877376
66905336
66872340
66786980
67776780
66856128
66869788
68014388
66897088
66821292
66816188
67138344
67155128
67205868
67194908
67209812
67195668
67154848
67096900
67226108
67179632
67006772
66875652
66837424
66836108
68060516
66876860
66836812
66839304
67195984
66791328
66820300
66783256
66665036
66840168
66817284
66821640
66790632
66755472
67087060
67177928
66833644
66823572
66977244
66803556
66845248
68416372
66761756
66825408
66795520
66975608
66759072
66803180
66836332
66794260
66794288
66755668
66819732
66766056
66828520
66778064
66782300
66792280
66801716
66754428
66847108
66790920
67572064
66889388
66760904
66754372
66850316
67557920
66845156
66874068
66854500
66826532
66792636
66860440
66839044
66851932
66883796
66754848
66798692
66890304
66883540
66890976
67595180
66812020
66803376
66767000
66803276
68042748
66740144
66815328
66810756
66867760
66655776
66841476
66854408
66821568
66879384
66869720
66850100
66817340
66829344
66895772
66883452
67758688
66842300
66847284
66896504
66866372
66864760
67251760
66781484
66723484
66800352
66811740
66825752
66827496
66691656
66827608
66768508
66809232
66790884
66747588
66769924
66807448
69171788
66810392
66698804
66808620
66909116
66828556
66803764
66566640
66814192
66794792
66839412
66821996
66762904
66793680
66813756
66802756
66830236
66773224
66605780
66809004
66785384
67680792
66813020
67119000
67195588
67164648
67213128
67084980
67190708
67676160
66735796
66590008
67162796
67135568
67187804
67156992
67130888
67131020
67119388
67043584
67277404
67156648
67475284
66797628
66766384
67197880
67117220
67109044
67156732
67072780
67177544
69669164
66793236
66816272
66765248
67206612
67152700
67192084
67205772
66830432
66857480
67844876
66868268
66783056
67131176
67105840
67089252
67117832
67229548
67166880
67398020
66781816
67151076
67158284
67120668
67065968
67162168
67203092
67123568
67162396
66839552
66770368
66795140
67546936
66830356
66795772
66784244
66707216
66795396
66809724
66829576
66880464
67956580
66847584
66844808
67141144
66924724
66832216
67162484
66870336
66801164
66770888
66812808
66834044
67689860
66777296
66872320
66899000
66817064
66856252
66784524
66877588
66865244
67781216
66782140
66848116
66921036
66859976
66831768
67187588
66958288
66783572
66829604
66865120
66826060
69252140
66762848
66808340
66776180
66673784
66820328
66817192
66895908
66739900
66982060
67138604
69119568
66799168
66801672
66802040
66819408
66778608
66810708
66710268
66843140
66825048
67636640
66768972
66819324
66760080
66977520
67189752
67163356
66803384
66728600
66860604
66857480
66967400
66728780
66813056
66833760
66864008
66713116
66753616
67164448
66969060
66823480
67158804
67158972
67186948
67116864
67184240
67180348
67105620
66691288
66711220
83299048
66788420
66798752
67144876
67162800
67169008
67181548
67135784
66821148
67172296
67826692
66731968
66778348
66761440
66822768
66788872
66841612
66827848
66822540
66814252
66747464
66752596
66998136
66808128
66683844
67143316
67164736
67173464
67182380
67117100
67144556
68562944
66724312
67169312
67155300
67147528
66795712
66782432
66840844
66793284
66715208
66808772
66767532
67491236
66871156
66817348
66899108
66881104
66890340
66888200
66791856
66881268
68596524
66747688
66837876
66855692
66806472
66791112
67154248
67160676
67214512
67162836
67199908
67134420
67121256
68504280
66793952
66846628
67223060
67199460
67118144
67119532
67174508
68514324
66786444
66804068
67135416
67153512
67078020
67148140
67167424
67157468
67136836
67037132
67075248
67062400
68022424
66804348
66788976
66770352
66747232
66774488
67075940
66768664
66793912
66753816
66740204
66821448
66805520
66770784
67075032
66969560
67179772
67397608
67100236
67329720
66783184
66761708
66782872
66774676
66776956
66831372
66799784
67201224
66752952
66780208
66795420
66816776
66811476
66713164
66875560
66858404
66896692
66868500
66872532
66759344
67394972
66752172
66834460
67147196
66888736
66821652
66828808
66809724
68921228
66787812
66804404
66806712
66746632
66783752
66819592
66767316
66782224
66730512
66814544
66803712
66857428
66776468
68442704
66820960
66795480
66814656
66757304
66719860
66803800
67534516
66752248
66768280
67110840
67189648
67179744
67099340
66793384
67100796
66915780
66621700
66835652
66837084
66796812
68023436
66768996
66689940
66815060
66849056
66822288
67066472
66833708
67141696
67163248
67127116
67170844
67170868
67176704
67131404
66951724
67150092
67186736
67170592
66835536
66791636
66793284
66840980
66766664
67175592
67178452
67866388
66743748
66752588
67167916
67147480
67166724
67190176
67173352
66993888
67166900
66966480
66807388
66711428
66768676
66756280
67601716
66815080
66784320
66851196
66782884
66817460
67997168
66879852
66862284
66863888
66668128
66917220
66835548
66868800
66845284
66959672
67219172
67191668
67166560
67475704
67146804
67665664
66888812
66835404
66875336
66887080
66886528
68328200
66752908
66752860
66842004
66683940
67136944
67160420
67156720
67071964
67175292
67141308
67180028
67115876
67177488
67196704
66962896
69019504
66711036
66757460
66896520
66832520
66771764
68430356
66766560
66799632
66834116
66777684
66768116
66744332
66711976
66801176
66980516
67207612
67108604
67129048
67299548
67206896
68225892
66777308
66747896
66823268
67629628
66843448
66862792
66892616
66874852
67214300
67205976
66898880
66955904
67156780
67128968
66902040
66859220
66867840
66888748
66651896
66773080
68823752
66863768
66913764
66650416
66829480
66870196
66877256
66860668
66822344
66616596
66839436
66857976
66779884
66825420
67201524
67165716
67100220
67116580
67159580
67145984
67716872
66841444
66872644
66823940
68007824
66835364
66821824
66817104
66839436
66807912
66839072
66818336
66780520
67104972
67186712
67101264
67151764
67195600
67156676
66853972
66705568
67902416
66926928
66826756
67112512
66853188
66855576
66831412
66856752
66875788
67182980
67224788
67235388
67174824
67214092
67196972
67104796
67129516
67155016
67163276
67253252
66984788
67053472
66746228
66770780
67304060
66831412
66816112
66842384
66877336
66834088
66859888
66817344
66881248
66860196
66891988
66841524
66833648
66843560
66723100
66744896
66781004
66831260
68799136
66780496
66792072
68102176
66721228
66776172
66748760
66789444
66825416
66808344
66752896
66825960
66815464
66737980
66826792
66818380
66732720
66739856
66816544
67147632
67141068
67187952
66791224
66712492
67198472
67192852
66973520
66808728
66787288
66829196
66843728
66796164
66772604
66791340
66808840
66757808
66814864
66555628
66812968
66856724
66785252
66788024
67765128
66678056
66744504
66813236
66820224
66839916
66822876
66797012
66692356
67102960
67097300
67132228
67137752
67177716
67136504
67113188
67153436
67185520
67142784
67136876
67126132
67115880
67189156
66813096
66673188
66869968
67228484
66817280
66887588
66874348
66789464
66875056
66808152
66884388
66685872
66862980
66893580
66876272
66854964
66876444
66733956
66673916
66712796
66803912
67217144
66798668
66812920
67031644
67181932
67111532
67140364
67195576
67194500
67158916
67160184
67172336
67078500
67154956
67171824
67129000
67170792
67119876
67183580
67159120
67101004
66781920
69014136
66755576
66826292
66832444
66664004
66807904
66807296
66803864
66792644
66808140
66753668
66823876
66756332
66753412
66829692
66826840
66840796
66815340
66794776
66686316
66898672
66857632
66824924
66953196
67158856
66991648
67190476
67136764
67147568
67163604
67097524
67140564
67151764
66824228
66710528
66762804
 
66782160
66821520
66776084
66738464
68723248
66761616
68200688
66717076
67046404
67082968
67186948
67188020
67139600
67106984
66687228
66770900
66822996
66888456
66721532
66756460
66860992
66719188
66803156
66788960
66799828
67148672
66798944
66808456
67506388
66686840
66801636
66803916
66862220
66828780
66821460
66832352
66653256
66817132
66858028
66810724
66808908
66842544
66654056
66982900
67168892
67186064
66960768
67224348
67103808
66937376
69378180
66753332
66817400
66820372
66727076
66725040
66821996
66779092
66885248
67137904
67086952
67098784
67176268
67123852
66788684
66823840
67161332
67190436
69105028
66779928
66828216
67584400
66741424
66815740
66736640
66720412
66795660
67138408
67107080
66744552
67060748
67105368
67178100
67168512
67189752
66796636
67109492
66805268
66867480
67002388
66859740
66886900
67304740
66750920
66768672
66877448
66872532
66859640
66874864
66808872
66808420
67113836
67144840
67197356
67069824
67095756
67202024
67108500
67075176
69253564
66794656
66808796
66660516
66818692
67038448
66778688
66723288
66791392
66798140
66727876
66689952
67127992
67201036
67111616
67071744
67194452
67167044
67114676
67096968
67176764
68020244
66730516
66760560
66836520
67460636
66791652
66811632
66816876
66726268
66801648
66854992
66838080
66833728
66781844
66793984
66773928
66779380
66847872
66612968
66857504
66855076
68066364
66798312
66823816
66793392
66755308
67753204
66711056
66765476
66825772
66789184
66704664
66748248
66813088
66840160
66817048
66797336
67185808
67089568
67116524
67142364
67179696
67187948
66785832
66789440
66808044
66828092
66835064
67253232
66787092
66770112
66704848
66787360
66776268
66802296
66785740
67101332
67116620
67168348
67186048
67159500
67011988
67659908
66716420
66735508
66896208
66748884
66812612
66768100
66732912
66721972
66794552
66845444
66855956
66767552
66699672
66709508
67208968
67112576
66718380
66850064
67180568
67170848
66856976
66836084
66966540
67107872
67148716
66815424
66802784
67075836
66623532
66756556
66799964
66837048
66787864
66735520
66813380
66887444
66825728
66755548
66799492
66832884
66809636
67449476
66771888
66711120
67190420
67162752
67143192
67064964
68545348
66716604
66969136
66793568
66858156
66877872
66864992
66791824
66844300
66784900
66808084
66909308
66844308
68738188
66751032
66787996
66797996
66801428
66681184
66823616
66823152
67028732
66723152
66835072
66786812
66879920
66883924
66854164
66867220
66808620
66823488
66784448
66915336
66794928
67993664
66868608
66820236
66864448
66828072
66814780
66774688
66817348
66855484
68171044
66814660
66670104
66815864
66772776
66755968
66728668
66802144
66802200
67023944
66736528
66834324
66803996
66791532
66706768
66798544
66861896
66822464
68501820
66794516
66739780
66817388
66771512
66811732
66774364
66730376
66793004
66854284
66752680
66739588
68364068
66752924
66743392
66700596
66806976
66799256
66758628
66703232
66794408
68632200
66705016
66703528
66839440
66842196
66811680
66689536
66820116
66766552
66617476
66803936
66777148
67611168
66979432
66784784
66678508
66829028
66775544
66757520
66749552
66805708
66775584
66810852
68842188
66758640
66820880
66796456
66683776
66690672
66793072
66816228
66777884
66689720
66724700
67008100
66765684
66689856
66751564
66848700
66785052
66681880
66736964
66837016
66772692
66772120
68948912
66832064
66864280
66857924
66862608
66889288
66810036
66809644
66823752
66819244
69528084
66722984
66738612
67185388
67181292
66765412
66704124
66845820
66774996
66818036
66699728
66721604
68181432
66883548
66781812
66706832
66801256
66834192
66723640
67116628
66799284
66805088
66699456
66751124
66807288
66817064
66678712
66793372
66925864
66847368
66762816
66760124
67929024
66793164
66836928
66732924
66775980
66867476
66889016
66828632
66737916
66719276
66783656
66747052
66789224
66879820
66888124
66888532
66822676
66810308
66780044
66871700
66843696
66701228
66946796
66874060
66884372
66826672
66790844
66826216
66870884
66835584
67767512
66814596
66664208
66756040
66816692
66844372
66845508
66841896
66751632
66823712
66782932
66678992
66754164
66791776
68843996
66849828
66768312
66723252
66719684
66839752
66832572
68831788
66701404
66737888
66806868
66827896
66598632
66620464
66800512
66817884
66808092
66642592
66711544
66771104
66959740
66817804
67156160
66698104
66698008
67184768
67156008
67139400
67132520
67963600
66788368
66801696
67127024
66745884
66803420
66827592
66834564
66865724
66795316
66724444
66854228
66878976
66869920
66861424
68033684
66766980
67123352
66766248
66829680
66795356
66834456
66718300
66787568
66857028
67184812
67120812
67112200
66801952
66796968
66712224
66772424
66731916
66806452
66892924
66912172
66763724
66780044
66764892
66732576
69451384
66818108
66823028
66777168
66740136
66738280
66843468
66735920
66735436
66735660
66829368
66813848
66747044
66651840
66729336
66745928
67636764
66695420
66753896
66885380
66800048
67053764
66732228
66869096
66885100
66873020
66728224
66827380
66860036
66853636
66880328
66866624
66866724
66761912
66757832
66868872
66829076
66818952
66757556
66780244
66877364
66759452
66868888
66788488
66791048
66729036
66805128
66754332
66690020
66771200
66786472
66766112
66821996
66752612
66775848
66793912
66744980
66693804
66855996
66837508
68163700
66710164
66686644
66871096
68625728
66795640
66749304
66741608
66815148
66821516
66773812
66694424
66682856
66818252
66760540
66809192
66743620
66754328
66821880
66850744
66846876
66789940
67569152
66779016
66705992
66869796
66866916
66792276
66787252
66877400
66867596
66851296
66810312
66707156
66806104
66812980
66766440
66670432
66804656
66885388
66876676
66851396
68386800
66855856
67244392
66764348
66766368
66835924
66771576
66830692
66702068
66814252
66880568
66725300
66787476
66717204
66760464
66880336
66855436
66774088
66845056
66838252
66688364
66841636
68091684
66851784
66710076
66716676
66856852
66689352
66834944
66713840
66866824
66848564
66769272
66692176
66855872
66838612
66857428
66841024
66670376
66747076
66857628
66858960
66813080
67750412
66716092
66912140
66821512
66882416
66778700
66760884
66784964
66885040
66830580
66689496
66684284
66892968
66801268
66819356
66715296
66864092
66854692
66802104
66705768
66952680
66877904
67116344
66779704
66733112
66642928
66742516
66826844
66759272
66632176
66635576
66845576
66814904
66699960
66737944
66815816
66818044
66683632
66759192
66711008
66760312
66815628
66805024
66917640
68136680
66817348
66830972
66578132
66644836
66796216
66846844
66748300
66817148
66696200
66745528
66703316
66812508
66820172
66832524
66809992
66764520
66822060
66724420
66708176
69350364
66743564
66686532
66689036
66656924
66801332
66793136
66700012
66640332
66678972
66758952
66784884
66649068
66805968
66843520
66834720
66752244
66647376
66740192
66788800
66820704
66764768
69258980
66705352
66771416
66813572
66787404
66678972
66749084
66822876
66787420
66833400
66817588
66832416
66640364
66709704
66855472
66724528
67005656
66755484
66964352
66768872
68845972
66705600
66826968
66773548
66743948
66671736
66820376
66818516
66772416
66697516
66679732
66806428
66830512
66730312
66737388
66732876
66677672
66747372
66636140
66840812
66817400
68531484
66668720
66774852
66824928
66890732
66828136
66700836
66837488
66800348
66898400
66883932
66848720
66829680
66816236
66637552
66824724
66813684
66862468
66778380
66765852
66675520
68651428
66871272
66810364
66800276
66651496
66750260
66818460
66772380
66735416
66644388
66669484
66763276
66822340
66816480
66709628
66689304
66710948
67080776
68094312
66825132
66851768
67821616
66747344
66768032
66851396
66894852
67184224
67025660
67101244
67166944
66759316
66809396
66699940
67194252
66850664
66803320
66714380
66739128
66869024
67853988
66857748
66601004
67028080
66791792
66755052
66607276
67092456
67124256
67178596
66710496
66720848
66678636
66797744
66806920
66804124
66720680
66782092
66761404
66849476
66750256
67900652
66744836
66751892
66815168
66800612
66809844
66774668
66628268
66825120
66819604
66689964
66645888
66733000
66812968
66706420
66694112
66793064
66803872
66775740
66598444
66826280
67566148
66755248
66743264
66823876
66769476
66704748
66639032
66828220
66804696
66739688
66677740
66778260
66797868
66836772
66827492
66809848
66757088
66745624
66809008
66848232
66673764
69348260
66733312
66835996
68018492
66811004
66704288
66630804
66776200
66865812
66853852
66830904
66818460
66735804
66785996
66831456
66907152
66731280
66834152
66738004
67953536
66840740
66823780
67227460
66693900
67051248
66915844
66847280
66810292
66834320
66720808
66784232
66871200
66828036
66760772
66814424
66699504
66771476
66834456
66910984
66876824
67960424
66857580
66653752
66690404
66827648
66824192
66769516
67228428
66719084
66735768
66844260
66825000
66816596
66798988
66796324
66716652
66850828
66878288
66871640
66853768
66808168
67750088
66766552
66839676
66872988
66880844
66830860
66675784
66781624
67822568
66895436
66812024
66791268
66839516
66860396
66861952
66875584
66756256
66815240
66797600
66695272
66908728
 
67050080
66719820
66707144
66767148
66838232
66847312
66862624
66687248
66726812
67927388
66849960
66843588
66665660
66744328
66825712
66790784
66679100
66818408
66856300
66776764
66638704
66854348
67746804
66730760
66691652
66830332
67421220
67187220
67315256
66661012
67059192
67161744
66959476
66857292
66784332
66797512
66667200
66800932
66818612
66764296
66815736
67306052
66698752
66839344
66848668
66725980
66836388
66736904
66762920
66813584
67506220
66761612
66761432
66780324
66635180
66821204
66802836
66758820
66659012
66807652
66826668
66719456
70201396
66823936
66831316
66770972
66653616
66770140
66814264
66708740
66778012
66816720
70667208
66733428
66812644
66811720
66806316
66799004
66667472
66753676
66677832
66724752
67135112
68074812
66770952
66757512
66715596
66800312
66715628
66758552
66666676
66791032
66798920
66691120
66838488
66691604
66807228
66836972
66794360
66753792
66704576
66757476
66856948
66835528
66937728
66742488
66723680
66591320
66748244
66849632
66814556
66836176
66791476
66697316
66781988
69112528
66739060
66820052
66831272
66789720
66651660
66674912
66820836
66801288
66759152
66790084
69137988
66710720
66766260
66825768
66739716
66776036
66640800
66789288
66832156
66786404
66685924
66774260
66887904
66718740
66648908
66696504
67078240
66726916
66887232
66653516
66815128
66751016
66815976
66744696
66776576
66680012
66704752
66835348
66817404
66774844
66746916
66766304
66790420
66850288
66828028
66771288
66809284
66945548
66607120
67376320
66822764
66840060
66831904
66807304
66738108
66765404
66609500
66807988
66855008
66827256
66823360
66721724
67401460
66847408
66675664
66842308
66670824
66874880
66854808
66783052
66782020
66847844
66924028
66840504
66714576
66743968
66853884
66763888
66758560
66700988
66858048
66695848
66752684
66666976
66731252
68270788
66593444
66673720
67033200
67032348
67005712
66979816
67185400
67123660
67717348
66769952
67011880
67051052
67155004
66811940
66790060
66688496
66784256
66807304
66713060
66854868
66714964
66694740
68234312
66752356
66707068
66603740
66781028
66692788
66677776
66650644
66742232
66847580
67077608
66684912
66712228
66825204
66844252
66859496
66867480
66871388
66889844
66854948
67093648
66835512
66738164
66720344
66748808
66784652
67459796
66851648
66819536
67154496
66786168
66755032
66727684
66656260
66709952
66806136
66814892
66843760
66812956
67104552
66818552
66727564
66854784
66662376
66718836
67558012
66726336
66775516
66750260
67025256
67009924
72377532
66920732
66720744
66625768
66735972
66827912
66829828
66537688
66624272
66696664
66703460
66956164
66615236
66683912
66809968
66804400
67149876
82091992
66682820
66816520
67208236
67091436
66638424
66816308
67005072
66831888
66759672
66646684
66737812
66790100
66623000
66649072
66658748
66758852
66759076
66666548
66722572
66827824
66715532
66832176
66598744
66637268
67697464
66844668
66820868
66815456
66703332
66795068
67629108
66742532
66777016
66773864
66793768
66827280
66780288
66806900
66691984
66829468
66951404
66794228
66861208
66828460
66759796
66725388
66833148
68478608
66735576
66746336
66747652
66869452
66756996
67678300
66829984
66832872
66827220
66781832
66638312
66691748
66796700
66746548
66754272
66637160
66808428
66845240
66790232
66641764
69212736
66820092
66757436
66785060
66680100
68255692
66938356
66809328
66718180
66658764
66799892
66835384
66816048
66778812
66646940
66736980
66825732
66820708
66769880
66741704
66659032
66736024
66831808
67067448
68900524
66680048
66843552
66843176
66810500
69177692
66693284
66800500
66805484
66701520
66708064
66802768
66693692
66821684
66828504
67051432
67091452
67066956
66935936
66818064
66806360
66723816
66758576
66692168
67001868
66773656
66817788
66793028
66625452
67692884
66804504
66797904
66819396
66752056
66690404
66680928
66744060
66831940
66777200
66825128
66778156
66723176
66800032
66662028
66728420
66821312
66808412
66870184
66760012
67657796
66755608
66865156
66733124
67608372
66833892
66816220
66840572
66802468
66700272
66672360
66764984
66832860
66876360
66618680
66690272
66849652
66801772
66802260
66818200
66787284
66639828
66720616
66853344
66862932
66754472
66661180
67484504
66826200
66757740
66855184
67068380
67152956
67198516
67219968
67064904
66779084
66875280
67100072
67117336
67120472
66701132
66752488
66839120
66859700
67656644
66755688
66861508
66834976
67637308
66799696
66833668
66809368
66771556
66804036
66748904
66755808
66794828
66792780
66661628
66724980
66829820
66811132
66844184
66798952
66829592
66824680
66697468
66629184
66870124
67710664
66685000
69107300
66699124
66770640
66649728
66805512
66811092
66854732
66621736
66641920
66801520
66753308
66770836
66658792
66708268
66780728
66726060
66560084
66639748
66808744
66822548
66802296
66828768
68485244
66669724
66804796
67227956
67119044
67058944
67176504
67138376
67195284
67165336
67166380
67061456
67148032
67147800
67133336
67109456
66993948
67192472
67183816
67155228
66977548
66781596
66706596
66871624
68662420
66768472
66656288
66722540
66850644
66782104
66746784
66721000
66756228
66792888
67139464
66719696
67144900
67037088
67014328
67197228
67186652
67060144
67095240
67163932
66776636
66655996
66732908
66869948
66728940
66770196
66633556
66699484
66818936
66702572
66799472
66679744
66817188
66775184
66758364
66667804
66882908
66968664
66992172
66747084
66776260
66653860
66776300
66822052
66793672
68349792
66619080
66759508
66831932
66831316
66843844
66687376
66774560
66776580
66791880
66812040
66871248
66837780
66807512
66711956
66745380
66840744
66844680
66852532
66846888
66700240
66834876
66879836
66857724
66834332
68973696
66696380
66700904
66825820
66767928
66853348
66710504
66876768
66856848
66807368
66696444
66738172
66831844
66846240
66701296
66847704
66882616
66880388
66882316
67190192
67065548
67285476
67150208
68984124
66789516
66779476
67011552
67020668
67185556
66894460
66653604
66992292
66998336
66799184
66645544
66673172
66736348
66805244
66763076
66738652
66798656
66846656
66874520
66872492
66725548
66845072
66647780
66771568
69030332
66749472
66753000
66663524
66694764
66823252
66760784
66754548
66683940
66683940
66818396
66770396
66607828
66826376
66847936
66823652
66719224
66741856
66817952
66790340
66803412
66671876
66797216
67301032
66826904
66605784
66674652
66728512
66835376
66738860
66695224
66656436
66827292
66737260
66669972
66795912
66832868
66796532
66698660
66727880
66836652
66803892
66726980
66633160
68543060
66809028
66810280
66772032
66668728
66743016
66834384
66768352
66740828
66602172
66771312
66821244
66696216
66804496
66667560
66702716
66807544
66803356
66728988
67078356
67037260
66766292
66686324
68887108
66794176
66826908
66770596
66661116
66840716
66791900
66669300
66730888
66615872
66776736
66813984
66642280
66748312
66822508
66802780
66691844
66747568
66821988
66812808
66794420
66661896
66671280
66829456
67109832
66847872
66749480
67940096
66868280
66816596
66836044
66761184
66724260
66710352
66703624
66784340
66813500
66823356
66781572
66813072
66674944
66720244
66811744
66806544
66768704
66746704
66633580
66809436
67574820
66807944
67175368
67880872
66713100
66678968
66807612
66779444
66793284
66865016
66794952
66765968
66797848
66788756
66693592
66647736
66652332
66846708
66820304
66825684
66826300
66672992
66743284
67165216
66833544
66943100
66822096
66999180
66896052
66865896
66680688
66801088
66849628
66699364
66772024
66847580
66818356
66815888
66828748
66802184
66734700
66685312
68266132
66815888
66963008
66677080
66760540
68411512
66783792
66613568
66670204
66835564
66950872
66686456
66665080
66749044
66726880
66683640
66710212
66807148
66835840
66821980
66833168
66788368
66712092
66718496
66820740
68850744
66717260
66761856
66677208
66754676
68681748
66817104
66786840
66735580
66731488
66774980
66636544
66659108
66672172
66799588
66746528
66793716
66661940
66695860
66804740
66669616
66750112
66639932
67261480
66845812
66761808
66669384
66713372
67754428
66823856
66825960
66683200
66788484
66672372
66683832
66822140
67108552
67122696
67128876
67014708
67074040
67186700
67114040
66805320
66757008
66737272
66801712
68394640
66704180
66819840
67007588
66814232
66819448
67926668
66682428
66596316
66694824
66846476
66780876
66818356
66774992
66830784
66757348
66789548
66803936
66770012
66820508
66722740
66785472
66634656
66793004
69043712
66803400
66721860
66695072
66820956
66824344
66650156
66658292
66796728
66718456
67064948
66583164
66755448
66745476
66886016
67214848
67145392
67177280
67059816
67114888
68055468
66708740
66689260
66827356
66816684
66649748
66743652
68672380
66803120
66824484
66717048
66642088
66661760
66859716
66726996
66619496
66636316
66747748
66684284
66634340
66656520
66838292
66804768
66958864
66651164
66767988
66792560
66784472
66696144
66660332
68443892
66738660
66686104
66721264
66919988
66759332
66772912
66826148
66768708
66706128
66853068
66795312
66866232
66770580
66816552
66732700
66776208
68708268
66805544
66773412
66655232
66834980
66871156
66645680
66750888
69137924
66808280
 
66767412
66739944
66589392
66797000
66831392
66803632
66821096
66725124
66815132
66696440
66604608
66750956
66798644
66802092
67831360
66777776
66790928
66643288
66749912
66847672
66781776
66809072
66747816
66975948
66750156
66721336
66840904
66819800
66815344
66758820
66677440
66719704
66800112
66789912
66785968
66637976
66657596
67788912
66808228
66704664
66836324
66790352
66715560
66753252
68979732
66792360
66663036
66658848
66813424
66798260
66754828
66726256
66835136
66844748
66694204
66630120
66808628
66799504
68398952
66660472
66812644
66799480
66684556
66696160
66761816
66755728
66825356
66802436
66820420
66999212
66632488
66830764
66660780
66644076
66644972
66642216
66790196
66831012
66820632
66620368
66672656
66822008
67156668
66858100
66884520
66772712
66681292
66614904
66680436
66674428
66849456
66731004
66643708
67482096
66727696
66880376
66752796
66822636
66687508
66724904
66700812
66747324
66849344
66851512
66846456
67005380
66839196
66787980
66854416
66835312
66812160
66768200
66837320
66855000
66854528
66834284
66809144
66675312
66999500
66799008
66833044
66862636
66810540
66821892
66766888
66708748
66869476
66886500
66815344
66854348
67812504
66785308
66900536
66823000
66821000
66830212
66814416
66787500
66804776
66809440
67040392
67307312
66706512
66754204
66826364
66779360
66857908
66774424
66662644
66739032
66877008
66924892
66816396
67508476
66640560
66682688
66747904
66790056
66826920
66769688
66664732
66711992
66840208
68014512
66766368
66783688
66582968
66748652
66830896
66850348
66807392
66854884
66664204
66783420
67803384
66738332
66681764
66830596
66814112
66851036
66591920
66634436
66799420
66677768
66733804
66836420
66740180
67146292
66701892
66837856
66702724
66707520
66820644
66844416
66878012
66682236
66791544
67010504
66906448
66784772
66710408
66713736
66642108
66834260
66818628
66785240
66736328
66627852
66673936
66828824
66773896
66796548
68695628
66837696
66708140
66775856
66877816
66821172
66844780
66952016
66816496
66931736
67227928
66699836
66923360
66758156
66688812
66705592
66648456
66786100
66777852
66766428
66667760
66758140
66822416
66867156
66740836
66661968
66637056
66776756
66743800
66875756
66630020
66783544
67258512
66702032
66689876
66620400
66814476
66824544
66787436
66675404
66769068
66753204
66750716
66645524
66786640
66835120
66775260
66983972
66765660
66729576
66767204
66825252
66814928
66789584
66788680
66677564
66813576
67503144
66883012
66797420
66812252
66937896
67031424
67147988
67028080
67090028
66999568
67044988
67185024
68576580
66738464
66677568
66664540
66828836
67073648
66747780
66655240
67105084
66780848
66820612
66748716
66753280
67085224
67102324
67003804
67003140
67168184
67155536
67193688
67199644
67106336
67149580
66806320
66814336
67862904
66745196
67107984
67023696
66984524
67153240
67177072
67870332
67035356
66716720
66739220
66840336
66870040
66827240
66772256
66663436
66796808
66855656
66884380
67056768
66789368
66724424
66839884
67777452
66711824
66770644
66841148
66695624
66835372
66728468
66879432
67675580
66807640
66743048
66680912
66697908
66856484
66872064
66835100
66705152
66855552
66895256
66740324
66756672
66839388
66771444
66745452
66721792
66897788
68911840
66772240
66691888
66875668
66759948
66811440
66823496
67740124
66728180
66908256
66852196
66811068
66833580
66661240
66704380
66858632
66716920
66808852
66872620
66740340
66753724
66896456
66797336
66872112
66775916
66789612
66652672
67004472
67134280
67361712
66990732
67065176
67178832
67178940
67173988
67174768
67068924
67038748
66766456
66747848
66831424
66690800
66793168
66821756
66824236
68954808
66616608
66638664
66832272
66863880
67038224
66688128
66745340
66840508
66639448
66706640
66828724
66860648
66868476
66852776
66776324
66757688
66816136
66702012
66863108
66908368
66788348
66826272
68240184
66755612
66650336
66798476
68990688
66671488
66837684
66811004
66682568
66759640
66867048
66785408
66898180
66753256
66642684
66830136
66832524
66776408
66655416
66717452
66739432
66797720
66916788
66808776
68681712
66842620
66807620
66675460
69298364
66801112
66632360
66607392
66658368
66855976
66857516
66860416
66858092
66767072
66725148
66819164
66851340
66845960
66756180
66799496
66901568
66825808
66688264
66717916
67567416
66733720
66860644
67117988
66884460
66921612
66835096
67125476
67050256
67164392
66611512
66966300
67047736
67129036
67194248
67140064
67038044
67012552
67152512
66826108
66953100
66700292
66797508
66786472
67050808
66883660
66706080
66811160
66811204
67015172
67152592
67000808
67106348
66630344
66674264
67171584
66937844
66817764
66679944
66609456
66686916
66797676
66861168
66614220
66698424
66822728
66690824
67794724
66675244
66791764
66679472
66791160
66694656
66693768
66689256
66789024
66694196
66589252
66676424
66808972
66799772
66797280
66856944
66691628
66809924
66642872
66722728
66797612
66881888
66845916
66713136
66792716
68103408
66697008
66640712
66834476
66852972
66880476
66702968
66712992
66838952
66783868
66864060
66806128
66864812
66755020
66835808
66824476
66738632
66720876
66777952
66843756
66780124
66836748
66772436
66662404
68255084
66735608
66778192
66819084
66806556
66609536
66775592
66794316
66774132
66671336
66668244
66809124
66751068
66627304
66676652
66822720
66721628
66782688
66640724
66740080
66834184
66782324
66802924
67426416
66745592
66890432
66865536
66734780
66765320
66623008
66714276
66755868
66821716
66862776
66704528
66728404
66842148
66898316
66856200
66782936
66836348
66802468
66785008
66735360
66722656
66892132
66848896
66797004
66855148
67292216
66680592
66881244
66788848
66854692
66823900
66861708
66754540
66610024
66804252
66815980
66840748
66741736
66806836
66734496
66752384
66830404
66819344
66873236
67839972
66845608
66771452
66820140
66697308
66834256
66914332
66822388
66885648
66705436
66771236
66696476
66870460
66817524
66876776
66879804
66875060
66831188
66822160
66687860
66753304
66863476
66785844
67182240
66816820
66679120
67042208
66929788
66742424
66726744
66869724
66828092
66827868
66852900
66838424
66875400
66816448
66746516
66694200
66898048
66730248
66781916
66696248
66718796
66732964
67007000
66748664
66815952
67521496
66723748
66790868
67699572
66803928
66766272
66658080
66839668
66789260
66805076
66685780
66699988
66754352
66772328
66780068
66780212
66637484
66709428
66835708
66804292
66822480
66805168
66615912
66671376
66769116
67071324
66640976
66693004
67553372
66622256
66629612
66663392
66790876
66838916
66803260
66727160
66766508
66683960
66684072
66774736
66821392
66760032
66812776
66684496
66644440
66773592
67122112
66691984
66795056
66666260
66823596
67744328
66815656
66814148
66642176
66755728
66767168
66700316
66813996
66768312
66656924
66662272
66818264
66672344
66793984
66662180
66993232
66693092
66925884
66834212
66835556
68039688
66712360
66804924
66826324
66680024
66714360
66740308
66824416
66718340
66706736
66615324
66839556
66709936
66653172
66691692
66753676
66633636
66642488
66786984
67587596
66797652
66746256
66708380
66755868
67743812
66820012
66856140
66674720
66812928
66892140
66928504
66903900
66877988
66822468
66837660
66681892
66816652
66759900
66860436
66811356
66707400
66847688
66879796
66835496
66693856
66856180
66799136
68792572
66660880
66655180
66805060
66829160
66700660
66672000
66709696
66772036
66820992
66762432
66801732
66777952
66768812
66683940
66721656
66778988
66808360
66834892
68108700
66707368
66619040
66738204
66797012
66829096
67008204
66835856
66841544
66825232
66724836
66810540
66628056
66833604
66839616
66739752
66673324
66683208
66711964
66779212
66771232
66793960
66785408
67671376
66840836
66859156
66878308
66843408
66810680
66738112
68784924
66725944
66761640
66792664
66616180
66651044
66687652
66742128
66774324
66664212
66729812
66753240
66971976
67064092
66832668
68651260
66756048
66840880
66651892
66763728
66770184
66648644
67747040
66809764
66826140
66772452
66775344
66613580
66771512
66844324
66797816
66630684
66591324
66680876
66822752
66799780
66813140
66651772
69146548
66813256
66760772
66545532
66748052
66724776
66787168
68377400
66655144
66804948
66832776
66675292
66705008
66823008
66862188
66712212
66807536
66756892
66745156
66696848
66769176
66774120
66803440
66787000
68993592
66785588
66698096
66709236
66828096
66826012
66776176
67682996
66835532
66722016
66788712
66771696
66757824
66778780
66806680
66629448
66786896
66848692
66777952
66655508
66773056
66775944
66789120
67468492
66755428
66813488
66729764
66785700
66835580
66660072
67495044
66849652
66745216
66771380
66664820
66664432
66802228
66742660
66760368
66779928
66637292
66782768
66832996
66810388
66930460
66680636
67037140
66814772
66789896
66799932
66715652
66671980
66728264
66846480
67052540
66924976
66743280
66750088
66793992
66867980
66879664
66755124
66757752
66708324
66835432
66946660
66824516
66732184
67742796
66829692
66677124
66749272
66888928
66867260
66700456
66754116
66788068
68016164
66675392
66909104
66790244
66711844
66769816
66666916
66713072
66826860
67124176
67167908
 
67039384
66777352
66751980
66682360
68654380
66677772
66796572
66810664
66803836
66835908
66796516
66730732
66727280
68829872
66795408
66743944
66713828
66811584
66854208
66879492
66826984
66735752
66823940
66709224
66642668
66638232
66758512
69225200
66840588
66752764
66697052
66694684
66807216
66799224
66696832
66729704
66637988
68346764
66848044
66699584
66745184
66658080
66694488
66835356
66906708
66835180
66829620
66692936
66818620
66640520
66727884
66736168
68606652
66775712
66658596
66690628
66841104
66749716
66682968
66641160
66817848
67874280
66823276
66633700
66691564
66813248
66815912
67000360
66653052
66785736
66893760
66725744
66751432
66751768
66640544
66963356
67050536
66797196
66843204
67043272
66984956
67080004
66761016
66661580
66866080
67661392
66713812
66907644
66773248
66728188
66725408
66841312
66863780
66684724
66806212
66694284
66725460
67428844
66797160
66687416
66729200
66875256
67161200
67026228
66946604
66826004
66985248
66689208
66668104
66742460
66717868
68944008
66649244
66833532
66977724
66841012
67244268
67134624
67174676
67146504
66998156
68578612
66818464
66726456
66823272
66754080
66774044
66676468
66788092
66861856
66602988
66727920
66799308
66858300
66818924
69373684
66756120
66838016
66743120
66666448
66833872
66805120
66751080
66644848
67815412
66828296
66819852
66631108
66690004
66669368
66658764
66750944
66707676
66824060
66833448
66784872
66802672
66703816
66698012
69129180
66751356
66754192
66656352
66783544
66752988
66868380
66799844
66748240
67656356
66652012
66694312
66712124
66754080
66753116
66702004
66800192
66743976
66778768
66690908
66661100
66787136
67003776
66796520
66738676
67684572
66777608
66808600
66825540
66769692
66794268
66625896
67470480
66815112
66831312
66814692
66841812
66693336
66808476
66672536
66775768
66772636
66854472
66632236
66608872
67776844
66825368
66825508
66773608
66792280
66797012
66745868
67297552
66759240
66805072
66842528
66711520
66647364
66656588
66644224
66665384
66788244
66797836
66776460
66767484
66731624
66899284
66763020
66745432
68660488
66829976
66723252
66886416
66949756
66695956
66748688
67473228
66717004
66765548
66838532
66773672
66807156
66785780
66682208
66846496
66753440
66860672
66725128
66664224
66703184
66818860
67028592
66736628
66947824
66689968
66606984
66658496
66640356
66783508
67571324
66676940
66623604
66790060
66666276
66656480
66696232
66806260
66756244
66627504
66783068
66792652
66766100
66825600
66767548
66697676
67023980
66670200
66729876
67147944
66827012
66708836
66764248
66652972
67713880
66666300
66697404
66799568
66753236
66593920
66668852
66667020
66779296
66669940
66678560
66599796
66673848
66770436
66768556
66820148
66799912
66790084
66913024
66659224
66814104
66888584
66658176
67286696
66724348
66792716
66839048
66710628
66704928
66685952
66642616
66795340
66781008
66905016
66752732
66732464
66760268
66873732
66872676
66739484
67803944
66862280
66795380
66809860
66864224
66839864
66904432
66863100
66879508
66803184
66801460
66737152
66702540
66853404
66909556
66887060
66770684
66811980
66677728
66694576
66756220
66932160
66888696
66844364
68960720
66706136
66748112
66676164
66731996
66698728
66872404
66777712
66822180
66755080
66732888
66746636
66822308
66850568
66729572
66774896
66788552
66730880
66702504
66834332
66785092
66818976
67678516
66852716
66878168
67125384
67690512
66822516
66788688
66800256
66878828
66832660
66862692
66668888
66845404
66701068
66728208
66888240
67101036
67035820
66991608
67081636
67161988
67103004
67099620
67053884
68042120
66839540
66715956
68030536
66694456
66719452
66765764
66827072
66776632
66696224
66719280
66791712
66847136
66669904
66773920
66638848
66676836
66785256
66823952
66810228
66717260
66684464
66699400
66783632
66799896
67795216
66687952
67506376
66812352
66777664
66702348
66756772
66611032
66594004
66769772
66686104
66755348
66814444
67030408
66886740
66747100
66817072
66721756
66821588
67704000
66696596
66623708
66784372
66736696
66832916
66757772
66705084
66696344
66609408
66681384
66683660
66673084
66798924
66659244
66806568
66712944
66728916
66823896
66830876
66798720
66740064
66656764
66825504
66849472
66762316
66738460
66841948
66720240
66884280
66832572
66679488
66773232
66705280
66717248
66871772
66808588
66875908
66732900
66831300
66729324
66666416
66888040
66813956
66839664
66973472
66875660
66763728
67033532
66786412
66861468
66729892
66670128
66731280
66834748
66751464
66823852
66637312
66759840
66882936
66627956
66708884
66762560
66830920
66819728
66736620
66808080
66828512
66809096
66730080
75359784
66903892
66819032
66754576
66790168
66668512
66742196
66777320
66850600
66830876
66629488
66715076
66788964
66853440
66796904
66816732
66741564
66803464
66716688
66723160
66837684
66874840
66813236
66815124
66663368
67258652
66789384
66718688
66997544
66700380
66722896
66869184
66777724
66732388
66778620
66734208
66837660
66853120
66764188
66890896
66687056
66770356
66774444
66728192
66744964
66740384
69159100
66653752
66748868
66779328
66735564
66682812
66782952
66950980
66711428
66715300
66720528
66861060
66791520
66896464
66786932
66888872
66813964
66955284
66698924
66706932
66751480
66841960
66758396
68578112
66688360
66781028
66784696
66674764
66743144
66658124
66749856
66832288
66742700
66726436
66667448
66788508
66950564
66659596
66695932
66859332
66673476
66765220
66667744
66747588
66802296
66605596
66647028
67148764
67468760
66810304
66650564
66691744
66685868
66757696
66818052
66795680
66692888
66841296
66857512
66642768
66752584
66672276
66678508
66841392
66749076
66689612
66695296
66856784
66774980
67874580
66699788
66607756
66789068
66724372
66673600
66679964
66806608
66818128
66720404
66626404
66702216
66922624
66741832
67191064
66661084
66763024
66806832
66782848
66653812
66804208
66835772
66829512
66670380
68203096
66804772
66790144
68839632
66705288
66798920
66798184
66745208
66611708
66697020
66740848
66843236
66790668
66663564
66784096
66746760
66691296
66844236
66653452
66836364
67258184
66986048
66741300
66668372
67972568
66789968
66827804
66682436
66682688
66802996
66899612
66772664
66626188
66687216
66751188
66753748
66625684
66629996
66623168
66775944
66754836
66839636
66755804
67614704
66789396
66782780
66726176
67079132
66740504
66725076
66784284
66724268
66657004
66648532
66751444
66745736
66672024
66722176
66759424
66771704
66819548
66719560
67140892
66723544
67920636
66596876
66698772
66704108
66772276
67034464
66634840
66735492
66752552
66667328
66637656
66695448
67150564
67021364
67067656
67177340
67168728
66694312
66716344
67066764
66774160
66876376
66642808
66842732
67126260
66849764
66631664
66633316
66749276
68039716
66668108
66664188
66755688
66807964
66798416
66666944
66692044
67037848
67140524
67056356
67019776
67206516
67154256
66959084
67051228
68136492
66873832
66789036
66706808
66693388
66809916
68014192
66678056
66680584
66770600
66738724
66676864
66727648
66700208
66570240
66674332
66696472
66787516
66682352
66667104
67847448
66683968
66633028
66702568
67376088
67332764
67021504
68125512
66787124
66682248
66704624
66635316
66715832
66815416
66687108
67117088
66838032
66716276
67001152
67247956
67096756
66974868
67945224
66797944
66590800
66682268
66695120
66811688
66913596
66799560
66624628
66671428
66775524
66798000
66674224
66825992
66662976
66775992
66770396
66739556
66692696
67004548
67070024
67191644
68040272
66702440
66618856
66803232
66754488
66768080
66670872
66723172
68686052
66769700
66760492
66680712
66740728
66717660
66850072
66757896
66673212
66703972
66804812
66681088
66600228
66768624
66768152
68558528
66778824
66690932
66688480
66812152
66887640
66762780
66888136
67130876
66819240
66795700
66666588
66745556
66795740
66861476
66718752
66773096
66716624
66815000
66730972
66861492
66700832
66757652
68187488
66737228
66767044
66669012
66691220
66727148
66771512
66665244
67263408
66766804
66740716
66721968
66671976
66764116
66719168
66635900
66776116
66696616
66903588
66730188
67995824
66726888
66815684
67121656
66754692
66730564
66674128
66757172
67615168
66841600
66789644
66703324
66711620
66692564
66983152
67067076
67137432
66972784
66650164
66807108
66828584
66688608
66648768
68567124
66632040
66697084
66729004
66816948
66871808
66814624
66672020
66663512
68134112
66804520
66754652
66671684
66712352
66779628
67006872
66683492
66727020
66686156
66821024
66614356
66711216
67024736
66802800
66810540
66602356
66683032
66799440
66752056
66601416
66883372
66835548
67763876
66758436
66661168
66633424
66832352
66792640
66742628
66692176
66648064
66734548
66831960
66685456
66795852
67492680
66880232
67113592
67157680
67109432
67028600
66713416
66825208
66754204
68912640
66739068
66658128
66640020
66751264
66712740
66647780
66734220
66744596
66828840
66728648
66667500
66730540
66748280
69045472
66652184
66747208
66658504
66696784
66751024
66855240
66691236
66747080
66681136
66904196
68297336
66612232
66608472
66661684
66762400
66802356
66730200
66609840
66718580
66814548
66792016
66846500
66658760
66759092
 
69135060
66755880
66686084
66630884
66708300
66793296
66880256
68236108
66660772
66714056
66815716
66758004
66850768
66784580
67025540
66792008
66955436
68546432
66665640
66694848
66828252
66776772
66673816
66671696
66725960
66790192
66666988
66811044
69172728
66743708
66631384
66732192
66832816
66658784
66643344
66667916
66799836
66671244
66753864
66689092
69030384
66697788
66828404
66654000
66709180
66606928
66714368
66723816
66679672
66700552
66818232
66662784
66738384
66698668
66687312
66773368
66832596
66797892
66811212
66655564
66713168
66767272
66713132
67171984
66627048
66706304
66753464
66804848
66620844
66602900
66692328
66671916
66695648
67776008
66689252
66750872
66670056
66659924
66777864
66713040
66712664
66831492
66670408
66783836
66715132
66689572
66788576
66863180
66767740
66636756
66712492
66730696
67277192
66851740
66659276
66695160
66769572
66785844
66989656
66715680
66750384
66796048
66777996
66646536
66696960
66803272
68814592
66709348
66628972
66819948
67012068
66735616
66640132
66651616
66770656
69424436
66689808
66797504
66715360
66721304
66730176
66810564
66760992
66765616
66648460
66769864
66681712
66690816
66725908
70081304
66766252
66764964
66806920
66702152
66670040
66833560
66658636
66786816
67019484
66840800
66665932
66834512
66615648
66693768
66792484
66800560
66786148
66794072
66685904
66712700
66679140
66743900
67255464
66932436
66752332
66749892
66658216
66706484
66831164
66730444
67516032
66684916
66720352
66776436
66840708
66744596
66747692
66711532
66694292
66813624
66869488
66802500
66838500
66846336
66724004
67639760
66800436
66804532
66687936
66776320
66705224
66707744
66935344
66703988
66842052
66684752
66746248
66644536
66741428
66750044
66733964
66811428
66787616
66721820
66613528
66714644
68786820
66752636
66679452
66686932
66736660
66821776
67635872
66689868
66675068
66742564
66810080
66778312
66666612
66713552
66707952
66699632
66793288
66768580
66623836
66676728
66713268
66730328
66706264
66680568
69309564
66652640
66669460
66722828
66943452
66631084
66622076
66692756
66696816
66739236
66650668
66698040
66722808
66822616
66736652
66762288
66749488
66631892
66737140
66743928
66736060
66848316
66679252
66897312
66820040
66717332
66725968
67542596
66727652
66867440
66811784
66807492
66817116
66713524
66764500
66806020
66870820
66714108
66791324
66688608
66817568
66815924
66790224
66705832
66826712
66780304
67929188
66664564
66701316
66919800
66841796
66640080
66704836
66712680
66829964
66743952
66810220
66738248
66681392
66733468
66854540
66747472
66830248
66603992
66688560
66719908
66699136
66775904
66777192
67689532
66705512
66830844
67773672
66766180
66697264
66653836
66703708
66782644
66775140
66762376
66671664
66676748
66702048
66731044
66824760
66700500
66760304
66732160
66802508
68028288
66749868
67355144
66856524
66727024
66769336
66754832
66712696
66810616
66760824
66764784
66856704
66831364
66804996
66825648
66881072
66736568
66743532
66767128
66781888
66735388
66853768
66750096
66957608
66687052
66804040
66832220
66765896
66678156
66725008
66778248
66751912
66759184
66887128
66778084
66525464
66686328
66695252
66649596
66670212
66656284
66726276
66799384
66647188
66702836
66756820
67210948
66672392
66757928
66740280
66754060
66693444
66668300
66656592
66837468
66687960
66763540
66645968
66658828
66784152
66780360
66640920
66723444
66778508
66838968
66633728
66697844
66747132
66595000
66962888
66672724
66814132
66753912
66741516
66664856
66718704
66910728
67015836
66689792
66762784
66807152
66870636
66823480
66713660
66736108
66801692
66919892
66773156
66622396
66756016
66770756
66719684
68535496
66697996
66750800
66643488
66605552
66810992
66790376
66641952
66705532
66758572
66683436
66804388
66663940
66707936
66772348
66715004
66664584
66732148
66863852
66586700
70030112
66616824
66759332
66820648
66744756
66651572
66729552
66821740
66687940
66621612
66762824
66687088
66734032
66754792
66650104
66645956
66773572
66743196
66738364
66643304
66663324
66727148
66706456
67976592
66657072
66783748
66815600
66747836
66638620
66678748
66745032
66729976
66820736
66783092
66645792
66671840
66672096
66795856
66739096
66802196
66642208
66702720
66771096
66825908
66804128
66883868
66602300
66664936
66694412
66769340
66750280
66771240
66842000
66808132
66712816
66843560
66710808
66672496
66863016
66654736
66706692
66715048
66686208
66742492
66683380
66733296
66811292
66824368
66665100
67794528
66734732
66812392
67144172
67031840
67057828
67206816
67126556
67025688
67040508
66841940
66845264
66689680
66768780
66753068
66793508
66786328
66781348
66723812
66664628
66799612
68479036
66774728
66732760
66676252
66661888
66637480
66820292
66693292
66740380
66695164
66698380
66823104
66760452
66652360
66742412
66763360
66823520
66764532
66696980
66706316
69370688
66772652
66670544
66738540
66810700
66667352
66679068
66742136
66798540
66673760
66694300
66746476
66852020
66728500
66718040
66660744
66788180
66684564
66729864
66599712
66671168
66791564
66727556
68452372
66589084
67280212
66785764
66611404
66697920
66713424
66790360
66675388
66684512
66708584
66697968
66735348
66797668
66755120
66813184
66722104
66673572
66830412
66825188
66815308
66729444
69245168
66771868
66706476
69234696
66784272
66630888
66673560
66642088
66698248
66798720
66936356
66923384
66946224
67064372
67006396
66913472
66995772
67064508
67011268
66944528
66645912
66844972
67134212
66818448
66658472
66633784
67069028
66821092
66708248
66910720
67022824
67001564
67042544
67127096
67107760
67024976
66980760
66654036
66711844
66687496
66645272
66674312
66774392
66791920
66779700
67758344
66636680
66989836
66818896
67104260
66898324
66673212
66688660
66701676
66797728
66781688
66692660
66742264
66711372
66766220
66815596
66707648
66737432
66631832
66669212
67557172
66818852
66621332
66608264
67787908
66673676
66680944
66683088
66680440
66762236
66824952
66758424
66780852
66626984
66657800
66697664
66800072
66682312
66936216
66624272
66730964
66919852
66827324
66757904
66802596
66705356
67886856
66712296
66786992
66687172
66665908
66645920
66691500
66717428
66686396
66679104
66799456
66727908
66704716
66683372
66664300
66663336
66770168
67923504
66760228
66724088
66702608
66977276
66663508
67043848
66723468
66802436
66649596
66646500
66696836
66823400
66749728
66562188
66598356
66663016
66769868
66697036
66612128
66751676
66628712
67817400
66759660
66769236
66767008
66711556
66652728
67576740
66666592
66805752
66721908
66775912
66610912
66708536
66719384
66748104
66665792
66755560
66791160
66653224
66531352
66620888
66662912
67578764
66745716
66656908
66621920
66667276
66838604
66654240
67452592
66655432
66677824
66788068
66700960
66704980
66680316
66762320
66756908
66635812
66698908
66753888
66752540
68668756
66727212
66664208
66818432
66689576
66602572
66687708
66911608
66784364
66658128
66734076
66729712
66791940
66754892
66824668
66740060
66751132
66619540
66655608
66725012
66844752
66658896
66651500
66618684
66610236
66780724
66745812
66651796
66889968
66791892
66983524
66711280
66684028
66715928
66850476
66733512
66730348
66672888
66731136
66715244
66748668
66706992
66593656
66818900
66612324
66839572
66802948
66619924
66696652
66638788
66806448
66746656
66642276
66783232
67449672
66659384
66838888
66636344
66597140
66703560
66679404
66716124
66734672
66794176
66671700
66802404
66709132
66871340
67422240
66593020
66664220
66698844
66734716
66694172
66629896
66663912
66704416
68727628
66597156
66691984
66749372
66777600
66619888
66684812
66836184
66752564
66601524
66677340
66668824
66744936
67925460
66656068
66674432
66749444
66733816
66859384
66691072
66763892
66772660
66714340
68602240
66764568
66640268
66751784
66748400
66820192
66627852
66725044
66863344
66705760
67416912
66720480
66803492
66658952
66687712
66778568
66750116
66786564
66718912
68135636
66799848
66843152
66727284
66697480
66833936
66846052
66719676
66667568
66763432
66830092
66824768
66814468
67745484
66922132
66788904
66851324
66675816
66794144
66716304
66740160
66725780
66742012
66737088
68418876
66608848
66724960
66845072
66712212
66645392
66740308
66787176
66643088
66768688
66651496
66787836
67678476
66594284
66686112
66808620
66798200
66725464
66735508
66794796
66861476
66791756
66643832
66715884
66945156
66884984
66715172
66815492
66779104
66768172
66645260
66855472
66787404
66650260
68897796
66696396
66778052
66863508
66715616
66567436
66688076
66744304
66728184
66848700
66665104
67021356
66653992
66720812
66903212
66747240
66785496
66677184
66698316
66748876
66748244
66845092
66706856
67209612
66744236
66604296
66659752
66710472
66781852
66695264
66788960
66789804
66728848
66706864
66876308
66742436
66697988
67158428
66714664
66815064
66767968
66703484
67944760
66692824
66644184
66736492
66838252
66681152
66714144
66661136
66574920
66622712
66795904
66746352
66669840
67798568
66673228
66806496
66766164
66724364
66752560
66751212
66660508
66566532
67678828
66675748
66646476
66695704
66674244
66645052
66692320
66818464
66741676
66718428
66652176
 
66683748
66739912
66795924
66758612
66875252
66732312
66714312
66695968
66815808
66656896
66718828
66574448
68003388
66713156
66674412
66632820
66620192
66657828
66798932
66641200
66713808
66675052
66672608
66747548
66783376
66661896
66654992
68381684
66657544
66804120
66657584
66645672
66637508
66649456
66879376
69171820
66752352
66658552
66685356
66789216
66785888
66655272
66675104
66740344
66629124
66686508
66795320
66681676
66799372
66668888
66690688
66844632
66742860
66588940
66718520
66782260
66641296
67305284
66791460
66692228
66813936
66680576
66668384
66661488
66768364
66666644
66638392
66667324
66763772
66667360
66738516
66687236
66679580
69045700
66818520
66661556
66665536
67746040
66651804
66753448
66672136
66677948
66787680
66748148
66693416
66682856
66701144
66765200
66613944
66658272
66655112
66716300
66832236
68066828
66733904
66652652
66722596
66794948
66720048
67527960
66698456
66661692
66821436
66634356
66662104
66708240
66768368
66747804
66757584
66626940
66673872
66692656
66678872
66822804
66899872
66756300
67296620
66623976
66685268
66856916
66740208
66801324
68943048
66699432
66789788
66782848
66762652
66628904
66671072
66733260
66683360
66802316
66727772
66673936
66745196
66649400
66599584
66645112
66657596
69231140
66525080
66728248
66614476
66762468
69047464
66710916
66622044
66665884
66709916
66775040
66677228
66695512
66790808
66725956
66753228
66598404
66730628
66836736
66747352
66823388
66719740
67498704
66644656
66660408
66715136
66810896
67989716
66628692
66677656
66676832
66789496
66752880
66641680
66676652
66683776
66776176
66678496
66779144
66672524
66673164
66682920
66774484
66737196
67333288
66750704
66829604
67327360
66688404
66846152
66704760
66738384
66822344
66622892
66695576
66829968
66777296
66618640
66691812
66666476
66840004
66778560
66666736
66719204
66910744
66802916
66800432
66641780
66757740
66984964
66766888
66656132
66641720
66688364
66756640
66777280
66649492
66705804
66745404
66736424
66636432
66675564
66832636
66771160
66690728
66652200
66821376
66718484
66772128
66651560
66678520
66718932
68136240
66720620
66671444
66702708
66737088
66785512
66684344
66679120
66765360
66761704
66659428
66684344
66613892
66779768
66733372
66764564
66635008
66694492
66818876
66781628
66803640
66896756
66731676
68545012
66659492
66642792
66785636
66724024
66717724
66757240
66779308
66760132
66864420
66781476
66774916
66831768
66748556
66710620
66719716
66857148
66756240
66817788
66678748
66781988
66712172
66641200
67631760
66584788
66687584
66647580
66622528
66850516
66720052
66701224
66669296
66684564
66681856
66733044
66755332
66779196
66671628
66649048
66690460
66676968
66848132
66757124
66644404
68935304
66801628
66743916
66640712
66706616
66819100
66740312
66641972
66716652
66982684
66938872
66974344
67081464
66899688
66706472
66683472
66703584
66732600
66673492
66694368
66735740
66794424
68718244
66676100
66817352
66745088
66782432
66634536
66734716
66809908
66772356
66641512
66699164
66795972
66758248
66604224
66713208
66715984
66834420
66643752
66768776
66663220
66657284
66641240
66783744
66769796
66735096
68381892
66672012
66781992
66677104
66725124
66664432
66635120
66784404
66736756
66687204
66697212
66876012
66751940
66682236
66706768
66760496
66776628
66646356
66657552
66786008
68033956
66633264
66672884
66901816
66687696
66697956
66776892
66679892
66655872
66818460
66747012
66676804
66662580
66781060
66810400
66753344
66666580
66685240
66686636
66690344
66745948
66808488
66646120
67522092
66703912
67013196
66699996
66781996
66701580
66780948
66853468
66720444
66717124
66781116
66830708
66749628
66824876
66723692
66722000
66800884
66738336
66680184
67003492
66590428
66689192
69084108
66630468
66619376
66688964
66636560
66709624
66658524
66665300
66701080
66791784
66774468
66653804
66659844
66816996
66741796
66685164
66642520
66835148
66630692
67113052
66748532
66783760
66665044
66851964
66730908
66711924
66730012
66712844
66772708
66702156
66779192
66714220
66720684
66798060
66747460
66755000
66741492
66706888
66822112
66795272
66727552
66701260
69165276
66714660
66669456
67768536
66788800
66770260
66801168
66740620
66663668
66791204
66855688
66778976
66748480
66746924
66674556
66776824
66895340
66753684
66728072
66735320
66957924
66708744
66907572
66722076
66730132
66740748
66874048
68165704
66669116
66777644
66654240
66693612
66692428
66644120
66675956
66820852
66731028
66680112
66615192
66674196
66681708
66661560
66665904
66818448
66770224
68599204
66597352
66710088
66658184
67302324
66592432
66797548
66728296
66680328
66690192
66795044
66714324
66694912
66702708
66661252
66781112
66747476
66664560
66716848
66826028
68749016
66715952
66737144
66673100
67951096
66798292
66594008
66679484
66676876
66794936
66647384
66626364
66801132
66638956
66680140
66692284
66700932
66748200
66656732
66725760
66815772
66681760
68523540
66619380
66838884
67124860
66993572
67674188
66768560
66771548
66815016
66601772
66683764
66636840
66823512
66685632
66768820
66649040
66698616
66654576
66806940
66702912
66689820
66732104
66673512
68036552
66622580
66701424
66794772
66648604
66769044
66685296
66728060
66831812
66728660
66794156
66695272
66699004
66649948
66698044
66861596
66665408
66685084
66777032
66694824
66629288
66736212
68071608
66751204
66650816
66690996
66788920
66751544
67195096
66654056
66767412
66784860
66728196
66627796
66625268
66683320
66754556
66647356
66622272
66686112
66770676
66664664
66821300
66724976
68647688
66741684
66795992
66686636
66676744
66820024
66741764
67804040
66669324
66788848
66671472
66657200
66716496
66718516
66664416
66771224
66705872
66667452
66760764
67784628
66675848
66651172
66668648
66808260
66763116
66859608
66647428
67793332
66785972
66737380
66709228
66622368
66701376
66685904
66785460
66718604
66754456
66679860
66628292
66747816
66781680
66662736
66753744
66672032
66674384
66646048
66813800
66687988
66650464
66638040
67013352
66810188
66680036
66815908
66696076
66692560
66688660
66736824
66874920
66758020
66785388
66723712
66725088
66762676
66910992
67132620
66622204
66703612
66777524
66757528
66638624
66749596
66755684
66788752
68506432
66734400
66791396
66598448
66683996
66733748
66805752
66804080
66709316
66736316
66862432
66821032
66755700
66789512
67414832
66640268
66801112
66706344
66682676
66638120
66702300
66788780
66699532
68775460
66625760
66638000
66618264
66587756
66692364
66682192
66720500
66712300
66661396
66795600
66896884
66722612
66986744
66665100
66671092
66800808
66732900
66788540
66682448
66619476
66669844
66655344
67251668
66721528
66669640
66630396
66697444
66693192
66781264
66727476
66806716
66776180
66782852
66757204
66803348
66699544
66713396
66655972
66663336
66611100
66741932
67964676
66722680
66578392
66661240
66704332
66779756
66779920
66734392
66650720
66673744
66677388
66816428
67580040
66611044
66648216
66681784
66698228
66753108
66757812
66677712
66773100
66708904
67296136
66760396
66654672
66661620
66815564
66719208
66665452
66686336
66693552
66748772
66738756
66653200
68957340
66862260
66755464
66772180
66568828
66627380
66677284
66769120
67057084
66992636
66654504
68779460
66760448
66661492
66650072
66759284
66737304
66751888
66654632
66670824
66800836
66885896
67140928
66672516
66800396
66696500
66658104
66674316
66663156
66732012
66660844
66647572
66667748
68923800
66804928
66670812
66602948
66717764
66791620
66670748
66614324
66673648
66698600
67450808
66896156
66666764
66683880
66774876
66931084
66671044
66686732
66774528
66762688
66662084
66680792
68879432
66756328
66595084
66688800
66773508
66651544
66814644
66642636
69275268
66667536
66655036
66739352
66571468
66605920
66719732
66674504
66707716
66624384
66726312
66659088
67074532
66850620
66668944
66672520
66768696
66634916
66690920
66655288
66663652
66676056
68863876
66741868
66781968
66642540
66651368
66735480
66762352
66683060
66677116
66702968
66763440
66791644
66673012
66679508
66616548
66794236
66839192
66838500
66684764
66783748
66725852
66901624
67523060
66758956
66646568
66701820
66682460
66658960
66783828
66718096
66785332
66646588
66641944
66697180
67033624
66640348
66779040
67008196
66653652
66728480
66730748
66764128
66633984
66695256
66851452
69308416
66668136
66728336
66675696
66757096
66699196
66658160
66689708
66758516
66652032
66705172
66645776
66764660
66693248
66665756
68607948
66816388
66739592
66702732
66596172
66857868
66669692
66673500
67249740
66683424
66675728
66652868
66653652
66768400
66728060
66658800
66709052
66756944
66787648
66800692
66668100
66625336
69054704
66688920
66777708
66673408
66662436
66785788
66763012
66619272
66695772
66805324
66669764
66658144
66707692
66790396
66727996
66687476
66699228
66783388
66773420
66660196
66686960
67491536
66611036
66746196
66658988
66673508
66671252
66766772
69031164
66671976
66713132
66801920
66671736
66671616
66677244
66785076
66695548
66668964
66661132
66773852
66738348
66617380
66655488
66736064
67743604
66710096
66735516
66683448
66750384
67060748
67755724
66778684
66630968
66680220
 
66709304
66672404
66773812
66769452
66773352
66642756
66662928
66757176
66761508
66663448
66685704
66732828
66743748
66889844
66631520
66777248
66711452
66648588
66668740
67500724
66694316
66740656
66654672
66689108
66779704
66664408
66649912
66800064
66607132
66688676
66667408
66669828
66814920
66745016
66653312
66668684
68942348
66768860
66770552
66703436
66639472
67800716
66736876
66719572
66580020
66674168
66774664
66741588
66669144
66656724
66814708
66637024
66836900
66619524
66693228
66753764
66691732
66993988
66679912
66655408
66872940
66817132
68061344
66782736
66699708
66683308
66661180
66687884
66751916
66658596
66603856
66654616
66834500
66775408
66662232
66679288
66779860
66897652
66690800
66874532
66735716
66932048
66691280
66615108
67003924
66690252
66694200
66713740
66688708
66678292
66792588
66757380
66745272
66792476
66626804
66672540
66658476
66776088
66760400
66694912
66822204
66674696
66871664
66748428
66713688
66670872
67839716
66779992
66677360
66664356
66685372
66648608
66762004
66631236
66628216
66754216
66673376
66776476
66686076
66716648
66706948
66663488
66708884
67041876
66659836
67768912
66716716
66711524
67821744
66808424
66771888
66676972
66727480
66687832
66758776
66834708
66796864
66758280
66652908
66624440
66771256
66629168
66674572
66659024
66793884
66921460
66666932
66683512
67591200
66705888
66664888
67392928
66696504
66608188
66812824
66723712
66711620
66762468
66649508
66603732
66739724
66766848
66620960
66658676
66794824
66638980
66645244
66796348
66757860
66661988
67977312
67881164
66754736
66776660
66638604
66646236
66704680
66821404
66744800
66776584
66790716
66661688
66716148
66767544
66774764
66595784
66681768
66728472
66692888
66846552
67772456
66778592
66740608
66759260
66662884
66756212
66675944
66679464
66670940
66758296
66797332
66735304
66755472
66666100
66606864
66622248
66721792
66663048
66662564
66730392
66933808
66721628
66812464
68244960
66650732
66755512
66691416
66678708
66783268
66767556
66759304
66631312
66670360
66762976
66677836
66749512
66616688
66603596
66764276
66729740
66751856
66603592
66671812
66699020
66738484
69856060
66659304
66687032
66811760
66715572
66657628
66689848
66770252
66740036
66752204
66642404
66674824
66723604
66748760
66669852
66672728
66801844
66652756
66663876
66657072
66762612
66753624
66673580
66732640
66961428
66748688
66678216
66690392
66679812
66819136
66722124
66674144
66727556
66754756
66746024
66648264
66650948
66799468
66681488
66627380
66668512
66714636
66698940
66777388
66710352
66725924
66691948
66653972
66659048
66710472
66709980
66749224
66700660
66696676
66619480
66655884
66673540
66708416
66640832
66643460
66678940
66668280
66654140
66692564
66603080
66682544
68207212
66641220
66634496
66734560
66695156
66673772
66625128
66737508
66714844
66670160
66706760
66650240
66758716
66685012
66622668
66616544
66690224
66659628
66768568
66730884
66824652
66635144
67908940
66655404
66602812
66749020
66670156
66730588
66700532
66659732
66760056
66784676
66688184
66649348
66774848
66713452
66679316
66763256
66739732
66882184
66791500
66741308
66801876
66771296
66635468
67656864
66691884
67138040
67024292
66983468
66991144
67024580
66943380
66686116
66673152
66692344
66719820
66682984
66744700
66662328
66667492
66799804
66731304
66671348
66620532
66742924
66774540
66952164
66892452
66699336
66832156
66783880
66775760
66773008
66667280
66717472
66689992
66812968
66744520
66837468
66694888
66675172
66707816
66718496
66710624
66729896
66851804
66784704
66815308
66808260
66667492
66755164
66714048
66846776
66761744
66731844
66778976
66727564
66718344
66796248
66659340
66810348
66733724
66679140
66741212
66728044
66656992
66793512
66723392
66729852
66759228
66724836
66949296
66649096
67772668
66784076
66669540
66657876
66679124
66841700
66766236
66675320
66727376
66678856
66739516
66700832
66733828
66722348
66770276
66657104
66754640
66673200
66659636
66623172
66650584
66830456
67694224
66650916
66771192
66638352
66668800
66697104
66685044
66663388
66807976
67080084
67106092
66963952
66683320
66684368
67927588
66644892
66844236
66615084
66686312
66627280
66816096
66660796
66853520
66610664
66683252
66765888
66670240
66686908
66689440
66684480
66617320
66810584
66761020
66717644
66512584
66678828
67816868
66666020
66829072
66677368
66699004
66765816
66720668
66684732
66681012
67451272
66772580
67098880
66809100
66636344
66818452
67088880
66607380
66711216
66664604
66741128
66789656
66667204
66609816
66748556
66757524
66710276
66674508
66826384
67474980
66658596
66651940
66638340
66790812
66727876
66668692
66664788
66788264
66643476
66651792
66716948
66811504
69477288
66652300
66685336
66669112
66770824
66736016
66782528
66713840
66618932
66757540
68444916
66666600
66619004
66664320
66799184
66705788
66686968
66663240
66813028
66700108
66810656
66704580
66760368
66656812
66773972
66671120
66665040
66757920
66716916
67576452
66637280
66725488
66677848
66772868
66676256
66776096
66635876
66677156
66785048
66755904
67850956
66744980
66820060
66728392
66818696
66710708
66728112
66778244
66855780
66815856
66705576
66719396
66707604
66726416
66785000
66709756
66730352
66693232
66686628
66780500
67603748
66672936
66721876
66795636
66692112
66852328
66706524
66809980
66718300
67410060
66695060
66765164
66660460
66667652
66806680
66816532
66625024
66653696
66767724
66773792
66667556
66633080
66835192
66760036
66654420
66764584
66694500
68599628
66734156
66685572
66638676
66784708
66737928
66779396
66646488
66662496
66655180
66752396
66736036
66679840
66630816
66795116
66735500
66592048
66710860
66861540
66697916
68866168
66711180
66646344
66662760
66668040
66673164
66650508
66826696
66706176
66758048
67501600
66701360
66654456
66690716
66806932
66836904
66790804
66732372
66875348
66780220
66938676
66851540
66704256
66653968
66680228
66799776
66799684
66669468
66734644
66772080
66921956
66826840
66768012
66707068
66729456
66736132
66702316
66821696
66725644
66803120
71598732
66728760
66723772
66829200
66769332
66775484
66725932
66716448
66731552
66815628
66983316
66819324
66712768
66731860
66756472
66819016
66725440
66836764
66683940
66751136
66701556
67533000
66786292
66743244
66646796
66664560
66792508
66748900
66684840
66696748
66798588
68675368
66848852
66640184
66668084
66777224
66661916
66655264
66697532
66836664
66756236
66678276
66645356
66715544
66654236
66697324
66804240
66758392
66692936
66749132
66639036
66675792
66768936
66682320
66724988
66622440
66674932
66699244
66758708
66577284
69367480
66601676
66781988
66765252
66646232
66655880
66679656
66721964
66724972
68943668
66671396
66680968
66870712
66716344
66675844
66694696
66746592
66680860
66642828
66663672
67639520
66787680
66645676
66805696
66719832
66767548
66735564
66789404
66968872
66815680
66773832
66774980
66721624
66689976
66716916
66861156
66716288
66803180
66696796
66659724
66750436
66793380
66814636
66699452
66737540
66689436
66779240
66773184
67114080
66662180
66741916
66734112
66808336
66788476
66649820
66721140
66791268
66724352
66848296
66722372
66947236
66696028
66738000
66760388
66803636
66796972
66781392
66806732
67393148
66789468
66862908
66802280
66679984
66743172
66725828
66700508
66809980
66727176
67951300
66701472
66719500
66708340
66726324
66805208
66731836
67077104
66719512
66653852
66674204
66679880
66803624
66741920
66692736
66646836
66685348
66660304
66700620
66680308
66765928
68698656
66672572
66683908
66770684
66714392
66746624
66628628
66692036
66786820
66685768
66611744
66672088
66772080
66760656
66664088
66622348
66755664
66676284
66643960
66659184
67525808
66750896
66669040
66657260
66760876
66762372
66736196
66637252
66666884
66796012
66740912
66765432
66668720
66632884
66653480
66783504
66627928
66653364
66686024
66705124
68872984
66699108
66663264
66699284
66769976
66736404
66646856
66688968
66685580
66663980
66662212
66665896
66654708
66758256
66706324
66646800
66680232
66722456
66799740
66698716
66859520
66709164
66725808
66706084
66667136
68542112
66745136
66673876
66738788
66662628
66674436
66667348
66682260
66711932
66758452
66677208
66637472
66678876
67379496
66679216
66729304
66683652
66699520
67428036
66678752
66741524
66647620
66708768
66752636
66762556
66667876
66682400
66606160
66696796
66597532
66680204
66672364
66859896
67057856
66742672
66658028
66709848
66726784
67402340
66584008
66717840
66696044
66658388
66688516
66765648
66764416
66673176
66677112
66675244
66678440
66677876
66715680
66917868
66801144
66756836
66730500
66696160
66723852
67224876
66813612
66708784
66710216
66724416
66740964
66796108
66815524
66874960
66754020
66784196
66744612
66683124
66713236
66765372
66752624
66824644
66735024
67492928
66654620
67521828
66653848
66678436
66730664
66591288
66650896
66629516
66640308
66641452
66762160
66627400
66734076
66978172
67011148
66617460
66682216
66733296
66735768
67099016
68313260
66744504
66607364
66679840
66670028
66786660
66680076
66817212
66742128
66703312
66697932
66827548
66791404
66714472
66710524
66827196
66785728
67584304
 
66689416
66744660
66708172
66734816
66739396
66704072
66702804
66758800
66665712
66687780
66848128
66770412
66773024
66713484
66729248
66722724
66807596
66952640
66672524
67203196
66623096
66788416
66722496
66587484
66666040
66671112
66682784
66659344
66682232
66683704
66795496
66689552
66652032
66779796
66735740
66703812
66649052
66647244
66684192
66680088
67009304
66715656
66699220
66695116
66696452
66767984
66769932
66654168
66655088
66718284
66721396
66793948
66751656
66621844
66662532
66684484
66703472
66739804
66758588
66746992
66682196
66669804
66686116
66711864
66785964
66752756
66713068
66761552
66711172
66687392
66753420
66649616
66793004
66654516
66643160
66685920
66688592
66761204
66746668
66774144
66699564
67615332
66726108
66645900
66732440
66692352
66780068
66683592
66682160
66651216
66666440
66681696
66675256
66692092
66808648
66673704
66909200
66657656
67179800
66673388
66810232
66715044
66703652
66663444
66695892
66690896
66697116
66698608
66584804
66623576
66608968
66773948
66595252
66688900
66802164
66703648
66645244
67739616
66639072
66661276
66660636
66668608
66707256
66708032
66697824
66666968
66698564
66708440
66766108
66727224
66755536
66683892
66676988
66768768
66971188
66582136
66719280
69503068
66594132
66671812
66694968
66693992
66597864
66656616
66605228
66665712
66736296
66638448
66753580
66675648
66671488
66730572
66690268
66587168
66728916
66659516
66733584
66932040
66604156
66633060
66645836
66614008
66653460
66636276
66672724
66662376
66692928
66649456
66663564
66771556
66732152
66686076
66612632
66755288
66722768
66620528
68717664
66712856
66746524
66729260
66662356
66650736
66753740
66676364
66662384
66649972
66714392
66787736
66699836
66658612
66757948
66692888
66976696
66675204
66745704
67711564
66744272
66791888
66777560
66704012
66747804
66708456
66690568
66716700
66747092
66806544
66763072
67173588
66973140
66709572
66704048
66813676
66786732
66869476
66721896
66729408
67140796
66759016
66715288
66792720
66682524
66631760
66738948
66664280
66737152
66781288
66700812
66848140
66717160
66727052
66733352
66759752
66851716
68862272
66707656
66645180
66794916
66655468
66670968
66691744
66675444
66737364
66721636
66710312
66739076
66646000
66654112
66703520
66689368
66811484
66654696
66716860
66679980
67841432
66758980
66722224
66664108
66651248
67794888
66813864
66806084
66728672
66734204
66849128
66809764
66730012
66660800
66767580
66703160
66818816
66794092
66841836
66684404
67622796
66802572
66650180
66768864
66648212
66656404
66681856
66748800
66651044
66586692
66663252
66794496
66690232
66798416
66672816
66738872
66719096
69087116
66769996
66721428
66731112
66595616
68116280
66758628
66666572
66718936
66644140
66700720
66578036
66718228
66599684
66580524
66697260
66699036
66686480
66623400
67094020
66625532
66639328
66687152
66811468
66739332
68516896
66599604
66718776
66709320
66659072
66686196
66773044
66639340
66687016
66719708
66685436
66683052
66696224
66674268
66797324
66756240
66842344
66662732
66787124
66695060
66763024
66695456
66686088
66677828
66783816
66809752
66665088
66701716
66744088
66775420
66686348
66615680
66671712
66774668
66689676
67741872
66746844
66587352
66680452
66723320
66705092
66667112
66710736
66670880
66756940
66732196
66746548
66690440
66702224
66781604
66794292
66700152
66701600
66697704
66868884
66734600
66694740
66712476
66729664
66892752
66684380
66704376
66777132
66683508
66723272
66701484
66692400
66739248
66716792
66720868
66794528
66662624
66928148
66682640
66723392
66705224
66715436
66702472
66812640
66674536
66788776
69336244
66740604
66750588
66752860
66635388
66662184
66785964
66725680
66671604
66621980
66684480
66640672
67189392
66781068
66829120
66941996
66715644
66691020
66728600
66856440
66729044
69037120
66736112
66659988
66659400
66663940
66719704
66768396
66671544
66623716
66668088
66592096
69197568
66741592
66684740
66698180
66760188
66691268
66643644
66679504
66703832
66784424
67489600
66678304
66673216
66767276
66811756
66794176
66744200
66731320
66629108
66710472
67634644
66648800
66734368
66652840
66611404
66731836
66766012
66699520
66744328
66773692
66756008
66663380
66633352
66671156
66668476
66666076
66796888
66688076
66877604
66630728
67022796
66708876
66661348
66650024
66773212
66764836
66739764
66822348
66606056
67583656
66739176
66738632
66797568
66710616
66717484
66800840
66696180
67735608
66762924
66705660
66625004
66649396
66796512
66744712
66745464
66768416
66864396
66710504
67724156
66766068
66706904
66731996
66688264
66709816
66569364
66676000
66719436
67052968
66676844
66708676
66684884
66672616
66690212
66680572
66759472
66698240
66738896
66688296
68267560
66756276
66757336
66645356
66668160
66775412
66692368
66813624
67796748
66744752
66756888
66856140
66759216
66842248
66791544
66744428
66673100
66710420
66788504
66697428
68267752
66684580
66700732
66711416
66673820
66704880
66786984
66620984
67880716
66684724
66656068
66815456
66715128
66719368
66721648
66773240
66695512
66727340
66719604
66703120
66662124
66917628
66694936
66644416
66648932
66681568
66787904
66758892
68383924
66667160
66738508
66746424
66715164
66696484
66758176
66731580
66737624
66770984
66835876
68755572
66732784
66727840
66682548
66675320
66660952
66760672
68545376
66729084
66598652
66684112
66621432
66708936
66764220
66746316
66686100
66739236
66793756
66826232
68482816
66683372
66692112
66730036
66836824
66734352
66779976
66792168
66661860
66664552
66758724
66710364
66737648
66606336
67564388
66680868
66758180
66659140
66751404
66685312
66629460
66860284
69153432
66779748
66725036
66816008
66743780
67100400
66851000
66791492
66708112
66803152
66723380
66674976
66688208
66759688
66807312
66816704
66658336
66742596
66781652
66836656
66809700
68329568
66652956
66717568
66745244
66706240
66650388
66708092
66696116
66684068
66655920
66674552
66696744
66660548
66745760
66748216
66677104
66633740
66767800
66760892
66689492
67588812
66642584
66651428
66721864
66684084
67444532
66645464
66711104
66635132
66654452
66688596
66704200
66802216
66750140
66654052
66604864
66699952
66661820
66687404
66786268
66673708
66661240
66636944
66891492
66735284
66688764
66708896
66668580
66683032
66787596
66678432
66804896
66699392
66730868
66767364
66763828
66648940
66632928
66657956
68765388
66737704
66669380
67304740
66627304
66644928
66677480
66761416
66681232
66742084
66666528
66688080
66753140
66657720
66596748
66707424
66721736
66650764
66756720
66680096
66732176
66722272
66749716
69272604
66665912
66632460
66655916
66742812
66637232
66661476
66715884
66571376
66664168
66680552
66729248
66597108
66658332
66707808
66714308
66666660
66632580
68341396
66686180
66694284
66589844
66636236
66668448
66656940
66742852
66717868
66654908
66716536
66640104
66686088
66764796
66648940
66647876
66693600
66673300
66687420
66692920
66797304
66709892
66688060
66642088
66667920
66725540
66678404
66692564
66681828
66743432
66714772
66623384
66650048
66780932
66717012
66641276
66659188
66790276
66744668
67742344
66774908
66761116
66669228
66612972
66640104
66723488
66756952
66662620
66662840
66743356
66654212
66678812
66613936
66737592
66689632
66678844
66606324
66757240
66779816
69202104
66709732
66760316
66711152
66724044
66655720
66646400
66750372
66736204
66765336
66642184
66695160
66663928
66667180
66778812
66699712
66788464
66655448
66653984
66651728
69019388
66786640
66648748
66664508
66743584
66773116
66683652
66676812
66728624
66708672
66693024
66705656
66747348
66693640
66675588
66664908
66764252
66617344
66715560
66545128
66647172
67699624
66734052
66650184
66674256
66735436
66745576
66676032
66678208
67059380
67032740
66666408
66668148
66726912
66618632
66665076
66752596
66834568
66688144
66755684
66952360
66691276
66676392
66677596
66758620
66758080
66689236
66646184
66619732
66688192
66671720
66709572
66696396
66746580
66690892
66729536
66733992
66704136
68871600
66670968
66694832
66674780
66662788
66685072
66698984
66740412
66764768
66724044
66741296
66689428
66658508
66692120
66670400
66753200
66609168
66653816
67550708
66628668
66638256
66772660
66673880
66685516
66693044
66639652
66705328
66660300
66635424
66651068
66728532
66698500
66593388
66633908
66731652
66789444
66689748
66589376
68111112
66714316
68284484
66698088
66666740
66578284
66707408
66659728
66693236
66682076
66674496
66659268
66705004
66769040
66703956
66723104
66704128
66762532
66766300
66678780
68624488
66757628
66642356
67065044
66823312
66742676
66736480
66691712
66781280
66659688
66732304
66742060
66852080
66804540
66755244
66729960
66726076
66802872
66792956
66728800
67774280
66822444
66835304
66722752
67616116
66804852
66841884
66744552
66654772
66696260
66703160
66794916
66828364
66703112
66738316
66684092
66709916
66946144
66728944
66757068
66630756
66715388
66673556
66734420
66683384
66728672
66681128
66682104
66707808
66767108
66690248
66716600
66741500
66687604
66721688
66679420
66682920
67055648
66708836
66748360
66722156
66699268
66949088
66697548
66662512
66686240
66717172
66690932
 
