Procesando...
  Filtro             : sierpinski
  Implementación     : C
  Archivo de entrada : lena.1024x1024.bmp
64380236
64322312
64331724
64238032
64204032
64209568
64212816
64168576
64182588
64303304
64301424
64193300
64194948
64264568
64358836
64250896
64206904
64271332
64308852
64251204
64212652
64225044
64323012
64197932
64274980
64263624
64215952
65472884
64370840
64141064
65088920
64273356
64221948
64226848
64243584
64313356
64146384
64244200
64322224
64320220
64306688
64277968
64205868
64298516
64226772
64239004
64239140
64265084
64272544
64232992
64264196
64289440
67132280
64275368
64228648
64227520
64463596
64229080
64242436
65580316
64412432
64226760
64326732
64219880
64215832
64231152
64281636
64244328
64253128
64231564
64281376
64190752
64207488
64224220
64298092
64382020
64365120
66974972
64267512
64292052
64350540
64287264
64245092
67057224
64402964
64255796
64284300
64348832
64306684
64238932
64380784
64270512
64231100
64162900
64230428
64273972
64212064
64318820
64230784
64203816
64185144
64217012
68216680
64362720
64260788
64261068
64301304
66514552
64238640
64299172
64201956
64251876
64148988
64181520
64302580
64262752
64273800
64217768
64201656
64227252
64221028
64184260
64206016
64235120
65309180
64409072
64294264
64316212
65158604
64527284
64212288
64202364
64485800
64248252
64171684
64246512
64202380
64184244
64206952
64264804
64213748
64193360
64234760
64212860
64243460
64210816
64221048
64301684
65016760
65313948
64210056
64213656
65111888
64235632
64313708
64329964
64380212
64334584
64331560
64268296
64195680
64192500
64263052
64274424
64299384
64286524
64233688
64290080
64286504
64243616
64550508
64219084
64291036
64614764
64174548
64228072
65495592
64281540
64254484
64257248
64184332
64227284
64230808
64234920
64229528
64234052
64405744
64295088
64226516
64296860
64240328
64231516
64197952
64324364
64320732
64287404
64314068
64893952
64189992
64290188
64621940
64299588
64352628
64287080
64276268
64302300
64311600
64309244
64277252
64287236
64296172
64266168
64343592
64393668
64391616
64363992
64310236
64302404
64286936
64289540
64301576
64288688
65008676
64285032
64290624
66212528
64281620
64363568
64436516
64294036
64287788
64260404
64203808
64231872
64332144
64379560
64260756
64357776
64291112
64316100
64322848
64415580
64314632
64284000
64912224
64288872
64256020
64293168
64182100
64320696
64288372
64294480
64301688
64329548
64327580
64325780
64249448
64296908
64292628
64300516
64356604
64323972
64333392
64283076
64176536
64194188
64284060
64263748
64278924
64949156
64288700
64316684
64290688
64341028
64251360
64335696
64325804
64396580
64368736
64346244
64347560
64338464
64339008
64308424
64285816
64280480
64305012
64283952
64158860
64237616
64321060
64172352
64279580
65367660
64234696
64276668
64231240
64209552
64189000
64238480
64245736
64280168
64239636
64241000
64275448
64218740
64279412
64247568
64237576
64206820
64308772
64258736
64386416
64293328
64244220
64362272
64177180
64219460
65354228
64308984
64232936
64350692
64350528
64252444
64255572
64320144
64324504
64331360
64317664
64281968
64226064
64262772
64248568
64331288
64328192
64346480
64304784
64279244
64314164
64214124
64284212
64365448
66142584
64365868
64351232
64317228
64244796
64369164
64351596
64322176
64352488
64337136
64409116
64333392
64367392
64350300
64334468
64268980
64373276
64335156
64358416
64283252
64332172
64396196
64303428
64850612
64205116
64378988
64343624
64326308
64333652
64351480
64327452
64306460
64301416
64352300
64298784
64343848
64336504
64268212
64327708
64304264
64309424
64304164
64295916
64368220
64260640
64291216
64314492
64344220
64297440
65550388
64285152
64264416
64319904
64309396
64290232
64292600
64280928
64282544
64327056
64325960
64349876
64318384
64321812
64337084
64264824
64268088
64308340
64294112
64265444
64290668
64373184
64341032
66641260
64312632
64275652
64286748
64203240
64334612
64444516
64287260
64283012
64292040
64309360
64309776
64248452
64274980
64269172
64299480
64217872
64299792
64330188
64271580
64355656
64256332
64245596
64307632
64253120
64195724
66600588
64269440
64309004
64356420
64278976
64242140
64364276
64683404
64330468
64292188
64599760
64265608
64715516
64325988
64265584
64466248
64587508
65422508
64256512
64801912
64305148
64267980
64353904
64318532
64375164
67028980
64284304
64345124
64296468
64317160
64277696
64278588
64257132
64283400
64262624
64309404
64279072
64307688
64323140
64332520
65131240
64230720
64307724
66960044
64268656
64265156
64354048
64709228
64262228
64297088
64257804
64305104
64319920
64298980
64299216
64308340
64207860
64238860
64206460
64199556
64187388
64198888
64284652
64258944
65387100
64267456
64212188
64933892
64231352
64231736
64188300
64234696
64138092
64263416
64271228
64216980
64258352
64203456
64221672
64175432
64226280
64240580
64344384
64288684
64228652
64258756
64236528
64175672
66896568
64215340
64308312
64197100
67040096
64233396
64222548
64214728
64266668
64299500
64293904
64207864
64221220
64211860
64303480
64345504
64288392
64248392
64306944
64255788
64217060
64327952
64289100
64238920
64968260
64345092
64259416
64279244
64269436
64829208
64249012
64324412
64276780
64306128
64257288
64309176
64209840
64258960
64252756
64331480
64277828
64297092
64249240
64324836
64439980
64316596
64351760
64337016
64967076
64275960
64299652
64291784
64277264
64338468
65569456
64364012
64285124
64302980
64279760
64347296
64324368
64297088
64311568
64246408
64242184
64355172
64358216
64485616
64294512
64306168
65034984
64360628
64284384
64292880
64295556
64215944
65334752
64304248
64185504
64212424
64270324
64205680
64357516
64298872
64298356
64245128
64365004
64273124
64288164
64382256
64472988
64464592
64314992
64256260
64777552
64276440
64289400
64296036
64651600
64232420
64292676
65403400
64357944
64338908
64388728
64326176
64306420
64300028
64376928
64345952
64338024
64311152
64268152
64308148
64279896
64283548
64216024
64301136
65649400
64296476
64292208
64259396
64325200
64307824
64303928
64299580
67051544
64273276
64296904
64316648
64312568
64300108
64309960
64263664
64269860
64275840
64298076
64322388
64354004
64285916
64315304
64336176
64225748
65022060
64216128
64187244
64268096
64225548
64256372
64233488
64223680
64353688
65241132
66017872
64246520
64212044
64218004
64194384
64224980
64341408
64300644
64250760
64186884
64230992
64403380
64377588
64291600
65102164
64516756
64238320
64174816
64233872
64231636
64200984
64303564
64224748
64209404
65021416
64241380
64607484
64239440
64784640
64273564
64294636
64272924
64196600
64219740
64229392
64264088
64277768
64287340
64280732
64284312
64343600
64305980
64276632
66299568
64326028
64269924
64354452
64301084
64240980
64287644
64259012
64443740
64226664
64277864
64273996
64350100
64289368
65324004
64435216
64319016
64320368
64285416
64241944
64277904
64345528
64300328
64278208
66941484
64395568
64364100
64289884
64293684
64312964
64272204
64217000
64258524
64271160
64353512
64338936
64415576
64366352
67088400
64291056
64286348
64264224
64382968
64299236
64278496
64384356
64296084
64295952
65645628
64297236
64277760
64350872
64410704
64358460
64364416
64292632
64276012
64318464
64288628
64299428
64345516
64403872
67116488
64384632
64247976
64254528
64242336
64325488
64382976
64441252
64223620
64317160
65089644
64251372
64251716
64258292
64345032
64349752
64335268
64387536
64319932
64276672
64258340
64403292
64390876
64309940
65166980
64287204
64305584
64304616
64297300
64325344
64209992
64253540
64324276
64350744
66698160
64284996
64290580
64260016
64168308
64245396
64228392
64320508
64294152
64319848
64248380
65516040
64190612
64241752
64226248
64230728
64326996
64305036
64232192
64215844
64151508
64258672
66710672
64228680
64292204
64301272
64276572
64253004
64147184
64188904
64238196
64228524
64334160
64258536
64171672
66956960
64226568
64211980
64354500
64301420
64326644
64242396
64228644
64240800
64244116
64425064
64300692
78709018
64228148
64220968
64239608
64276032
64282240
64262584
64268088
64278488
64209592
64349192
64265108
67322084
64308756
64311732
64231220
64166872
64251188
64175224
64212788
64345308
64212076
64341644
64216836
64200992
65134220
64228524
64521636
64274660
64341216
64243336
64245828
64595128
64322216
64239772
64273388
66139480
64305848
64300660
64228412
64323508
64232636
64225924
64258456
64209936
64205552
64268076
64200156
64278376
65354036
64192844
64301508
64293980
64439320
64331780
64224448
64211424
64278936
64223988
64197580
66596768
64231180
64312948
64216748
64216628
64222508
64270360
64244340
64288424
64298172
64279500
64230852
64163072
66638272
64298324
64287252
64291172
64236348
64111724
64224288
64281092
65332064
64271568
64237060
64239472
64189268
64236996
64135188
64236876
64218624
64314268
64368836
64235192
66992188
64242148
64176444
64213016
64205232
64306292
64206832
64304708
64278212
64253352
64177608
64996912
64290984
64169664
64256060
64219944
64251132
64214604
64187168
64213772
64193848
64209304
64267608
64209272
64224204
65134316
64277568
64303856
64323392
64225868
64272412
64256888
64238364
64252432
64162680
66828416
64255644
64226436
64279724
64175076
 
64234648
64205696
64278052
64321856
64279264
64229224
64243328
64199048
64271016
65453544
64289964
64317740
64220776
64275716
64294048
64258124
64274016
64383976
64298616
65323660
64292576
64230648
64221832
64221920
64308084
64260744
64304420
64259260
64292196
64216176
64241916
64298448
64226368
64225320
65506688
64293416
64204504
64171996
64207312
64269680
64313272
64254164
64234608
64261648
64768124
64164296
64188020
64196424
64200704
64224456
64272948
64238960
64242684
64269028
64590396
64720320
64556116
64201852
64323904
65837612
64197412
64328468
64189076
64251884
64303488
65452544
64207640
64197008
64182020
64254620
64282708
64281808
64216096
64177564
64229640
64260644
64245872
64348488
64331376
64462984
64346616
64914708
64617872
64286480
64284784
64307172
64297372
64339964
64573104
65652472
64559048
64299620
64305208
64215068
64234960
64291116
64282332
64296728
64259928
64254512
64319268
64280244
64301728
64219200
64296080
64328020
66159376
64312684
64261164
64298892
64299820
64233052
64278476
64270332
66518184
64277212
64288444
64263544
64314180
64278504
64299624
64317176
64275336
64289596
64325012
64270204
64324840
64272364
64236392
64291840
64293908
65624052
64275552
64244584
64285624
64346568
64286096
64291768
65230388
64354448
64369148
64315264
64377452
64253212
64284512
64388988
64253284
64266616
64346444
64285572
64282852
64324684
64316264
64304220
64290972
64316572
65621232
64325872
64365276
64336700
64306792
64406224
65221756
64360132
64309916
64634024
64282820
64202632
64372624
64362260
64394936
64266688
64293420
64270524
64323652
64368424
64272244
64389288
64354536
64282484
64291696
65565000
64310584
64294156
64885492
64389232
64389840
64343084
64163512
64277264
64253112
64290580
64220072
64241836
64262388
64283644
64306444
64314652
64303672
64320168
64296352
64302880
64348472
64290348
64905904
64501596
64462072
64337640
64307936
65375752
64367264
64352860
64373304
64174368
64312676
64299000
64212268
64251684
64229856
64249716
64308856
64315352
64324980
64221296
64238348
64262332
64180532
64454036
64216912
64243272
64627692
64354784
64278600
65355244
64348420
64283772
64321420
64235432
64189848
64248720
64199628
64192448
64218452
64207144
64371960
64230132
64267864
64367424
64380264
64225324
64356788
64457036
64282388
64368544
65151324
64474056
64358500
65059328
64269784
64297844
64279780
64293540
64307184
64222704
64330136
64293136
64349892
64270076
64294700
64295724
64242644
64309016
64291460
64278068
64387192
64368400
64352156
64270172
65488844
64237048
64302500
64810540
64349920
64290216
64361156
64324244
64296468
64331372
64354800
64249332
64260852
64357896
64316952
64330256
64353020
64264160
64249492
64272232
64256476
64266928
64259480
64289484
64342204
64248748
64251724
64378020
64301088
64259356
64275404
64217252
64307064
64333380
64341992
64305396
64433688
64370400
64353432
64414628
64361588
64403152
64349172
64349968
64321780
64331012
65879580
64313388
64349340
64326644
64351120
64320632
64373436
64304344
64304436
64322468
64293020
64281096
64204016
64272820
64296200
64286640
64243056
64255020
64303104
64354664
64271388
64281984
64387204
64296812
64242508
66368932
64272660
64355260
64242312
64244204
64262056
64325860
64254832
64258644
64282292
64250560
64337248
64316236
64361828
64255472
64314388
64285236
64281920
64222692
64321420
64371004
64338212
64272716
64251132
66227852
64235352
64301472
64212620
64232460
64287796
64261936
64269168
64317648
64336312
64384628
64284988
64322932
64340564
64363128
64287952
64276684
64339704
64285260
64268400
64269780
64277604
64277536
64210324
64260004
66461084
64259876
64333896
64284216
64273972
64304004
64264208
64280844
64258792
64267396
64349816
64265888
64291096
64282804
64291200
64299780
64294772
64185844
64331156
64237176
64344620
64301120
65043776
64310132
64290984
64323592
64263944
64285524
64308132
64309600
64336324
64416160
64394548
64351900
64343036
64354556
64342788
64297292
64359044
64294132
64293140
64318016
64321948
64326164
64360184
64421044
64304616
64301532
65172796
64303728
64367800
64310316
64274336
64269588
64284252
64369136
64328456
64288676
64354092
64300720
64272496
64273928
64287240
64317052
64275776
64366780
64290988
64457376
64366464
64320116
67079204
64310436
64284664
64259296
64336564
64360112
64288516
64272072
64307864
64317996
64287028
64217352
64213572
64273120
64366936
64338116
64311692
64272512
64288896
64254388
64385000
64365176
64331440
64300044
65840680
64248020
64293900
65775080
64228432
64317204
64286040
64366628
64282584
64261768
64215268
64210336
64281368
64217064
64236368
64285940
64295436
64191640
64200960
64196784
64286264
64265016
64281708
64330816
65087152
64448616
64405996
64328648
65234788
64285716
64347960
64325472
64348248
64385496
64387708
64401004
64375984
64349032
64318784
64412484
64332120
64329824
64344360
64360844
64291268
64288312
64339452
64352180
64307364
64362752
64952096
64283416
64358496
64404672
64349376
64359040
64333340
64334228
64314632
64362120
64340532
64366704
64358368
64391148
64342236
64334568
64364156
64417472
64435100
64373392
66664956
64576396
64322888
64624516
65207220
64220556
64294712
64269992
64282660
64336764
64374736
64265324
64352508
64344612
64229124
64286380
64257340
64324128
64484960
64308180
64299988
64300200
64320832
64300312
67016708
64247628
64340804
64235020
65667240
64298944
64321592
64287144
64275188
64232856
64252064
64257324
64252440
64269528
64285236
64282428
64275816
64315812
64340520
64331356
64330512
64282016
64352320
64317132
65481048
64328236
64263984
64259844
64272700
65496336
64262192
64338292
64311600
64331940
64270696
64340240
64267348
64269460
64253016
64355700
64365120
64214264
64369540
64278608
64313676
64271808
64253100
64262440
64878180
64548096
64280564
64275860
64252800
64285492
65144732
64316244
64318656
64284396
64414896
64226528
64279292
64278024
64306160
64300572
64323040
64273840
64292360
64218656
64311168
64383072
64551056
65202216
64252412
64313396
64605544
64342140
64996004
64199012
64263300
64286928
64185444
64196132
64201336
64322504
64179248
64333024
64226720
64273348
64187560
64296620
64169012
64234380
64206068
64225288
65025176
64317036
64323824
64246452
64428284
64278400
64198632
64854104
64199756
64240684
64303708
64239916
64209600
64314012
64187332
64285972
64243836
64210132
64203768
64224276
64267848
64308152
64233588
64214948
65550280
64183192
64264792
64212460
64299676
64290628
64218568
64867064
64313784
64303284
64329880
64328588
64316640
64253372
64275744
64331920
64239808
64218100
64217660
64272424
64284852
64308900
64350132
64236732
65469412
64286720
64344460
64238624
64290360
64770764
64328900
64207372
65405508
64305516
64226640
64198560
64288016
64290672
64302232
64265224
64298644
64266348
64230560
64202016
64224448
64291016
64461096
64376828
65469316
64340268
64242456
64214264
64205244
64212316
64211528
64274276
65737724
64224360
64353032
64342264
64247196
64278908
64234204
64179672
64223868
64225980
64354212
64291772
64301440
64239272
64263312
64199780
64187424
64186380
64205148
64327784
64258488
64275020
66201232
64343360
64250472
64257116
64244436
64192836
64256256
64234284
64319772
64297676
64310428
64260428
64235352
64241024
64326880
64880472
64447688
64283568
64262928
64302564
64309916
64220032
64246992
64221232
65841572
64193064
64272900
64267304
64405132
64265500
64220312
64168832
64196468
64201348
64152540
64272836
64201236
64347948
64214720
64209656
65482660
64345896
64219540
64304020
64253052
64208244
64310940
64221444
64261240
66662684
64299792
64233376
64186524
64192168
64210816
64242552
64279792
64284828
64283472
64246808
64253344
64298408
64228344
64239916
65143868
64336876
64274700
64275700
64207208
64263764
64222484
64158668
64225816
64261420
65369404
64252840
64293924
64246928
64209376
64282568
64228464
64317004
64296908
64276592
64239112
64274072
64400520
64338384
65491956
64336276
64281208
64325664
64364588
64312896
64310040
64390928
64380688
64676112
65259348
64357400
64392780
64332796
64312692
64327648
64252968
64296980
64311584
64302488
64265432
64241320
64296480
64342492
64261376
64317724
64326336
64250376
64330276
64288952
64263964
64317968
64285628
64264692
64221324
64292320
64645484
64241932
64342772
64277148
64236700
64210480
66673264
64251896
64176940
64223628
64182948
64493340
64221372
64232140
65391612
64263072
64271416
64232388
64183964
64215444
64233660
64211952
64214552
64229252
64232128
64239220
64252928
65509684
64237496
64343768
64284312
64291968
64347228
64252348
64267212
64331912
64498996
64197128
65121804
64317476
64287680
64278908
64220676
64278516
64236548
64350248
64306040
64296464
64264116
64578644
64278256
64307264
64731120
64341336
64276836
64272796
64353568
64297724
64202684
64253992
64200768
64247436
64207036
65053304
64241948
64269464
64240092
64354264
64294212
64326488
64322848
64371468
64333904
64358816
64355572
64371476
64315588
66551448
64280876
64347456
64293200
64317508
64314004
64233440
64329320
64327860
64329032
64272180
64319980
64273172
64250000
64229360
64248384
64234968
 
64302812
64388628
64290852
66409720
64229452
64218840
64262108
64254248
64278028
64252148
64287948
64210996
64229376
66241888
64294392
64286960
64262548
64242620
64121980
64138300
64209464
64242772
64187688
64211704
64271352
64347712
64290016
64330832
69632780
64323168
64282520
64284820
64257696
64352904
64415848
64268008
64299748
64872024
64224500
64273136
64293444
64282620
64268120
64356196
64308956
64302552
64268012
64296776
64299072
64304428
64501208
64265884
67538604
64258364
64327860
64279812
64227364
64336376
64413248
64250932
64977200
64859412
64311576
64337220
64223984
64415760
64349784
64237144
64283556
64243852
64276752
64297596
64378084
64328672
64487000
64336224
64305688
64845560
64378920
64287644
64335728
64322900
64232012
64280092
64566312
64246000
64280384
64293188
64301644
64262700
64288696
64256160
64197680
64270648
64314728
64317412
64278060
64291440
64407168
64301116
64264944
65003864
64324868
64331920
64311452
64375948
64324040
64297432
64316768
64306192
64368028
64320052
64356236
64353208
64249696
64401016
64230136
64376312
64259820
64299752
64316220
64246236
64291408
64865968
64389944
64362992
64405228
64410956
64348552
64296660
65391176
64322200
64317268
64310896
64395496
64338712
64367732
64336440
64345804
64391112
64307892
64401480
64385980
64337232
64733296
64338252
64346108
64894120
64303004
64326024
64295260
64313060
64331844
64341064
64775992
64324044
64319932
64361776
64271424
64389184
64379940
64217352
64280808
64380616
64319420
64332772
64304196
64340748
64251740
64225408
64235692
65205328
64255968
64267760
64200712
64318908
64260616
64226208
66425292
64208692
64218548
64268144
64280496
64203228
64311432
64275808
64207640
64238096
64218952
64244632
64358964
64315620
64336448
64168524
64172028
65270212
64247120
64206396
64323916
64408292
64268360
64263920
65563124
64225220
64297920
64269472
64250372
64192448
64282228
64219912
64313740
64295312
64354580
64262192
64212968
64220820
64230832
64279684
64200568
65554048
64213588
64219232
64276860
64219012
64245348
64287508
64268796
64306320
64199312
64240568
64176772
64248552
64284616
64277204
64224404
64227816
64223276
64376684
64286808
64283900
65435540
64201036
64219512
64321764
64210276
64288520
65431468
64233876
64224448
64152216
64208228
64186876
64203192
64208356
64311184
64219868
64230084
64268888
64245212
64282828
64289828
64253024
64204908
64220260
64221600
64621180
64250276
64344900
64306656
64182916
65804068
64238088
64200844
64247360
64220664
64224432
64198620
64253220
64290776
64390268
64158452
64292340
64296004
64301448
64329232
64195164
64289068
64236672
64219448
66319796
64299288
64513900
64300324
64324124
65075300
64272640
64312132
64364120
64257828
64224316
64276988
64311260
64260592
64286544
64380824
64419616
64274572
64293988
64352848
64282072
64271232
64312476
64293456
64310064
65845132
64327924
64359384
64331788
66197988
64304116
64209464
64302188
64311468
64305928
64252100
64301720
64292180
64325968
64280820
64217188
64211236
64265136
64312580
64200600
64288908
64399776
64406356
65599596
64413252
64245400
64297744
64283280
64354584
64309336
64234112
64357400
64249556
64255816
64290380
64256376
64296444
64311316
64248772
64337900
64341284
64237776
64329068
64321700
64249104
64282960
66056148
64303056
64364884
67403524
64297524
64237532
64294744
64377452
64257932
64295608
64324552
64277448
64222352
64318100
64224916
64325280
64310020
64232136
64301780
64298032
64275608
64276504
64480656
64313624
64316700
65318244
64258884
65473580
64345696
64270448
64296664
64338348
64253172
64307632
64241764
64221980
64151780
64231404
64264324
64235532
64266592
64287088
64291364
64303316
64238400
64308360
64283084
64298536
64240756
67218188
64273820
64361200
66674644
64310964
64270556
64315908
64241504
64253848
64280560
64315364
64222888
64223688
64309876
64316696
64335784
64325040
64298380
64283536
64311024
64278224
64312908
64341996
64270432
64355580
67248620
64307128
64343836
64370316
64357012
64333456
64436856
64313700
64325424
64291240
64230180
64333132
64234920
64296256
64345972
64336156
64393440
64377304
64300956
64313268
64391684
64348640
64312504
64402756
64345480
65947412
64370636
64301616
64285480
64256288
64282480
64233376
64309940
64264236
64271132
64319644
64306228
64284560
64375464
64306416
64378000
64216392
64355964
64270624
64272236
64218088
64614776
64631424
64222980
64181736
64282016
64202972
64271996
64250480
64185272
64224676
64230552
64217688
64299432
64272352
64224340
64228072
64284896
64207708
64245748
64284860
64212600
64305596
64271496
64210368
64203492
66204888
64164748
64241708
64328704
64304204
64212928
64177572
64202696
64212896
64295124
64294456
64276308
64259552
64149916
64197108
64240844
64235428
64222916
64256892
64220860
64345020
64193184
64269556
64211376
64232880
65527132
64281560
64282612
64250136
64209356
64294004
64267216
64343796
64293100
64289164
64296840
64321936
64228760
64332700
64277204
64311444
64333044
64286352
64253936
64180732
64434708
64204568
64388600
65296276
64469908
64184228
64225468
64208264
64242888
64218968
64240700
64262376
64208700
64262936
64313440
64250484
64298484
64237532
64240548
64221436
64207240
64263664
64291280
64229188
64284488
64246268
64285656
65076412
64214220
64319840
64195812
64188656
64191220
64209460
64216284
64303168
64255416
64242224
64185404
64194444
64176200
64267680
64280896
64287200
64268012
64236716
64218872
64239088
65651928
64354656
64191632
64416868
64283960
64230036
64196288
64227244
64329320
64271020
64328276
64289012
64180856
64196752
64193244
64243972
64264352
64298292
64320644
64300096
64183640
64278556
64222800
64302996
65903404
64327668
64275472
65303120
64228424
64208968
64259904
64315380
64272508
64223932
64296280
64256676
64223124
64291140
64236164
64267720
64230628
64217244
64274496
64211176
64184876
64196064
64287472
64309936
65057024
64249740
64267444
64330648
67030268
64333624
64232568
64253672
64174312
64201940
64235192
64379032
64203604
64227520
64204388
64213780
64219032
64204492
64343020
64302208
64297632
64276176
64211524
64244884
64521528
64716812
64386484
64243336
64271380
64862508
64174176
64218840
64170368
64231700
64235040
64208180
64283688
64241204
64251996
64265928
64292484
64233416
64288200
64291224
64282540
64248880
64270480
64288404
64304100
67067516
64398132
64279396
64943672
64376760
64368480
64201096
64365148
64326172
64305000
64281256
64304708
64181964
64189852
64241432
64278752
64190996
64209772
64206972
64358012
64354412
64226072
65596008
64347184
64229160
64393300
64214032
64783300
64133492
64239896
64206588
64288944
64193948
64248268
64212484
64226840
64323944
64262044
64357824
64230004
64299444
64207884
64309592
64519772
64204788
64198012
65394064
64371100
64265440
64267800
64249428
64322856
64834464
64196916
64209380
64204744
64213488
64310788
64308644
64245420
64412772
64254632
64242928
64173932
64285320
64319300
64285292
64207852
64213988
64218300
64738436
64271672
64357008
64248120
64226992
64271684
65320092
64256628
64288664
64326968
64303136
64187288
64233072
64255112
64277740
64283464
64291400
64277676
64218896
64227372
64238164
64232168
64251476
64355740
64893128
64220336
64263900
64251200
64265116
64291152
64311332
64308868
66898728
64385856
64289184
64293640
64278896
64204028
64112868
64156760
64185240
64294876
64315168
64211840
64189444
64191416
64276344
64220136
64243688
65603224
64368044
64303948
64308728
64286264
65768316
64143720
64219120
64264880
64279744
64226056
64363064
64202932
64315024
64305688
64197028
64207680
64209440
64234356
64386272
64266940
66053208
64250188
64279800
64264568
64288532
64225448
64265060
64200188
65130912
64306172
64223948
64220312
64219764
64173548
64271652
64361368
64239504
64216492
64271588
64216764
64231248
64383396
64174268
64144372
65762272
64280896
64291040
64187328
64274352
64213836
64160060
64143356
64193348
65971036
64180036
64250512
64304444
64314608
64188648
64222964
64213104
64189676
64222148
64229800
64228844
64170796
64398864
64291712
64316184
65604836
64215880
64221592
64191772
64316408
64222316
64324516
64254208
64228148
67306724
64280800
64279832
64259584
64274680
64174148
64234552
64239324
64241108
64334316
64203532
64291248
64294116
64288944
65508264
64177340
64210528
64250256
64283052
64289544
64266540
64298948
64299524
64306628
65050184
64291792
64306712
64291820
64266028
64260904
64251036
64400720
64359908
64334988
64317788
64545980
64363996
64252304
65299812
64247000
64333604
64296644
64304632
64456364
64281572
64260112
65398896
64312736
64282428
64330880
64248700
64273816
64416992
64279304
64295112
64265116
64381500
64336328
64304884
67097928
64199340
64238132
64367112
64273648
64296420
64262472
64205884
64322664
64290084
64304352
66168092
64228012
64305676
64209512
64139184
64237120
64247592
64222652
64226512
64218212
64321124
64334292
64265848
65509972
64149580
64247276
64440252
64240624
64279152
64317480
64330800
64318020
64333840
64253296
66582256
64295540
64257136
64283728
64290244
64287952
64298860
64284564
64288828
64291900
64406788
64325152
64296388
 
65486372
64255856
64249600
64276052
64296044
64289912
64313868
64278592
64306200
64273760
64325564
64898672
64360456
64292388
64347184
64306492
64310064
64341668
64264020
64287512
64227120
64265796
64311336
64285016
64942856
64383692
64300108
64288972
64226968
64269372
64267652
64314404
64308148
64261880
64288608
64223780
65783572
64209392
64293496
64318448
64272328
64325652
64248344
64296180
64292060
64255236
64275564
64235644
65149952
64959304
64268884
64267844
64282516
64225496
64295548
64271008
64257072
64275488
64293300
65876100
64211384
64249364
64276356
64300548
64299856
64254140
64314416
64263448
64296716
64293140
67210612
64242744
64303816
64221200
64233792
64399128
64256236
64234912
64269200
64222984
64250660
64327980
64251948
66467884
64270940
64245144
64317572
64327592
64233244
64208108
64280964
64339832
64294044
64278996
66083160
64257548
64357164
64311312
64298820
64284128
64308208
64276644
64242424
64204000
64257224
64273336
64282896
64312344
66817560
64291572
64294052
64274624
64300264
64300340
64280156
64327600
64336772
64309908
64285460
64971792
64304612
64302836
64312712
64277964
64316040
64249460
64283544
64272916
64265644
64319476
64284672
64300056
64307524
65054256
64400700
64306044
64318232
64333524
64276860
64282220
64280912
64289744
65118828
64627284
64308936
64213956
64441040
64318624
64287640
64315452
64277580
64300096
64281088
64314372
64361340
64378128
64275208
64281016
65596468
64265160
64305548
64375652
64251144
64207548
64491696
64316476
64317448
64594240
64387608
64356084
64329028
64335580
64297552
64303796
64213040
64338444
64310508
64323760
64303864
64315448
65037052
64405088
64404544
64368968
64403528
64382032
64319464
64426400
65408340
64322868
64336556
64294104
64324952
64367608
64415816
64401760
64351568
64298240
64336248
64415560
64282480
64409348
64351652
64306068
64329288
64775476
64360544
64323788
64349116
64394012
64367960
64403880
66960596
64247520
64404104
64284392
64181768
64243608
64177432
64351400
64273124
64212008
64290624
64290444
64265892
64280768
64269868
64339392
65250892
64283720
64308596
64188484
64277460
64194736
64286664
64256116
65449256
64299232
64322100
64268964
64294912
64288584
64187780
64314040
64313056
64328920
64227980
64293684
64237080
64253260
64314044
64235932
64369296
64320992
64973756
64251160
64298992
64316080
64240152
64293372
64562652
64261832
64281260
64268984
64299192
64302012
64299828
64276688
64214736
64267600
64111360
64158144
64232788
64317156
64288284
64198172
64218560
64317456
64831160
64270256
64207868
64338004
64129324
64220144
65331100
64215680
64241068
64215700
64290276
64224100
64173944
64206720
64255044
64254548
64217324
64296340
64270952
64339472
64130292
64261608
65785704
64265424
64232300
64342192
64273140
65457080
64315072
64271796
64283044
64229860
64255620
64271576
64240684
64358904
64350276
64332692
64329440
64259284
64279164
64294848
64302984
64307220
64351952
64312348
64371908
65472420
64351700
64365660
64216864
66792296
64222392
64220332
64254484
64204944
64243352
64230648
64270136
64284296
64279328
64246144
64254964
64307124
64294396
64273156
64303552
64327608
64318480
64395732
64343764
64275632
64303060
64325236
64284172
67190316
64323908
64306824
64282424
64301632
64331308
64288284
64364204
64264036
64289756
64257204
64267124
64318116
64350072
64344052
64399688
64367172
64300792
64328624
64322964
64299100
64955512
64355340
64324024
65711580
64379968
64334976
64367836
64316564
64398776
64329332
64318840
64294972
64339900
64294564
64315780
64293504
64328576
64299180
64332816
64377424
64358720
64300288
64354340
64298900
65656428
64308996
64344180
64934836
64350836
64343284
64325476
64301600
64350980
64331124
64324424
64325020
64413300
64338428
64250480
64302852
64310304
64290312
64286360
64572124
64411044
64415344
65756276
64290172
64242996
64282524
64306376
64348420
64268668
64382648
64261340
64383492
64221480
64257084
64262476
64302928
64324916
64303344
64303616
64328028
64252296
64368736
64276456
64492272
64319480
64278004
66056708
64302960
64281128
64289668
64282676
64293544
64319140
64283200
64406096
64273756
64266648
64242856
64322988
64516240
64219624
64228980
64345940
64227012
64354928
64349184
64320648
64340072
64362524
64347288
65948608
64321944
64221640
64266324
64385056
64398524
64363484
64269040
64264116
64282616
64325240
64251884
64279104
64323372
64351568
64297600
64280216
64313132
64952996
64274376
64285396
64363288
64276144
64442012
64345920
67249952
64281604
64297784
64281412
64180688
64210860
64225148
64275832
64291836
64294020
64222832
64291296
64206356
64220224
64250168
64272112
64294060
64356632
64236844
64190072
64206356
64252800
64337464
64280552
64269416
66826596
64192336
64228740
64205248
64229292
64249352
64257112
64203120
64206760
64264800
64271924
64227124
64233496
64398632
64210320
64204476
64285124
64212364
64174776
64579528
64254056
64257340
65159804
64247888
64277904
64223640
64208520
64284920
64217388
64241592
64224188
64236520
64224468
64182656
64223040
64248080
64220776
64215480
64282772
64240236
64235624
64205484
64242720
64201344
64510344
64211128
64269264
65658112
64204324
64211212
64292212
64201744
64212428
64255792
64279468
64214232
64211164
64258448
64244656
64172016
64261324
64221684
64280760
64265728
64290052
64291940
64251896
64227740
64175060
64235548
64915548
64154508
64305736
64309552
64256700
64279104
64203796
64213980
64219428
64207704
64207672
64192092
64297508
64274476
64225688
64268044
64365136
64247084
64212876
64223936
64216244
64257740
64231796
64334696
67183308
64250952
64292692
65585808
64288320
64220660
64224548
64243392
64247316
64272028
64211984
64221444
64255340
64301340
64211116
64308820
64246784
64354744
64180680
64217228
64212548
64233140
64246848
64286280
67873636
64136320
64233016
64515388
64342524
64286440
64278552
64234364
64229176
64226624
64253432
64309736
64305804
64285048
64238080
64209488
64246872
64189356
64283628
64297080
64280688
66929104
64269772
64313452
67418036
64142880
64203664
64233688
64218076
64287156
64242328
64215876
64249244
64198408
64215588
64126688
64340884
64636164
64640068
65945060
64229528
64228676
64253916
64230384
64344544
64344380
64274664
65634708
64162760
64197256
64269244
64185444
64299804
64264312
64249356
64198588
64192332
64287020
64309724
64273504
64217840
64332000
64275708
64216200
64201940
64236968
64223644
64290244
65006348
64698296
64177716
64218600
65190352
64367540
64289320
64269224
64261412
64315052
64264604
64275132
64252144
64282020
64355156
64320192
64245512
64388236
64313856
64287436
64255076
64282552
64308308
64329212
65073060
64389236
64281796
64283372
64414724
66712744
64236396
64249428
64297808
64380292
64295132
64384180
64291648
64281336
64376736
64322396
64363604
64367060
64334568
64281992
64260608
65256688
64372356
64314716
64280264
66200412
64274180
64305100
64212000
66869640
64283512
64339964
64266736
64250856
64250988
64178488
64255000
64218052
64386088
64310832
64121228
64275276
64326376
64169792
64323996
64215844
64396708
64557592
64286200
64470000
64316016
64836764
64407764
64311268
64293664
64296856
64298500
64205976
64243380
64359952
64246240
64311624
64303428
64260808
64302756
64192736
64289376
64205020
64343428
64210688
66720924
64223768
64303212
64318280
64295308
65342200
64141480
64196496
64292604
64282948
64307688
64279564
64223024
64121660
64133288
64206676
64283668
64272608
64283096
64322472
64220728
64201784
64177868
64205944
66656408
64259956
64304700
64247212
64250168
64201044
66831064
64230232
64181948
64316908
64295860
64310864
64299976
64147900
64169812
64282364
64287236
64362000
64377796
64285988
64372944
64342508
64268508
64396576
65362752
64396084
64298536
64306348
64314216
64288376
64295800
66122036
64320036
64256776
64374404
64296448
64318544
64276508
64280392
64409772
64390012
64238260
64407836
64266164
64201188
64266884
64313804
64230928
65359448
64246392
64376088
64304232
64330324
64307564
64185168
64221724
64157492
64289808
64305492
64261336
64260656
64322248
64246560
64224344
64293868
64293748
64270560
64183340
64266068
64543240
64487260
64342264
64210144
64265288
64256108
64206660
64894120
64224120
64273332
64305120
64241480
64224044
64176544
64204736
64202648
64375928
64282628
64248748
64218560
64215244
64228600
64198488
64334772
64693612
64336936
64235044
64262836
64169844
64197840
64229964
64270664
65570384
64301172
64322600
64285508
64193620
64199036
64140404
64220424
64257368
64291188
64273340
64295760
64179792
64254576
64281864
64341532
64265900
64296932
64231076
64195280
64235308
64268712
64345436
64335408
64263044
64993392
64242924
64212320
64228568
64223280
64186888
64285276
64201432
64293820
64296700
64216272
64232524
64226408
64291088
64222556
64313116
65353164
64294176
64298044
64219836
64188172
64215116
64318596
64250544
64855864
64227976
64227816
64205912
64246628
64268544
64221344
64243616
64225220
64223252
64355188
64194504
64235956
64200264
64263508
64219740
66861400
64235256
64256772
64285304
64257528
64257444
64248388
66339080
64187308
64264288
64279468
64314160
 
64216192
64306928
64270328
64225260
64191632
64234576
64219076
64228412
64358768
65966388
64265928
64207564
64289428
64306316
64392904
64320460
64217768
64462732
64207864
64783636
64225740
64387452
64344584
64400824
64335944
64339916
64294176
64212668
64240004
64294220
64554980
64322284
64393456
65326068
64368576
64333336
64234772
64241388
64270032
64282176
64338088
64346540
64295848
64578856
64398400
64230800
64251800
64277868
64312188
64332928
64342128
64322664
64302704
64303452
64531836
64335072
64381212
66692160
64309104
64421228
64335376
64248472
64296196
64241684
64316468
64350652
64221536
64368080
66956740
64310436
64293304
64224644
64393876
64282492
64268748
64339540
64292536
64216672
64229636
64173196
64246612
65358780
64313428
64283100
64338076
64332616
64238972
64323340
64262796
64332080
64221564
64275344
64335744
64823104
64317928
64258884
64249536
64266092
64405088
64391100
64325168
64349368
64254968
64333676
64352588
65440992
64308352
64251716
64234104
64270644
64374112
64403408
64276960
64197568
64285192
64735496
64249392
64279440
64272812
64308940
64349248
64326900
64334368
64313324
64360648
64408176
64360092
65230588
64257780
64287568
64295488
64299924
64231140
64287384
64293596
64352480
64394472
64384100
64355416
67318064
64337472
64289476
64273868
64262976
64286372
64285176
64332092
64344652
64309012
64349576
64342764
65413960
64315008
64301516
64287636
64241356
64288352
64277816
64281012
64289680
64282348
64267820
64273208
64376744
64316288
64761712
64323724
64243236
64270460
64233496
64256508
64302856
64152656
64292400
64211732
64945900
64200228
64276956
64203868
64209948
64334740
64265868
64279224
64354552
64191260
64207220
64327124
64349956
64215468
64280728
65147188
64202272
64226752
64288368
64307700
64189968
64305300
64309424
64213404
65417940
64272052
64261344
64258220
64310636
64265352
64269688
64184692
64230952
64246968
64231620
64226216
64329620
64269836
64362840
65792852
64262028
64286448
64250944
64249744
64251100
64279196
64355524
64273880
64344092
64347464
64353780
64317264
64293004
64258124
64363184
64221824
64333156
64229064
64229160
64225292
64270868
65137188
64306992
64303392
64255752
64168388
64273092
64200260
64236160
65488268
64289852
64320768
64225128
64198468
64211756
64216760
64347592
64265284
64235744
64226624
64184400
64214148
64209504
64276804
64304648
65607184
64250656
64218796
64170928
64214644
64231216
64239064
64224764
66173568
64289108
64255580
64250136
64201784
64228824
64203516
64220468
64246248
64197972
64251756
64223728
64245320
64228008
64178552
64228332
64624340
64878004
64294392
64292752
64239352
64339420
64179420
64158372
64326528
64989852
64254136
64388356
64383244
64280448
64276372
64312912
64289880
64279684
64355644
64241428
64304952
64287484
64305460
64250736
64314512
65800180
64198476
64260304
64288328
64180216
64416880
64273052
64259684
64314772
64315924
64322716
64341916
64307032
64320008
64357996
64451104
64288784
64320272
64432068
64302792
64268004
64261132
64715272
64269400
64236512
65742764
64231800
64356596
64224108
64277260
64188024
64226296
65583700
64216300
64203680
64262764
64271508
64228952
64251328
64212008
64224640
64283884
64155480
64263152
64209484
64148872
64846684
64179308
64210968
64160448
64257888
64269272
64256944
65269984
64277556
64213916
64262580
64195864
64208084
64277836
64316456
64305712
64354156
64338836
64364060
64259496
64316800
64238924
64352820
64252948
64351800
65698400
64281072
64352012
64340768
64303996
64290700
65174200
64330256
64354100
64313968
64317768
64319160
64282720
64287804
64298944
64264788
64288396
64282128
64270864
64296188
64238436
64333044
64285484
64351524
65188536
64312296
64262412
64266352
64334620
64317572
67845768
64340348
64296524
64360128
64287980
64311892
64320224
64273160
64326552
64330836
64232248
64266264
64272856
64148704
64236864
64238080
64189312
64221936
64223312
67087756
64257704
64249924
64238988
64223584
66935020
64204548
64289240
64274816
64210236
64243656
64220748
64205964
64195288
64268852
64251316
64246300
64310724
64179204
64209724
64210400
64258660
64206064
64244896
64209216
67054164
64163188
64204548
64235188
66395268
64250792
64201828
64206180
64228448
64293940
64242384
64236640
64177480
64210936
64231648
64233864
64260056
64308644
64279204
64236872
64250648
65186776
64359444
64313052
64347316
64765436
64216956
64274480
64263468
64243152
64302536
64338964
64350052
64255160
64269964
64280088
64282660
64228888
64320700
64316064
64358844
64245412
64363956
64255452
64250932
64261164
66601912
64214052
64310360
65409692
64258188
64308700
64266964
64295940
64182012
64199180
64331928
64344020
64348300
64322108
64279732
64278792
64375736
64291988
64265040
64295600
64249872
64212288
64243016
64234332
65936312
64329588
64363608
65513924
64265940
64315448
64312000
64320208
64368540
64309512
64279776
64183868
64216080
64338496
64265652
64315244
64304744
64201252
64204892
64231076
64243004
64273812
64230168
64445872
64333936
65059560
64712388
64231076
64256092
64332724
64254876
64246000
64302620
64271044
64270448
64289544
64314968
64301380
64261852
64274772
64350352
64292288
64330768
64297904
64332884
64329996
64288660
64343612
64355440
64413960
66763684
64360284
64320536
64342208
64316340
64231180
64296772
64247912
64323344
64283664
64330524
64340084
64394116
64264200
64359340
64380424
64217772
64280812
64310240
64467140
65321276
64300652
64265684
64207260
64335980
64237640
64165908
64208356
64254924
64299088
64282216
64290600
64209276
64263288
64320396
64346216
64325248
64342548
64273824
64319992
64281864
64266432
64668308
64483540
64245240
64874108
64370100
64381292
64378216
64280228
64352560
64386944
64344480
64333648
64380656
64300396
64251984
64271416
64279072
64309288
64266444
64273392
64291720
64349640
64243332
64355756
64341072
64275896
64239636
64392056
66626892
64272480
64288880
64298008
64257624
64390604
64397232
64265896
64316712
64255200
64324928
64410188
64427536
64235660
64365300
64279416
64288444
64316556
64408732
64378840
64384764
64271888
64326660
64300920
64240132
64957836
64370968
64377240
64384384
64395652
64325296
64285564
64294412
64268860
64261692
64360004
64393616
64406624
64256856
64418864
64391296
64281788
64231972
64231552
64231776
64352240
64309900
64325972
65097284
64371400
64345100
64349012
64303168
64246280
64307888
64249348
64295752
64244952
64369904
64262600
64272856
64311616
64303884
64397320
64314188
64262860
64343380
64384264
64321068
64321740
65096532
64328780
64849344
64228116
64269084
64293320
64279216
64288412
64290852
64324780
64306128
64301096
64264980
64277468
64307540
64312452
64394192
64377632
64263576
64278292
64310796
64318684
64280224
64223296
65367284
64329108
64487632
65634944
64312016
64311260
64248976
64270272
64293536
64306052
64253144
64355604
64379540
64296648
64380732
64296368
64303660
64274380
64290728
64243616
64268756
64289464
64284344
64293168
65643512
64332948
64429260
64379780
65714952
64252336
64431380
64373156
64262420
64294028
64295920
64273692
64260056
64307464
64282108
64294748
64288812
64288392
64322188
64333024
64371616
64519524
64373436
64359580
67027132
64262408
64374380
64298156
64351252
65197908
64289648
64270932
64319356
64300260
64272104
64351276
64304444
64371020
64258208
64235896
64248352
64314196
64285308
64330592
64441420
64490248
64371204
64304348
65426592
64308944
64388512
64269464
64289192
67086008
64291260
64380336
64303476
64304480
64298620
64284376
64266508
64301188
64290148
64289820
64230536
64266212
64313124
64355264
64304016
65715756
64379036
64286592
64316984
64269944
65801400
64324416
64342096
64369816
64263532
64478412
64258844
64287124
64288980
64281844
64272016
64353196
64294760
64418548
64317008
64272388
64298428
64309124
64287548
64285256
65830828
64291484
64242536
64367016
64352520
67092956
64227928
64182228
64301964
64254608
64304156
64210060
64282024
64273964
64275168
64335288
64318764
64351212
64243504
64260156
64322076
64379000
64242044
64291064
66894212
64261452
64285896
64244136
64344444
64359420
64375768
68168464
64295008
64311272
64467900
64275264
64279284
64211768
64257080
64281040
64263908
64225988
64256816
64305200
64282372
64275024
64274240
64312208
64310744
65550724
64338460
64394628
64323172
64254352
64322284
64310980
65692704
64311856
64269032
64285148
64355856
64294768
64247580
64278264
64303852
64295040
64349356
64297900
64339188
64315664
64332844
64334652
67124720
64287672
64300276
64304072
64375780
64384176
64298756
64341548
64310160
64295892
64282240
64319524
64277968
64282948
64303072
64534632
64363816
64356644
65851276
64311252
64261856
64254760
64283204
64258720
64293556
64258188
64282332
67380212
64336212
64179820
64376536
64217628
64345124
64273652
64259264
64258040
64291060
64257724
64313228
64483580
64301800
64348420
66920300
64284072
64279224
64252668
64274480
64253680
64348444
64380588
64373740
66674320
64341944
64338984
64283460
64318156
64244196
64310256
64281300
64265232
64324308
64350556
64347936
64328524
64235412
64319504
66918948
64312992
64299180
64177852
64237620
64257032
 
64229260
64287296
64286416
64258284
65179432
64255020
64309256
64401172
64337800
64337960
64295680
64375916
64345440
64277848
64268812
64214960
64251500
64294636
66871668
64351808
64415616
64350900
64337032
64355692
64300992
64336652
64296396
64372724
67065716
64306428
64277136
64272876
64291036
64359232
64351892
64442288
64332456
64267028
64368352
64345480
64351748
64292628
65233144
64530640
64224152
64311824
64358164
64298856
64260252
64302940
64362296
64252284
64298496
64349540
64299624
64322632
64331564
64296704
64345320
64289724
64275432
65705188
64325680
64310488
64265216
64288724
64286392
64201864
64220136
64326900
64357848
64276488
64349904
65069532
64397312
64318692
64218160
64237672
64269628
64267424
64370824
64343548
64276048
64364056
64290052
64948268
64290688
64293912
64346536
64273924
64264824
64283948
64261744
64299472
64215908
64631544
64254948
64360372
65378816
64316644
64289888
64278692
64290272
64252360
64363524
64341432
64244416
64401496
64287376
64287956
64779008
64342108
64364688
64276148
64209632
64260224
64253776
64292988
64291996
64245472
64217024
64301340
64270572
64906668
64250216
64300008
64340252
64297428
64336736
64247372
64256200
64386848
64273432
64275800
65425072
64291184
64300768
64348428
64358900
64314420
64394964
64346444
64312916
64270072
64283280
64472616
64293336
64294444
65430924
64312748
64305992
64280192
64403384
64401272
64293600
64350172
64279812
64230508
66980400
64252088
64294188
64341384
64348056
64269580
64294528
64271712
64302008
64369412
64233124
64392276
67159480
64263220
64258900
64292240
64376048
64316376
64394876
64359444
64317188
64318472
67027552
64270100
64292280
64353796
64354888
64385396
64325812
64304404
64231304
64312080
64289496
64362968
64347236
64277904
64925712
64292356
64287828
64265788
64341884
64376956
64334172
64421536
64245976
64303900
65402192
64384640
64339452
64391988
64304108
64294400
64257448
64322184
64374652
64260548
64385532
64368232
64340468
64341744
64334788
65547592
64345468
64298804
64321808
64351416
64291192
64313016
64297636
64331912
66612520
64286728
64266436
64363744
64237624
64402116
64372420
64244180
64234968
64286232
64401320
64246892
64353252
64379000
64255632
66840668
64338476
64276296
64307372
64255324
64394140
64471476
64305212
64290232
65506148
64381048
64307544
64281048
64313968
64348060
64332400
64379096
64347504
64374556
64361268
64329904
64297868
64357424
64323792
64272812
65489328
64367524
64236452
64254184
64221044
64383188
64307648
64288032
65754568
64307372
64274196
64290588
64290220
64279736
64346292
64374044
64249276
64294072
64300768
64267348
64283128
64350104
65334460
64177672
64229212
64236528
64288080
64416572
64291784
64262884
65490896
64308740
64304264
64325500
64302052
64270720
64288240
64331624
64316696
64257876
64294544
64340084
64260648
64260744
64433520
64311560
64304840
65363708
64346076
64295904
64226744
64285936
64314472
64255992
65105668
64306060
64322384
64319164
64331696
64356600
64361232
64396784
64375092
64352676
64285728
64216824
64293892
64256128
64289044
64271124
64311684
64292380
65815356
64249316
64253380
64288496
64368268
64292868
65160568
64277216
64291256
64302644
64234260
64311004
64358932
64304420
64328844
64346736
64277656
64337640
64320872
64261076
64270128
64301336
64256408
64275016
64306796
64951664
64249668
64279096
64400776
64293896
64394544
64900176
64239140
64385484
64250536
64268396
64258688
64290236
64278116
64326548
64336024
64289988
64290172
64323328
64361524
64286228
64217704
64335828
64261412
64272380
65655972
64283428
64622608
64310992
64384812
65346696
64335556
64336352
64263416
64299088
64257744
64278728
64253480
64258200
64275416
64305096
64346184
64250404
64260924
64400968
64469044
64279876
64318752
65597980
64271632
64270516
64302012
64815116
64294596
64343772
64278148
64255696
64264480
64294284
64180620
64216916
64275344
64298380
64301832
64323092
64346268
64252584
64251232
64284584
64305892
64286212
64270140
65822340
64235652
64332572
64366248
66981512
64321292
64227492
64278064
64291776
64281972
64288156
64386364
64256556
64379612
64256404
64268944
64265376
64306068
64276644
64251396
64335180
64338512
64353352
64390528
64294056
66890136
64223616
64282784
67213876
64327028
64256236
64282816
64251048
64310564
64330120
64283200
64228028
64413100
64344456
64229388
64399272
64329124
64287928
64290216
64391848
64232208
64218216
64237296
64285904
64367108
67111408
64277816
64393092
64412328
64351728
64371364
64351860
64351448
64325344
64344868
64342148
64336808
64318144
64342280
64307620
64313708
64346104
64325504
64287004
64336212
64338092
64380788
64278352
65163944
64296180
64341020
66833848
64310708
64272632
64306484
64277956
64311928
64293428
64284148
64369096
64207664
64320780
64253852
64299800
64236228
64296164
64453172
64215768
65672744
64260412
64360520
64403564
64258448
64310756
64309436
64265044
64301852
64231484
64302660
64300920
64256876
64245944
64326736
64332864
64357644
64336592
64292264
65424776
64336884
64281884
64267476
64322440
64340488
64312600
64288632
64251524
64372380
64236276
64272876
64396276
64321432
64250664
64310300
64283332
64313268
64375228
64142936
64362240
64289184
64385196
64263408
64322672
64989360
64298604
64278580
64337740
64301384
64335140
64359588
64335936
64220808
64302996
64262524
64383788
64317848
64276296
64266584
64256056
64255120
64272952
64292176
64223528
64259260
64402140
64288176
64350292
65763704
64353628
64274100
64317112
64303452
64272524
64362036
64288760
64321064
64264580
64377176
64357464
64269988
64265644
64286748
64306120
64308992
64367264
64261248
64329832
64223328
64294816
64269136
64372280
64339516
64343632
65493120
64218096
64391656
64316736
64243792
64273952
64287304
64305576
64280544
64383936
64356800
64338920
64301600
64309472
64259700
64268488
64290128
64291572
64292748
65495764
64295368
64350716
64345748
64363976
64251088
64292128
64210728
64251304
64280832
64277688
64291288
64269860
64290136
64289516
64351496
64330956
64379780
64385296
64264072
64366644
64284536
64325304
64269972
65180912
64296708
64385200
65149940
64372468
64369836
64266540
64280372
64272500
64288272
64275056
64360704
64352716
64325564
64369452
64320764
64223128
64229360
64281488
64292084
64357236
64347720
64204548
64324020
64980884
64281528
64285096
65319476
64327644
64368040
64381612
64341396
64343984
64407800
64345912
64285908
64319340
64311600
64303276
64306956
64328604
64348924
64363008
64305380
64438636
64402720
64299920
64349948
66034984
64384228
64179008
64242136
65461168
64250780
64322948
64326484
64257100
64370880
64335860
64254400
64257796
64308684
64286588
64298260
64253652
64284352
64290308
64301968
64299728
64286824
64512280
64231068
64286116
65664700
64367504
64297904
65033012
64272592
64277476
64262140
64318288
64314264
64304252
64359140
64408256
64253024
64216460
64280284
64275528
64374984
64346684
64319252
64309520
64278644
65495184
64284676
64309200
64275484
64821044
64316292
64365376
64296624
64227620
64333428
64296180
64309096
64254508
64298160
64290740
64246592
64264224
64253092
64291732
64295504
64280136
64364416
64287876
64294836
65224980
64311472
64449808
64368096
64298744
66701136
64288832
64289876
64259432
64308628
64248796
64243192
64230068
64254708
64303620
64265472
64332508
64245816
64275884
64305768
64302756
64300012
64277300
64275592
65887484
64228952
64300532
64355368
64301168
65899268
64275812
64346164
64292116
64250972
64286464
64291460
64277608
64212632
64186492
64257704
64278624
64245196
64306676
64311936
64239472
64308652
64374492
64332488
64840512
64287592
64289780
64355388
64232616
64311528
65277536
64327980
64228028
64362656
64289704
64264520
64299596
64293788
64271368
64189576
64225384
64274172
64259156
64300468
64273284
64312900
64289704
64349920
64593068
64621764
64404412
64344428
64232852
64258368
64294420
64853580
64315292
64409340
64426368
64347916
64348504
64387696
64352808
64354456
64375696
64397928
64321384
64252196
64308768
65620160
64274532
64302208
64306880
64377720
64297256
64300808
64837008
64339600
64343244
64271412
64291512
64264308
64336692
64262272
64285276
64361068
64332368
64375556
64243204
64263472
64234248
64248868
64337880
65417120
64194348
64304476
64383952
64255568
64364320
64264308
64996620
64284248
64364536
64373912
64370820
64276560
64387840
64288968
64323136
64335664
64409352
64423120
64335628
64316296
64284520
64284724
64351512
65606908
64400204
64301972
64350100
64308636
64368456
64313380
64305044
65373544
64270620
64331056
64334100
64274164
64288680
64287540
64279644
64365900
64264072
64374584
64312316
64255248
64294888
64311552
64258584
64673092
64335272
64346540
64385288
64370864
64296400
65029392
64339816
64261708
64309328
64318064
64295080
64268056
64285312
64301812
64279364
64316260
64303612
64299628
64281096
64428860
64295260
64288312
64807084
64241672
64280772
64352748
64275228
64422272
64289664
64305260
64853420
64306808
64306116
64395760
64380560
64374288
64351212
64286280
64378496
64537808
64336596
64353768
64862472
64351012
64330128
64248628
64300332
64406092
64357872
 
64330092
65174300
64283384
64375236
64384380
64311988
64323940
64342748
64284004
64382696
64390928
64268924
64417104
64312448
64324456
64293604
65426940
64428208
64338112
64214188
64413840
64416468
64384324
64201692
64287392
64825056
64312476
64363156
64322052
64345032
64404252
64302736
64277956
64322088
64307716
64256984
64258900
64291476
64278276
64301308
64696396
64328236
64405280
64438832
64412196
64390040
64262640
64404700
64337552
65498652
64249556
64292952
64279444
64287720
64289692
64257436
64402072
64293808
64370064
64344832
64234368
64266356
64387064
65360544
64258184
64307156
64295844
64281400
64321348
64277084
64285152
64312756
64294416
65079788
64276860
64281376
64267756
64288036
64294264
64286832
64233976
64294660
64279160
64333100
64395244
64290772
65427420
64239940
64253344
64237924
64308532
64285600
64376016
64304108
64292540
64479324
64229644
64527704
64424004
64303796
64321740
64412540
64314272
64306168
64276516
64247268
64286104
65240148
64324964
64291876
64296124
64368020
64372524
64311596
64268516
64295648
64412004
64340488
64419824
65331224
64266860
64327908
64327932
64270884
64309588
64328384
64205292
64289076
64296552
64277008
64304596
65436556
64293156
64336912
64294876
64380736
64294940
64296756
64333136
64330376
64306236
64344804
64350496
64746016
64324252
64423600
64315988
64368344
64338484
64360240
64307340
64311088
64265264
64323908
66492976
64308956
64354272
64217708
64289788
64286216
64300240
64319408
64335260
64148016
64284352
64262552
64304928
65913716
64269924
64288908
64282368
64284552
64230812
64313880
64310424
64214728
64266012
65452560
64260708
64434456
64295348
64312292
64287324
64304476
64308804
64337904
64361748
64296752
64613464
64232776
64427324
64480320
64283452
64355668
64225980
64292600
64386976
64258768
64239172
64307036
64266824
65469728
64365116
64319680
64297680
64318828
64348024
64298904
64340580
64381500
64364588
64369768
64526556
64421852
64513516
64323268
64326044
64328104
64368168
64272692
64365500
64359320
67231448
64300640
64299104
64308532
64306416
64351352
64324852
64287936
64218736
64326616
64311336
64279432
64280964
64273820
66823004
64271628
64280196
64412124
64319708
64356556
64318692
64387176
64276948
64353628
65104896
64275668
64360772
64338092
64314512
64244200
64359576
64217356
64273220
64278244
64247892
64272836
64340068
64196336
66242104
64263716
64265212
64279276
64272872
64347316
64138120
64244012
64285704
66991008
64331460
64322812
64254616
64193296
64217656
64297120
64259920
64379952
64328148
64291252
64265996
64366996
64291872
64382572
65187076
64407192
64272452
64270276
64301856
64300248
64445828
64310252
64248632
65534356
64346796
64289924
64286192
64262828
64328464
64370672
64343880
64272948
64281268
64261464
64265524
64238848
64278144
64243124
64265436
65443192
64349528
64318708
64196484
64263964
64361104
64290924
64289192
66252144
64226900
64288128
64367800
64377200
64324036
64290136
64261388
64296444
64289500
64286264
64272980
64395964
64268344
64376808
64376920
64381572
64241868
64251292
64269472
65346068
64286076
64267400
64297488
64340420
64360632
64228740
64185484
64212892
64257920
64309692
64289156
64306624
64340232
64247204
64252540
64261120
64276740
64659112
64381236
64357220
64873296
64497128
64301056
64901228
64211236
64303004
64285756
64346792
64275048
64313096
64326336
64382200
64415552
64383368
64335796
64275784
64367484
64294172
64319496
64267672
64316932
64244904
64314756
65604700
64630920
64392096
64383696
64936452
64282740
64308360
64278436
64336336
64301728
64351076
64385992
64395352
64305192
64347712
64274764
64352844
64326816
64319804
64320944
64412648
64343664
64404736
64352032
64170812
66054604
64296152
66183344
64308612
64267568
64272836
64305456
64346456
64239968
64275832
64268764
64294724
64268564
64298440
64340616
64258788
64344632
64229920
64294460
64331732
64382944
64390052
65691472
64270780
64238796
64296980
65061108
64297996
64290088
64259660
64292720
64292928
64296232
64268024
64310296
64312876
64255484
64285928
64301056
64239164
64376132
64285720
64278212
66222048
64329984
64349260
64320212
64257060
64266388
64240204
64274052
64234260
64278956
64368388
64267220
64233656
64221008
64298392
64272272
64298808
64256284
64344568
64269772
64262356
64362892
64270152
64234072
64436612
64272828
64323712
64289108
64352328
64318248
64349172
64320828
64273684
64223700
64371240
64277904
64265592
64226480
64276108
64284700
64294264
64372504
64419936
64360636
64373996
64204896
64248548
64891692
64563300
64290420
64288604
64354692
64286200
64280188
64225796
64257136
64275364
64280476
64328136
64258792
64368024
64235672
64241760
64296388
64323104
64374288
64253400
64321964
64221728
64362544
64305156
64304732
66137996
64283452
64313412
64290836
64258436
64313060
64426056
64349612
64340712
64260736
64256488
64251192
64400500
64293320
64289664
64279268
64295308
64269056
64387684
64364668
64368484
64383796
64242724
65769872
64227560
64281240
64275528
64330108
64284660
64236532
64412648
64207544
64278632
64280372
64302960
64315544
64488912
64379112
64378940
64331180
64170988
64262596
64290540
64362508
64269860
65775728
64233960
64308264
64267680
64240168
64278684
64331920
64255420
64232304
64300816
64281020
64303944
64276392
64240636
64192008
64251628
64308020
64304900
64319068
64268592
64322144
64229224
64248740
64288880
64626636
64734064
64341324
64280620
64296068
64229240
64275572
64320616
64307304
64329020
64267240
64338100
64285408
64251264
64269316
64269924
64297620
64334884
64247776
64277556
64258968
64304572
64271092
64281828
65055224
64292268
64276916
64329824
64418184
64338760
64265808
64290996
64317376
64317164
64320636
64367980
64400860
64260584
64313856
64281048
64322932
64352636
64348304
64294448
64361188
64341960
64317752
64307604
64964744
64340572
64340948
64367328
64395296
64364628
64341748
64305884
64260940
64347908
64324888
64292316
64355240
64308736
64322596
64313552
64295504
64302672
64329356
64291816
64296684
64292040
64270688
64314492
67341300
64332200
64329048
64446572
64397736
64239504
64329664
64301448
64312116
64391000
64314324
64362452
64339252
64276080
64291860
64407160
64362976
64276284
64440128
65372592
64312544
64252800
64287816
64255764
64338960
64332100
64222088
64390728
64342480
64290928
64290132
64298188
64261936
64315920
64380876
64288712
64396348
64270760
64284524
64288304
64434232
64416780
64238016
65265440
64304944
64369192
64206812
64240392
64270300
64282928
64316516
64313432
64356724
64330140
64355488
64330372
64295048
64246680
64348388
64298624
64281812
64289540
64286428
64276116
64257484
64339564
65596316
64304652
64353008
65199436
64302964
64345212
64290428
64260672
64240100
64286204
64241044
64243436
64283196
64280332
64224476
64280480
64272644
64366092
64340720
64241328
64380592
64268072
64269124
64312428
65887068
64315012
64276612
66086468
64323996
64221468
64376460
64248772
64140900
64255760
64285004
64273244
64275680
64297068
64267660
64291240
64316324
64343628
64262264
64284116
64216216
64271596
64271404
64666540
65090360
64353268
64415080
65066568
64234232
64311056
64285748
64261576
64248472
64295592
64276916
64267068
64298192
64274168
64268592
64281000
64239416
64223840
64272768
64255980
64607368
64586248
64295548
64373920
65155380
64287468
64322024
64267084
64248420
64285172
64265616
64285568
64255912
64265748
64271688
64353136
64284388
64317068
64335432
64231272
64348956
64217428
64227436
64270984
65592020
64305216
64237088
64914660
64320544
64248388
64232464
64271924
64299636
64357004
64333744
64328444
64308220
64155040
64328620
64257720
64283848
64286680
64236908
64293448
64235908
64472460
64435356
64385088
66946228
64304452
64244988
64290124
64965952
64323912
64383728
64410264
64368936
64255772
64210488
64291460
64340868
64348320
64297632
64285944
64320312
64381244
64318016
64301432
64291168
64381460
64289384
64280312
65950308
64307504
64246956
67075096
64207832
64342020
64327908
64257844
64285676
64256412
64277140
64314724
64343444
64188100
64359420
64200852
64257692
64237088
64314996
64358376
64264556
64406164
64312168
65316424
64904668
64287512
64290188
64266928
66065528
64317724
64316292
64314336
64604352
64647016
64398912
64175212
64352684
64360644
64245852
64213240
64288168
64319644
64304912
65550068
64375056
64418692
64679264
64305452
64394196
64668136
64272404
64354992
64269864
64347572
64216700
64286760
64225968
64307384
64296744
64325636
64385320
64234708
64303884
64222640
64267756
64224624
66950956
64358652
64377072
64363236
64232508
64340600
65047240
64236844
64242400
64299160
64280996
64183944
64358452
64293876
64327548
64285568
64291956
64256044
64149664
64305644
64298224
64620104
64267236
64384528
64897792
64197556
64305604
64261344
64260552
64289268
65118840
64268336
64223268
64362980
64360312
64329724
64228856
64237640
64244260
64187928
64230272
64299580
64257340
64302256
64411180
64257852
64212768
65092036
64210096
64212592
64303028
64373468
64470292
64312196
65011800
64179836
64189236
64204836
64207948
64270892
64285440
64207744
64226508
64239604
64292544
64230964
 
64200708
64296880
64404000
64265700
64267864
64787188
64242044
64178204
64342832
64310756
64291444
64290872
65778676
64105612
64268320
64231832
64266312
64223060
64194640
64292132
64266104
64163776
64266080
64243300
64151164
64286088
65221680
64205544
64253868
64235612
64262528
64657492
64258252
65383588
64203632
64205988
64160124
64191896
64196784
64287096
64214756
64222268
64248456
64327540
64233956
64227004
66596564
64257512
64304052
64264624
64287572
64348624
64221248
64302420
64264972
64249872
65087252
64230380
64238628
64242896
64277420
64210664
64237504
64252076
64350596
64228400
64283508
64275868
64194284
64162388
64600624
64201728
64260724
64300156
64203968
64197448
64193300
64215192
64144448
66737092
64202488
64209552
64197424
64266500
64321416
64297156
64216832
64177764
64209220
64206148
64343204
64285340
64177928
65101952
64126696
64234276
64173956
64201260
64271488
64278788
64204324
64283212
64318796
64246472
64733476
64200428
64214536
64226892
64160032
64168788
64209768
64274336
64374820
64287300
64385144
64200436
64622476
64630184
64198636
64231604
64277200
64200588
64131164
64222928
64269236
64430752
64189008
64500744
64232024
64159656
64261276
64220836
64251136
64251700
64262812
64195384
64239280
64573736
64277232
64314560
64353980
64319244
64294468
64309868
64204500
64308376
64155692
64183276
65548540
64271484
64275992
64352628
64125944
64256900
64243132
64327064
64209164
64174332
64239444
64276508
64892148
64341884
64362004
64198008
64287780
64374252
64214492
64259216
64241692
64224400
64227696
65847712
64187120
64285992
64277820
64190892
64137884
64243204
64222500
64384400
64324444
64213740
64173628
64427628
64925576
64215416
64239240
64334796
64269356
64305312
64253768
64209988
64171132
64317784
64348392
64767720
64286688
64155084
64166944
64195484
64295444
64215932
64207288
64184340
64218648
64234004
64246228
64806292
64261548
64219044
64361744
64316328
64241304
64272024
64252136
64268408
64601580
64218688
64293404
64927608
64284168
64226800
64274468
64235720
64297124
64239544
64241484
64207684
64352460
64239644
64844064
64292532
64249044
64321780
64230396
64261968
64304164
64252716
64293484
64208328
64286300
64380568
64329340
64665144
64277408
64267532
64253332
64273472
64218508
64249360
64255864
64258196
64655492
64171932
64241764
64248132
64274380
64245992
64140900
64244244
64202224
64251236
64350676
64283868
64258932
64238120
66441036
64241072
64163992
64214524
64186540
64198200
64241072
64116364
64224860
64226344
66008016
64319712
64294060
64305884
64265448
64227548
64269880
64198028
64246080
64320432
64347368
64237976
64285700
64264440
64240036
64809900
64414380
64395176
64326876
64231460
64211636
64220664
64202896
64254116
65713280
64268868
64296960
64233236
64276044
64221288
64222156
64258744
64269036
64250588
64164208
64279780
64383528
64213128
65612708
64269828
64312496
64202824
64295432
64263388
64255436
64298740
64245476
65379516
64423812
64235116
64225684
64219700
64305916
64257192
64253388
64247968
64373432
64285944
64254984
64335784
64272428
64979188
64216016
64180996
64227556
64208368
64221948
64283696
64332464
64091940
64245020
64832728
64254048
64267008
64234348
64251584
64199136
64285944
64275672
64174428
64216216
64196132
64219648
64210844
64247904
64232624
64244496
64406292
64280188
64137988
66041392
64123140
64219116
64364692
64289808
64291248
64253768
64159188
64248740
64248600
64252380
64203436
64244472
64217136
64427440
64544556
64676336
64374780
64244340
64210284
64283080
64125052
64158488
64941708
64189072
64355020
64176792
64226880
64135292
64196900
64223896
64266064
64252228
64283556
64166044
64195184
64188560
64188516
64254424
64972952
64322272
64280156
64211304
64227376
64197736
64158136
64233416
65897464
64280640
64208444
64305256
64290724
64203612
64212168
64215948
64267332
64217904
64330220
64190208
64265060
64238204
64220264
64210724
64745104
64819064
64290860
64280036
64232404
64227416
64173520
65147296
64174288
64215392
64212184
64186232
64233216
64231416
64191556
64212560
64220348
64278836
64222812
64346260
64254432
64305956
64262980
64297696
64408580
64720308
64203556
64213012
64224712
64183836
64218364
65432908
64334980
64260368
64324200
64293068
64167560
64176992
64191936
64214104
64260460
64219252
64142360
64331496
64328164
64243480
64311864
64219664
64220256
64144328
64153776
64983116
64319808
64154412
64362884
64275544
64157292
64186324
64209948
64255796
64284248
64307072
64199812
64197784
64196916
64273544
64309100
64173584
64159120
66825572
64157356
64290440
64327584
64255360
64316524
65499880
64246680
64238188
64260676
64263724
64216936
64202004
64188296
64229984
64204220
64285332
64293624
64307588
64208304
64151952
64210488
64231744
64197468
66545476
64232400
64301408
64281512
64259684
65595716
64261376
64204768
64243780
64257008
64197932
64228212
64272248
64201240
64182616
64283316
64290888
64244520
64223152
64159088
64314348
64248280
64246236
64200184
66408468
64172828
64315860
64238088
64323944
65000020
64222244
64333892
64361100
64281208
64182136
64298636
64159908
64217816
64265032
64250704
64244464
64287780
64266716
64224548
64298668
64337876
64356284
65889628
64218068
64309876
64248164
64193044
65766612
64274784
64342912
64183892
64349592
64302188
64278180
64236576
64266100
64274748
64287932
64335760
64349064
64357528
64099132
64169092
64232740
65856280
64282272
64229816
64308348
65091132
64273676
64232228
64266928
64197956
64218408
64252124
64160860
64228876
64213244
64247152
64198628
64232664
64204380
64270476
64305996
64320844
64166780
64237208
66713412
64217380
64313648
64208340
64941436
64334332
64157108
64298108
64257544
64150300
64190556
64142404
64210996
64185104
64203116
64197420
64225820
64240844
64255436
64246844
64279220
64290064
64221764
64312048
64923616
64271708
64346360
64333700
65630416
64406884
64366672
64260988
64197892
64223992
64248816
64320616
64341864
64282264
64249492
64160556
64216896
64255368
64235136
64319184
64284804
64271800
64174260
64174072
64199376
64722524
64211572
64303000
67113228
64310496
64136788
64165500
64171476
64245036
64226824
64259152
64301332
64157892
64218944
64145344
64152408
64157772
64191256
64238204
64406556
64254228
64167424
64238140
65215536
64244748
64190580
65347288
64173136
64212204
64214184
64249208
64257924
64306072
64152680
64211428
64195564
64223968
64209596
64321256
64282268
64204508
64176644
64342508
64169848
65518312
64135976
64210088
64754864
64305064
64294188
64232856
64202620
64291312
64211472
64173752
64120380
64134748
64243524
64405016
64221068
64210336
64311316
64224948
64167160
64236512
64300584
64436344
64355292
64314340
65211688
64151748
64193888
64157232
64220532
64248716
64268728
64305736
64259668
64266640
64217172
64181120
64192448
64244812
64228844
64209100
64228028
64181872
64165704
64250480
64268516
64305176
64296100
64279804
64214124
64205008
64152956
64209176
64166364
64254336
64271744
64292832
64286780
64239904
64188624
64206808
64271964
64207780
64227416
64264820
64281612
64248584
64301988
64146152
64294536
64909212
64187884
64427620
64199032
64257776
64197772
64212624
64196348
64212260
64287884
64228556
64174004
64365012
64215028
64181120
64203276
64310532
64121424
64124752
64180016
64313236
64236720
64237984
66543532
64253784
64195176
64273128
64162204
64216512
64193668
64202120
64187892
64193040
64162932
64289168
64225192
64131164
64248320
64278128
64304144
64251720
64211272
66509984
64136060
64194860
64187036
64219220
64198384
64210240
64230996
64290472
64210828
64182480
64185084
64219412
64205164
64226256
64281820
64191728
64259476
64162600
64182072
64232012
65426020
64229344
64281160
64199980
64211108
64256460
64244420
64278920
64194116
64185616
64180816
64178736
64294664
64189280
64266208
64281248
64257556
64167044
64175440
64267536
64262760
64216948
64282776
64274076
64234436
64205136
64242408
64251088
64209368
64255848
64241320
64301760
64312160
64298024
64327392
64317152
64293588
64268612
64246464
64236204
64273900
64383456
64350464
65274708
64316784
64392424
64206132
64334040
64246356
64255008
64222328
64277388
64219376
64297060
64266148
64256468
64256396
64285124
64226956
64246076
64201540
64241000
64197480
64277904
64231820
64310072
65298120
64283748
64271804
64235516
64269252
64208532
64228304
64233680
64453832
64350372
64261624
64246480
64195068
64235404
64190496
64235900
64256536
64358588
64923604
64285520
64257368
64214948
64262808
64243732
64204384
64242876
64343128
64237812
64343404
64306408
64194028
64275624
64240736
64213188
64334924
64303656
64265464
64327984
64259708
64342428
66520792
64187584
67562912
64208928
64251792
64273272
64199760
64223988
64208544
64320184
64155100
64187480
64229240
64243516
64324760
64326840
64197720
64203544
64208572
64168956
64394204
65977080
64301548
64172664
66524300
64241004
64245280
64205976
64309648
64163360
64266288
64125560
64167856
64252728
64251096
64148424
64321900
64230784
64158128
64151244
64247088
64225644
64214972
65367608
64208908
64146372
65443468
64242164
64243992
64271280
64204560
64174888
64243380
64219244
 
64151596
64273040
64295520
64201100
64178104
64125664
64192516
64254340
64470608
64283612
64912176
64192360
64232952
64216728
65526548
64205280
64231316
64211856
64232764
64304272
64216984
64190964
64240524
64199020
64315392
64256224
64244992
64337872
64122172
64216712
65259268
64293644
64296096
64275604
65236364
64302048
64241712
64287520
64166956
64213288
64237308
64203816
64264644
64228420
64245432
64155428
64233508
64276956
64333592
64200124
64240888
65723220
64206584
64237896
64127212
64211588
65007948
64256356
64288676
64261104
64145232
64265980
64246740
64312924
64192600
64233868
64179940
64282424
64150376
64188056
64137432
64152184
64226912
65934076
64256120
64355476
64310780
64277108
65078716
64180504
64152404
64203348
64200360
64283976
64325076
64241680
64318320
64295812
64208176
64231504
64218568
64210528
64474364
64159772
66247752
64306432
64396924
64189912
64227376
64241920
65312688
64208468
64180704
64306216
64344176
64294364
64234652
64242616
64296488
64238464
64224680
64291300
64308956
64362764
64128528
64705224
64294984
64147760
64256012
64204176
64229320
64284776
65998428
64219612
64205256
64274672
64177260
64232096
64118816
64224824
64262588
64188840
64261688
64240244
64788980
64219204
64142108
64234184
64192724
64507080
64264856
64893808
64259144
64249148
64286300
64230332
64204328
64186284
64199100
64306216
64226540
64153044
64113588
64523112
64102272
65117576
64170864
64213064
64118208
64211416
64259320
64182168
64234600
64905576
64357956
64257176
64198656
64222360
64222032
64161520
64194424
64282828
64223976
64233384
64277568
64292052
64249864
65151744
64277060
64229000
64233828
64249440
64320464
64290344
64268868
66387924
64206504
64194300
64138916
64212280
64162536
64244148
64121264
64141240
64344352
64316108
64317900
64105004
64375504
64333660
64221288
64249688
64269412
64357628
64326160
64282936
64170456
64266840
64935148
64221944
64229044
64284604
64229312
64169828
64257328
64201484
64307092
64236856
64267172
64149396
66936968
64195904
64198852
64312176
64305432
64257128
64216664
64228136
65623544
64238208
64190608
64209440
64215016
64222588
64135316
64205908
64242152
64118856
64215604
64285440
64175176
64255652
64212676
64166728
64183616
64212616
64216920
64285520
64634520
64404620
64162180
64190676
64269344
64344972
64228760
64147544
64308312
64206172
64280312
64136476
64864028
64195432
64126432
64190708
64173376
64284872
64320852
64348736
64224092
64290892
64614040
64171840
64316092
64283676
64228424
64227628
64201584
64214076
64200728
64253628
64204204
64325364
65453996
64272832
64294816
64294572
64247576
64272264
64201280
64212948
64214348
64295304
66911024
64211524
64230004
64249716
64319164
64153988
64175428
64122412
64180024
64204140
64637264
67323320
64242980
64235092
64225292
64270952
64214276
64277952
64149704
64254080
64096672
64205152
66852960
64177232
64229528
64163168
64193984
64151552
64239468
64212084
64181132
64214596
64278876
66970812
64196092
64225996
64231432
64193196
64369160
64179036
64177128
64176616
64261148
64243004
64297140
65307740
64229292
64244992
64222556
64196560
64212728
64562676
64139620
64274616
64193856
64130304
64124204
64197204
64252192
64303272
64214988
64221144
64207428
64806532
64165808
64142864
64246776
64148364
64235212
64149048
64236328
64176080
65107056
64280608
64190836
64191976
64181876
64192548
64159132
64210804
64224412
64125328
64210644
64200504
64206476
66911752
64171020
64274892
64183420
64228784
64178852
64141828
64225592
64195752
65061904
64302548
64179964
64219400
64209672
64225324
64166004
64217248
64254736
64180836
64196552
64201552
64204492
64834392
64149244
64191316
64236768
64229068
64247552
64150776
64274704
65336844
64279224
64359416
64267804
64297956
64246632
64219116
64297052
64189160
64255328
64246260
64459960
64129192
64868892
64163904
64184188
64215868
64193156
64258016
64328512
64151860
64269992
65338052
64160900
64232532
64213288
64188756
64253564
64223296
64198512
64252516
64280780
64205484
64268796
64207356
64290520
65093580
64273780
64145724
64173556
65423316
64221500
64269936
64263168
64193780
64206556
64233796
64251872
64135024
64290708
64270364
64181308
64181776
64203944
64192492
64336504
66818744
64281476
64270460
64155008
64244696
64181028
65294004
65584988
64337912
64219536
64254604
64279528
64152584
64201424
64210176
64303416
64259156
64165208
64223724
64174716
64254976
64234708
64153564
64311432
64220060
64216708
64088192
65889088
64241156
64234588
64169044
64304196
64184988
64169252
64209924
64311584
64278632
64278492
64168444
64180960
64233772
64216488
64308532
66221552
64290004
64245552
64308608
64281740
67162560
64211580
64220000
64216840
64291372
64252108
64180492
64232336
64176396
64155564
64228608
64224800
64220804
64297412
64215204
66491328
64241420
64128216
64178932
65248164
64237716
64146036
64207952
64226568
64299756
64288240
64131236
64198416
64293352
64184356
64185364
64163996
64132588
64258672
64191932
64785472
64237956
64376992
64163104
64336436
64282936
64192984
64208044
64165968
64197260
64389348
64316160
64241584
64161664
64201564
64253048
64353800
65998780
64303596
64367068
64311516
66586824
64196068
64251696
64196076
64189216
64203972
64225968
64221920
64312692
64229892
64188504
64168256
64219192
64329264
64259724
64278796
64315640
64271624
64326476
65269804
64170804
64207460
65189328
64181248
64346416
64221304
64225764
64151464
64213496
64203004
64222628
64220484
64252016
64302460
64282124
64315296
64184544
64193856
64162868
64170192
64645004
64249440
64323012
64319700
65333652
64231496
64360824
64263972
64251024
64174028
64243644
64262232
64274904
64268228
64276120
64259736
64224652
64250436
64285192
64273288
64207516
64184372
64684792
64180208
64295516
65407220
64262300
64354988
64252472
64332928
64225828
64271140
64219964
64245216
64249900
64242100
64287176
64250636
64321504
64221108
64331284
64473292
64316580
64313160
64329680
64153332
64230404
64211320
64160720
64179852
64201940
64180312
64304880
64245052
64244244
64223852
64218856
64157588
64472648
64277008
70180990
64686024
64209472
65450204
64207768
64211192
64296388
64285096
64263224
64274204
64383060
64253540
64256656
64195452
64173520
64245500
64188548
64169140
64234820
64331212
64296732
64235704
64949520
64255644
64297120
64877520
64152164
64242708
64174540
64182556
64249312
64252316
64188144
64231936
64182376
64200300
64195716
64125052
64195552
64135040
64187228
64200740
64204076
64214748
64194456
64136540
64162448
64171136
64131764
64300388
64222416
64227728
64249512
64248320
64282636
64195256
64264696
64183888
64236252
64153064
64186232
64200960
64204784
64310448
64404148
64173072
64192384
64230632
64197940
64261508
64143088
64296356
64232968
64187652
64198488
64106332
64201252
64211524
64280908
64282244
64295368
64279832
64260564
64148360
64172748
64190784
64559628
64208748
64188092
64219128
64194648
64246872
64262352
64328436
64263180
64154768
64214068
64137752
64270576
64290384
64314468
64226700
64201316
64249748
64335652
64296968
66623648
64170756
64224664
64176168
64194496
64295908
64297548
64301420
64140776
64301396
64272048
64187972
64201056
64227056
64227176
64221916
64209712
64178280
64109228
64161772
64368640
64276228
65377136
64180032
64279640
64218420
64129188
64243156
64272188
64642768
64466508
64192868
64132420
64180080
64211224
64281300
64215400
64343764
64239132
64135568
64216872
64131408
64536596
66907944
64346156
64242708
64229872
64249404
64295596
64353456
64334244
64202484
64307856
64467504
64334612
64287400
64201916
64222752
64237564
64308920
64257696
64247604
64178308
64204944
64836576
64225964
64214564
64247496
64212768
64262396
64279592
64241996
64271108
64249608
64317492
64208928
64361500
64379840
64270864
64250808
64238332
64237368
64200704
64278192
64226332
64284936
66189360
64167612
64188832
64316028
64191768
64220160
64246992
64261720
64182344
64213044
64192644
64266588
64196472
64242720
64297852
64172160
64308152
64182492
64149256
66578328
64222232
64200928
64280956
66282020
64218024
64166480
64217104
64134652
64256816
64210168
64199916
64294968
64344296
64305596
64250328
64210588
64228804
64305452
64197420
64227316
64193916
66664088
64260924
64432288
64308640
64831372
64152964
64288800
64193496
64193344
64291656
64319452
64322848
64356740
64282908
64295180
64217004
64283716
64266520
64280844
64240560
64232392
64222740
64674764
64208712
64275692
64278016
65387452
64229696
64295720
64177528
64208120
64101836
64207180
64299720
64216936
64189800
64150416
64138444
64182344
64273636
64224588
64300336
64206868
66574108
64189292
64164972
64297848
64129700
65432408
64225368
64206848
64200736
64282920
64209284
64220168
64167580
64230144
64369156
64185328
64225540
64280664
64224276
64329288
64196420
64411564
64952304
64233732
64292740
64165260
64317304
64235536
64229992
64120204
64197848
64179156
64173368
64134888
64180004
64211604
64237200
64200064
65331312
64375820
64387876
64206652
64286172
64273144
65029556
64219824
64362012
64236008
64211952
64214428
64301508
64176384
64173468
64214604
64253188
64323588
64329148
 
64270168
64271228
65599160
64225052
64199536
64230556
64317656
64227544
64265056
65310188
64238380
64273244
64286572
64298324
64305356
64254960
64200944
64214384
64247124
64325924
64203216
64322848
64156648
64879680
64229816
64263192
64314156
64315656
64243360
64293460
64349752
64813356
64267400
64241152
64244464
64307780
64155008
64231568
64233388
64243888
64241824
64227664
64266836
64230120
64203272
65520960
64297504
64218764
64344424
64203888
64182772
64206924
64243456
65571880
64229876
64167476
64182732
64172376
64166584
64225440
64199008
64191420
64185996
64186664
64399056
64236928
64180740
64255644
64251692
64303472
64143068
64310140
64358148
65193532
64162276
64242396
64206564
64289932
64349068
64288384
64152668
64170232
64225152
64175300
64212056
64204408
65685800
64201020
64218164
64133876
64176152
64144532
64207852
64171160
64145120
65764072
64157116
64214620
64307188
64228868
64171948
64202764
64188248
64158576
64189288
64258524
65893648
64274408
64240732
64161012
64194004
64207368
64295016
64196464
64191212
64196356
64300740
65288324
64227352
64197676
64166228
64192324
64344372
64325892
64132460
64169372
64169416
64187204
65099768
64309564
64152236
64350000
64240904
64269224
64190924
64209044
64207796
64252848
64291884
67273804
64352108
64207836
64176224
64186424
64089824
64195908
64152828
64205448
64122396
64243180
64140972
65112896
64173956
64280884
64172900
64175024
64311124
64235884
64312772
64210792
64213008
64185124
64764988
64247344
64154004
64370268
64272028
64225492
64259496
64180056
64132692
64215628
64185512
64220528
64181504
64296408
64320008
64604696
64327604
64354280
64215008
64232528
64311376
64127572
64199496
64167772
64298956
64179892
64789512
64208528
64245824
64381860
64217020
64253940
64294524
64181384
64318720
64208520
64173952
64286552
64118468
64163340
65112816
64334400
64154580
64271384
64339368
64147792
64138116
64236112
65471360
64170436
64162136
64197272
64211688
64269936
64241848
64252240
64219836
64226936
64160204
64186188
64189844
64198144
65397772
64317432
64293060
64198560
64199276
64290100
64249892
64272844
64266968
64342968
64307672
64241424
64296724
64308532
64187304
64381168
64290368
64203716
64197828
64238604
64190380
64193468
65549224
64246892
64321240
64332648
64213832
64230536
64186748
65276580
64220552
64241428
64165140
64324260
64219212
64205128
64174620
64184684
64212848
64225928
64183212
64272284
64294740
64525084
65349948
64146084
64218868
64243680
64234368
64259216
64219656
64174732
64200640
64159524
64220632
64205428
64249860
64226864
64316824
64371268
64258684
64216056
64290132
64286700
65350864
64183860
64273984
64201004
64206316
64708784
64250856
64288200
64244628
64281300
64286964
64231596
64236868
64189816
64207080
64244348
64280192
64199696
64165348
64167828
64161308
64988852
64105300
64304656
64340276
64230112
64922372
64246832
64299292
64199868
64191328
64222852
64255904
64313580
70122816
64323604
64312380
64319700
64370732
64384880
64447612
64326852
64284996
65365952
64418364
64374704
64356668
64244288
66954424
64318148
64402836
64448932
64250220
64181688
64287012
64265360
64254200
64230848
64326228
64316596
64384256
64364624
64368056
64312960
64377164
65882712
64214392
64366340
64247836
64819944
64186692
64321036
64234848
64255888
64267780
64243644
64283668
64304672
64352340
64248596
64173364
64308528
64243328
64279236
64304012
64283260
64382864
64893896
64314280
64232196
64234616
64314240
64234804
64264788
64273668
64219964
64293832
64256708
64323960
64306184
64407368
64155636
64357116
64255896
64263696
64242492
64273456
65221696
64566720
64189492
64209776
64978520
64258812
64304468
64259784
64343856
64226396
64237484
64232956
64227368
64330408
64184508
64361348
64202636
64191888
64294928
64265348
64270024
64279708
66034456
64367604
64273772
65781356
64183020
64280596
64256628
64239216
64386524
64323340
64292952
64178348
64232516
64246364
64374072
64204324
64255052
64392472
64290244
64264836
64180400
64261100
68641116
64296452
64759204
64349592
64402732
64352544
64267164
64398652
64352324
64312112
64272840
64335612
64309976
64315528
64310416
64266456
64288360
64315976
64205920
64291732
64304624
64326936
65022220
64274704
64230504
64337880
64322676
64309908
64278292
64273416
64263696
64275424
64332712
64371180
64434148
64284136
64239348
64375028
64249984
64305740
64271124
64220448
64352400
64400888
65653056
64238048
64280720
64393496
64288420
64306012
64230552
64265680
64246300
64291700
64257740
64290472
64285228
64285416
64322600
64364280
64398816
64180456
64403584
64280156
65613704
64245100
64284592
64295468
64269648
64266132
64299040
64284368
64244852
64246304
64256232
64389696
64399540
64352316
64287716
64243168
64323788
64239176
64250380
64251376
64240904
64275936
65951260
64397744
64370796
64339808
64314352
64177448
64250072
64268688
64249844
64262292
64313432
64374400
64385168
64337548
64262516
64299396
64244016
64291652
64232560
64366908
64317244
65433100
64213636
64375056
64267004
64262808
64284720
64310860
64397632
64247712
64254480
64387740
64326076
64307468
64191732
64317132
64264312
64216464
64319240
64255256
64273064
64232188
64342784
65106440
64343924
64394036
64337300
64369228
64298508
64286168
64378712
64287644
64337292
64286188
64353680
64331112
64370856
64390336
64275164
64307116
64383508
64402500
64359360
64452632
64919384
64297772
64306144
64349732
64307544
64345368
64293040
64304728
64330232
64329116
64323140
64261236
64328152
64422308
64360284
64421888
64376188
64275212
64432372
64363796
64317796
66334000
64274992
64223528
64290168
64256512
64335964
64243352
64340224
64231164
64217488
64282120
64337664
64339108
64232488
64258060
64250508
64284052
64268136
64320520
64283404
64215652
65159572
64284260
65891216
64248848
64403456
64327988
64264508
64222772
64281656
64319804
64341168
64228652
64267868
64253852
64278484
64273004
64210216
64250736
64269576
64287792
64284312
64394548
65101932
64191328
64335828
64870184
64385252
64340020
64334572
64263632
64352728
64227856
64295604
64298032
64309476
64309164
64379532
64258068
64264328
64324836
64278624
64298600
64345772
65392388
64306616
64323044
64309944
65586216
64380188
64268916
64427232
64353864
64300608
64294932
64287160
64343988
64277900
64326240
64272468
64251096
64270944
64313452
64342452
64227888
64545256
64270028
65271320
64303336
64265512
64217036
64278168
64277396
64235320
64239368
64251384
64261452
64298384
64293960
64240784
64259192
64272168
64329688
64290068
64223912
64231716
64245656
64269276
64568220
64281136
64336120
64235804
64273516
64220312
64222984
64232376
64187428
64293440
64314492
64243568
64288368
64247876
64313564
64227988
65631532
64277728
64231184
64254504
64199868
64337552
64264160
64228232
64147100
64581996
64336496
64312108
64282936
64263992
64257168
64247308
64264320
64248832
64292300
64344740
64318860
64308516
65333612
64158424
64311936
64246988
64233904
64244660
64382756
64271564
64778656
64289816
64416476
64341572
64177556
64295736
64252684
64251756
64257068
64264692
64315368
64289864
64324524
64662172
64215680
64248248
64288736
64346208
64329348
64332392
64289248
64240764
64906036
64299032
64257116
64252596
64174372
64243248
64259564
64233216
64240676
64281624
64392312
64259388
65006536
64386644
64290628
64314244
64372476
64321468
64265120
64353724
65092528
64240928
64246656
64282772
64262660
64271480
64295692
64360312
64202196
64207440
64202344
64844676
64262336
64339832
64323760
64232828
64358124
64212148
64259184
64234392
64300264
64388224
66872804
64332376
64281004
64293280
64247208
64210816
64156184
64263608
64226992
64382512
65778084
64286212
64300188
64195260
64197536
64339348
64298652
64236348
64239196
64417380
64413112
64985448
64251460
64249136
64305184
64248500
64238864
64233428
64248872
64362648
64404856
64458624
65084224
64360100
64279632
64287972
64320908
64320428
64308672
64389320
64334236
64309952
64200568
66411208
64209080
64333832
64374148
64371396
64255172
64249268
64237692
64283024
64293964
65080912
64285440
64352444
64356628
64234084
64228404
64383480
64337052
64281500
64245344
64245132
64340776
65627936
64308828
64289056
64292384
64221276
64290212
64317496
64383980
64368072
64389060
64469080
64344556
64406816
64324732
64309124
64301176
64301228
64298048
64263388
64283952
66402512
64137916
64376720
64356468
64223884
64289096
64339324
64403468
64291616
65847612
64193856
64295444
64231184
64281632
64223924
64231140
64372052
64344476
64144540
64395016
64285660
64235928
64495828
64258908
64283688
64253896
64259864
64266552
64325540
64324336
65306676
64227060
64209712
64204752
64201556
64274300
64311700
64156304
64228404
64250188
64224800
64263364
64250212
66025372
64260728
64391144
64361184
64254984
64223348
64179852
64232624
66684872
64266488
64363260
64247172
64196452
64228976
64352560
64274684
64291656
64207016
64247204
64258420
64190780
64174004
64657836
64243412
64299636
64236500
64143524
64188992
64265796
64911656
64243984
64262924
64226444
64322504
64167824
64264924
64204460
64237032
64254620
64187492
64224500
64382272
64278544
64701092
 
