Procesando...
  Filtro             : sierpinski
  Implementación     : C
  Archivo de entrada : lena.1420x1200.bmp
83302348
83437252
83625984
83666052
83495436
83544120
83594428
83484904
83615344
83570404
83657404
83370588
83581900
83519504
83483360
83742368
83490836
83544296
84437036
84709568
91286040
83559804
83628336
83563548
83421432
83615288
83626328
83565896
83420220
83675412
83681500
83575684
83546240
83529848
83502100
83861488
83572344
83526240
83575260
83520576
83588668
83597908
83619000
83665008
83532712
83694412
83799872
83455004
83578228
83643908
83540404
86522396
83619796
83478556
83593192
83486208
83648972
83574740
83577920
83632788
83550264
83530960
83465348
83546624
83459128
83535404
83546344
83422780
84957652
83597296
83519420
83547856
83452700
83402804
83498668
83538644
83549052
83593044
83479296
84589252
83479576
83604784
83631716
84683836
83602004
83556072
83586160
83519712
83492764
83559492
83632044
83674328
83375416
85609316
83549864
83647044
83508868
83587264
83571780
83539808
83539504
83541948
83652148
83586020
83487484
83657668
83595916
83535844
83540536
84744356
83611596
83466580
83326144
83514664
83555600
85735960
83747472
85056944
83748248
83714168
83790612
83697700
83527520
83634152
83763292
86604852
83730748
83600876
83783260
83699808
83607892
83634196
83812512
83761184
86942180
83704328
83691868
83773580
83713168
83773188
83575844
85214096
83740176
83782264
83719164
83533324
83736252
83714216
83638392
83598580
83684096
83525704
83661976
83624716
83701008
83743188
83742984
83785768
83667268
83679672
83568444
83778744
83726312
83756876
83709648
87308528
83752920
83653240
83749380
83638516
83715836
84228888
83677976
83676668
83747796
83652600
83582264
83694004
83696492
83718524
83723308
83665828
85499800
83765508
83706980
83648828
83740008
83863272
83740140
83679332
83651952
83635676
83729076
83546504
83717696
83576648
83811772
83786916
83673880
84159260
83672496
83757424
83786464
83613484
83736384
83759000
83612656
83756944
83698516
83726444
83764176
83708388
83688688
83742100
83803996
83742196
86481860
83684944
83815020
83797424
83559936
83655924
83687496
83755432
83679268
83750956
83677916
83769960
83552524
83715348
83669908
83755024
83694888
83734328
83736916
83557472
83748284
83637608
83767176
83628900
83652532
83664236
83737668
83747208
83687932
83839004
83684980
84727612
83773324
83753568
83796716
83718748
83812692
83687920
83631856
83749832
83700560
83748316
83572308
83660832
83765088
83723968
83668232
83807356
85469184
83765628
84559996
83799460
83785680
83755404
83700988
83760900
84638888
83824308
83784396
83716800
83763220
83710848
83827424
83708276
86318288
83630240
84170156
83662268
83849984
83751648
83738484
83728572
83712856
83632864
83750152
83688000
83793636
83729152
83746276
83673744
83791724
83763776
83782124
83810836
83781944
83777768
83734812
83761080
83653324
83734164
83727584
83705088
83658552
83742744
83800840
83723824
83812308
83675304
83686848
83789428
83733372
83750120
83645720
83780448
83678684
83718796
83621884
83781068
83665148
83693248
83983432
85797784
83661748
83756408
83697864
83753104
83754008
83582300
83719060
83769116
83689948
83693564
83724772
83737484
83612548
83700356
83650540
83724836
83624020
83789516
83737332
83608912
83768292
83702820
83632464
83739924
83767944
83619748
83711348
83665848
83739976
83615032
83791980
83811580
83597088
85152524
83698648
83720600
83760020
83773472
83742744
83713336
83701504
83721108
83755968
83784940
83702412
83727380
83665828
83885308
83757604
83743732
83583196
83766036
83699516
83766096
83729000
83586684
83712180
83632048
83687028
83786940
83635728
83673396
83772660
83632024
84115044
83640164
87215048
83726588
83782108
83736048
83689124
83739236
83617608
83782188
83790660
83640604
83706272
83731272
85853048
83721316
83736376
85194792
83689316
83761332
83754328
83715256
83602832
83759076
83634964
83765660
83765364
83717060
83650928
83682144
84497984
83696456
83635460
83720644
86863268
83741388
83627884
87214812
83726200
83658236
83748720
83593356
83654560
83756508
83755144
83698068
83617572
83635676
83764320
83754968
83743052
83681996
83713464
83756440
83718528
83729796
83634992
83781096
83613640
83741304
83649680
83635132
84974144
83631996
83732456
83664900
83662732
86494772
83627652
83743064
83703728
83811368
83748416
83659396
83707996
83738996
83696248
83691680
83681732
83686944
83734188
83838192
83742928
83733788
83685480
83750664
83768520
83719984
83687500
83706232
83753012
84129512
83644860
85885792
83753856
83738108
83806940
83729792
84065072
83719836
83631176
83765424
83690340
83786392
83711972
83610272
83627988
83748468
83709568
85507956
83650580
83691636
83700132
83677084
84012232
83720672
85460792
83760220
83651688
83734812
83743516
83718352
83727044
83703768
83704268
85245688
83776780
83774524
83733892
83751700
83793140
83762716
83771472
85856504
83706492
83674112
83672432
83695448
83766356
83569160
83743324
85929060
83791908
83762404
83749884
83707440
83786172
83715612
83818160
83752688
84333660
83797136
83749744
83745984
83721808
83770824
83949376
86158332
83679912
83784336
83693684
83672356
83624064
83754336
83622384
83741176
83609520
83723976
83776348
83687332
83627272
83748380
83587852
83746756
83629132
83787840
83733440
83725648
83623328
83802280
83743644
83797052
83683200
83570032
83730852
84779852
83712712
83630340
83762828
83628052
83735392
83630284
84617752
83745664
83605788
83918476
83677164
86212052
83656292
83726968
83692368
83827288
83734124
83744300
83657244
83730860
83620300
83730468
83629556
83754196
83743476
83736700
83902528
83759676
83671580
83771076
83742284
84352760
83715476
83739128
83635976
83664936
83645976
83703048
83740248
83737676
83660900
83743220
83727208
83778972
85453588
83588280
83770876
85057188
83711928
83780396
83627676
83763880
83589180
83768260
83736788
83692320
83609252
83892060
83661148
84446736
83702940
83706536
83718660
83612232
83786132
83725600
83747532
83668952
83585712
83697136
83619332
83771664
83723524
83772844
83782064
83687760
83673524
84543004
83754908
83700152
83597412
83695128
83668188
83726180
83738148
83712324
83750096
83675028
83640412
83696888
83731820
83717576
85372748
83803668
83778944
83757940
83660616
83739916
83701152
83805988
83740112
83834968
83685204
83574508
83732584
83575612
83962516
83738880
85535840
83698136
83678084
83665100
83734056
83691068
83793976
83666716
83775412
83698680
83748240
83795560
83791844
83802672
83640592
83801980
83633112
85569324
83718112
83654520
83746128
83729664
83644700
83732028
83714864
83684668
83712432
83621336
83755984
83617652
83788880
83703124
86165000
83791940
83743096
83678772
83730388
83633272
83754568
83663172
83761252
83667728
83761536
83674888
83735432
83714260
83687484
84065944
83699560
83713060
83745932
83661680
83758152
83688864
83775912
83647112
83683176
83575028
83747608
83721948
83814008
83770500
83930420
83813016
84679912
83721508
83722780
83684984
83728776
83756368
83609764
83745436
83624308
83745428
83715900
83557520
83694920
83643736
83727776
83524164
84018912
83609468
83752288
83553496
83766988
83571116
83749028
83780300
83759020
83587508
83740652
83635576
83759508
83692280
83748520
83676404
83603476
83571960
83778156
83599564
83750172
83669756
83730700
83684296
83793292
83681072
83602376
83686364
83738472
83558940
85182680
83704092
83712384
83566808
83745216
83755484
83560112
83762580
83729764
83729024
83653320
83608392
83739840
83574552
83611728
83647476
83809484
83674392
84102092
83745524
83742832
83742232
83763112
83715044
83694944
83743816
83736860
83622972
83733332
83716632
83744004
83709820
85680444
83674840
86235068
83787668
83767448
83709988
83719424
83776292
83769160
83778276
83732856
83784048
83745100
83887840
83732040
83792588
85380820
83923316
83741860
85053076
83658160
83770948
83742748
83797260
83731860
83703972
83669364
83686812
83758448
83716932
83591220
83772840
85001068
83558176
83983572
83607444
86020000
83731148
83637216
83760320
83604756
83745588
83775572
83766496
83571804
84031652
83717024
83717364
83757360
83780540
83651656
85251528
83778336
83659440
83798048
83668700
83604748
83677888
83510008
83756768
83732824
83742304
83764772
83712796
83785340
83771408
83751856
83767308
85369272
83771764
83721900
83675088
83680328
83736076
83709792
83754668
83752252
83784764
83649480
84745340
83710120
83717020
83727988
83719380
83774848
86767848
83740724
83701276
83715220
83713072
83569324
83766516
83727928
83773636
83677928
84345868
83611724
83696920
83700256
83756192
83837840
83758792
84173180
83707360
83721364
83654852
83684352
83721188
83691820
83758112
83779520
85176256
83728960
83756316
83774056
83722652
83769424
85289676
83678096
83547312
83719128
83739340
83760736
83663436
83610604
83705448
83551648
83661904
83624244
83786636
83690172
83706076
83486028
85389076
83710296
83666176
83718856
83718172
83800732
83758356
83718564
85391620
83800656
83750732
83731488
83634228
83777020
83767148
84019852
83695076
83972652
83721420
83751348
83783308
83750708
83713636
83447536
84172108
83778676
83762452
83802100
83751708
83728708
83761932
83862608
83826736
85689992
83579388
83761516
83665148
83742432
83716996
 
83763888
83764680
83805620
83578604
83755136
83659492
83607480
83744788
83774724
83727716
83760468
85105728
83701120
83779384
83736368
83644752
83697436
83668356
83686156
83740500
83683108
83710836
83690220
83737644
83655468
83713652
83686216
84147816
83686144
83701764
83754592
83779580
86169820
83566816
83606300
83754668
83696520
83623392
83767212
83689432
83732156
83691700
83569320
84241812
83735816
83717616
83745160
83743228
83644484
83657956
83653440
83777764
83639276
83785192
83666060
83665608
83758524
83670124
83886304
83720836
83899032
83733968
83699416
83599648
84363592
83646828
83736388
83672260
83751180
83713676
83693252
83683992
83627316
83714332
83800456
83707892
84695948
83730436
83719660
83803716
83759420
83668928
83635752
83728816
83587412
83657616
83673664
83599492
83738796
83733436
83726132
83901288
83702388
83900500
83747348
83778444
85648768
83725684
83610952
83762704
83636264
83688040
83752268
83747560
83594824
83694524
83743644
84015220
83705856
83543112
83746908
83655228
83734436
83667532
83722332
83683736
83641492
83692052
83647860
83731992
83751756
83701192
83692784
83736740
84440308
84026996
83714080
83709000
83764904
83696760
83776360
83628264
83736052
83751732
83719124
83685324
83744628
83709624
83763228
83744424
83864952
83733208
86457140
83742484
83632176
83770888
83543208
83717816
83695460
83746260
83752140
83680440
83598636
83809452
83752108
83697232
83577652
83736128
84809752
83757884
83593108
83711408
83565376
83768152
83701180
83656084
83691368
83748016
83770612
83742424
83782128
83735904
86200764
83761868
85785312
83738608
83765180
83769048
83668964
83760656
83746896
83754116
83751592
83533104
83706880
83763920
83647088
83671932
83784124
83784340
83761544
83692992
83593192
83728520
83670948
83790332
83675384
83736708
83719884
83653972
83644516
83715496
83647596
83763436
83784132
83695232
83812888
83584592
83812024
83655784
83607184
84109136
83603140
83743012
83708868
83704436
83572544
83643492
83754388
83647336
83737444
83577980
83751656
83757228
83709692
83672896
83775952
83698952
85203808
83729284
83623372
83773012
83722388
83656828
83660640
83598884
83703828
83730476
83758420
83756232
83722968
83730500
83855836
83733052
83830600
83678892
83757944
83662088
83748948
83524600
83736356
83681084
83561240
83618584
83691956
83725388
83588816
83688736
83772036
83773472
83629584
83670468
83750856
83764116
83715356
83738556
83580112
83726276
83639024
83621644
83677676
83768484
83651296
83773072
83599952
83926516
83680268
84332732
83729004
83643164
83711152
83563368
83775148
83701184
83597292
83745076
83754992
83654448
83715752
83700212
83732048
84458888
83806240
84761840
83766032
83738976
83626180
83762656
83702732
83746624
83716724
83765420
83811200
83648380
83772988
83728884
83775840
84241684
84044928
83759688
83849676
83776984
83712112
83784492
83747584
83653164
83583732
83637348
83770448
83705024
83779700
83949736
83671564
85912488
83777312
83710300
86002884
83757284
83667556
83894804
83784408
83823212
83720376
83699604
83767172
83573832
83750100
84276476
83745976
83740616
83746496
90407088
83603484
83625828
83747780
83680468
83761900
83742972
83647500
83744776
83654056
83766404
83707824
83596096
83730728
83553840
83872276
83783028
84832932
83591644
83708192
83660536
83862152
83704988
83660352
83719276
83703908
83690520
83531860
83731316
83789740
83712844
83737440
83597464
83798848
84155664
83733596
83582584
83786228
83722444
83574204
83831500
83777776
83817592
83769932
83618152
85422136
83670268
83753984
83726564
84771044
83705060
83563308
83777632
83739348
83607716
83747864
83686060
83730380
83634452
83764704
83682256
86487372
83719084
83759820
83745736
83678132
83743160
84668564
83646200
83779640
83773052
83657600
83567380
83716952
83728036
83755260
83723892
83714260
83643772
83691816
83739060
86038720
83722360
83730736
83635844
83684108
83595764
83702736
83690968
83643084
83706780
84896144
83675196
83596808
83697004
83679160
83730700
83704216
83598548
83733912
83619384
83633496
83712208
83566032
83720732
83800692
83807564
85754920
83608960
83652712
83712992
83660372
83896440
83580080
84077456
83640044
83529308
83663624
83773892
83786588
83700784
83965312
83744720
86143632
83758412
83690216
83687280
83755468
83787184
83728724
85080160
83752364
83685184
83737772
83627044
83749704
83649888
83742688
83688908
85153752
83727328
83763316
83670412
83677132
83645212
83871640
83770984
84803952
83689416
83730180
83649356
83754840
83727756
84630708
83755368
83768136
83776704
83732160
83574516
83734208
83521588
83685792
83705980
83639736
83584748
83758552
83774280
83693984
83735368
85278876
83710524
83635380
83710500
83646740
83755864
83604904
83742896
83679584
83811224
83616008
83734836
83593792
83669324
83766656
83633624
85251288
83761484
83583772
83750832
83628664
83764224
83709196
83730716
83647172
86953904
83719556
83556812
83779284
83634700
83760628
83718640
86074940
83719732
83727328
83700720
83686184
83761284
83613020
83709608
83744744
83719064
83790896
83615872
83755792
83629508
83792332
83570576
85708476
83713808
83680084
83697616
83704180
83725760
83726352
83722976
83744472
83695512
84818116
83699064
83774376
83838328
83685124
85237848
83738212
83506544
83746696
83745176
83661652
83668060
83708016
83693632
83642536
83727364
83910648
83745692
83771636
83663000
83710812
85138116
83711060
83720060
83644428
83674012
83565952
83735624
83746404
83754444
83754564
83697684
84331660
83702376
83653652
83726640
83707040
86173260
83637324
83823136
83633276
83526144
83657916
83657340
83843444
83741056
83843800
83765548
84013204
83741468
83738428
83804532
83734296
83912300
83715008
83638732
83700064
83637848
83730448
83689668
83573876
83664556
83624668
84029500
83605140
84272548
83742984
83874884
83712688
85338404
83620820
83730576
83748272
83662272
83752568
83527956
83739428
83746640
83672112
83803192
83726828
83598772
83724948
83798856
83676744
83730696
83699020
83547212
83708480
83627688
83750528
83637888
83699476
83691576
83738664
83602100
83639040
83724792
83580924
83863880
83702008
83563368
83732224
83729804
83737332
83682008
83649592
83697708
83604532
83761224
83690756
83743532
85085124
83803012
83749592
85081736
83766804
83766176
83714884
83609276
83746288
83677636
83765000
83600084
83751752
83608488
83727012
83610220
83743924
83665884
84766392
83746824
83617604
83752140
83534560
83687308
83589100
83702296
83558576
83741552
83605344
83727044
83680792
83594872
83732384
83593632
83648472
83576104
85331908
83723240
83709900
83717592
83684444
83575436
83761552
83672148
83752044
83755148
83678128
83729900
83734596
83687628
83756672
83783328
84391800
83720940
83761156
83690520
83682608
83587292
83765536
83571888
83744796
83598940
83763196
83570984
83699248
83775472
83672072
83584960
83733132
83638204
85191632
83579968
83781180
83749796
83778184
83699028
83697476
83722952
83660340
83621816
83719444
83658876
83728620
83654864
83625968
83799252
83735936
83930916
83803256
86147088
83774936
83731340
83771528
83714936
83634608
83724576
83609856
83738608
83664792
83620884
83784248
83757000
83977216
83760632
86466884
83695844
86743604
83763148
83711752
83683952
83668820
83796080
83749980
83730772
83631080
83663324
83763500
83796140
83723144
83712908
83567748
84508584
83743884
83673660
84044000
83673308
83728672
83754408
83598636
83731944
83656172
83715236
83580712
83765636
83771552
83784040
83601124
83660024
83795828
83649756
83717556
83591540
83750352
83739320
83758236
83735520
83731404
83580696
83782632
83737996
83752952
83722528
85898376
83734712
83901864
83731072
83928536
83776168
83578344
83702080
83743752
83687884
83746116
83562840
83782416
83614592
83744136
83706636
83708640
83750928
83741844
83696200
83589676
84032456
83740360
83705728
83799684
83786264
83786516
83759956
83744636
83623892
83842760
83772764
83612744
83825684
83675048
85466976
83767180
83641916
83764832
85240232
83689328
83581508
83683844
83658440
83748080
83816344
83761296
83787636
83678588
83760816
83695548
83676704
83644952
83724328
83680268
83631592
83825756
83804836
83585888
83740092
83725416
83732432
83594924
83728640
83719408
83602004
83724000
86609104
83833832
83675692
83658416
84761152
83733380
83643160
83704396
83776948
83762304
83713000
83771228
83739308
83719464
84831104
83830304
83707512
83738820
83752020
85550612
83789392
83737156
83757332
83720988
83705824
83689708
83710944
83596660
83901100
83612568
86196796
83706772
83720192
83733964
83745280
83737344
83671076
85943776
83720564
83737740
83689136
83719176
83714260
83519708
83690160
83632132
83769888
84472440
83707248
83701924
83714784
83784556
83705072
83639112
83754872
84828576
83702956
83699940
83686804
83641512
83756652
83647224
83687572
83615300
85977216
83704820
83615688
83687684
83736244
83730452
83747128
83774448
83672552
83989492
83720928
83708988
83758604
83816444
83708836
83718556
83787596
83720444
83575720
83775408
83688128
83587752
83633752
85115332
83609808
83749884
83723524
83755812
83723828
83686220
83725744
83710652
85936592
83790260
83672948
83704764
83697720
 
83735032
83730912
83719324
83734316
84369432
83698596
83730084
83592296
83686076
83559248
83908752
83553244
86558552
83742852
83709760
83781588
83635044
83776428
83826388
83614812
83744880
83692088
83628656
83688952
83803212
83745824
83630152
83772440
83630964
85286968
83714192
83708072
83735532
83708036
83741536
83730568
83749016
83748616
83795708
86914268
83741992
83633860
83617324
83715024
83808752
83681308
86909500
83787376
83635780
83778144
83635944
83756780
83704016
83728624
83691988
83531036
83609296
83556524
83716160
83528504
83709580
85962328
83719888
83549648
83624412
83587680
83651900
83792756
83662064
83697732
83541740
86348860
83648164
83689036
83636392
83621392
83723300
84568716
83739320
83771156
83587884
83700496
83737096
83738912
83704244
83732924
83578068
83775448
83719460
83587696
83710764
83641812
83758452
83728516
85560812
83722152
83713524
83771796
83621084
83740724
83591216
83757612
83712412
83593428
83724652
83639668
86677888
83661892
83773372
83717280
83783460
83734432
83750428
83803832
83756900
83758256
83749104
83744304
83743708
83829144
83719668
83656808
83753348
83682940
86646736
83687548
83717204
83761840
83737108
83747872
83643224
83714260
83755012
83719272
83724040
83628764
83699488
83642016
83709032
83658916
83778984
83756156
86436296
83647296
83573748
83709332
83777776
83708096
83603176
83671192
83574328
83748588
83735356
83727204
83742368
83576128
83795196
85739800
83797040
83754948
83714344
87097888
83757456
83705016
83837668
83619504
83744976
83773548
83830052
83691868
83501764
83697024
83772152
83736660
83573016
86315372
83617628
83738612
85752324
83695704
83635384
83615336
83722084
83765488
83714980
83713056
83623764
83740612
83754792
83766356
83886968
83853916
83771308
83643116
83581648
85742052
83701016
83717388
83668756
83581452
83725496
83770088
83703304
83684544
83743816
83675520
83582772
83719056
83749228
83638128
84574492
83571768
85195664
83631292
83725084
83724468
83750636
83595208
83722312
83708352
83743836
83694688
83758812
83584400
83717696
83724632
83627172
85567532
83660016
83740832
83706904
83626668
83742520
83560432
83733616
83731856
83696492
83690992
83716348
83635356
83659280
83841696
83810052
83983176
83751412
83702372
83589392
83733056
83724152
83795636
83630096
83754848
83764380
83719916
83720060
83728516
83783364
83654176
83827564
83686740
83746376
83660564
83660892
83656968
83678976
83572868
83701752
83641944
83738004
83612972
83633688
83572844
83721572
83710060
83696088
83730816
83915328
84988800
83768444
83617628
83717916
83567420
83723752
83706592
83713616
83665756
83639972
83725404
83601020
83763284
83676152
83733316
83770800
83752888
83603244
83603260
83745464
83722944
83731232
83639400
83730760
83555460
83751828
83770112
83878668
83734412
83684228
83683356
83665512
83673864
83784524
83727988
83728940
83741092
83680224
83751916
83709120
83761672
83701980
83621444
83703612
83762828
83703132
83602456
83750460
83637200
83759784
83631048
83735832
85448860
83572828
83780104
83623036
83748828
83709348
83784372
83769480
83702888
83566784
83750244
83722104
83715772
83712456
83701192
84561904
83609948
83696668
83926928
83721976
83671408
83695180
83645436
83661980
83626872
83683492
83579900
83746640
83708268
83687308
83609496
83774112
83822264
83696884
83696892
83711552
85088780
83762296
83587000
83745408
83570732
83723024
83680852
83773912
83716348
83782828
83709888
83679532
83767496
83615372
83902988
83683712
83822356
83667576
85300236
83744624
83706048
83822648
83723276
83748112
83739060
83725316
83623960
83622396
83730232
83707376
83633164
83818140
83650116
85725056
83741628
83741896
83690340
83774316
83834492
83745544
83722828
83680772
83589052
83713444
83565996
83729932
83516704
83719684
83748132
83727132
83728856
83596696
83679036
83679504
83709436
83689296
83715216
83571100
83738792
83602848
83653312
83603428
84814388
83785752
83632040
83760520
83778508
83694896
83906592
83653464
83584688
83613376
83719444
83592836
83723964
83731028
83713908
83701236
83620564
83742228
83579740
83677512
83666092
84026828
83811616
97138932
83797428
83630556
83742292
83601500
83756784
83707768
83643332
83706300
83673740
83973040
83697172
84039172
83732792
83638984
83594840
84142456
83760168
84597332
83682544
83709136
83688812
83746352
83700860
83750420
83735408
83734540
83777296
83729784
83734152
83750868
83656768
83721772
84943448
83740520
83753720
83775368
83623416
83740652
83715988
83755552
83715948
83695384
83632472
83542364
83710480
83729684
83748644
83721080
83934060
83731824
84393004
83748052
83770944
83685404
83749724
83586984
83623740
83703408
83698372
85447240
83747040
83600716
83735584
83638544
83849752
83982836
83671764
85209596
83709212
83622124
83608144
83747724
83703680
83684240
83775668
83703744
85342768
83732500
83704768
83747748
83779836
83671292
83782352
83936204
83766476
86056104
83688952
83683608
83757256
83686092
83738088
83683420
83657148
85376924
83704240
83636108
83751848
83719812
83585216
83802200
83745932
83731236
83711392
85630568
83774324
83635868
83731184
83593132
83705960
83521576
83720444
83730584
83700592
83703224
83527952
83708368
83696952
83688848
84907600
83560184
83806396
83537968
83664868
83559456
83766276
83712776
83595708
83773796
83593524
83735440
83694256
83553440
83721056
83712820
83704040
83703824
83639572
83556424
83668176
83694656
83746856
83605348
83908588
83714180
83592020
83769036
83563064
83679408
83654960
83604444
83733840
83549076
84949832
83646712
83621604
83640296
83706480
83692740
83712972
83733232
83615244
83626772
83595324
83673968
83726952
83679008
83640000
83749332
83647264
83611892
83774556
83665744
83754040
83647948
83770240
85054988
83520548
83719604
83650856
83457508
83661668
83611320
83716612
83684784
83728700
83731696
83675100
83661640
83702588
83692724
83738688
83749568
83755264
83734612
83788888
83624140
83702880
83775748
83756148
83695204
83647324
83756276
83574788
83667952
83682200
83543512
84997304
83769200
83744356
83777316
83736344
83764808
83737548
83740328
83679784
83604208
83671132
83754992
83640328
83657712
83640648
83716864
83726020
84593780
83711520
83610092
83657224
83720120
83728200
83547892
83729612
83738512
83650792
83714208
83744056
89525240
83564196
83967992
83731436
85455236
83700924
83691560
83650160
83569444
83714468
83563012
83662964
83610036
83528760
83684432
83525116
83711584
85575016
83644548
83687576
83797440
83664928
83686284
83762508
83749432
83735344
83729740
83711680
83686008
83684400
83686960
83654052
83565252
83798460
83561784
83770300
83731884
86790352
83767920
83680792
83758816
83750384
83626828
83666440
83740700
83640896
83711416
83556360
83814372
84597624
83751096
83547000
83639972
83718520
83728616
83626916
83724700
83755704
83671864
83570496
83738888
83591116
83750608
83581044
83682188
83766136
83617972
83770472
85541724
83685892
83578560
83764256
83587980
83722104
83744744
83729376
83565604
83760384
83721224
83720260
83609616
83723132
83725112
83820996
83579304
83791616
83666576
83597704
83665752
83708860
83724296
83698988
83661612
83758720
83738216
83724008
83680492
83771480
83841156
83783440
85761268
83726492
83586972
83690024
83724692
83724116
83603552
83697412
83707836
83571328
83692480
83625320
83686632
83622036
83694396
83721376
83665624
85603476
83601084
83712996
83718500
83688644
83673568
83724100
83704036
83723244
83671492
83722132
83552432
83689412
83591148
83954464
83770036
83713484
83726508
83792304
83702980
83746524
83512572
83702172
83577072
83716032
83702996
83766852
83877168
83706540
83793112
90757656
83667352
83661236
83623092
83757604
83675344
83697568
83755680
83702856
83700248
83708928
83730196
83728652
83720612
83718576
83705756
83699204
83686768
83757444
83695068
83574472
83686560
83588592
83708568
83606508
83763592
83742636
83603972
83731604
83729428
83765300
83567744
83713840
85464284
83712904
90243188
83640008
83514688
83710956
83714484
83649512
83717644
83650444
83716668
83625316
83622748
83785492
83675968
83778692
83711876
86019576
85872572
83711028
83589376
83810736
83692384
83671164
83658524
83672032
83739196
83628352
83733500
83754108
83648808
83689244
83670340
83741444
83714536
83538364
84949988
83713648
83661912
83573496
83685780
83707492
83682424
83738380
83570800
83645144
83784652
83733476
86211980
83692808
83706732
83760828
83721036
83618932
83704028
83700492
83582348
83716444
83670956
83687400
83756240
83715664
83768436
83768936
83645576
85394712
83739436
83602376
83693908
83728668
83782964
83709592
83679460
83733456
83704064
83622108
83719720
83659564
83617532
83778248
83745684
85779516
83674964
83684012
83680100
83608828
83649536
84117184
83570492
83609284
83685012
83709548
83647664
83679312
83727872
83686924
83785060
83770056
86383308
83686708
83815636
83667100
84670192
83585684
83745384
83582496
83704400
83599064
83740016
83624092
83608840
83717652
83680124
83739984
83566404
83923748
83697936
83741156
83733788
83680480
83775404
84054272
85248336
83757112
83503212
83716428
83596036
83721108
83782656
83809416
86101620
83734256
83711220
83695904
 
83573920
83707124
83673796
83784464
83691120
83538836
83721324
83661568
83475568
83737232
83802792
83722732
83678184
85239308
83767364
83740944
83745456
83745356
83548492
83714292
83743908
84530208
83750700
83701376
83724148
83600472
83668668
83747544
83777148
83706324
84295328
83715096
83672344
83688016
83678816
83599516
83766860
83509100
83708428
83571908
83588732
83738704
83745268
83702812
83724596
85739020
83707648
83707856
83719072
83726540
85751692
83726756
83563608
83562612
83676928
83685560
83608548
83768188
83712588
85215356
83679816
83817892
83700356
83679536
83560164
83762512
83590248
83730652
83727896
83615716
83575140
83681868
83736960
83694268
83725460
83516072
84690080
83703768
83746544
83755680
83746672
83649224
83749960
83568112
83756524
83727864
83718760
83671520
86081272
83715892
83572612
83728976
83607140
86098452
83648484
83708580
83695948
83707880
83681384
83676884
83566840
83675468
83760884
83681628
83671320
83745148
83648060
83564916
83789428
83643276
83937540
83707108
83788268
83666308
83707680
83771996
83768716
83599708
83705052
83710556
83631368
83727788
83713484
84088260
83733940
83590676
83702080
83717204
83703080
83744848
83719360
83818576
83736732
83717376
85322948
83658536
83671624
86564376
83704016
84089060
83513156
83716492
83674032
83513016
83715064
83563208
83727316
83549988
85591244
83706812
83728508
85067876
83767616
83668400
83728004
83725384
83702716
83678140
83737252
83555960
83695396
83642232
83918524
83636356
83875660
83719792
85973828
83703260
83612472
83700612
83573100
83587068
83525828
83654756
83685880
83738720
83646296
83609004
83737708
83659756
84367252
83634256
83715204
83651732
83737108
83602968
83745212
83663212
83733524
83707236
83726624
83589164
83721472
83642300
83787584
83578732
84630748
83702960
83759204
83718824
83757376
83752900
83818224
83709548
83666464
83666340
83529876
83721896
83655732
83715568
83782000
83673780
83746492
83736696
83563640
83676372
83510700
83728216
83570740
83716916
83608136
83747860
83642868
83735280
83615436
83742948
83578172
83726580
83659260
84646824
83660856
83719676
83686260
83701256
83686072
83701944
83623964
83716116
83753136
83709216
83717820
83553184
83673544
83652016
83733544
83518880
84668548
83705560
83646732
83738992
83713048
83709192
83677604
83632408
83751564
83685824
83705208
83734200
83646680
83719332
83666188
83628020
83521996
84755676
83735624
83645972
83719604
83630268
83677796
83791628
83700976
83704800
83606716
83707828
83639252
83713068
83722096
83760704
84858776
83706948
83657884
83794312
83757172
83751808
83762716
83672844
83742600
83630212
83739848
83765916
83692376
83706088
84030568
83709624
84237892
83759836
83683528
83558432
83680912
83703460
83737852
83720992
83671336
83728248
83704188
83552532
83572176
83754696
83709276
83601220
84793796
83755492
85249556
83530968
83751632
83747136
83737900
83615328
83742428
83688264
83580984
83728188
83641160
83727112
83707024
83777144
83619712
84043688
83746896
84791004
83573352
83698256
83618400
83729768
83599232
83692964
83635852
83718952
83720616
83780300
83659672
85913860
83706184
83718368
83731456
83673704
83594784
83662864
83602500
83733220
83714428
83759036
83566428
85064364
83669976
83736920
83684248
83677624
83550028
83644992
83743200
83570224
83699036
83713868
83707256
83562736
83696860
83631428
83739456
83598300
84060824
83619236
83890124
83688056
83670996
83649140
83718840
83764444
83624840
83706904
83659140
83568708
83673708
83589072
83720004
83610384
84508740
83765672
83781924
83650484
84754728
83727360
83574276
83736064
83631280
83734692
83508520
83658968
83746988
83687276
83698036
83897604
83675572
83800832
83597836
83703528
83542460
83722620
83574792
83737696
83610012
83740596
83644900
83728576
83658444
83720316
83676612
83560368
83728980
85583492
83668760
83732172
83674876
83667132
83647856
83669056
83681660
83630760
83691640
83753752
83703824
83676788
83762776
83588236
83683052
83702268
83686072
83644652
83700460
83606476
83567636
84083344
83639156
83742616
83655412
83722460
83665632
83626592
83572308
83693528
85172072
83768368
83540496
83728748
83605808
83706836
83564500
83710844
85312044
83744840
83771284
83663416
83622188
83685892
83711724
83869232
83648196
86382244
83576236
83701864
83665988
83649800
83549988
83642108
83553980
83640764
84003392
83739596
83700512
83784212
83691616
83622576
83785412
83761920
83605248
83687200
83697616
83654836
83753500
83649872
83791456
83562892
83665116
83656696
83697564
83667416
83587820
83666852
83602456
83771064
85081844
83759772
83530744
83748052
83697016
83782068
83757188
84907884
83564452
83719684
83615568
83615072
83613304
83778948
83698192
83676936
83595600
83619548
83647700
83702320
83759976
83555044
85082916
83761104
83734216
83572080
83694008
84017812
83738084
86465188
83765360
83552800
83675360
83608596
83738828
83529880
83712692
83656416
83690640
84893692
83631264
83675456
83586804
83639252
83710540
83749528
83602504
83656484
83732444
83558344
83716052
83830744
83638744
83657332
83689624
83733752
83643308
83712700
83727268
83584104
83675584
83758676
85463988
83549180
83675116
83635332
83733920
83569500
83726444
83784104
83594648
83656664
83657064
86111836
83675428
83591244
83678572
83664592
83565480
83673672
83518136
83641288
83714852
83735788
83843724
83778460
83724448
83740692
83659792
85519812
83637900
83650064
83775664
85476960
83744128
83633468
83703700
83676752
83714528
83717384
83606428
83590448
83625748
83693164
83650464
83709388
84845208
83655764
83812260
83651992
83873208
83673356
83516848
83622356
83707668
83692776
83716588
83700948
83795712
83718432
83714208
83608404
83694260
84278528
83644804
83696908
85276372
83617544
83554432
83584588
83765624
83673676
83725084
83561700
83638928
83552972
83608416
83610888
83769288
83697884
85026892
83918240
83702692
83665484
83689732
83737520
83731932
83755844
83725668
83548140
83602116
83641988
83640100
83631324
83618592
83573296
83589112
83607072
83735504
84402504
83571908
83628612
83689404
83731648
83687428
83664612
83744920
83657632
83671780
83748360
83588644
87272660
83575960
83687392
83508628
83736436
83734444
83532852
83509128
83621844
83636656
83628900
83808960
83607792
83758664
85399676
83717536
83761296
83684512
83549880
83696824
83526452
83692604
83567388
83663384
83648684
83770868
83751500
85298540
83772984
83624336
83719808
83722532
83552616
83615712
83606964
83699892
83734516
83621068
83718832
83716912
83583944
83776176
83589308
85093960
83745112
83724008
83716040
83720876
83550260
83563912
83675808
83690168
83572452
83584540
83585556
83739612
83541104
83688524
83617120
84737892
83684408
86199868
83616220
83735592
83674276
83590288
83692572
83537972
83636368
83640928
83705444
83707036
83617628
83725252
83660956
83677192
83735720
83563072
83640876
83750248
83591420
83632848
83603808
83683928
83570356
86564600
83574868
83666136
85331484
83664112
83475976
83599396
83567192
83612548
83783580
83573136
83600352
83688496
83692260
83646596
85143720
83688076
83673084
83707536
83786208
85173216
83579624
83630796
83598040
83541160
83605576
83567720
83595324
83559232
83627668
83680232
83661112
86475052
83652812
83740644
83560848
83573868
83647328
83723736
83649528
83614592
83679532
83629684
83705644
83666380
83677256
83728224
83730176
83703492
83773648
83740808
83628196
83733068
83820800
83717276
83714320
83706968
83652620
83720908
83702556
83768872
83662408
86222468
83613164
83585448
83628268
83777024
83698784
84517864
83746772
83634748
83680444
83715796
83642376
83632348
83711860
83796520
83682020
85792692
83728672
83802392
83716492
83698340
83822048
83686124
85129356
83599296
83676524
83669504
83673856
83706496
83708160
83612444
83616748
85294020
83641084
83626192
83718480
83572284
83580120
83679388
83587852
85587504
83605436
83685012
83667336
83670924
83638744
83772400
84113976
83715536
83840056
83655316
83640208
83668204
83657440
83741104
83680708
83636660
85387368
83683008
83590680
83689532
83553144
83599632
83649272
83586224
85317056
83654044
83633648
83707368
83711360
83629552
83598464
83604644
83754708
83656380
83710248
83648424
83734004
83750424
83843292
85212712
83690780
83606628
83562464
83606868
83623084
83573752
83540620
84131528
83615964
84041636
83570000
83584576
83762760
83773360
83687420
83999292
83680192
83721928
83548040
83624040
83607152
83672392
83730128
83678492
83602772
85324840
83648868
83627752
83568684
83537188
83668280
84991948
83663244
83677396
83582328
83539380
83661780
83685248
83598592
83646108
83701432
83744700
85099200
83777160
83549388
83571912
83643260
83487544
83552588
83683276
83678792
83639872
83723180
83675244
83532996
83537700
83722716
83676340
83608700
85451396
83572596
83629100
83682072
83753360
85116828
83534472
83652408
83553008
83580700
83594548
83584600
83542164
83569152
83882308
83766496
84267692
83669488
83938712
83588972
86555032
83645984
83706148
83600552
83535952
83615772
83523940
83600684
83774524
83720272
83611380
83617016
83629600
85354720
83534088
83664840
84580072
83724332
83750376
83728808
83636920
83668852
 
83700540
83659780
83676616
83519332
83587220
83569752
83563524
83544056
90447172
84019588
83675860
83610232
83641604
83723072
83732904
83655432
83590000
83587908
83636464
83642848
83633952
83591968
83589772
83482860
83580008
86866276
83667540
85152456
83593916
83632624
83717636
83660212
83597124
83602092
83808400
83606260
83700256
83713044
83744928
83695400
83731976
83625252
84456916
83585628
83593772
83499124
83526668
83714460
83564288
83562268
83746212
83788572
83710360
83679664
83531752
83664188
84974292
83519984
83544280
83478908
83619380
83573396
83651188
83621792
83767488
83816088
83741572
83703792
83691456
83666628
83726308
85343000
83700384
83695072
83652644
83665524
83620996
83641444
83552836
83585732
83650888
83642424
83584604
83610224
83530852
83623392
83730592
83644664
83633164
83677264
83755348
83673936
83509208
83585276
83723636
83675296
83615308
83589372
83771172
83665144
83694300
83728316
83696460
83704912
85461752
83564460
83567960
83663600
83747524
83764888
83708528
83623412
83608956
83566896
83701080
83646456
83724096
83619540
83663788
83736584
85367264
83635732
83508844
83655520
83506600
83541652
83563176
83549524
83565996
83570684
83543388
83643416
83927088
83611632
83491932
83849200
83630116
83656812
83622708
83621688
83691668
83632288
83650320
83650984
83802440
83757056
83729364
83691084
83757164
85344880
83722548
83673440
83517760
83712076
83649900
83706292
83628108
83655680
83715140
83763904
83672984
83579376
83559984
83579396
83545000
85966776
83706440
83640080
83600308
83659888
83727288
83661172
83717924
83680480
83744692
83613700
83586900
84087728
83726936
83829316
83604448
83601732
84877792
83653980
83674804
83702332
83702124
83715320
83725924
83553844
83679788
83514800
83620228
83783512
83607820
84924004
83572568
83574824
83605264
83627740
83553556
83489452
83546904
83586824
83744240
83688856
83627876
83647684
83552648
83584388
83758432
83643760
83699312
83597216
83657300
83618972
83649556
83495056
83700344
83703128
83589436
83577440
83563040
83463904
83705980
83675836
83751568
83659508
85629460
83562424
83582796
83776304
83650904
83712256
83672880
83649548
83702800
83616596
83526944
83512420
83566096
83563268
83508992
83561700
83498524
83607288
83659008
83546876
83594828
85252488
83664684
83574800
83570752
83644732
84127524
83692876
83587844
83629744
83656108
83563248
83584740
83618252
83638848
85189652
83587824
83557500
83582656
83661512
88450000
83502096
83665428
83623400
83615676
83633160
83720320
83469192
83573908
83698100
83674136
83764896
83633324
83572824
83609032
83482180
83659824
83765828
83685556
83589920
83677396
83575000
83870944
83585332
83627588
83757508
83702772
83726712
83700580
85533592
83611660
83671036
83726116
83681448
83578760
83567144
83685720
83564604
84898628
83606000
83592600
83578500
83535600
83601196
83620892
83681060
85996536
83740672
83698016
83580044
83715832
83607488
83679072
83457928
84102112
83821364
83633072
83775776
83761596
83645572
83668004
83607432
83645044
85084568
83662640
83652312
83626416
83703276
83683244
83678448
83665336
86740068
83524648
83622400
83799888
83605076
83724596
83664836
83725640
85348068
83654796
83643104
83746528
83731316
84028500
83807056
83844496
83575596
83582268
83565232
83562556
83579952
83518984
83692536
83688052
83665660
83721224
84336608
83698788
83681944
83712288
83695824
83623096
83650932
83587360
83735228
83678632
83721664
83629660
83681028
83739476
83759560
83724388
83669432
83647220
83629352
83544292
83550132
83747944
85156344
83808120
83765420
83714880
83591540
83621452
83654928
83652160
83592424
83597752
83606288
83589588
83571132
83554660
83704856
83678876
83668064
83941096
83661556
83583584
83644748
83669044
83605384
83672056
83657440
83741364
83743592
83701652
83681944
83600692
83546780
83693416
83623828
83608088
87448548
83641364
83696936
83660712
83725648
83672184
83626832
83706204
83630484
85595672
83621528
83574724
85174852
83575848
83542328
83595796
83693828
83692572
83697776
83689304
83794504
83703124
84180964
83714196
83918904
83700996
85731176
83680248
83580580
83529188
83669456
83661112
83742872
83634272
83574240
83676988
83526504
83600040
85683304
84065452
83676552
83596680
83613236
83615400
83611984
83596816
83583532
83648340
83723312
83566108
83551136
83638836
83598560
83820960
83610452
86707884
83679720
83715040
83672560
83581164
83734220
83743860
83728104
83551096
83559960
83667240
83532008
83599164
83501528
83646664
83498016
83575912
85011944
83745424
83671920
83570652
83513768
83590736
83646500
83649152
83658652
83726444
83656136
83634916
83505492
83597464
83931068
83668872
83722448
83580440
83519456
83600336
83629340
83552132
83627040
83609852
83528200
83564440
83614116
83603160
83599720
83679548
83616220
83563504
83530348
83637624
83583900
83600516
83500592
83579268
83590296
83576272
83565396
83555024
83549916
83579556
83513728
83655956
83668636
83596216
83667824
84969196
83610296
83648208
83567112
83505412
83622064
83504976
83607632
83663088
83553828
83529656
83621188
83597888
83575904
83473040
83584560
83582780
84980744
83686868
83624496
83678068
83568228
83562688
83660136
83463860
83673052
83586904
83515324
83583756
83475856
83757616
83595192
83705380
85094860
83678144
83682380
83573060
83623024
83563256
83568652
83531024
83496796
83615424
83528040
83558512
83582588
83659344
83647348
84960292
83573016
86537696
83788300
83715160
83700624
83658360
83698004
83738460
83728724
83663452
83618908
83559756
86963876
83696632
83649100
84750536
83791128
83684552
83783844
84113476
83734464
83695568
83607436
83546356
83655172
83635692
83602304
84012560
83530996
83642376
83737824
86376080
83684136
83712976
83589732
83643572
83668536
83697672
83722448
83691816
83675644
83661436
83598560
83637628
86803660
83544764
83487992
83628056
84992236
83680508
83635140
83558256
83539488
83606264
83677056
83687344
83732708
83693260
83612824
83799100
83570428
84577652
83632660
83599248
83584440
84370076
83749648
83635828
83684208
83597316
83523644
83678808
83717744
84024388
83547300
87584060
83716608
83661864
83603896
83548664
85304272
83628076
83569792
83668272
83604860
83725696
83682196
83739448
83694248
83517516
83640816
83595920
83534508
83587700
83537500
83591280
83607000
84656240
83790156
83672648
83668296
83477904
83599216
83640628
83559144
83532024
83636012
83513384
83527584
83594244
83540956
83526784
83713380
84212440
83708388
83707264
83557364
83588428
83700096
83668584
83541764
83484700
83603176
83588732
83534312
83505972
83642912
83700268
83687544
83636664
83611796
83580392
83640484
83630836
83476072
83577388
83643116
85009180
83697344
83587932
83530616
83633604
83717600
83672508
83590904
83580300
83642996
83670496
83567792
83660988
83652908
83707896
83651360
83562192
83668380
83642796
83621316
87513204
83526660
83586756
83858876
83584356
83607372
83478608
83892648
83637252
83606488
83604588
83607156
83573652
83536280
83675828
83470916
84182296
83568588
83625540
83552420
83554104
83481688
84020560
83577852
83533064
83514004
83522956
83700584
83651080
83667756
83869956
83590640
84484124
83708092
83578748
83518604
83565676
83676556
83745320
84396400
83729380
83707184
83650012
83576624
83675884
83618312
83659796
83538360
85822116
83672536
83562592
83643280
83636940
83511572
84219840
83677912
83620536
83634836
83588636
83514212
83645896
83645060
83727812
84468164
83499900
83653080
83636304
83669028
85997472
83640072
83604992
83638520
83730740
83655808
83728216
83677072
85483688
83629752
83711720
83621296
83651472
84251912
83551956
83551744
83685744
83592000
83612184
83587208
83635528
83576016
85131940
83700492
83575272
83599816
83571792
83550588
83537172
83670848
83601416
83610940
83661044
83592184
83588056
83536768
83756172
83706556
83705776
86705928
83552680
83655256
83573636
83586468
83600984
83703724
83635272
83655388
83683712
83659096
83603628
83579500
83769936
83674488
83700176
83472792
83523868
83604464
83535892
83594180
83589048
83650168
83565500
83508792
83671464
86028724
83527516
83545728
83555316
83649808
83567548
83560608
83682632
83679560
83672584
83626496
83592716
83710932
83700764
83800336
85367140
83632272
83620604
83556696
83592260
83571380
83542120
83699200
83691180
83661720
83614500
83520480
83796984
83661028
84707768
83564128
83658652
83623988
83614500
83573240
83577472
83479828
83580888
83566024
83655596
83588520
83553132
83611760
83764904
83697832
85076848
83534396
83580704
83624840
83584852
83673544
83579824
83699476
83660972
83550712
83551208
83614160
83531836
83620172
83705044
83629868
85062408
83638872
83646904
83661292
83623984
83591208
83639984
83623152
83587244
83582468
83652456
83700276
83675928
83617220
83609184
83895528
83553696
83568344
83593116
83529320
83645912
83572092
83623100
83552720
83655648
83616892
83570920
83526332
83555036
85714032
83616036
84868132
83620396
83665808
83579836
83680820
83560876
83623868
83593560
83604044
83757220
83665164
83444516
83553100
85327052
83662676
83633896
84830928
83700356
83639928
83623912
83573676
83591116
83525632
83640288
83636740
83545544
83587276
 
83692236
84968624
83630540
83655120
83668680
84205568
83561808
83610696
83558784
83645224
83682500
83642532
83700324
83692648
83586232
83581776
84185324
83573404
83611540
83641840
83643204
84460672
83625296
83628260
83635540
83653992
83677916
83686524
83506624
85354548
83566940
83605872
83541052
83677296
85098640
83618936
83538960
83549384
83648524
83679776
83712720
83796812
83620432
83592752
83566588
83534536
83582976
85159200
83782344
83638872
83591188
83698660
83601352
83619204
83634968
84992168
83620896
83657172
83639460
83561692
83539408
86995252
83609164
83557920
83599396
83668032
83659644
83608640
83475708
83625176
83508360
83550984
83457732
83566740
83668340
83586336
83604816
83674040
83672044
83571128
83479948
83434232
84159864
83544776
83520340
83542144
83606700
83613904
83614288
83620536
83612324
83632948
83686860
83720036
83663104
83689440
83590452
83655924
83686188
83950840
83588964
83832428
83744700
83651716
83576784
83716292
83623088
83585316
85954172
83648196
83687372
83680124
83648204
83646060
83579096
83717448
83617876
83696056
83645412
83636796
83655028
83622260
83539292
85401008
83620420
83694176
83671388
83667288
83643472
83636984
83655820
83785136
83562220
83916640
83540260
83520012
83644284
83675008
84950164
83611040
83546352
83588444
83685036
83655440
83652908
83554764
83516576
83569900
83532684
83573732
85019160
83523084
83676632
83589920
84831900
83570000
83649260
83502268
83586876
83545744
83564572
83627136
83580236
83475848
83572964
84206320
83597704
83518064
83756120
83700732
83578244
83579016
83636664
83559324
83603316
83568440
83542340
83636376
85922288
83533916
83558388
83582092
83630808
83675564
83700680
83600252
83659724
83519692
83619508
83636380
83625488
83654852
83756556
83674708
84020040
83726572
83693628
83958928
83667292
83580916
83531928
84013352
83719712
83689180
83637012
83627600
83600584
83667004
83657260
83678288
84493356
83607088
85595812
83788400
83666876
83607912
83756236
83593192
83578656
83471780
83538012
83500276
83591076
83736420
83599064
83545552
84086364
83613076
83578168
83613548
83555528
83652808
83585224
83632224
83689488
83645616
83554736
83665620
83678872
83632908
83909356
83663012
83472380
83505852
83523704
83535224
83565468
83525840
83615260
83554924
83593768
83558820
83693200
83678084
83662220
83625236
83544148
83648776
83570476
83543396
83593876
83628268
83605712
83546400
83475876
83468728
83503500
83571024
83585012
83636452
83623112
83756340
83614260
84827344
83521396
83524724
83521536
83598620
83586776
83485532
83543012
83571656
83579848
83598284
83567912
83623620
83626372
83543400
83526452
83642612
83636116
83510108
83524824
83610928
83635524
83539572
83579276
83541964
83544024
83579932
83541536
83641592
83674188
83661260
84824116
83584592
83531228
83564960
83522452
83515312
83602768
83594504
83578664
83554404
83813332
83674776
83717856
83505660
84263408
83590528
83535372
83606752
83616044
83648896
83609424
83928176
83602876
83661940
83639000
83714820
83471556
83563652
83613764
83648788
83575928
83655776
83608456
83639188
83659128
83582812
83531324
83615120
83567964
85211536
83684572
83630412
83625680
83560912
83617988
83615812
83602276
83623768
83623696
83587044
83675812
83576500
83591668
83606204
83496236
83505740
83618068
83471028
83601396
83638620
83472552
83558052
83572676
83565148
83655536
83639792
83623728
83649936
83609424
83571672
83463440
83506440
83601444
83635384
85558076
83626096
83667512
83621136
83534392
83507936
83679152
83676172
83563144
83488880
83553520
83577964
83608060
83593556
83552272
85056736
83671436
83576124
83667968
83609400
83645840
83607704
83589656
83583004
83566484
83599968
83570084
83601804
83621220
83714688
85878268
83671172
83663584
83637252
83565780
83695984
83649804
83563236
83591792
83610796
83573980
83577708
83601028
83698936
83798004
84767168
83681092
83535780
83517948
83529740
83714420
83663632
84469320
83735824
83619012
83470212
83602876
83520912
83557780
83598040
83647488
83700800
83545324
83487252
83580696
83688868
83606668
83647284
83540708
83640612
83696504
83727616
83606472
83569664
83664404
83591876
83549224
83491348
83726200
83590848
83512988
83534968
85793644
83544560
83516796
83554716
83890948
83645280
83533236
83594028
83538048
83612848
83637232
83631124
83583828
83614580
83559904
83613332
83712784
83577380
83599272
83598116
83557964
83661872
83586716
83553420
83638200
88450544
83665536
83643992
83629652
83586888
83471764
84009804
83530260
83500904
83502240
83553016
83586548
83530796
83656864
83545140
83619012
83628932
83618904
83594472
86589344
83684808
83513252
83561776
83576932
83615456
83481236
83701664
83472724
86149480
83625620
85670792
83622332
83668596
83632616
83643772
83607812
83683656
83602004
83607008
83622868
83646452
84585480
83657596
83651888
84757000
83532888
83556472
83504448
83553936
83534904
83607880
83559348
83638144
83619504
83629172
83596264
83530940
83681752
83590004
85160032
83633624
83570700
83565252
83620964
83598140
83494984
83605164
83539592
83595188
83545476
83507908
83650028
83623264
83590160
85085820
83545108
83485168
83625148
83495964
83515004
83565344
83525708
83588628
83628492
83577376
83624536
83821704
83532480
84176584
83512836
83499148
83544916
83567752
83567336
83549728
83526200
83505460
83657124
83679684
83589196
83668768
83632844
83599604
83580888
83639840
83623468
83551696
83637296
83528332
83572176
83576168
83623052
83644964
83536848
83601792
83559684
83652036
83563160
83582036
83652264
83668516
83745444
83699096
83700724
83644912
83544208
83541472
83566296
83509208
83717096
83675644
83578140
83679016
84016056
83532044
83640012
83599760
83641456
83499864
83509008
83507500
83577364
83581220
83556072
83532024
83542820
83603812
83593288
85233536
83617392
83572168
83614372
83520436
83581468
83559900
83498568
83937500
83621764
83604836
83602048
83549692
83561120
83647548
84984640
83607116
83638016
83637320
83567076
83751968
83601400
83581648
83567564
83585252
83507468
83554640
83461820
83481932
83502164
83917924
83606532
83584708
83490580
83552616
83483888
83553652
83600208
83538380
83566904
83567552
83623764
83956196
83620992
83649164
83582284
83637684
83608740
83618700
83523076
83645984
83626292
83625612
83643020
85579144
83693676
83659476
83536908
84777680
83533120
83583288
83607332
83583248
83529624
83584056
83551056
83589956
83517680
83793020
83624388
83544040
83541020
83531324
83611696
83596788
83466420
83652332
83652632
83606040
83664468
83964096
83625676
83530852
83519580
83559028
83533728
83558748
84999352
83584572
83521392
83452676
83550212
83546676
83568560
83585440
83619568
83546192
83536156
83590760
83616340
83622168
86180872
83622656
83556392
83556440
83506548
83609500
83523760
83651564
83468172
84512992
83617256
83611636
83569212
83538164
83767872
83470376
83429876
83551540
83536012
83557912
83584816
83579016
83885612
83649168
83509980
83573120
83581784
83586544
83609616
83482056
85357384
83623972
83560256
83599416
83508936
83597248
83565644
83724048
84057564
83626572
83594400
83623784
83571100
83616844
83685808
83608480
83538808
83472700
83561084
83602884
83536880
83483460
83583528
84793868
83539888
83585708
83535672
83548340
83650716
83564136
83569116
86200196
83554156
83525732
83497156
83497988
83547912
83610604
83455428
83509208
83535880
83506796
83512300
83575560
83565592
83894108
83552400
83562740
83529968
83505936
83577900
83590196
83526064
83676384
83620720
83499856
83569492
83543948
83597192
83617664
83667536
86699684
83563912
83564440
83544460
83654876
83611968
84677152
83619756
83627892
83565064
83622224
83548780
83547752
83562484
83640880
83482420
84968072
83524540
83502292
83565020
83508884
85960492
83569004
83474452
83537768
83456816
83502412
83555416
83538760
83657172
83580908
83516992
86327368
83510812
83539876
83615652
84913480
83546756
83617524
83671004
83602808
83583560
83555632
83588176
83495324
83523792
83814240
83598796
84299300
83593536
83667184
83597912
83636052
83681944
83688220
83673852
83607428
83561032
83641672
83566588
83717208
83643412
83549448
83444036
83906372
83560284
83619516
83634868
83566756
83599916
83536212
83613856
83570120
83618764
83515588
84096496
83487920
83504160
83588864
85669384
83602708
83607676
83565400
83627884
83563144
83557340
83622836
83565008
83607172
83583488
83613704
83638664
85332820
83631304
86886184
83637352
83554032
83539436
83649204
83588448
83648740
83410920
83476556
83484316
83499988
83584084
83549348
83476332
86454400
83489996
83579520
83570032
83646712
83567924
83570932
83622844
83550548
83566424
83513256
83517068
83663632
83633280
83605260
83571952
86894052
83609972
83585140
83565600
83554408
83492500
83537288
83493800
83521712
83529428
83573280
83654644
83545612
84321360
83624780
83607572
83489172
83518188
83532604
83488260
83510408
83562748
83566672
83570240
83655488
83568916
83552052
83611228
83604060
83461564
83558536
83478900
83567248
83561888
83548736
83651880
83591440
83577600
83619528
83603112
83622692
83744636
83601888
83658256
83536748
83587876
83551984
83577268
83663612
83619484
83570532
 
83627784
83495972
83490188
83572824
83519504
83559316
83527544
83627472
83663020
83681072
83619924
83484460
83543500
83625668
83582516
83633956
83653788
83549184
83546768
83674488
83645176
83559632
85101620
83562880
83473472
83540424
83518844
83538192
83518716
83554576
83595936
83637664
83629136
83535908
83524336
86398256
83624248
86126392
83635400
83608444
83649412
83643204
83537040
83674792
83558084
85384376
83576780
83625488
83766224
83628804
83619580
83648892
83659144
83627716
83541184
83620684
83656984
83625848
83474544
83632584
83505720
83618984
83583660
83499960
85342412
83560912
83588448
83546740
83641980
83618852
83591232
83603596
83627216
83641804
83516244
83526308
83591684
83581920
83573236
83609800
83793424
83542876
83779976
83568260
83494864
83594032
83538508
83659384
83660184
84265908
83653872
83604048
83602356
83679300
85430304
83601092
83552416
83615684
83590412
83518844
83560036
83525536
85969528
83612916
83568980
83587616
83553968
83648184
83600872
83552964
87257728
83549672
83514336
83629536
83606464
83587860
83626408
83591200
83604636
83522804
83619396
83582840
83599164
83565280
83604880
83634304
85544012
83595768
83513060
83578508
83499692
83604140
83521524
83995500
83513940
83606504
83484768
83625204
83498888
83584468
83653768
83606912
84652952
83640268
83659412
83566536
83685104
83661424
84164700
83545532
83507784
83491816
83537936
83547440
83593048
83597112
83623756
83612088
85380460
83552476
83590776
83614160
83627400
87054372
83632700
83609200
83637464
83672396
83606172
83823252
83657028
83690592
83724368
83702344
83649160
84519548
83671460
83666180
84007592
83606048
83765380
83552972
83604012
83640200
83649332
83563652
83585856
83589784
86738276
83543012
83543768
83612852
83581060
83615300
83603884
83510152
83578904
83592052
83574584
83782396
83625356
83494744
83586084
83616776
83606472
83591916
83651504
83583496
83525152
83549040
83508932
85334888
83643076
83618604
83577192
83649320
83583228
83618724
83520236
83520152
83619712
83599064
83611064
83614404
83565948
83836372
83551812
85191272
83587464
83634624
83626100
83486968
83600500
83556104
83608276
83550280
83638628
83515460
83578212
84886832
83553112
83666804
83518848
83563684
83549704
83523496
83485964
83559456
83569288
83552864
83451400
83571636
83486864
83694572
83630716
84685772
83517840
83585776
83562948
83587132
83763212
83548032
83569420
83550824
83475036
83612120
83545784
83563084
83524636
83590996
83544720
85352240
83536616
83645284
83525776
83434040
83596188
83513932
83553236
83567620
83530288
83494180
83516488
83538496
83563284
83544592
83597448
84490608
83588132
83645508
83624424
83605276
83563252
83485428
83558272
83547068
83558296
83572404
83772636
83564304
83496612
86376364
83568308
83490300
83548140
83541428
83547168
83564216
83587140
83547488
83599336
83573792
83978500
85066416
83620376
83662120
83594596
83590780
83566060
83622672
83558520
83577996
83542856
83605476
83584040
83607372
83642772
83532884
85252956
83528880
83569348
83591880
83582232
83582204
83582948
83557264
83591300
83562432
83575780
85147880
83518256
83536488
85523084
83456236
83574380
83656252
83609736
83551620
83632340
83580952
83577184
83838940
83481740
85635708
83567724
83972620
83519716
83505264
83574416
83495424
83490416
83636784
83596112
83555260
83505640
83565920
83522244
83536288
84150028
83575184
85303672
83574876
83551064
83599932
83574060
83542620
83577748
83554256
83944468
84620896
83658132
83509800
83597108
83800024
83587376
83557196
83651904
83605404
83557344
83488384
83589864
83599056
83568196
83524984
83595264
83573788
83530688
83537780
85035564
83503972
83583792
83519156
83565256
83583440
83552684
83484396
83599792
83597884
83544832
83519484
83558440
83706920
83600312
83607156
83622400
83609896
83624476
83472516
83529780
86374812
83629324
83572388
83575612
83550092
83515468
83729400
83531164
83441996
83521860
83543232
83652244
83528620
83601464
83497644
83547168
83570280
83518104
83547096
83552944
83562656
85624268
83544124
83498172
83602688
83550544
83554020
83495724
84888572
83571392
83617820
83603668
83626836
83650008
83661876
83629576
83685292
83685040
83626992
83599420
83602768
83601340
83529768
85269952
83541352
83570856
83620760
83651780
83624936
83605144
83645980
83592332
84917896
83598756
83704896
83548252
83564216
83558356
85318520
83631044
83525204
83632612
83603992
83574596
83591696
83595692
83583728
83580004
84038956
83662304
83568316
83602100
83595516
86732940
83540512
83613408
83622200
83523384
83549600
83630692
83593748
83644604
83619788
83571660
83484300
83579524
83548356
83521980
85639088
83592588
83586440
83553388
83559528
83582316
83599400
83544716
83638784
83583988
83524332
83528968
83581968
83636760
83489108
83567736
83562148
83525036
83501948
83539424
83538180
83593588
83492212
83638296
83518100
83635400
83597004
83643652
83560348
83563944
83577140
83570276
83591692
83526816
83611004
83606648
83541920
83509944
83500072
83598772
83524980
83487860
83483692
83543824
83631608
83574456
83636712
83632776
83553852
83572776
83571472
83584236
83529232
83548420
83481300
83560360
83548012
83967324
83573560
83506124
83617852
83579156
83589528
83609500
83591384
83524268
83600320
83637500
83590452
83720720
83606220
83643924
83697320
83564800
84261596
83525508
83570040
83618740
83533568
83557300
83559076
83597464
83591064
83599936
83565980
83558008
84693464
83585288
83642864
83667088
83628888
83614204
83596256
83672820
83639036
83560440
83622972
84820060
83660984
83598552
83575824
83610092
83550128
83611660
83607404
83571980
83658812
83611044
83610456
83469880
83695460
85488452
83483268
83590780
83580512
83544228
83528704
83610960
83581604
83519120
83480116
83510820
83498920
83575944
83575992
83639464
83524704
83588124
83646960
83561040
83597568
83597156
83631872
83532484
83622344
83699880
83637380
85650576
83587652
83600580
83617616
83568656
83583100
83558668
83687076
83591416
83630504
83620292
83693960
83670032
83545896
83521624
83622648
83550984
83489076
83609492
83549860
83486628
83577332
83567592
83636064
83570344
83675736
83532120
83522248
83577648
83573220
83512340
85166232
83576620
83575076
83575568
83536888
83547508
83577260
83557068
83658816
83557396
83501800
83656212
83522348
83500756
83616920
83540712
83562976
83528800
83545448
83554848
83544984
83662120
83564372
83575696
83459684
83472868
83909740
83599344
83547744
83617368
83608704
84756064
83590992
83545808
83503856
83587504
83588064
83569424
83561916
83532824
83586832
83782912
83512588
83493944
83533332
83806200
83603528
83500372
83483152
83588048
83597248
83538700
83548988
83526312
83591548
83599264
86209972
83565696
83510184
83577264
83589252
85092092
83642160
83556344
83651600
83592500
83602332
83594592
83606168
83615884
83637984
85264412
83599096
83572008
83553016
83598660
83682992
83640052
83527160
83548536
83576116
83555020
83498180
83551316
83569344
83585848
86983948
83605768
83611048
83529320
83628348
83555764
83500592
83529780
83534320
83610004
83572316
83583260
83574152
83539880
83529480
86843588
83492360
83593260
83566812
83582300
83485360
86062296
83532400
83520008
83574408
83526572
83490340
83610680
83635664
83582228
85213880
83551756
83541568
83559068
83554772
83607420
83504204
83485448
83547964
83504048
83556852
83558684
83565692
83597120
83849264
83592384
83541932
83572948
83528848
83572860
83604584
83532880
83533720
83601696
83605884
83635088
83597000
83671804
83667460
83576868
83644516
83640072
83555444
83579652
83640088
83555416
83531872
83557716
83589100
83543040
83538460
83581172
83600528
83517732
83551348
83556600
83594372
83565940
83545976
83555736
83502772
83532032
83543980
83634632
83541872
83690004
83624820
83620024
83976976
83560560
83495520
83602956
83512772
83514860
83507888
83594644
83694136
83554312
83559304
83628172
83507444
83516524
84004256
83515356
83542016
83499600
83529776
83501984
83550080
83528996
83536508
85197252
83517008
83570184
83550740
83552852
85330260
83559960
83599828
83583980
83556020
83605280
83626352
83611220
83655872
83575092
83856644
83627176
83636444
83589572
83594632
83523276
83542620
83523580
83553928
83590736
83675472
83596360
84172644
83535356
83807328
83959912
83587452
83595940
83584008
83605620
83575440
83630512
83586532
83606596
83560068
83613696
84323156
83545100
83518460
83580720
83581808
83526516
83487904
83486160
83539960
83545440
83506380
83550372
83604552
84006396
83631232
83590356
83605128
83672652
83674888
83566024
83629976
83674144
83502440
83536312
83539632
83588980
83615252
84774724
83501980
85404784
83573612
83623100
83594056
83551320
83540528
83626628
83600640
83649476
83591568
83557488
83682244
83521476
83568436
84322088
83553944
83528820
83555596
83565216
83606244
83542168
83605204
83596568
83586296
83599752
83540640
83501608
83486848
83538252
83540012
83854288
83549704
83550020
83478580
83522688
83537132
83573928
83530980
83533192
83579876
83567272
83682876
83588104
83575840
83637532
85250308
83520732
83689064
83626172
83623264
83586760
83647228
83587300
83529360
83595336
83618256
83606392
83442460
 
83518800
83526208
83520400
83622044
86429168
83508260
83574596
83480604
83567444
83600264
83550936
83594716
83666832
83563536
83756936
83591512
83507076
83557484
83500028
83565352
83581492
83642316
83535792
83553440
83565380
83488176
84699708
83574440
85487156
83422432
83507012
83445596
83513980
83504232
83501112
83569780
83453456
83519512
83583548
83918144
83510976
83527784
85710692
83512788
83528268
83565576
83573884
83509496
83522336
83527060
83538572
83543208
83579312
83582800
83936440
83550460
83752044
83491596
84064428
83557784
83540164
83502272
83559948
83612356
83624884
83512044
83524868
83573664
83593916
83736332
83595068
83767836
83545168
83737116
83610400
83609324
83649408
83686116
83586812
83613724
83636820
83682728
83488548
83752296
83526596
83609392
83527592
84263392
83509380
83488180
83525044
83516924
83551820
83533116
83567880
83527528
83599712
83524228
86531332
83548644
83536956
83577952
83532992
85213852
83535384
83508188
83579308
83556992
83587100
83576880
83592644
83627624
83595376
83511000
85082276
83582304
83649332
83654508
83556428
83608792
83603460
83586752
83587868
83637416
83499500
83524960
83554844
83553612
83524228
85996084
83552768
83526416
83750176
83548404
84018268
83541888
83629644
83611840
83924904
83600340
83596212
83623264
83623876
83612220
84645096
83624876
83649236
83578996
83564792
83520416
84753156
83617684
83597440
83624832
83549824
83469564
84304020
83643848
83662932
83602080
83552100
83620592
84676836
83594356
83602120
83552564
83552300
83589620
83633768
83890668
83537956
85996004
83569608
83505244
83568772
83523952
83833180
83579848
83609080
83590552
83551852
83462508
83509220
83567520
83559112
83545168
83585656
83521884
83593172
83610276
83598760
83633892
83548212
83598988
83492204
83524140
83863108
83582660
85220864
83576740
83500980
83494224
83548620
83569312
83478748
83445624
83530400
83541296
83501228
83590176
83544800
83542340
83536576
84724124
83605148
83515908
83567524
83557048
83572608
83518288
83552556
83578560
83554812
83551424
83543824
83624824
85014448
83572468
83591816
83600012
83595376
83599964
83566752
83582436
83593348
83580688
83487064
83698700
83612740
83514084
83553700
83564128
83588820
83584376
83554016
83527084
83569216
83515640
85732444
83512052
83572168
83621056
83545612
83537480
83565832
83562820
83583204
83508856
83524380
83657976
83595072
83600104
83736408
83494980
85258476
83475268
83539776
83625788
83722256
83602872
83594028
83560016
83549888
83622956
83631124
83591848
83507972
83605280
83607408
83573696
91956652
83489640
83561320
85583000
83513096
83566788
83549300
83862212
83522896
83554352
83631252
83629440
83573380
83555716
85118048
83445720
85080696
83534904
83597456
83581368
83642576
83554464
83591428
83516496
83513700
83518656
83478036
83612408
83613900
83561968
83539324
85694952
83545092
83502064
83535396
83540928
83576932
83506612
83419736
83491664
83477856
83511320
83559768
83520296
83539416
83520764
84554240
83506212
83564332
83487100
83552176
83474064
83503032
83508376
83458268
83503120
83561816
83572060
83760148
83567716
84866572
83564716
83617888
83537880
83530020
83620696
83531628
83530400
83530852
83556136
83596872
83549104
83414456
83490392
83565000
83525880
83453268
83497800
83512880
83490452
83473484
83510384
83542284
83500648
83589676
83574164
83580744
83567484
84655816
83624016
83546244
83529440
83554860
83543696
83575244
83554328
83590948
83573724
83507600
83425552
83529532
83581384
83565488
83541860
86572192
83607900
83520564
83493108
83524496
83504588
83584096
83498524
83564908
83583764
83554504
83515168
83593996
83660204
83713192
83621748
83605784
83602940
83596244
83560100
83560180
83610064
83602352
83560960
83575968
83575788
83488568
83505116
83625228
83687256
83475552
83525688
83565072
83508872
83578632
83564280
83581496
83587268
83547440
83516404
83597452
83501208
83479012
83724352
83514584
83589160
83570632
84258688
83564448
83551032
83457592
83563104
83510704
83613160
83597776
83614016
83524564
83634052
84678764
83587800
83533192
83893904
83549580
83521464
83530584
83580308
83559092
83515048
83559112
83583096
83584364
85354564
83538048
83674420
83547428
83618156
83551484
83763156
84020548
83569384
83537736
83562516
83537144
83580492
83591084
85130184
83544616
83609740
84200096
83602392
83554840
83579896
83636192
83520716
83508816
83594452
83523980
83565520
83598668
83510508
85343704
83578868
83628184
83619384
84545228
83512364
83570436
83542920
83581316
83599356
83607232
83451156
83489912
83548644
83556904
86064748
83543148
83572020
83674028
83533460
83782536
83555792
83535100
83609300
83558500
83572988
83572648
83568980
85355500
83922076
83542432
83798040
84046148
83559088
83559660
83627900
83553636
83501952
83584396
83623624
83590784
83531880
83566592
83546228
83600972
83570320
83598108
83530592
83494136
83538636
83533664
83520708
83543064
83553056
83534376
83481784
83533032
83507616
83503644
83522696
84796096
83551812
83545612
83496216
83723312
83626452
83497568
83557900
83487948
83549040
83503340
83557988
83573720
83508968
83552800
83600260
85841848
83505412
83547980
83522352
83629532
83540028
83565704
83477416
83475564
83535644
83665280
83462604
83562300
83573496
83670400
84828304
83595852
83650904
83544340
83536436
83590348
86883372
83681844
83564888
83614440
83492972
83603588
83512092
83528588
84010768
83467512
83494788
83600396
83554020
83531332
83522180
84162784
83531240
83533940
83535972
83458268
83583172
83547220
83643768
83849216
83559272
83613000
83581240
83567548
83547436
83582112
83606044
83522744
83525856
83542640
83642588
83503380
83557116
83583464
85070896
83590712
83569656
83571212
83561288
83471448
85057884
83579476
83602032
83619824
83498852
83575892
83517960
83622868
83706224
83611268
83571472
83544228
83609780
83541780
83567572
84975308
83619340
83548860
83502312
83556132
83556572
83561756
83554632
83556536
83593008
83537152
83520996
83552004
83547300
84842464
83474168
83517240
83533936
83619808
83513256
83566480
83573832
83560540
83573436
83495804
83553980
83520324
83715816
83548076
83514092
83518464
83555156
83514752
83494560
83502724
83490256
83583588
83533536
84674856
83598064
83656304
83629972
83534900
85082324
83598980
83473720
83481816
83548412
83556648
83492176
83564252
83546896
83548116
83744272
83549696
83588404
83600180
83558940
83832528
83583680
83512652
83559672
83595500
83665792
83597236
83553736
83472844
83505428
85016600
83591400
83555644
83686112
83498480
83614540
83573352
83567212
83602644
83622628
84048948
84126500
84134624
83587036
83565840
83550532
83613376
83536348
83644104
83558276
83549856
83569356
83585620
83548684
83574596
83554140
83563380
83584904
83552216
83575056
83535308
83579696
85113752
83546192
83479728
83564376
83555476
83567788
83459084
83525252
83446980
83569056
83506460
83500748
83514112
83491704
83684268
86446076
83471476
83514028
83502516
83584216
83517036
83620644
83602852
83515256
83522484
83605916
86149216
83493816
83680512
83542536
83504080
83601192
83580048
83506844
83514048
83522992
83523980
83591904
83527136
83551108
83587276
83587292
83441568
83536684
85494684
83596876
83513644
83689020
83528016
83484176
83561344
83603728
83599812
83597400
86260940
83584304
83551288
83537908
83488248
83504384
83477304
83551992
83571956
83575916
83511104
83597816
83525892
83660160
83511992
83579384
83506116
83496744
83558800
83590356
83529308
83564456
83550936
83580124
83525788
84687992
83586036
83635980
83605828
83549456
83601544
83585804
83599980
83617720
83442812
83592504
83553728
83576468
84819216
83591360
83604288
83593368
83579160
83618972
83566452
83557300
83580768
83570932
83510524
83546440
83616048
83682896
84445592
83563480
83536880
83622436
83566752
83534092
83571204
83549992
83609304
83638232
83602604
83600676
83607520
83602764
83519388
83470328
83568180
83624496
83540688
83989352
83599128
83628428
84844664
83574192
83507372
83571588
83531872
83629184
83591208
83578084
83628092
83587572
83630548
85792624
83585668
84145068
83585376
83481196
83542552
83540440
83545204
83616276
83548860
83719728
83603308
83567064
85730816
83751340
83453956
83560228
83558672
83535468
83584052
83577784
83554972
83565184
83512568
83518952
83552160
84857936
83651936
84564620
83608572
83558736
83621580
83604216
83505960
83530232
83626096
83646704
83684352
83559956
83459732
83679384
83564848
83591680
83602932
83578088
83612636
83560008
83500004
83560688
85580552
83570016
83855876
83555236
83514756
83547784
83580596
83583644
83566636
83549140
83627484
83574876
83550220
85491448
83565080
83517636
83565816
83987300
83550660
83587048
83498644
83557652
83597320
83572144
83744864
84794860
83524828
83582592
83632752
84762800
83518572
83549932
83582876
83558444
83502332
83520864
83520584
83551436
84743464
83494952
83526040
83536196
83782520
83530708
83585848
83554516
83651488
83529920
83539592
83614720
83591944
83520324
83426304
83619072
88032352
83593076
83486624
83515968
83523432
83567380
83512996
83729000
83505224
83539964
83567160
83574236
83531800
83543856
90063308
83507176
83503400
83546056
 
83573260
83570752
83518200
86672988
83509216
83528388
83545216
83609860
83512332
83587736
83500896
83560544
83477196
83499640
83700708
83512912
83545324
83566744
83583476
83568768
83496172
85245568
83541248
83522968
83520804
83592504
83530592
83765852
85706408
83567956
83511276
83510596
83910572
83548832
83528596
83535768
83532196
83647252
83615592
83593240
83647644
83554344
83562632
83598512
83607228
84647796
83564284
83518268
83530200
83636232
85290940
83641656
83861976
83518492
83545416
83576152
83585880
83528488
85326816
83598452
83650848
83538640
83903636
83966660
83556300
83588896
83582244
83586608
83593344
83683140
83542756
83572116
83608168
83631904
83583624
86469252
83604344
83586512
83595360
83594308
83601300
83603532
83609172
84836228
83569744
83591528
83615500
84464936
83542000
83515440
83576712
83513260
83499672
83487076
83621136
83692196
83542484
83530100
83594620
83694888
83440660
83535456
83525208
83560108
83535136
83461268
83565044
83880648
84041812
83553780
83953208
89724880
83512556
83518648
83480444
83499376
83575532
83523684
83532388
83541280
83593432
84626100
83590836
83631312
83960008
83657808
83600512
83569084
83631916
83632496
83548920
83623604
83542672
83584064
85304392
83537108
83552764
84133120
83635000
83555516
83535816
83504536
83629760
83602020
83589120
83600416
83615212
83550780
83610020
84782248
83600108
83617852
83659736
83591096
83572460
83604756
83584736
83532004
83595652
83628948
83628480
83765008
83533752
83451528
83461580
83536300
83487728
83591488
83568912
83611420
83481768
83628364
83882944
83512356
86132744
83549284
83579244
83531024
83629944
83479396
83551460
83587692
83562184
83570280
83587192
83639732
86424048
83638172
83569184
83651280
83553700
83583400
83476144
83542252
83562328
83618596
83713908
83611268
83526060
84213884
83558200
83648812
83564828
83575152
83437232
83529032
83587476
83598616
83592560
83610728
85351132
83635336
83643240
83541716
83591088
83562908
83590012
83619956
83616904
83590836
83565168
83592236
83561440
83642196
83647620
83514964
83574980
83555872
83543308
83562300
83639680
83579288
83866896
85225928
83541208
83530828
83558632
83569696
83518136
83540536
83556748
83532848
83523556
83635772
83510136
83595692
83505856
83515888
83497964
83453964
83562288
83577132
83577484
83549676
83545444
83482160
83616744
83593232
83499328
83436008
83571380
83531764
83579092
83589828
83518564
83584340
83576636
83554828
83628732
83613616
83544568
83465884
83616380
83679868
83656744
83560704
83574364
83537972
83610144
83541952
83548608
83529616
83584384
83638784
83547744
83627928
83607068
83548440
83606744
83519104
83605796
83611776
83626532
83668144
83610024
83533124
83540780
83574444
83586620
83575048
83628508
83597424
83590776
83601436
83624672
83555652
85014624
83581408
83513944
83574700
83561700
83517304
83707048
83542472
83614476
83636164
83618940
83569424
83600872
83861744
83547280
85473392
83566528
83562852
83608576
83580384
83568096
83604408
83516100
83481920
84999268
83789304
83521920
83486724
83547400
83506952
83593628
83551304
83555452
83569848
83534912
83512424
83692548
84965736
87025924
83515292
83573184
83628128
83495324
83669240
83617836
83543284
83609740
86182980
83555932
83569064
83624764
83613408
83459604
83568012
83562772
83545188
83480592
83614436
83555528
83572868
83608556
83507456
83519012
83573884
83580464
83532532
83577488
83603080
83560216
83580476
83620376
85453196
83654640
83549608
83559412
83611356
84084752
83572836
83624212
83691768
83758712
83600196
83893068
83564788
83665936
83633616
83582680
83562400
83769532
85457164
83578512
83520276
83560628
83535460
83520544
84767048
83691916
83527404
83624984
83683944
83605684
86492684
83567528
83665484
83549416
83557760
83570784
83557676
83615376
83541708
83531732
83517288
83484076
83574728
83483808
83721072
83655208
83755084
83494500
83554940
83919116
83820748
83522764
83527300
83584072
83505696
83582980
83509712
85517980
83477620
83530492
83587928
84604300
83487056
83556348
83509020
83572120
83529144
83615632
83638020
83961196
83515852
83712352
83643236
83693080
83471104
83861900
83534692
83587728
83589188
87228616
88598660
83929188
83551044
83629928
83682868
83533264
83460024
83664392
83694536
83596340
83699296
83632548
83726908
83756048
83554340
83628388
83638284
83583032
83644916
83635372
83569000
83735964
83394696
83685484
83620532
83574188
83693344
83450840
83410652
83591044
83536252
83684324
83762652
84315848
83559500
83761804
83623400
83523732
83639212
83583492
83692864
83644292
83628096
83536652
83533828
83563608
83772264
83558252
83641052
83588164
83567816
83576452
83621144
83659756
84896800
87774448
88642376
84891836
84702628
83531056
83466128
83380916
85085848
83595012
83498792
83581880
85061564
84942328
83435144
83444468
83469440
85400996
83375664
83427532
84033488
83499876
83354784
83487992
83492984
83389732
83368732
83441728
83462984
83544824
84431268
85228400
83456276
83391672
83468568
83441172
83395876
83401768
83424684
83344456
83515964
83660896
84352728
83471732
83472764
83479260
83455804
83459856
83451068
83446912
83477388
83375156
83665612
83471656
83424172
83427664
83494148
83459800
83516328
83450808
83456568
83479912
83439708
83507764
83462888
83438164
83448896
84945700
85336276
83701084
83422392
83427264
83493728
83531512
83480752
84058464
84185676
83564900
83411232
83442620
83414336
83433504
83441964
83480016
84894340
84780824
83497396
83390696
83454084
83404212
83404620
83425484
83435112
83410348
83476104
83408600
83459872
83397652
83499244
83476356
83425996
83436120
83457112
83401324
83434264
83383904
83490664
83416344
83439140
83472676
83523200
85183340
83447608
83504188
83419492
83368468
83429672
85080468
85026584
83398788
83421712
83516184
83446316
83492576
83410232
83451856
83457760
83394516
83443536
83451196
83474356
83432620
83493888
83553672
84992012
83426380
83406736
83392832
83421952
83661708
83340264
83355180
83449856
83426072
83387040
83405292
83505472
84671664
84322560
83451508
83425564
83754020
83460104
83405420
83527696
83444036
83423452
83485656
83434564
83487740
83443876
83394464
83446408
83492228
83489692
83458368
83542948
83488240
84544448
85652784
83441716
83528416
83513728
83511564
83433652
85737004
83423876
83414936
83480048
83484148
83447076
83455948
83434764
83491128
84830156
84900760
83499440
83501572
83510064
83413568
83494304
83450792
83460440
83432840
83437768
83414744
83495032
84845464
84103644
84029576
83573340
83568424
83492664
84372936
83793800
83492884
83452432
83396836
83499316
84830644
84250180
83988092
83461796
83514876
83490700
83550476
83548376
83661052
83455124
83541180
83472060
83542564
83561024
83514576
84723060
84113488
83532236
83402716
83680524
83598088
83507500
83516112
83396540
83431792
83530728
83501308
83552228
83521332
83701656
83499180
83500740
83516064
83458368
86691232
85923184
86468904
86961580
87776640
86284228
85577384
83986572
83779148
83363116
83430676
83390712
83417140
83463532
86675036
84167284
85374120
83506616
83513340
85718420
89189196
83489852
83419672
83467520
83366440
86265892
84675612
83424356
83452964
83491064
83510728
84635424
84054988
83446348
83421300
83448184
83478732
83440872
83465864
83397668
83433952
85157196
83481076
83384308
83546764
83403468
83497336
83473828
83409480
83341176
83316124
83441824
83519396
83403916
83456512
83423456
85202324
84289840
83391004
83557900
83412056
83439336
83429148
93605332
83808812
83403732
83418592
83407584
83742516
83411612
83507660
83474764
83415796
83531348
83408396
83468496
83467728
83416816
83457916
83507844
83512812
83431732
83466796
83576544
83484420
83460024
83393444
83449524
84060392
86014860
83506800
83484972
83452340
84462748
85300448
83384996
83522820
83446852
83380740
84294080
83629492
83454504
83351764
83462156
83441468
83977048
83426132
83460632
83372376
83394892
83393232
83385016
83405308
83362048
83436812
83428560
83394516
83466172
83467844
83386152
83386312
83426012
83424040
83465996
83396196
83443424
83779796
83431316
83426484
83472972
83384096
83565528
83499440
83461892
83520296
83362888
83480740
83460756
83478196
83345720
83407736
83344472
83424668
83422960
83514676
83502508
83442712
83455980
83481476
84124092
84061456
83476436
83369628
83445676
83510692
83533156
83526656
83472596
83487100
83410596
83572388
84229292
85268748
83513416
83430204
83446552
83430392
83521928
83416548
84855680
83354960
83473348
83481248
83383584
83421516
83476668
83440484
83468072
83414260
83426812
83429076
83440008
83434648
83436556
83477904
83448256
83454500
83516616
83444496
83453760
83480844
83447380
83499600
84626044
83396264
83503408
83447296
83443888
83550444
83417160
83483148
83470564
83428828
83434460
84220104
83455884
83497116
83362444
83442868
83438400
83460172
83497488
83504924
83421360
83451000
83457004
83441888
83409968
83486036
83416280
83473796
83420416
83444280
83500712
83458412
83375316
83503128
83460560
83432948
83468292
83472220
83411652
83392476
83418148
83492328
83416936
83327756
83446132
83395668
83449256
83405556
83426596
83817136
83426968
83423700
83436852
 
83405360
83440436
83437452
83390792
83462392
83616036
83438500
83439180
83526304
83491028
83409568
83469396
83459292
83446888
83416744
83433576
83448464
83590876
83495724
83499436
83457496
83509584
83456076
83533116
83485032
83522972
83404192
83496080
83542948
83460828
83380684
83502100
83526692
83518204
83485516
83390812
83438624
83415976
83530432
83488744
83513820
83395768
83488804
83474032
83389612
83505768
83462492
83423976
83382480
83407256
83416160
83551460
83423872
83413820
83469696
83526508
83421380
83457252
83461364
83404456
83451156
83425244
83485640
83405756
83415860
83452176
83440060
83438488
83444924
83459760
83523048
83472376
83436468
83433232
83401916
83455264
83508532
83450624
83410420
83423016
83438220
83503784
83473288
83438000
83457640
83446188
83377336
83385368
83445484
83405692
83491788
83470912
83523692
83406180
83476532
83356280
83405500
83439380
83493024
83435096
83493564
83581672
83396084
83467768
83431156
83427596
83327000
83544716
83433148
83499952
83430100
83454280
83457900
83440508
83319888
83431360
83498688
83351876
83404220
83426440
83631332
83437976
83518600
83427508
83419928
83441468
83488208
83457328
83452896
83439920
83549288
83491132
83427348
83455184
83423724
83452520
83419472
83434564
83484220
83417060
83522504
83466988
83461100
83506200
83622272
83514868
83539924
83422612
83413548
83408832
83402816
83447332
83453804
83452336
83451112
83403180
83491820
83555008
83436852
83496424
83476008
83467988
83486908
83411020
83472240
83452376
83424124
83450816
83464052
83491128
83530364
83465112
83414048
83504392
83405336
83410504
83477736
83457100
85310044
84372392
83529608
83481492
83460132
83422464
83390944
83471924
83449000
83466440
83470760
83428280
83495552
83428652
83452872
83425428
83447328
83451272
83432096
83460708
83481184
83466420
83437700
83442640
83495828
83457948
83440608
84891212
83493036
84422504
84678916
83527144
83430732
83491692
83406468
83495700
83956900
84973004
83472440
83371160
83489624
83474276
83470832
83467612
83434728
83483800
83518124
83464488
83441044
83381496
83417640
83448888
83473000
83413492
83514228
83406692
84669680
84248000
83401292
83523520
83422528
83433536
83470520
85080492
83475108
83455604
83396728
83394924
83464800
83447760
83503532
83417652
83517332
83354768
83373584
83913836
83477412
83490288
83481036
83429392
83460312
84522564
83484556
83436724
83458788
83577084
83548376
84351888
83615984
84712160
83440644
83560368
83477228
83427588
83499840
83413900
83489044
84448160
83446760
83477896
83441916
83457872
83515028
83348396
83424860
83410628
83447616
83488836
83401708
83409336
83483572
83497504
83472900
83482696
83491668
84999284
83466828
83465816
83481408
83321924
83354124
83498008
83473920
83886552
86738236
83439576
83448092
83494864
83419476
83445140
83404092
83481240
84310448
83402236
83415212
83375888
83498420
83454180
83370392
83372100
83355240
83430960
83400816
83833456
83445572
83447840
83475536
83469100
83497392
83446300
83457284
83464444
83476048
83416648
83400036
85513520
83442172
83825776
83378392
83437860
83409696
83480420
83389392
83411684
83404448
83439192
83406340
83438896
83779072
83520844
83620608
83492768
83466272
83438852
83440220
83449284
83458936
83394464
83462884
83450836
83394488
83484340
83425600
83392832
83375912
83466244
83522168
83476408
83523136
84351796
83445488
83421256
83471832
83480252
83494796
83477644
83493304
83474404
83515808
83452900
83431140
83492908
83490236
83440236
83477996
83425880
83470996
83491704
83455748
83510108
83443680
83505140
83467032
84310804
83472896
83493980
83463660
83516508
84400032
83824220
83444636
83470452
83664988
83667828
84310668
83452696
83474376
83469664
83439836
83461336
83378788
83451272
83369052
83422720
83980180
83470448
83553148
83408440
83466588
83424992
83533204
83410580
83422472
83394580
83659424
83477716
83468484
83475624
83412960
83442016
83462952
83496452
83448656
83378432
83496732
83618040
83437620
83429988
83489664
83422848
83482588
83426136
83514760
83509424
83458152
83419868
83523488
83463440
83494884
83456968
83456036
83498116
83413136
83458072
83433816
83374500
83444648
83431388
83522544
83447340
83432332
83450500
83508500
83504244
83491628
83395140
83438920
83480044
83395432
83495268
83450904
83465724
83588956
83525792
83492460
83482236
83418532
83387388
83540084
83493640
83527292
83446756
83408812
83442464
83425940
83399832
83412648
83508636
83467128
83425852
83397124
83398716
83489044
83503504
83475396
83463684
83406020
83459340
83475976
83416732
83417376
83405832
83478448
83460184
83400396
83426124
83452068
83537764
83521664
83552956
83495192
83479400
83557780
83419596
83500424
83513888
83475208
83531912
83497836
83452644
83443448
83498184
83409428
83507932
83381276
83456928
83398888
83407184
83499632
83520064
83456768
83457060
83482812
83425064
83500508
83460892
83408456
83440396
83484564
83446620
83405896
83414584
83439104
83387748
83497036
83468756
83478924
83493656
83400472
83515620
83422408
83419932
83446160
83519944
83442392
83574124
83367032
83545076
83394136
83434668
83509024
83413484
83488368
83473364
83494808
83462588
83520164
83380108
83515312
83485748
83500100
83373504
83522540
83447404
83480228
83481804
83498356
83723744
83483624
83463440
83481524
83456580
83455128
83441052
83467716
83490336
83477176
83452184
83434368
83704052
83484332
83427188
83445308
83483012
83448484
83436236
83528048
83365892
83507820
83434768
83490804
83502040
83430404
83487024
83450800
83447820
83453160
83486436
83400440
83478780
83429228
83292888
83877020
83458440
83433704
83381384
83313244
83520204
83524284
83666680
83449156
83456820
83499588
84830188
85888916
83424996
83351456
83500680
83442916
83638160
83473924
83649392
83443576
83390332
83591184
83519192
83378780
85374496
83741656
83671840
83419488
83569964
83505020
83558948
83452056
83637572
83520060
83521772
83421764
83455856
83475120
83512968
83480628
83445204
83468600
83476460
83493700
83496876
83568672
83531016
83550572
83467252
83467472
83502368
83477672
83361568
83572112
83420012
83420928
83479340
83457520
83460468
83437380
83480704
83461184
83469296
83413844
83449116
83428216
83458808
83393664
83445780
83425156
83436244
83519384
83441120
83501732
83422660
83389136
83482160
83430348
83459592
83476356
83416480
83429540
83436896
83466824
83466740
83445700
83425136
83449696
83425320
83472760
83464932
83529204
83436616
83516424
83419724
83447892
83471824
83429284
83522252
83430860
83486248
83677824
83574812
83362672
83569980
83400172
83419236
83466732
83478508
83412148
83441560
83502548
83417876
83448168
83514820
83291736
83459764
83413552
83455972
83477928
83486624
83399212
83443368
83478684
83493444
83439212
83393656
83490748
83621644
83507344
83460676
83563072
83457984
83468224
83595392
83507932
83448040
83419160
83505608
83494332
83466192
83535600
83556256
83569244
83523700
83470184
83501968
83417756
83491720
83490652
83532284
83528176
83471892
83493140
83486712
83484608
83514484
83525588
83538232
83505576
83449156
83480380
83574532
83541224
83440360
83508072
83895972
83539208
83490840
83504184
83423388
83493232
83452348
83517724
83308624
83417424
83439256
83466916
83411472
83455580
83413064
83482076
83453584
83494048
83495268
83435232
83434144
83507052
83434704
83397072
83442972
83490820
83392144
83602964
83423672
83482484
83409808
83477132
83606300
83469932
83505948
83455644
83386056
83432840
83511960
83485428
83504044
83490564
83524096
83451840
83404136
83461280
83455020
83413944
83430276
83449088
83427176
83428804
83562224
83420696
83506584
83469652
83491748
83456972
83420420
83487240
83454476
83415504
83412928
83441324
83478788
83447924
83475092
83483012
83322800
83485328
83433656
83341472
83494540
83410940
83319132
83337608
83378224
83377700
83344112
83481144
83489700
85140504
86673956
84617732
84748872
85107788
96567788
83606868
83612608
83470104
83380044
83482044
83379048
83447408
83578484
84821848
83456448
83420224
85830884
83632320
83527564
83506308
83456336
83421004
83514800
83339408
83385156
83376164
83535872
84551580
83404900
83486144
83337700
83451540
83497004
83436496
83395632
83807468
83372752
83470652
83447136
83507768
83536112
83525796
83528068
83502068
83452832
83454448
85289692
83676660
83508536
83384284
83445504
83466484
83450320
83466160
83470076
83425040
83594156
83494960
86633696
83534740
83513436
83388128
83472680
83428572
83467176
83455888
83525452
83502876
83438740
83465600
83538084
83441968
83419544
83516196
83378484
83417772
83428896
83393516
83494196
83455552
83493476
83427660
83462460
86461876
83469236
83396604
83509272
83465960
83490636
83454932
83436580
83488496
83482144
83422864
83563132
83495704
83684432
86089872
83474880
83512716
83453584
83466356
83498792
83376328
83414608
83446696
83990204
83464296
83462252
83421920
83428168
83441240
83443584
83367336
83483200
83442636
83420856
83526440
83482396
83473800
85422104
83591076
84708352
83543448
83527136
83550932
83430068
83446852
83472808
83502984
83505140
83960560
85152708
83495876
83403448
83511688
83522416
83461064
83517708
83499100
83504572
 
