Procesando...
  Filtro             : sierpinski
  Implementación     : C
  Archivo de entrada : lena.1420x1200.bmp
83555672
82469312
82491356
82528412
82530608
82598800
82557912
82508568
82659900
82526036
82501208
82545596
82628880
82680768
82540836
83242556
84440520
82553456
82556048
82553188
82490140
82665896
82553504
82531148
82537536
82552636
82555700
82592088
82643760
82544468
82691344
82593008
82556520
82536736
82524176
82590920
82931252
82558740
82666528
82638140
82642088
82648664
82581664
82628624
82551780
82688516
82574104
82535652
82521212
83383148
82543124
82557276
82635852
82528888
83922236
82568404
82604352
82509008
82547676
82542064
82521140
84127144
82518400
82488752
82459248
82528072
82703684
82519868
82477436
82643388
82559848
82534732
82552904
82541536
82539764
82573560
82489912
82572740
82518184
82587520
82635140
82688256
82509124
82775224
83844272
82655544
82546692
82622408
82627432
82602572
82631352
82989312
82476740
82614648
82631924
82542304
82556076
82486760
82597428
82491432
82538840
82638040
82698040
82442840
84327080
82603060
82552820
82567768
82658432
82502452
82611380
82626208
82610404
82570492
82522532
82562340
82762552
83370108
82600284
82528116
82548020
82976220
82596836
82636524
82552416
82571156
82583144
82751728
82899420
82582048
82587576
82537816
82802844
82584228
82838012
82628968
82574556
82788604
82863920
82708708
82685924
83648544
82547328
82580116
82608936
82575672
82594988
82618096
82582156
82654644
82549680
82665824
82626892
82587892
82631044
82632912
82724380
82936136
82594616
82685396
82631632
82565728
82600072
82566296
82560048
82613436
82593628
82568984
82614320
82577348
82483720
82534296
82632500
82582200
82555280
82546456
82660828
82590076
82600084
82753972
83116712
82532596
82615944
82576132
82629484
82622756
82573060
82673412
82898664
82867456
82716572
82869312
82757788
82652696
82460460
82838504
82899172
82547060
82572568
82526828
82539368
82489872
82557424
82552488
82629036
90984916
82547568
82503152
82637956
82552392
82572644
82559016
82722752
82587032
82591056
82557468
82530856
82557324
83978316
82524400
82581364
82593172
82529040
82564588
82600040
82532140
82557532
82566548
82525192
82542496
82665396
83356088
82509316
82557856
82456960
82759164
82504408
82489376
82529040
82541628
82493620
82609468
82625716
82557464
83329028
82546300
82571852
82607720
82497376
82509572
82523668
82598208
82668060
82470580
82496668
82514716
82641456
82808036
82611908
82570680
82823004
82620900
82574328
82516292
82935544
82617812
82679924
82745536
83896772
82526644
82622828
82592432
82584484
82549472
82621732
82692732
82623952
82603500
82630944
82550228
82556664
82753492
82588772
82706088
82694936
82648056
82649564
82689184
82555432
82564856
82678112
82572428
84057056
82566040
83179272
82556288
82551596
82663016
82588500
82668132
82584432
82743820
82580456
82626712
82727960
82669260
82631308
82642076
82595704
82538436
82613332
82602344
82618140
82729068
82644204
82629432
82524284
82622316
82562740
82578644
82673976
82580788
82568816
82495964
82493408
82594160
82561532
82648760
83597716
82612520
82534700
82692456
84659032
82626472
82617716
82571516
82544092
82641228
82554936
82615560
82530908
82475008
82674148
82565988
82596536
82476120
82550168
82630512
82739736
82522952
82572492
82558200
82686160
82618160
82651656
82563892
82623192
82598352
84216432
82519784
82610124
82516868
82577208
82589888
82687300
82494348
82641840
82513700
82572256
82442040
82532220
82636460
82558932
82524772
82514248
82580324
82542400
82684680
82560592
82494396
82516496
82512892
82620736
82473364
82537344
82585848
82547172
82500588
82623660
83929160
82528432
82495612
82549616
82488600
82548524
82543160
82578600
83753528
82507652
82488140
82534144
82493596
85218664
82816800
82596572
82539372
82548904
82530124
82527520
82519308
82510436
82572276
82534960
82574980
82560032
82512380
82527172
82673344
82541876
82646776
82501208
82540176
82570368
84470484
82596960
82544432
82534088
83371212
82566548
82578312
82592212
82496536
82506684
82557268
82508568
82499256
82583596
82530940
82515964
82686688
82509924
82530008
82493256
82577160
82531260
82497848
82568472
82501596
82584600
82651060
82730132
82501488
82659028
82677232
82564984
82498948
82498032
82509040
82562616
82504304
82527464
82619196
82471212
83759220
82678184
82480728
82868528
82522680
82520076
82523648
82561704
82573808
83239852
82865080
82628132
83999504
82523196
82524344
82531204
82789312
82477432
82576700
82507792
82549756
82534956
82542288
82542360
82538008
82506736
82688468
82495428
82539952
82531800
82535440
82571496
82496916
82675004
82486784
82530600
82586092
82634380
82619952
82569872
82569600
82473616
82609576
82554200
82563184
82519376
82555024
82539420
82528104
82539380
82543576
82493416
82590880
82542760
82566520
82493640
82474568
82497588
82529544
82467976
84484036
82479112
82560628
82598016
82586320
82706188
82528452
82498852
82552692
82592592
82669120
82493300
83826224
82566028
82525076
82619060
82598892
82558996
82527892
82402788
82521024
82559040
82538628
82568204
82531340
82654572
84373884
82505260
82567616
82572172
82526212
82514996
82558492
82545760
82503248
82493192
83015752
82500108
82646496
82567068
82599216
82604512
82537668
82550932
82578412
82645000
82538188
82721624
82574588
82561044
82568072
85039248
82523416
82867992
82540032
82525764
82575316
82444048
82648992
82697888
82539832
82476228
82565804
82579448
82950488
82625424
82577580
82567800
82661976
82638912
82592072
82602472
82671344
82479876
82590996
82563008
82571368
83995716
82517332
82387988
82551240
82500272
82495976
82517220
82483624
82604868
84082120
82539712
82555280
82499808
83787468
82577440
82443972
82641540
82500920
82558464
82741364
82550796
82611212
82591172
82575736
82573480
82559640
82563900
82502600
82582300
82600952
82559344
82543044
82613388
82626140
82512896
82559544
82655948
84224384
82555188
82534932
82585988
82646220
82567192
82709892
84300212
82604848
82647756
82520896
82628484
82831748
82500224
82308292
82643112
82659352
82559800
82601372
82715692
82537648
82611468
82561960
82540576
82591016
82563696
82605260
82595708
82613004
82610168
82602580
82736420
82561944
83006700
82490844
82606056
82488808
82649080
83833732
82564904
82515436
82480160
84071072
82510016
82514368
82630116
82500084
82540660
82552412
82563204
82609888
82531080
82481388
82510436
82475572
82450504
82646720
82547540
82554884
82824368
82551564
82496620
82550740
82446240
82493980
82707612
82724156
82487948
82467220
82458512
82521204
82484276
82677028
82519912
82563860
82654284
82531156
82570428
82508900
82646832
82478204
82494844
82577968
82705616
82473196
82528140
82500300
83392008
82523252
82448096
82504708
82472192
82476220
82545828
82589016
82540852
82507372
82478052
82454052
82571504
82608912
82613264
82509104
82577748
82553832
82543640
82469400
82524424
82550996
82541668
82520092
82562404
82463428
82455524
82549896
82497680
82609436
82513068
82567532
82491924
82558016
82616800
82498884
82442204
82631256
82545728
82553584
82667984
82614320
82546756
82574600
82654696
83718052
82612648
82906052
82639096
82593648
82560404
82755832
82495864
82541324
82547972
82608168
82544544
82546112
84358032
82353756
82603216
82615592
82512280
82495764
82658428
82508856
82608828
82643192
82488588
82574524
82540652
82700200
82553536
82514016
82571420
82568048
82610528
82629464
82603008
82547844
82823424
82645256
82558448
82680508
82560692
82662328
82537876
82528096
82646536
82918668
82512712
82567884
82681168
82506836
82564544
82557584
82550508
82586364
82576156
82506904
82420136
82486028
82561104
82478024
82532464
82531232
82499524
82466400
82565816
82599376
82525756
82514276
82538436
82573080
82573136
82523324
82511176
82481972
82517184
82473116
82516732
82489752
82508900
82578212
82507616
82512704
82487608
82526216
82558452
82536988
82511108
82511192
82478568
82488660
82774132
82473952
82490272
82657364
82502948
82574640
82501960
82537856
82531976
82538984
82526152
84226408
82536096
82510560
82463604
82475560
82603344
82499976
82513148
82526820
82536832
82493620
88428932
82625628
82522468
82609092
82545772
82582140
82545064
82437460
82528852
82550132
82485568
82492596
82570528
82487116
82614096
82614404
82596680
82610468
82510504
82675644
82554236
82488160
82723600
82601008
82572440
82508876
82585680
82559828
82481080
82469504
82560284
82571020
82607816
82565008
82701976
82583768
82534504
82579720
82550968
82600996
82593452
82546840
82529952
82647112
82552884
82589624
82483616
82604328
83036464
83333836
82537568
82521192
82596392
82562912
82458344
82513172
82553400
82520340
82555780
82556660
82571112
82578344
82611920
82572744
82631704
82765452
82494716
82590188
82495172
82583380
82521616
82456148
82566648
82542976
82592864
82462984
82669576
82596684
82551144
82525924
82507956
82612884
82568284
82576928
82480188
82571676
82519992
82371172
82705992
82622928
82737176
82594008
82467508
82545432
82526728
82875856
82536304
82501104
83985272
82518440
82549172
82491752
82579096
82539104
82550580
82561576
82648208
82588856
82575556
83637836
82522956
82540144
82614536
82555624
82586908
82552160
82542064
82590896
82587528
82548068
 
82944900
82469932
82511496
82616816
82525600
82546416
82538136
82553876
83072568
84010224
82537804
82508484
82543736
82452928
82647296
82457012
82556600
82510328
82630008
83674764
82551552
82521352
82862656
82702756
82591884
82577292
82550820
82560372
82560144
82618788
82584732
82628348
82546672
82634812
82600940
82530436
82587704
82583764
82626312
82573284
82619700
82530768
82586776
82545348
82555072
82565524
82562552
82495688
82711376
82493340
82595656
82571824
82680400
82563836
82555252
82501376
82542580
82518972
82565892
82633164
82615356
82537716
82585428
83126172
82424100
84278924
82470040
82546952
82655032
82521272
82521116
82591300
82539936
82478812
82618704
82605992
82532108
82556116
82536672
82587476
82516284
82517760
82583368
82513008
82548264
82503896
82538304
82553592
82617212
82640616
82601580
82610176
82610932
82570284
82539900
82578132
82588512
82544704
82605636
82733276
82869872
82561660
82539844
82599120
82615480
82264636
82528668
82538548
82494656
82494740
82604872
82519488
82294652
82553620
82502768
82569108
82552124
82457276
84049972
82493484
82490708
82513968
82532176
82521788
82554840
82507996
82591740
82612564
82608244
82597672
82546928
82653860
82525864
82610896
82509548
82580944
82599664
82605640
82517956
82610588
82565068
82532172
82576744
82526296
82580564
82641064
82646460
82581144
82583496
82599792
82539252
82620832
82502460
82632844
82706584
82730356
82593552
82616740
82515404
82582596
82627932
82564884
82657104
82583752
82478208
82595808
82606348
82485700
82613272
82591144
82715356
82556164
82520480
82440984
82555980
82576176
82532732
82557076
82546196
82515340
82551484
84148664
82582916
82510060
82591124
82529344
82719692
82536404
82534720
82534032
82545944
82554900
82507000
83783512
82616568
83396796
82546240
82633984
82496412
82589640
82326828
82545108
82774564
82570156
82489592
82557740
82524432
82522876
82540500
82430396
82449676
82505848
82469740
82549228
82509976
82477108
87217284
82532720
82456856
82562272
82552876
82569488
82518348
82548128
82499476
82567500
82512120
82473372
82589140
82493128
82489128
82547088
82455056
82514256
82538572
82692656
82572192
82577872
82679620
82596240
82493252
82582640
82708172
82541164
82656708
82640228
82535312
82588112
82534808
82510088
82546240
82593224
82608968
82542676
82520268
82553556
82640048
82535496
82473292
82541284
82549448
82652644
82546940
82512924
82553244
82545596
82601856
82508432
82538228
82578956
82520772
82483936
82596596
82529512
82490068
82512696
82540020
82529204
82512376
82713640
82554768
82600664
82576004
82676088
82510260
82536512
82548544
82579612
83228124
82536756
82809080
82493824
82713632
82569468
82489800
82520216
82508696
82534948
82539152
82499280
82506680
82532728
82495912
82562536
82630256
82527152
82552804
82538016
82488016
82487152
82520400
83927812
82808748
82758248
82613200
82909136
82832060
83083888
83177768
82810936
82767048
82387564
82742484
82775904
82598228
84325452
82509276
82552200
82745980
82513368
82578424
82756788
82623420
82487924
82739428
82543596
82588124
82826956
82569744
82525728
82862860
82566312
82620864
82507420
82522924
82504848
82701204
82672320
82427988
82552312
82559232
82527980
82530720
82618664
82502200
82458716
82517832
82485072
82605996
82501104
82539244
82621880
82519184
82637384
82641132
82585240
83972928
82576808
82539852
82498784
82582436
82528852
82470460
82541964
82488736
82647652
82702956
82472688
82527740
82523116
82496804
82527752
83892076
82441272
82537488
82602564
82463864
82572344
82528372
82543392
82526008
82561344
82570848
82529500
82576384
82683464
82525608
82577812
83573972
82375516
82568444
82517792
82523792
82690608
82549484
82531372
82633380
82573652
82682900
83417968
82662732
82670712
82547708
82620936
82688396
82587936
82557136
82719060
82502244
82697756
83431080
82647008
82622628
82594696
82688752
82616136
82669696
82525156
82698096
82600692
82479944
82584708
82574884
82562624
82612736
82581728
82616076
82557584
82527620
82572408
82560288
82647044
82509296
84750216
82599180
82590612
82435644
82472140
82558304
82539664
82531148
84637424
82588376
82589748
82573624
82532396
82547916
82710816
82534436
82556200
82560704
82533084
82474324
82468964
83769344
82516360
82739704
82561080
82501984
82491356
82525056
82593080
82568304
82503096
82589560
82475644
82769480
82499984
82730196
82532876
82568456
82744936
82569132
82809476
82490104
82502720
82658904
82536008
82573920
82865460
82787544
82581380
82764928
82548688
82581028
82792864
82589348
82630364
83425168
82498248
82565088
82762584
82513368
82503748
82484728
82551832
82514168
82518952
82461772
82622452
82648488
82521572
82580440
82721408
82518552
82611136
82537740
82517688
82629828
82575808
82624556
82481444
82401316
82542540
82814264
82557260
82580056
82596768
82596576
82615992
82782172
82572196
82569796
83620068
82521824
82790576
82839980
82640524
82576820
82542616
82602080
82566468
82595348
82488180
82531972
82797532
82794652
82555724
82546976
82589996
82536900
82549748
82678736
84231448
82529100
84011576
82474508
82659192
82508788
82454852
82554248
82506864
82611080
84636744
82533508
82550056
82551120
82555712
82638768
82631364
82578676
82638836
82700532
82551064
83420840
82597184
82582156
82572192
82635320
82607616
82486276
82651404
82628924
82609176
82694332
82652132
82563004
82606796
82635864
82629932
82791116
82660524
82473972
82528940
82569156
82707932
82587568
83220204
82732160
82742636
82490860
82664068
82555036
82587264
82611496
82517340
82586152
82665768
82665720
82561168
82591992
82600784
82573504
82674120
83038856
82561900
82655356
82624340
82523932
82530504
82545224
82615352
82612724
82643416
82543188
82490744
82593376
82551596
82643584
82547632
82416816
82694372
82570360
82610008
82580848
82561544
82639264
82590232
82626388
82709624
82684716
83300964
82535204
82567540
82561952
82573500
82514000
82553400
82627692
82583828
82593724
82596388
82535268
82535260
82607756
82589544
82601944
82586116
82562092
82548356
82588132
82600380
82469148
82536328
82553460
82596972
82574364
82560000
82591896
82573956
82645924
82646088
82730988
83118980
82571408
82685744
82514740
82668244
82566764
82527324
82603968
82637772
82615900
82653244
82644128
82538232
82559988
82589500
82587144
82588244
82634952
82558564
82603232
82563160
82571504
82567276
82622472
82551168
82572028
82552360
82606840
82526880
82545284
82549776
82660332
82503060
82638772
82642236
83534696
82540980
82607088
82530848
82583256
82676684
82525376
82596368
82546200
82481788
82504128
82538488
82557924
82524432
82639660
82596316
82606596
82609224
82551300
82548948
82547448
82679116
83229496
82608816
82518404
82914808
82520468
82529244
82684392
82511152
82542404
84742924
82524392
82583056
83694024
82469848
82605204
82488844
82571124
82602868
82541592
82558468
83696648
82484632
82534396
82530104
82405940
82688620
82784496
82780652
82578600
82495808
82462944
82507548
84240496
82493108
82532340
82497924
83243028
82512744
82540992
82498360
82607464
82482080
82623528
82400952
82529820
82509272
82552792
82573376
82619012
82578084
82631708
82554752
82514880
83582132
82565288
82470380
82526228
82491064
82698228
82573268
82544520
82620732
82612820
82508724
84254268
82487992
82526472
82649560
82567608
82502228
82572524
82557064
82601012
82542444
82580076
82687232
82529728
82525912
82570332
82487064
82504848
82575688
82650516
82538616
82813776
82551576
83537188
82511328
82549216
82599936
82623576
82507988
82604028
84445784
82506156
82582476
82650520
84677320
82603924
82492452
82471844
82704868
82467092
82508568
82572516
82467236
82553644
82607448
82548092
82611424
82623664
83384080
82603040
85104488
82506364
82547888
82622776
82660804
82511396
82511680
82587436
82625700
82504268
82550396
82469604
82606452
82553908
82623868
82555260
82567212
82494920
82533224
82553844
82567032
82614896
82764932
82587192
82639528
82564020
82535676
82497716
82509560
82519820
82491868
82484140
82846856
82558772
82409028
82488520
82587096
82457264
82479272
82630704
82506912
82480508
82662136
82657568
82478056
82610468
82595812
82586664
82629108
82582220
82576356
82582920
82752496
82585452
82711064
83524564
82544520
82600284
82541172
82569500
82532124
82570304
82568972
82570532
82571192
82521420
82645292
82570536
82980020
82605884
82584396
82595764
82574520
82535340
82536708
82656580
82630664
82611916
82501888
84024724
82638212
82567036
82573260
82604908
82568672
82721224
82561000
82597376
82557472
82499452
82549364
82538392
82495548
82621412
82533320
82604220
82505892
82699388
82541360
82570896
82500168
83880548
82535432
82598744
82537160
82537792
82447880
82484756
82532744
82520360
82497544
82745656
82585644
82483464
82634132
82518572
82511020
82540524
82498712
82588024
82522660
82578464
82593568
82609020
82475548
82565148
82622796
82521260
82552056
82631044
82516544
82558524
82874036
82566116
82667600
82591304
82558672
82610116
82560544
82541508
82691352
82565372
82590520
83649968
82574364
82538688
82541000
82558708
82413456
82532560
82605816
82672792
82490092
83932328
82523740
82501548
82576024
 
82552648
82525116
82505304
82753356
82586860
82544956
82627420
83770064
82544600
82603612
82633564
82589968
82666364
82643748
82567844
82648452
82548948
82560380
83037788
82515456
82609700
82561060
82586000
82556952
82593440
82574776
82540680
82568128
82662148
82607688
82557316
82523444
82592356
82580848
82596308
82576692
82568444
82544236
82620744
82730076
82410096
84383220
82556988
82487412
82510460
82517700
82609048
82547724
82632900
82577908
83610560
82556356
82540872
82547152
82503032
82516156
82521276
82666816
82516956
82609020
82510168
82660160
82444272
82599308
82522556
82529256
82557140
82471984
82545540
82497972
82532540
82554964
82656428
82623544
82474024
82472416
82513988
82539976
82462340
82680224
82530636
82523456
82494972
82701020
82473368
82593304
82702516
82611584
82497056
82562620
82564940
82556988
82595468
82578688
82640112
82591940
82500856
82549216
82516784
82560020
82526660
82560132
82543800
82607828
82574160
82584608
82496856
82559276
82598216
82525376
82633896
82575884
82666956
82529060
82612712
82636948
82572212
82562104
82568024
82633320
82546752
82559620
82550600
82541724
82512344
82609920
82537484
82468156
82708688
82541572
82680088
82586304
82542812
82668680
82674776
82614552
82673440
82522460
82536568
82510332
82649748
83953864
82534076
82586428
82525736
82543732
82539472
82479664
82581024
84393092
82474456
82647952
82470992
82527000
82551020
82505196
82530368
82649532
84118900
82513380
82596524
82511336
82526948
82531124
82544020
82525056
82575960
82592540
82561784
83397004
82598132
82528824
82531908
82760188
82493316
82470292
82593488
82534084
82497316
82689244
82544568
82514152
82542024
82604840
82517884
82600064
82459816
82489144
82579020
82560436
82601444
82648852
82514588
82474816
82579868
82498992
82569068
82583160
82620028
82471140
82633024
82547980
82556820
82519148
82502532
82646944
82527676
82513808
82597476
82543624
82628516
82520172
89432908
82456512
82554012
82495980
82485512
82529596
82488836
82536092
82614052
83784440
82571268
82582228
82503236
82547112
82538912
82658072
82538504
82512580
82563996
82687688
82479540
82505860
82523948
82419384
82557628
82584936
82590224
82554880
82518436
82508920
82537212
82507844
82528608
82420240
84178940
82515216
82516104
82519956
82498860
82577368
82556760
82528296
82529224
82610940
82704040
82597332
82520048
82519832
82551208
82563424
82743272
82540508
82569908
82575788
82550396
82618388
82523052
82591360
82638104
82667192
82572168
82613980
82650452
82579416
82603228
82674108
82746208
82622968
82588500
82533404
82597064
82610032
82560180
82546288
82510132
82619360
82533772
82546388
82563184
82546632
82598444
82566760
82590288
82540392
82507868
82547740
82544208
82574996
82687616
82536344
82591616
82609796
82580552
82642436
82655056
82577280
82681392
82612344
82591592
82639376
86719260
82615212
82658216
82662684
82612848
82662580
82616956
82650316
82608684
82644852
83768628
82880560
84722104
82582148
82533304
82620072
82574360
82600604
82549128
82568016
82492608
82535380
82669528
83602412
82562304
82568884
82561616
82536332
82549796
82686724
82568916
82634472
83124928
82522656
82576036
82552664
82531000
82605112
82619188
82564368
82588352
82604160
82565972
82567244
82637064
82597916
82594720
82479108
82532808
82545360
82534496
82598052
82680932
82651060
82549152
82657712
82562924
82714024
82601020
82641368
82546908
82521664
82677732
82268408
82596084
82601396
82541804
82566756
82624276
90934596
82561152
82566844
82557276
82622452
82561112
82519832
82582680
82569940
82597856
82539628
83118156
82601072
82555492
82572480
82525888
82579312
82580500
82593700
82641336
82588740
82543024
82629192
82599736
82534048
82597604
82573008
82616884
82572184
82596740
82604140
82576572
82565096
82660740
82550860
82603924
82559352
82599408
82796308
82561628
82543544
82594292
82620184
82498128
82555296
82575112
82619428
82509596
82709808
82530180
82562548
82666620
82617812
82683692
82645724
82693044
82550012
82553600
82578256
83879412
82688604
82581256
82610460
82591496
82655840
82659052
82565428
85011184
82547384
82559404
82509432
82586788
82585548
82644852
82623536
82611084
82593536
82585656
84572792
82542776
82585464
82617064
82649612
82594528
82627948
82470496
82654652
82531604
82621028
82590860
82530176
82635556
83922372
82417368
82597992
82592188
83254564
82554736
82660520
82608256
82615872
82965568
82665100
82928872
82604104
82617816
82592032
82594928
82576536
82744196
82694552
82641400
82568336
82586568
82608676
82650080
82519976
82563568
82716960
82594296
84694520
82596660
82600464
82653932
82561048
82583596
82639884
82609480
82625004
82650432
82584352
82586232
82583904
82598836
82656524
82624588
82620632
82593260
82604460
82669100
82564196
82596328
82638704
82610460
82579300
82617080
82573716
82649820
82616932
82581348
82596860
82588312
82602724
82641232
82594032
82672304
84877492
82664592
82597224
82575640
82532596
82561208
82426832
82596684
82570616
82545504
82524368
82606924
82536356
82522240
82519960
82634440
82577428
83005404
82600460
82598308
82557624
82648788
82537900
82556540
82535452
82583840
82534620
82562960
82633580
82664888
82564820
82651972
82600924
82637232
82614112
82646012
82554864
82600868
82586236
82614268
82526172
82588580
82575480
82655224
82599536
82612088
82691180
82598400
82545396
82584924
82946980
82568312
82604348
82652384
82634412
82652212
82633096
82575920
82662992
82644612
82644528
82693340
82582476
82554780
82704912
84838524
82661956
82570280
82638356
84645380
82543972
82598280
82655832
82598264
82580856
82570784
82637828
82613496
82627716
82560368
82639108
82767316
82538552
85052148
82514124
82535988
82577868
82588888
82542288
82590716
82526784
82545048
82512844
82524320
82593936
82557988
82560952
82586408
82717560
82554728
83477508
82502384
82522376
82559752
83009108
82626884
82533544
82625636
82514340
82568604
82521468
82531608
82561424
84896164
82726260
82619644
82633672
82598676
83016964
82681804
82606288
82638052
82662072
82571276
82605864
82623528
82585812
82604724
82608352
82572340
84092092
82564724
82567628
82439268
82599972
82567104
82533156
82537996
82559424
82522600
82725988
82607924
82530432
82566552
82637004
82591332
82706676
82526752
88196956
82621780
82596868
82557436
82597328
82515488
82605928
82609160
82601200
82609660
82599264
82578984
82605456
82567016
82608692
82553104
82545628
82558536
82500276
82576016
82529976
82542264
82488084
83479148
82550344
82790692
82532396
82563164
82588436
82576712
82576056
82582292
82558404
82589560
82566288
82408852
82599688
82540664
82617732
82565280
82608472
83097780
82649292
82490376
82657288
82679412
82553816
82583464
82630988
83359456
82565904
82649404
82660484
82715024
82610988
83734680
82557920
82559608
82685024
82723684
82593580
82634692
82578812
82549636
82746000
82591124
82501480
82706652
82570292
82596212
82654212
82596620
88825692
82611180
82582596
82554068
82341280
82473852
82557048
82872128
82485420
82569944
82539028
83840852
82548432
82553716
82542204
82574736
82521768
82540228
82554220
82603764
82563284
82564448
82518408
82547944
82550908
82545600
82538492
82522152
82915264
82533648
82675536
82675716
82544728
82590868
82609032
82550592
82618220
82534320
82502484
82545072
82550276
82603844
82521608
82578468
82619300
82558440
84130068
82563400
82561372
82547044
82670280
82575372
82563296
82566900
82683364
82545360
82950040
82618476
82535336
82513372
82557956
82528356
82587912
82592316
82650020
82620984
82640664
82557096
82559240
82576276
82481148
85116804
82625624
82598856
82635248
82609264
82624936
82718708
82601252
82575760
82467956
82472476
82567896
82553864
82485960
82607876
82553868
82631428
82584160
82555524
83310124
82570036
82529180
82583884
82614160
82501036
82607312
84941472
82532436
82626560
82605424
82621872
82590424
82550772
82580436
82614656
82672232
84216920
82558076
82513440
82570748
82641136
82614768
82586388
82690864
82698892
82573144
82600140
82567884
82536612
82568504
82610792
82735156
82601260
82630316
85000292
82618208
82526380
82526264
82500844
82515448
83329056
82609752
82578256
82573724
82563936
82500792
82544388
82591984
82528708
82597908
82532796
82537352
85450680
82550076
82573880
82659156
82650180
82587792
82737688
82746504
82623860
82653560
82610180
82657220
82644432
82573580
82576520
83137880
82564736
82669600
82941964
82581008
84381360
82560516
82549660
82538796
82560896
82587612
82542160
82307260
82546756
82565688
82544488
82299492
82566980
85003608
82619840
82667020
82766624
82561580
82783712
82527904
82634636
82574184
82551984
82636632
82616420
82613084
82546920
82620288
82544136
82549332
82640900
82703820
82543180
82617036
82675100
83578744
82573800
82510416
82519028
82552548
82585880
82538548
82301344
82644084
82542784
82523824
82534676
82529800
82632308
82530332
82672660
82598124
82648548
82660444
82589620
82760388
82563372
82624588
82600108
82628088
82723264
82686476
82597832
82602444
82583180
82636388
84358068
82618552
82591788
82672832
82578892
82593272
82559560
82875664
82523628
82687892
82663416
83045300
82578616
83290576
 
82629840
83813920
82516808
82526852
82597284
82565108
82548024
82592248
82567584
82601064
82583632
82584188
82573364
82644368
82588784
82543128
82563656
82569448
82656004
82613352
82537708
82591648
82565812
82609936
82623452
82590804
82555028
82596192
82588748
82569936
82617468
82630152
82659808
82570420
84330292
82593744
82527640
82592704
82711136
82543416
82634164
82581136
82586736
82661972
82522576
82513720
82598976
82568372
82534764
82563560
82577160
82644104
84256380
82527988
82533596
82578140
82503560
82674276
82565520
82494332
82726000
82556176
82535576
82549888
82502004
82954196
82601700
82523808
82573524
82502688
82547284
82682232
82578528
82577844
82541464
82623260
82529516
82552216
82627720
82704076
82828544
82630352
82632940
82639008
82563396
82521208
82686660
82573200
83051164
82589124
82550808
82582060
82601920
82575172
82585212
82602940
82546800
82589544
82615084
82528424
82584476
82654316
82658744
82553852
82558844
82708104
82634380
82634184
82549916
82628064
82572684
82648568
82665704
82569180
82690208
82600184
82569292
82652544
82632632
82546940
84586808
82565464
82620692
82665312
84913572
82535832
82689428
82558024
82641636
82548700
82612036
82622624
82586856
82602820
82695424
82611416
82531756
82493232
82524268
82542680
82599100
91350708
82524568
82580960
82589716
82610800
82608464
82642904
82519668
82536212
82510784
82601804
82597604
82671788
82534752
82588448
82581768
82504944
82642080
82611728
82589528
82559480
82709024
82587360
82757208
82571044
82588888
82640300
82583480
82599692
82700188
82557152
82537728
82529984
82662528
82590204
82524484
82561464
82353400
82512688
82523520
82528088
82474316
82581272
82648960
82574872
82506972
82467788
83804128
82567800
82499644
82601164
82562324
84039680
82580140
82515520
82531876
82674676
82617360
82525928
82551200
82624216
82542076
82547144
82578460
82578260
82628952
82510028
82571768
82639332
82552404
83490292
82533088
82547948
82608924
82562592
82443932
82583124
82590820
82574024
82713684
82673216
82572372
82527380
82783060
82599716
82551112
82672812
82611728
82586508
82740816
82545536
82566864
82508176
82596548
82573640
82459524
82539916
82578408
82551776
82554804
82612424
82527548
82677520
82580700
82566172
82606496
82598472
82631984
82577536
82645000
82550564
82617792
82576788
82569212
82616988
82559936
82617360
82584688
82593600
82519324
83520552
82665620
82575092
82612308
82639924
82601392
82602268
82601944
82543328
82633724
82546756
83312764
82537880
82619456
82584868
82611040
82588488
82659920
82812504
82535956
82631796
82624156
82600300
82653592
82579592
82531672
82468152
82544060
82520600
82481260
82626540
82564516
82551548
82539768
82557116
82603964
82675560
82487168
82573336
82820688
82584412
82653936
82667492
82697568
82585676
82594560
82889088
82503408
82285820
82594404
82559780
82578008
82707644
82535140
83249024
82540588
82922684
82568612
82594076
82590148
82610300
82538232
82567780
84263612
82575272
82711628
82578992
82557268
82738432
82572532
82600080
84900616
82575896
82589972
82583264
82567060
82565512
82628868
82595448
84663496
82607932
82564144
82512544
82549396
82523552
82575948
82562692
82576812
83611992
82550216
82531160
82607644
82540100
82536136
82598152
82547704
82451628
82570644
82561712
82481412
82577044
82564332
82487092
82653500
82563076
82570796
84222620
82558888
82475472
82689312
82562016
82554500
82554028
82524060
82519052
82628596
82570044
82934148
82878244
82577536
82635472
82619824
82692816
82502708
82980756
82542312
82461428
82648924
82568872
82888036
82547676
84037760
82646900
82631384
82624076
82561760
82621688
82606156
82587188
82707540
82596528
82703916
82606164
82556956
82633348
82606828
82640316
82609172
82539684
82367152
82556796
82577612
82580700
82628732
82757276
82605208
82570360
82618132
82670524
88684720
82575828
82550148
82555948
82569080
82541068
82550136
82562164
82650116
82576140
82551068
82363328
82601056
82534904
82579180
82625200
82604820
82614240
82594032
82589476
82349784
82800420
82704048
84480340
82559396
82507316
82703932
82555900
84697800
82570964
82552832
82579804
82560304
82594360
82535464
82612628
82508184
82618460
82573832
82591588
82485952
82655048
82568536
82534352
82542404
82568472
82482120
82543432
82581932
82481360
82555344
82509124
82507428
82557312
82639520
82613344
82515844
82596272
82525432
84666268
82500776
82701620
82539056
88005472
82506316
82562500
82545340
82535216
82596384
82520492
82568016
82523072
82558512
82532176
82525652
83203064
82501800
82520572
83335000
82568116
82523100
82626920
82566080
82696296
82634596
82563148
82536492
82553360
82628272
82544992
82572504
82520184
82542408
84133920
82645620
82532860
82562160
82610952
82594968
82436572
82554504
82452520
82764120
82567648
82558000
82508084
82590808
82519300
82558600
82512088
82518716
91268120
82629004
82593540
82584300
82569140
82572756
82547596
82536212
82583196
82504388
82578692
82540880
82613256
82565608
82570960
82658152
82585236
82522504
89958712
82557924
82653352
82834436
82568896
82635092
82563776
82570024
82633308
82560444
82644772
82662380
82555156
82708808
82561240
82539060
82793156
82543628
83817028
82534388
82671300
82694088
82595672
82627552
82567068
82589636
82540896
82724000
82541068
82568360
82621332
82574328
82677508
83095872
82555572
82527568
82628024
82564968
82506632
82562888
82563504
82511620
82556876
82534112
82484060
82622044
82639368
82537632
82686968
82542292
82543400
82635000
82556240
82475804
82599656
82542088
82543016
82556528
82646276
82537252
82541752
82498708
82663692
82496140
82497912
82581260
82507012
82519608
88449420
82616200
82483336
82587428
82581020
82529204
82540704
82557296
82550644
82577592
82613436
82486580
82601384
82514092
82588672
82580752
82532412
82542320
82529688
82681552
82545812
82535268
82547520
82624756
82586824
82540024
82563172
82589088
82558828
82586396
82635020
82567640
82568264
82648424
82518512
84090380
82485000
82521528
82516560
82533216
82655332
82571344
82428668
82642528
82569912
82506440
82573232
82658388
82552856
82644504
82531784
83039400
82462096
84310276
82547588
82553252
82514336
82617308
82788824
82514072
82601420
82566624
82477588
82567952
82552976
82561908
82568228
82528508
84111572
82576028
82437344
83723696
82653128
82540892
82607672
82512924
82571556
82530280
82565924
82538196
82632204
82564536
82578932
82510452
82447664
82637156
82473804
82739720
82590280
82652120
82539264
82570980
82559908
82769184
82592888
82617188
82606604
82551152
82623156
82586892
82614408
82704912
82532636
83151140
82689548
82626992
82593052
83408952
82513312
82576788
82576768
82547792
82570144
82557816
82545452
82591664
82609344
82551568
82694320
82531156
82381740
82574712
82609768
82610952
82486120
82597888
82537300
82632604
82567332
82589960
82536892
82565088
82524648
82577332
82502540
83328120
82579660
82770000
83050124
82584364
83066772
82497692
85402060
82538280
82548440
82539856
82527608
82524724
82568144
82559304
82558784
82622112
82573604
82631900
82615216
82554660
82547492
82876376
82467116
82533304
82645464
82587644
82621440
82573916
82542656
82559108
82620124
82550012
82511108
82885464
82923780
82634700
82505244
82466328
82610080
82567008
82553660
84216656
82547592
82504432
82578616
82569460
82602664
82531592
82526620
82569068
82530716
84746416
82873080
83137152
82735176
82806492
82650536
82532792
82532896
83433096
82563088
82543216
82486952
82863724
82826028
82837660
82904312
82547656
84003944
82609132
82549212
82545212
82465464
82579704
82600296
82782328
83358280
82774260
82548832
82645288
82670272
82695552
82701196
82709228
83619080
82675164
82608248
82684728
82624172
82605884
82614628
82578364
82650392
82638468
82517588
82578264
82579828
82598164
82574256
82376976
82590336
82566028
82575844
82604744
82617456
82596040
82619016
82638212
82643192
82596180
82559724
83978784
82555872
82589704
82748564
82722912
82598164
82638984
82641912
84079924
82523976
82598084
82653064
82626572
82603492
82622412
82501096
82711148
82583668
84031232
82529620
82525912
82549836
82526316
82639800
82552468
84216180
82604328
82519992
82575688
82730308
82489376
82615160
82553740
82604056
82563104
82513808
82556524
82525264
82572136
82743880
82625432
82538472
82548852
82559848
82575128
82555268
82652112
82617492
82598016
82685484
82574320
82614932
83598524
82601896
82610160
82581300
82507760
82541404
82500840
82622092
82557600
82627316
82595220
82549588
82527852
82532632
82508852
82543680
82547488
82519164
84732624
82572160
82471564
82533776
82543912
84889500
82564052
82585524
82566328
82517124
82501060
82545844
82528184
82556088
82534740
82538920
82514952
82486400
83349012
82488068
82565304
82519284
82550744
82559484
82544548
82528356
82581720
82554476
82581864
82589424
82566568
82484420
82648616
82481320
82606488
82607184
84327960
82546796
82641296
82558232
82482668
82579256
82524712
82536492
82531528
82597096
82690760
82601668
82589024
82521064
82557820
82599668
82657164
82545492
84192980
82700912
82560852
83971972
82565884
82559728
82546724
82565728
82547148
82586972
82582564
82546512
 
82553596
82563856
82544212
82573612
82556256
83024236
82540668
83397952
82525208
82435152
82676156
82467068
82519388
82562452
82486712
82532132
82594484
82480708
82509056
82575660
82559820
82566588
83087644
82635284
83660152
82580484
82522108
82549184
82497164
82580024
82543432
82521368
82539404
82667344
82538140
82533116
82547408
82614540
82523704
82517544
83069720
82513164
82530072
82505224
82627240
82519960
82564340
82524168
82525916
82564260
82560036
82546144
82615300
82492788
82618172
82511028
82585108
82714956
85019740
82500276
82530140
82529340
82530560
82700872
82569720
82543996
82579600
82537800
82588772
82588436
82531380
82593280
82608284
82530440
82606116
82516112
89777900
82590200
82535816
82537760
82604052
82533788
82441108
82575672
82531124
82485544
82581304
82531640
82546364
82577252
82538080
82777236
82549880
86552772
82488584
82538904
82531712
82559384
82543816
82571284
82510476
82553348
82550964
82537756
82532988
82542264
82509312
82504360
82610956
91831344
82511436
89149016
82551596
82487040
82719136
82555960
82621256
82574452
82606564
82634724
82605640
82566816
82539864
82582932
82649168
82627744
82574940
82483120
82620452
89671664
82532160
82535080
82561840
82522740
82558460
82528688
82523680
82534092
82521568
82570004
82609608
82488716
82568664
82536868
82717976
82623152
82650408
83518988
82640888
82566376
82605844
82687136
82622308
82548248
82538556
82585404
82509844
82627744
82571228
82617880
82586728
83737944
82657356
82643668
82471320
83795856
82522716
82499516
82587776
82565344
82537792
82677840
82532640
82548932
82610472
82458480
84086476
82600304
82541868
82655752
82625480
84618416
82569832
82569764
82546724
82555544
82565900
82501780
82566924
82622136
82540656
82603856
82600116
82510976
82714276
82529988
82560944
82500548
86940940
82585316
82640684
82524136
82538724
82495032
82502992
82624212
82504640
82556276
82628324
82834116
82558780
86288712
82579836
82270048
82489508
82838728
82611920
82527156
82524556
82585724
82473336
82579096
82536132
82479448
82532588
82510136
82509436
82544512
84131564
82600160
82528600
82536536
82608932
82524960
91309448
82593996
82539380
82521652
82607172
82533084
82581568
82611660
82525452
82551212
82694404
82540044
82581432
82625180
82557972
82608044
82618296
82608540
83587164
82561032
82592928
82525752
82564172
82513168
82547884
82669412
82591400
82567048
82680152
82611872
82640356
82592448
82651204
82680708
82565788
83958112
82719252
82578088
82552588
82623912
82590872
82585184
82687904
82720120
82560512
83412292
82640480
82551084
82557968
82671304
82697408
82612184
82550000
82810480
82671028
82589636
82593044
82648176
82807024
82579288
82744744
82691948
83732708
82603108
82602912
82935836
82580964
82601632
82608616
82660196
82647784
85080180
82556228
82615816
82572476
82788628
82621784
82542356
82900396
84082336
82546104
82580480
82666036
82622020
82750392
82711408
82496572
82823832
82654880
83330208
82539896
82535524
82501704
82551360
82543652
82583412
82551028
82503176
82564096
82668460
82595532
82659300
82625428
82692100
82639068
82626620
82865356
82558536
82580768
82541428
82552188
82645572
82553884
83800308
82668676
82559500
82572456
82613064
82354840
82526072
82541960
82513744
82316272
82557332
82829456
82540732
82520280
82554544
82618692
82537760
83421444
82629932
82565752
82582508
82531692
82517840
82543592
82562324
82579216
82514152
82565988
82508076
82598208
82503808
82581092
82621164
82633724
82601580
83305828
82717680
82593108
82578860
82561716
82646396
82556052
82558748
82709948
82528772
82587316
82747920
82585388
82650644
82636616
82640068
82522744
82619932
82471128
82602964
82271584
82545936
82622612
82610712
82603896
82495748
82620572
82571396
82495048
82553360
83733224
82487288
82554876
82558804
82564516
82561636
82574908
82773684
82542744
82545436
82540184
82551760
82559080
82561520
82637956
82552028
82533832
82566796
82539348
84701444
82555600
82517244
82593248
82536696
82585792
82578392
82568236
82465416
82577012
82515232
82558704
82620084
82500000
84177764
82537596
82551824
82540600
82771216
82516832
82569312
82505956
82533224
82585464
82572284
82531804
82498476
82531800
82569676
82514932
82718740
82862300
84988320
82677640
82673824
82684220
82549088
82826140
82545540
82663692
82603244
82567068
82639388
82827068
82483184
82519432
82548980
82599364
82823272
82531484
83772384
82543536
91350008
82589576
82586684
82525432
82579428
82559240
82529436
82606068
82566192
82579660
82505644
82528220
82551556
82546832
82532832
82621356
91462404
82505536
82541640
82573920
82714752
82562864
82522008
82560508
82574236
82629256
82518852
82557612
82837492
82515468
82568804
82651244
82502480
87271408
82514184
82576244
82533508
82528788
82588400
82472100
82507564
82631140
82553124
82502456
82584708
82579420
82521460
82535256
82607060
82539228
83500836
82502284
82610856
82525560
82522504
82520984
82596856
82596616
83127948
82564224
82601116
82540432
82541992
82576668
82557680
82490444
82603416
82581620
82411564
82541908
82649732
82501992
82541760
82588860
82575800
82500052
82544268
82601748
82579064
82509016
82733440
82540196
82894984
82766028
82721136
82564332
84892372
82515072
82438748
82581016
82634316
82518892
82522144
82835092
82637116
82527940
82531556
82845360
83046928
82530364
82827300
82602612
83171252
82813048
82698144
82520008
82613432
82720852
82541612
82590552
82549116
82588372
82635672
82569956
82758004
82671408
82564236
82662320
82916320
82591860
84021480
82548792
82579556
82581644
82565692
82594736
82556456
82526620
82570008
82629120
82585556
82569744
82631712
82647228
82642240
84867372
82538520
82493552
82700912
82713712
83083276
82552828
82577104
82512000
82879492
82864652
82449912
82546940
82573084
82529900
82863348
82677024
82532388
82713164
82513008
82535568
82495600
82530416
82592624
82485108
82526732
82605092
82511816
82587348
82503148
82690680
82547380
82546828
82529724
82558488
83114616
82526232
82578216
82425144
82713336
82494248
82496392
82554776
82895900
82533816
82592996
82598340
83143272
82593792
82577656
82514644
82808724
82932996
82665720
82601052
82643332
82553872
85599000
82607984
82764736
82507812
82536888
82590424
82666524
82531288
82637388
82788600
82602268
83540120
82627432
82567924
82666436
82557316
84039164
82662664
82677080
82545836
82512624
82612888
82594416
82629520
82659708
82289748
82577528
82624916
83128308
82534984
82616308
82526948
82612168
82569888
85343660
82603252
82542804
82592204
82568904
82605088
82649116
82511980
82606228
82593324
82565104
84696388
82511068
82554552
82518824
82493756
82566964
82515260
82700840
82445580
82470828
82543976
82543788
82435576
82623548
82566408
82484472
82533236
82592816
82479932
82567060
82531620
82603884
82653220
82484204
82672636
83858408
82647252
82503908
82526304
82483864
82584508
82507544
82531348
82735280
82558968
84414652
82572236
82539776
82617972
82656612
82622348
82594772
82654852
82664048
82536264
82578004
82447032
82467216
82622112
82597584
82424612
82587148
82556568
82424540
82636668
82530364
82506600
82620824
82540376
82550032
82965032
82899712
82641680
82656144
82695492
82779384
82670208
91447872
82630096
82622052
82574276
82985216
82727576
82654628
82616260
82558020
82892928
82584980
82639104
82557204
82632956
82981240
82573668
82554572
82512052
82505292
82522596
82424004
82546616
82500516
82436988
82564324
82543272
82534152
84174848
82523676
82535112
82616856
82570292
82509412
82655124
82497868
82711100
82594576
82479316
82566580
82558524
82564420
82579824
82575928
82588200
82541560
83649452
82540940
82577256
82569060
82551348
82731084
82510576
84168440
82631548
82542408
82618196
82509988
82531832
82518636
82489904
82522992
82579940
83887428
82561852
82598556
82540200
82682884
82558072
82717524
82586576
82578976
82546860
82655500
82547024
82470644
82504004
82592076
82550048
82535384
82513048
82604292
84797964
82507532
82518920
82552940
84762780
82501588
82597340
82503696
82590068
82483092
82553016
82540316
82574628
82489828
82527372
82536920
82572104
84708204
82522444
82645460
82652740
83492500
82590412
82611952
82699648
82616452
82607128
82597912
82388680
82566372
82651752
82568252
82588012
82637496
82535244
85315540
82619592
82649080
82622464
82590584
82619352
82647428
82602492
82534480
82609404
82591228
82553588
82669408
82588584
82558900
82589112
82661948
82593096
83780800
82667700
82532260
83017564
82450472
82490100
82569656
82487184
82511468
82546032
82452472
82529800
82570372
82582656
82789380
82604132
83151512
82527612
82453960
82422304
82559132
82522644
82520036
82571600
82598048
82514328
82563168
82501008
82486660
82638868
82556828
82566468
82506632
82618580
82680992
82982604
82590012
82547092
82576132
82569348
82596372
82543152
82531228
82656344
82624864
82603984
82520816
82707348
82588596
82523040
82547716
82522028
82931068
82589824
82587224
82671908
82538944
82623168
82560960
82631512
82579900
82597532
82701364
82586228
82579828
82665572
82604984
82616744
82575384
82554864
88650644
82529496
82494828
82544160
82546344
82659448
82533420
82536080
82547272
 
82476648
82566800
82522388
82587068
82526176
82512988
82559932
82557116
82509512
84671264
82545964
82550748
82502660
82562900
82556196
82473304
82503200
82487536
82490116
82527872
82630436
82527628
82557816
82560380
82507256
82523080
82494548
82525320
82636576
82491516
82512432
82558712
82531364
82630680
82560868
82528856
82668504
82573012
82511752
82532580
82614604
82510892
82668612
82545400
82521328
82665708
82530216
82525820
82566832
82540060
82547584
82570584
82493392
82683972
82579012
82525136
82548044
82545508
82496080
82532328
82549080
83911676
82593752
82527548
82514972
82552928
82497936
82571244
82626120
82489220
82562940
82521712
82541092
82475852
82512188
82588232
84580108
82505924
82453292
85026296
82470336
82526244
82516068
82580116
82553000
82532476
82526680
82551832
82528408
82607348
82526316
82496428
82659528
82544352
83298528
82485980
82452580
83280916
82552468
82512460
82419064
82523136
82436796
82482592
82499876
82484556
82607772
82618424
82516396
82470224
82561592
82534140
82468508
82566340
83009796
82523124
82607936
82582248
82576288
82590336
82351508
82613180
82608180
82601908
82491212
82480176
82632208
83784412
82530800
82490996
82437620
82635524
82581104
82535696
82467896
82522624
82538040
82477828
82655112
82534552
82599980
82531488
82530616
82509188
83057044
82603580
82563336
82486652
82559716
83149056
82567320
82515264
82599548
82602116
82527292
82549600
82627720
82502680
82538944
82448328
82486436
82583776
83131452
82561396
82672756
82496496
82577780
83957388
82501600
82500788
82546800
82584264
82517092
82515448
82562260
82555400
82527084
82566124
82557120
82727504
82484772
82567684
82552792
82606688
82528040
83672908
82339136
82574208
82527012
82528108
82531616
82476396
82602808
82564588
84184000
82479288
82422188
82497636
82487800
82498104
82491548
82529576
82568508
82476416
82512128
82517908
82510684
82553136
82551720
82474564
82665904
82502304
82485348
82604012
82618488
82489556
82545328
82641828
82537124
84256912
82565028
82543720
82515136
82530388
82681408
82559012
82475860
82679012
82545920
85023564
82550884
82446272
82519576
82600216
82520544
82478116
82507400
83650996
82699928
82635560
82514068
82593656
82487656
82531424
82653676
82516908
83897244
82605960
82484336
82524808
82576124
82490536
82553168
82521888
82692084
83137316
82511180
82507256
82573432
82585888
82574756
82536180
82681024
82579136
82725668
82552740
82631064
82678688
82581296
82592180
82560080
82665400
82622772
84232072
82532508
82694184
82515352
82539448
82529584
82520752
82642692
82503440
82524424
82512172
82554476
82582460
82609952
82530228
82519640
82625328
83393472
82538260
82510520
82629444
82556884
82604772
82518344
83576512
82672844
82464768
82538100
82508232
82577652
82584612
82536016
82533280
82535848
82618232
83889844
82511004
82543168
82564804
82570304
82472584
82585740
82551168
82491228
82580364
82536792
82587580
82550200
82557856
82553776
82496572
82529588
82501260
86127436
82636336
82528992
82540252
82598376
82518356
82866728
82592004
82624516
82649368
82785356
82621996
82524328
82662968
82568892
82551084
82607780
82581632
82572588
82527444
82558236
82577112
82554964
84301104
82515480
82530648
82557684
82514016
82492592
82520288
82510648
82528300
82526132
82521076
82560504
82504472
82530588
82528468
84255984
82467424
82502892
82576916
82559912
82500488
82520112
82506988
82542424
82505664
82520784
82535604
82548680
82548160
82473320
82511932
82587780
84210156
82548516
82559124
82548400
82620048
82574692
82576812
82544356
82585936
82491204
82567852
82599288
82548064
85004940
82609212
82559652
83409104
82530228
82559040
82518620
82529192
82581632
82868152
82566460
82607096
82542896
82536448
82531592
82606088
82606872
82656240
82560596
82483960
82533704
82342036
82557052
82593696
82534580
82538168
82645900
82537068
82455212
82564544
82536788
82626940
82563536
83006972
82569872
83231416
82590620
82598304
82534552
82585276
82568380
82582956
82606532
82592592
82581544
82591884
82596324
82592960
82522552
83101136
82534600
82553800
82575240
82636872
82498408
82540464
82582104
82647932
82544996
82640168
82528320
82566396
82546920
82536744
82860772
82511968
82615880
82571356
82566904
82540300
82567908
82533216
82515384
82559220
82520888
82500244
82547160
82650456
82539024
82505148
82547436
83001408
82591836
82830328
82637692
82633780
82641044
82597840
82630996
82675740
82668404
82649152
82659408
82631860
82650656
82849264
82560420
82517140
82535344
82544088
82576592
82568684
82582096
82544792
82560172
82585196
82560252
82539220
82529340
82718684
82589688
82496776
82554584
82531068
82518304
82515896
82550124
82544904
82556768
82551128
82495896
82587880
82582288
82639448
82574216
82571264
82550096
82585732
82654920
82616852
82567448
82538960
82604500
82563976
82566812
82604268
82585352
82554136
82559760
82619496
82554384
82556512
82533776
82557856
84201600
82578584
83217500
82562196
82641372
82640444
82496452
82824532
82552048
82615180
82556892
82543224
82583252
82630496
82645512
82535932
84107088
82527988
83575496
82523316
82620464
82535848
82526548
82498564
82575656
82559136
82581932
82499388
82505224
82590316
82554296
82627008
83426092
82801360
82584972
83077472
82582068
82574640
82558120
82543248
82537132
82589288
82570952
82567416
82704668
82612548
82591668
82642772
82548864
82447176
82519776
82558868
83296016
82552584
82616492
82541360
82513624
82620104
82614128
82546940
82557944
82534684
82491788
82885528
82502896
82576984
82504928
84304896
82564708
82519968
82620656
82574864
82658700
82566256
82603460
82595552
82583528
82764672
82854280
84405176
82604436
82608888
82648524
82628576
83426216
82655892
82546164
82753056
82584220
82586384
82685552
82579312
82564328
82527216
82590656
85074740
82517484
82523508
82671756
82566020
82601892
83158840
82562916
82548396
82551428
82523460
82554956
82572864
82476396
82741016
82676436
83628968
82592268
82566224
82513600
82511764
82623784
82502248
82925452
82543456
82474352
82583932
82516540
82535524
82520548
82559872
82485816
83339852
82567360
82601900
82530424
82635224
82723680
82811100
82485524
82950420
82515492
82551060
82527872
82590692
82537072
82455992
85223104
82497100
82523800
82586864
82506236
82528588
82530976
82612492
82531332
82559632
82553632
82599420
82557848
82618408
82551632
82525124
84711192
82514220
82553320
82497024
82567652
82550128
82587616
82564648
82528444
82521676
82560712
82582636
82551084
82591460
82574908
82608744
82512432
82575176
82563392
82566724
82543240
82532904
82602960
82660848
82541808
82739664
82541816
82510560
82578532
82687348
82793828
82701192
82449984
82539868
82527184
82580064
82611660
82655736
82531588
82713912
82503640
82710888
82476420
82537472
82594200
82552388
82764572
82552592
82637764
82595268
82599496
82685636
82676400
82616616
82667036
82696708
82573300
89499856
82554336
82576820
82516556
82528664
82515864
82536896
82558500
82504160
82561712
82769188
82623568
82558096
82569804
82639020
82790872
82554632
82556892
82572604
82550856
82599424
82936828
82561972
82518668
82498848
82543992
82574424
82570824
82569108
82581316
82609528
82581012
84226352
82651672
82535188
82516564
82680496
82489548
83506760
82547168
82552768
82551708
82551644
82630496
82524052
82563656
82631952
82467260
82504920
83455276
82481004
82525176
82787900
82525916
82701052
82522012
82513896
82582020
82506260
82517872
82697380
82646112
82521136
82546064
82574840
82571604
83644912
82552588
82666008
82535000
84195088
82547548
82557372
82537444
82599324
82465412
82549344
82519080
82598552
82531008
82542152
82651384
82525204
83678288
82499836
82481612
82545508
82663260
82509348
82511972
82592456
82523888
82630416
82540996
82514436
82576108
82550000
82510824
83759820
82741256
82511024
82766472
82499060
82503120
82520388
82571464
82681760
82541764
82503144
82564492
82580344
82528932
82589672
82598964
82535864
84954676
82506128
82450296
82534868
82543892
82540656
82511528
82518088
82544080
82494036
82514972
82568608
82496224
82557576
82513180
82526716
82575228
82511308
82823716
82553388
82569124
82621540
82590332
82596664
82591788
82605596
82618088
82565708
82622996
82642608
82585064
82737032
82646404
82566028
82493932
82583044
82535472
82546104
82542320
82563420
82563348
82521764
82578248
82520288
82636988
82539000
82511760
82624900
82553236
82479640
82507436
82535116
82584336
82576160
82548120
82532764
82576424
82556924
82543768
82636404
82529444
82541484
82566672
82597000
82514344
82563308
82543036
82525116
82544492
82558804
82503452
82547748
82524392
82540548
82548140
82522836
82589552
82541196
82567244
82544736
82499140
82761572
82523960
83766880
82575884
82513520
82534752
82555056
82541528
82607724
82501400
82560648
82512572
82546496
82531852
83707416
82531440
82529096
82547788
84140952
82608780
82653104
82521872
82617676
82481044
82498444
82612152
82586432
82536416
82535644
82521576
82721328
82553820
82504164
82781992
82506084
84468564
82496668
82499340
82570768
82563548
82518132
82511760
82450072
82622020
82558180
82556396
82526604
82715056
82537872
82560724
82523884
 
82555456
82537572
82534700
82555032
82561884
82549728
82662824
82571840
82528608
82565176
82495280
82545532
82527804
82651064
84855084
82552760
82544684
82618788
82508548
82556988
82605208
82529380
82316916
84230536
82588500
82555796
82646388
82513552
82604680
82658884
82513860
82549592
82516716
82551076
82577648
82570032
82606188
82507200
82583844
83674692
82571324
82534988
82581404
82603736
82627128
82670804
82504252
82999312
82548680
82485496
82526152
82572840
82513676
82520068
82445568
82814780
82539712
82641208
82882660
82644880
82631284
82689784
82603560
82612932
82445040
82516432
82503168
82557848
82542272
82693000
82482260
82717176
82546608
82491032
82564520
82524380
82538800
82586476
84217328
82653308
82528540
82661608
82518120
82626988
82556048
82542820
82510456
82525416
82632000
82501844
82570356
82530760
82517780
82558848
82507664
82829848
82532292
82539144
82566520
82571892
82511488
82584360
82552848
82535104
82519820
82594272
82585668
82618084
82580928
82378416
82516728
85253844
82516812
82593756
82531192
82542908
82511904
82535760
82482688
82611520
82687000
82656700
82695868
82567312
82569604
82526860
82581704
82531956
82540412
82561988
82533688
82574932
82484156
84645912
82507700
82667172
82538712
82541556
82489712
82512808
82542428
82532004
82856396
82511092
82707188
82598820
82515200
82689968
82535292
83943300
82561576
82531656
82540280
82530704
82645372
82491664
82494072
82494824
82522520
82489700
82892396
82546068
82496392
82554904
83824388
82861796
82519656
82662268
82572284
82522328
82520132
82522524
82546716
82705304
82321604
83694732
82569500
82580224
82681160
82596264
83872192
82531908
82519616
82525692
82551156
82611292
82537860
82552576
82555976
82502596
82637672
82582132
84031328
82560652
82575532
82745592
82647916
82589380
82592356
82631236
82578708
82539700
82506232
82667932
82530736
82592992
82670040
82690260
82616408
82463480
82535416
82576876
83532264
82570764
82654848
82541648
82627660
82676012
82601224
82590864
82539264
82631168
82582624
82614868
82636688
82536464
82524892
82608152
82505380
82691456
82536696
82568016
82646568
82538168
82589588
82513856
82563316
82616984
82565068
82625008
82437976
82509276
82540588
83477968
82612500
82516416
82643716
82556980
82522392
82547236
82526572
82513932
82526004
82547552
82610264
82565964
83829588
82530444
82566620
84116672
82610584
82586080
82584392
82585388
82540304
82701932
82528772
82606468
82571000
82609720
82594812
82578816
82597228
82742292
82488920
84305688
82529884
82613544
82592604
82514008
82625884
82606224
82636836
82585596
82563784
82580320
82589832
82621808
83043628
82619520
82576280
82529688
82577160
82602944
82633532
82633052
82588960
82547308
82537920
82634156
82535184
82536092
82582804
82592620
82400856
82542892
84762256
82511520
82619008
82567756
82626424
82586768
82567632
82319276
82520384
82574596
82550816
82622368
82575912
82580376
82532784
84143904
82505980
82515788
82493360
82518808
82523328
82552440
82494016
82633068
82527144
82547480
82525088
82557128
82530800
82537464
82523872
82514576
82546292
82499244
82518224
82584344
82671736
82658912
82562868
82604680
82545548
82527112
82519612
82550820
82535912
82535636
82478072
82547500
82451348
82776372
82838328
82542076
82574748
82541640
82667356
82839164
82523596
82608708
82545772
82484044
82576564
82602640
82605672
82611636
82565556
82542484
82571720
82657236
82610200
82702736
82598540
82622568
82628680
82653436
82571928
82621644
82756960
82611436
82628256
82528032
82662104
82588848
88847968
82586320
82593088
82627816
82541800
82593004
82568072
82668984
82569940
82534968
82526108
82567348
86470180
82545508
83667988
82519416
82499604
82603468
82570584
82529136
82645932
82522588
82509192
82553744
82564520
82609748
82572924
82466056
83715564
82558292
82564608
83063968
82576664
82494640
82476744
82537912
82536728
82555812
82527820
82589872
82539908
82519452
82607004
82556452
85056136
82538864
82563744
82538112
83898748
82534680
82598388
82479064
82660200
82535836
82557880
82567080
82580952
82513292
82544120
82522244
89464476
82544024
82564592
82675904
82542688
82575056
82522220
82475764
82559744
82576752
82523876
82595868
82640360
82504556
82503204
82543340
85049560
82509832
82528756
83513640
82524916
82532236
82507724
82587124
82552528
82610980
82503088
82522820
82683620
82517272
83172656
82532776
82665868
82540036
82546400
82516860
82490732
82498968
82565804
82501316
82561316
82585168
82558724
82308940
82574916
82531884
84771240
82543104
82519204
82519336
82520556
82574412
82521320
84338124
82552096
82614816
82535520
82544448
82544264
82565704
82535460
82509028
84123860
82552948
82541708
82670572
82567692
82608688
82654780
82604716
84065588
82546696
82571772
82601584
82571600
82525552
82559128
82533268
84904408
82515028
82576020
82569120
82559280
82573844
82615728
82708820
82533368
83943716
82533976
82560668
82607248
82575600
82578828
82588756
84807808
82582660
82572996
82543856
82568668
82595028
82551260
82484812
82546152
82525244
82669764
82577028
82534440
82582900
82601252
82623272
82540840
82598788
82607720
82611544
82622816
82555548
82604188
82617340
82573336
82536016
82586048
82624500
82621144
82693400
82551692
82597884
82534636
82526172
82552532
82525772
82547396
82379080
82572996
82633968
82569764
82884796
82539544
82556340
82524236
82506012
83088648
82538948
82531520
82547600
82527900
82480052
82584004
82538612
82504648
82659644
82640820
82852008
82612652
82516140
82526988
82564704
82540952
82540224
82548772
82559140
82531800
82526732
82540384
82573600
82514536
82577888
82526580
82605536
82542024
82516916
82487204
82621476
83871816
82699428
82565064
82548776
82569580
82689908
82648788
82542892
82853908
82637108
82523624
82484440
82544460
82615016
82585320
84152312
82465000
82502468
82581596
82510872
82479552
82525248
82544000
82517316
82583116
82622740
85075388
82516588
82582356
82510200
82534932
84835644
82614152
82579904
82571564
82569588
82608648
82624140
82607352
82591592
82605736
82638588
82535416
82398400
82547440
82588840
82560148
82840380
82572012
82584476
82562808
82630760
82561632
82615480
82601216
82564092
82656908
82712180
82603164
82474980
82524152
82585080
82644532
82458804
82562080
82594064
82572620
82580628
82546008
82560688
82577184
82530896
82588364
82746092
82614056
82751736
82615900
82668508
82339008
82549988
82534892
82408948
82501512
82532992
82512184
82488476
82621360
82508832
82452164
83097888
82573856
82507408
82692900
83986920
82547320
82497600
82567908
82538208
82532088
82489852
82470048
82541676
82552996
82576980
82753960
82548324
83577656
82514384
82545916
83850260
82553296
82576248
82510944
82534056
82667408
82518388
82529444
82533372
82483012
82535764
82524312
82509568
82495092
83367588
82554020
82498976
82594328
82564148
82576140
82521040
82702300
82547736
82629796
82543580
82510456
82558312
82524940
82627140
82788668
82516016
84303136
82516748
82389152
82562480
82558996
82532488
82528312
82532340
82517756
82599196
82678056
82611224
82608480
82716872
82622276
82625728
82584108
84811748
82510008
82598616
82557576
82535952
82570192
82538764
82482000
82549712
82534556
82519720
82553864
82577104
82496840
82597116
83809660
82465136
82537796
82531488
82529288
82500712
82533460
82567220
82571372
82532948
82675404
82518688
82602416
82599876
82493460
82625932
84323048
82549056
82488932
82548736
82567104
82561172
82529396
82536580
82561896
82558704
82540004
82565096
82588344
82587492
82517476
82790416
82507892
84095956
82575668
82604436
82519728
82561720
82602136
82624204
82581912
82556536
82545296
82672664
82626516
82578836
82617768
82467940
82755500
82635800
84238740
82649752
82554576
82535440
82586420
82563316
82610364
82562508
82564476
82558152
82600580
82573732
82627948
82594384
82594520
82747156
82531884
84005292
82644744
82581244
82584376
82598584
82635684
82641496
82713068
82622180
82553656
82630168
82513360
82697624
82533472
82528932
82497896
82518772
82496456
82520892
82579344
82529188
82540872
82523008
82621060
82556612
82536928
82514460
82600644
82983904
82479860
82719180
82652160
82719352
82582024
82585936
82594988
82540280
82589400
82615132
82623304
82594268
82600440
82570440
82609244
82571508
82544372
82655628
82519348
83051432
82528676
82536672
82522556
82567724
82614140
82554496
82561408
82502804
82472824
82501992
82568572
83974388
82565284
82485052
82657952
82614228
82528428
82559112
82515780
82523984
82633820
82550580
82587480
82584412
82551032
82524216
82453904
83320524
82562400
82500292
82692020
82578376
82505808
82502964
82517848
82591120
82571676
82611664
82588492
82638876
82607004
82676620
84089964
82557960
82571616
82554532
82530512
84420016
82511088
82510864
82529728
82523792
82545052
82533464
82517900
82524100
82584540
82591636
83607564
82534692
82243376
82531780
82634164
82535128
84124556
82535304
82584712
82568156
82510452
82531756
82513720
82516352
82556632
82528136
82660392
82520416
82595624
82589744
82580428
82556388
82573708
83385092
82711428
82571492
82539196
82525968
82564172
82629088
82642544
82551468
84574620
82550332
 
82508352
82548676
82559984
82502788
82518980
82515072
82576964
82420460
82500740
82508908
82508160
82537420
82517248
82621024
82517728
82500700
82637420
82539136
82551376
82598756
82685332
82659116
82534640
82560688
82625972
82517532
82715844
82515188
82524268
82607816
82576492
82508168
82589736
82525652
82477032
82511720
82577612
82551972
82528084
82536520
82479836
82538328
82569376
82582940
82715552
82629100
82560876
82627384
82531792
82641144
82526316
82537112
82639092
82551076
82769244
82560916
82560280
82598968
82617496
82653128
82544600
82552808
82591088
82576696
82528452
82605648
82593040
82482468
82500324
82511484
82806712
82539840
82549124
82527852
82525328
82511960
83049980
82566868
82554316
82495232
82569104
82539456
82564044
82501580
82529884
82638584
82533300
83004816
82625832
82530956
82619532
82562324
84868372
82518572
82546584
82624812
82527924
82462360
82504400
82639040
82563268
82520860
82563236
82570260
82531748
82632564
82544460
82621780
82645648
82548584
82596936
82524100
82554152
82582036
82539716
82555176
82753748
82596052
82948816
82533000
82627412
82649952
82599128
82442836
82486560
82347932
82579460
82569600
82530036
82571540
82494528
82579288
82699632
82509756
82771544
82431460
82593984
82516736
82510860
82524664
82528716
82670360
82569964
82549440
82539268
82518208
82575512
82542224
82542676
82570244
85105648
82526188
82589276
82596736
82557956
82544124
82717324
82601432
82609856
82668348
82550676
82571868
82590080
82592944
82557420
82945772
82601676
82545616
82559748
82568260
82524728
82512280
82601880
82537492
82660996
82510012
82548700
82512320
82610556
82476656
82651560
82589412
82566692
82565656
82616172
85136468
82485420
82589436
82562956
82708476
82532616
82543836
82578812
82540204
82565716
82587964
82857848
82511852
83435628
82549180
82554616
85316304
82499460
82549752
82559036
82509516
82583980
82518676
82571280
82638396
82555076
82547452
82591388
82654284
82547752
82520244
82538684
85608484
82567064
82582112
82503324
82537380
82556764
82573640
82516884
82527156
82562000
82586824
82623332
82504500
82635076
82513720
84227100
82523212
82549884
82537208
82543556
82543220
82527608
82515384
82435896
82607440
82527256
82535960
82518444
82560480
82553068
82489168
82627816
83988056
82571708
82570888
82603820
82551756
82530620
82517312
82542224
82579180
82581048
82604628
82591444
82569844
82591336
82599676
83942148
82523824
82576336
82595592
82572224
82558416
82583444
82635800
82570088
82603264
82569272
82549552
82602476
82621132
82592172
82626216
82559728
83025004
82503892
82559208
82582428
82492804
82554024
82510424
82663692
82560480
82487844
82511516
82576412
82529700
82736304
82586332
83996360
82673544
82522672
82516508
82527940
82515992
82622196
82530188
82576204
82543440
82609576
82544556
82638500
82557548
82515744
82714724
82585992
83232224
82535512
82598896
82504420
82486468
82505228
82507932
82597072
82555356
82578040
82523156
82585604
82491412
82481448
82599804
82594300
82593168
82456356
82525076
82537984
82555992
82519564
82511196
82562528
82667092
82544040
82573588
82476080
82812568
82547724
82995636
82559388
82450684
82557288
82534308
82606612
82582280
82542844
82563164
82557956
82560796
82590692
82512992
82532304
82623676
82541916
82475956
82604620
84510644
82559856
82620096
82609076
82571484
82545192
82601092
82641832
82667320
82593692
82617480
82548676
82633540
82565556
84196256
82619384
84882680
82534464
82575584
82636460
82581312
82686416
82490120
82500184
82510436
82527868
82541464
82524928
82519100
82506964
85341496
82566396
82543524
84019124
82506024
82555204
82554684
82473236
82545908
82541284
82618220
82660460
82546344
82543320
82613712
82601612
82609300
82554028
82532620
82486084
82560576
82513708
82508588
82539240
82476732
82536996
82504760
82516520
82548996
82526128
82657088
82533480
82557064
82554252
84500844
82535548
82534212
82529760
82544708
82583228
82497080
82552012
82526356
82540372
82698308
82584892
82735916
82501736
82522876
82380460
82532788
83767384
82574024
82565268
82513516
82607184
82580556
82602868
82565924
82698856
82599172
82537064
82761460
82551480
82610644
82644164
82887208
82581252
83306360
82546272
82616052
82581156
82564300
82652536
82700420
82526548
82638920
82542180
84168344
82503620
82576188
82529288
82593056
82630688
82524648
83244800
82547028
82526332
82585476
82557016
82553680
82654412
82600140
82560816
84288728
82581476
82589876
82531300
82643164
82558412
82557664
82553232
84273088
82502964
82543520
82483656
82546264
82693336
82526984
82619280
82483956
82534348
82442856
82513856
82540048
82609596
82562552
82601828
82555872
82606360
82501660
82541060
82524864
82693924
82541276
86245572
82535480
82549472
82530612
82531048
82500504
82523832
82573420
82464060
82875644
82554840
82505100
82540672
82539432
82515140
82591412
82740324
82527200
82507068
82594340
82580932
82564036
82803072
82593516
82565040
82603412
82926408
82638504
82534396
82498764
82544216
82546092
83129388
82657700
82541076
82599752
82566716
82507608
82520116
82545624
82629116
82538092
82783816
82540376
82573268
82640452
82476248
82485044
83668400
82512676
82535732
82478252
82536796
82533584
82556032
82491456
82565232
82546228
82621056
82504068
82966984
82593740
82498236
82482856
82550612
82539476
82620512
82560612
82447828
82888776
82585568
82556700
82432180
82643836
82526968
82600744
82479192
82535484
82595780
82505836
82540752
82576348
82579352
82653052
82593348
82558860
82717748
82596896
83150008
82639188
82617352
82571804
82684832
82503376
82532812
82601708
82553424
82579900
82677864
82563760
82617636
82572140
82631780
82506376
85275516
82644040
82599012
82586168
82538592
82614144
82976660
82576384
82621792
82602932
82575780
82589888
82563096
82661080
82589288
82998836
82558292
83520360
82571356
82521900
82702004
82570692
82815524
82613160
82645076
82524908
82618156
82606880
82481984
82497440
82592412
82829328
82608932
82440988
82537104
82525816
82508500
82465248
82560612
82907240
82620500
82616588
82604368
82556588
82642440
82505376
82495756
82529996
82580980
82585364
84962148
82605496
82533972
82846764
82577160
82293908
82576828
82550428
82554576
83129676
83126376
82837412
83110692
82662128
82843396
82656100
82553120
82480996
83090568
82537532
82512248
82848512
82550816
82591664
82504124
82621484
82593416
82533008
82588060
82629880
82539708
82502328
82537540
84317548
82534812
82436392
82509016
82557808
82476452
82551424
82533440
82571012
82579748
82486308
82532368
82593912
82569000
82489316
82726296
82778744
87389084
82461948
82540292
82549384
82521176
82699912
82500420
82649476
82562204
82482036
82637568
82626564
82560804
82646012
82492056
82447300
82531056
82567084
82525304
82517576
82515480
82521244
82497444
82548608
82480692
82508908
82522244
82517332
82573056
82618416
82519348
83986572
82504048
82581492
82493124
82600996
82511184
82580540
82607552
82568356
82624200
82529524
82558812
82567328
82560308
82559080
82573720
82839100
82520756
82532736
82542560
82554228
82520472
82659364
82551632
82549096
82516336
82488360
82557916
82644600
82508096
82530328
82526952
82625616
82510284
84301512
82629268
82584756
82534440
82549700
82579092
82537216
82538328
82598968
82573300
82544488
82587984
82523368
82517332
82530336
84925060
82631956
84651148
82525624
82586816
82566056
82543276
82611512
82585768
82554768
82618868
82512784
82539812
82561332
82476864
83242420
82561340
82518280
82532072
82574816
82525488
82611684
82644300
82544920
82550880
82530212
82525484
82501980
82537336
82553660
82563140
83786512
82704232
82504648
84931344
82494272
82522440
82556520
82535124
82592448
82455872
82521460
82597000
82507360
82523136
82809444
82529524
83993516
82568604
82655052
82510304
82803544
82555992
82554468
82504136
82520124
82576668
82544528
82640252
82643764
82589900
82533036
82532644
83576604
82534248
82509908
82475412
84263256
82546276
82505576
82631804
82547280
82541928
82581620
82536752
82596288
82521704
82700020
82523840
83878428
82533684
82478352
82725740
82665876
83698304
82539372
82524496
82506576
82495780
82516812
82612164
82551492
82727396
82613032
83403972
82497736
82511440
82593112
82512708
82425488
82510272
82556232
82595420
82507388
82546452
82547740
82534208
82562920
82754160
82536984
82816352
82553256
82554692
82629756
82639996
82470724
82508716
82584404
82590676
82651728
82540824
82558904
82587332
82601268
82611068
82562164
82641696
82532592
82555300
82705128
82556000
83384072
82540712
82498664
82565716
82537916
82546864
82574928
82541568
82519788
82565420
82565564
83274528
82606816
82605128
82589964
82586008
84065540
82536472
82608056
82531568
82582544
82647544
82672904
82744676
82474416
82592900
82552884
82721668
82533228
82530648
82584284
82666836
82601748
82838376
82589988
82528944
82524324
82617392
82543328
82572352
82522224
83985256
82514788
82516416
82469884
82470836
82516372
85107600
82605256
82531280
82464472
82532940
82554448
82648996
82543632
82587628
82531792
85010412
82528268
82506464
82516820
82510420
82558724
82518912
83783300
82547792
82566156
82576668
82513544
 
82582664
82568584
82517720
82511040
85152244
82588036
82521932
82497884
82588092
82567936
82657820
82668772
82529544
82538316
82481308
82526476
82539512
82590564
82521104
82514820
85046636
82541932
82482004
82680056
82489352
82568016
82545972
82601660
82453336
82527420
82506540
82542604
82624624
82596200
82604368
82547912
82553588
82539120
82517544
82498224
82485172
82536844
82645424
82666100
82884088
82520140
82487496
82541116
82546176
82501020
84847276
82511512
82546668
82541904
82557480
82515556
82571224
82525660
83437124
82538804
82527336
82602736
82563488
82516616
82483368
82511528
82626200
82557108
82579216
82657080
82594340
82543888
82514256
82733484
82565312
82590832
82537932
82593276
82473288
82518780
82582304
82573500
82862520
82535408
82540044
82637076
82555656
82537372
82557264
82781344
82585768
84161136
82493936
82602100
82592684
82576912
82557052
82489428
83149784
82520060
82608648
82534368
82607396
82528556
82532700
82907628
82650720
82601848
82889780
82633648
82544092
82668548
82541176
82611212
83281144
82601600
82627444
82588844
82563808
82556316
82641148
82653036
82664680
82776004
82555368
82565640
82504356
83159348
82630568
82619508
82588264
82655292
82583924
82653236
82615216
82632436
82602236
82557164
82537432
84079152
82504708
82549396
82482336
84018448
82550064
82606588
82529048
82530832
82510608
82523092
82600316
82522016
82537204
82571216
82531296
82522496
82457064
82540460
82481052
83685224
82551556
82543416
82575772
82597644
82490616
82536312
82710824
82502860
82505652
82536440
82619840
82499072
82677608
82527252
82497904
83917288
82533656
82474772
82515972
82511732
82583372
82550688
82554660
82543792
82568828
82549844
82486360
82629120
82494836
82687584
82563860
84747232
82562032
82559720
82544044
82581104
82590276
82546436
82595572
82516928
82528140
82514812
82511296
82473404
82560032
82476200
82626244
82562272
82546040
82488784
82583088
82555784
82520728
82620132
82661652
82530448
82540180
82540812
82536744
89089716
82615852
86859844
82544400
82484676
82517772
82547616
82510132
82543856
82493244
82528408
82591852
82564980
82523572
82467988
82470640
82534056
82780608
82515572
83100020
82666708
82549020
82567596
82555368
82541832
82563604
82589044
82592344
82564368
82533660
82539032
82535908
82485296
82514768
82564904
82590920
83176168
82622008
82595384
82546864
82556068
82614000
82575844
82607076
82551976
82574524
82596532
82614656
82583928
82701288
82601808
82986552
82565896
82679648
82535096
82523608
82552284
82525764
82593720
82469824
82533912
82505964
82599632
82521800
82520720
82903792
82605772
86685800
82557632
82542464
82480228
82525532
82495176
82552800
82512984
82565212
82533592
82651916
82503052
82561024
82505876
83570732
82616568
82500600
82474324
82576788
82532680
82555752
82603072
82555500
82621056
82462748
82621904
82614836
83165028
82611348
82491924
84175816
82657372
82511212
83672816
82566428
82580100
82566720
82533608
82594504
82539344
82662672
82710688
82606572
82527316
82573372
82529116
82589192
82546876
82435816
82548220
82478208
82558916
82585720
82525148
82549484
82509724
82569636
82573164
82512220
82522660
82722652
82558524
83215628
82510872
82675312
82621964
83514600
82503228
82513268
82549640
82512252
82518208
82491480
82591544
82527616
82484976
82500840
82469444
82536244
82533416
82685016
82525912
82447000
82556772
82635840
82544828
82581564
82511616
82533676
82527644
82538892
82589256
82700908
82518872
82568360
82581984
82602140
82555796
82426468
82721376
82526488
82557956
82511996
82536072
82574264
82523332
82532916
82556640
82680748
82756124
82471504
82510556
82493364
82535908
82454060
82488736
82558744
82557932
82539164
82570816
82570864
82566380
82540668
82599096
90734116
82561208
82579916
82536844
82680568
82507404
82364292
82490816
82548112
82476628
82560168
82529232
82510592
82571968
82538408
82582972
84249392
82547108
82529964
82524348
82575900
82511324
84669120
82513300
82519168
82498660
82548724
82590520
82591872
82694772
82553108
83253592
82515976
82514040
82509004
82512616
82589256
82503744
82550948
82697168
82538556
82533572
82621832
82522288
82528616
82673140
82556400
83882060
82529420
82552524
82475280
82636456
82534860
82482408
84876764
82560832
82607332
82509912
82553456
82646924
82535628
82499928
82558472
83560400
82510836
82516524
82521652
82557684
82538564
82628816
82575036
84569472
82583608
82492968
82549212
82614904
82550692
82499460
82476772
82505216
82496520
82496344
82483396
82551508
82506892
82547908
82686456
82566096
84089124
82590144
82569324
82561960
82518608
82555308
82433960
82502624
82534128
82656404
82597808
82532032
82588628
82450856
82558272
82658868
82507324
83591556
82580424
82528280
82491772
84075256
82548296
82523068
82544036
82509224
82496680
82609688
82502936
82540280
82496488
82550276
82680808
82533028
82520784
83685128
82556972
82581572
82605256
82540908
82624504
82591688
82622440
82690388
82580428
82678864
82555644
82600544
82592864
82641592
82515804
83805488
82525828
82595120
82534312
82521832
82604532
82556616
82586840
82552972
82629008
82613560
83606040
82652932
82562368
82583512
82508820
83731496
82587152
82618532
82575680
82648436
82582672
82676744
82599440
82606784
82578048
82733664
82558272
83702492
82567236
82597480
82855972
82497708
82571624
82595140
82586708
82544620
82541716
82580180
82584000
82562560
82573192
82569032
82675332
82574156
82512284
84987004
82541744
82575152
82631908
82548320
82682348
82451964
82548704
82562144
82516484
82518308
82567952
82699912
82548224
83889256
82573332
82564876
82493340
82507384
82572172
82531564
82559012
82593608
82602632
82563700
82613488
82548200
82530256
82580548
82750332
82606976
82575924
82522384
82587568
82479824
82492152
82521804
82496312
82500148
82521328
82497676
82563740
82508228
82683912
82538328
82507108
82584732
83934228
82495800
82533840
82535692
82536972
82525308
82596008
82534332
82526080
82783148
82668404
82544612
82481988
82600988
82554184
82527688
82733524
83114076
82537932
82622304
82615332
82565416
82522092
82579032
82561060
82537652
82557508
82559704
82575508
82589584
82529308
82555336
82600572
82591756
82585068
82582348
82562424
82610244
82516476
82531876
82651256
82560168
82616532
82632996
82572056
82615752
82688172
82545468
83048800
82546412
82543568
82678968
82505936
82746392
82609212
82536184
82585132
82500484
82563612
82553800
82477216
82584484
82601556
82577592
83281908
82258368
82542892
82525868
82556252
82516288
82598444
82506780
82621756
82508520
82515416
82549072
82514920
82517596
82600772
82538336
83279492
82631284
83650328
82556184
82725772
82590932
82649104
82636888
82583208
82594152
82638140
82634864
82630552
82643776
82749356
82564824
83195288
82720480
82582572
82237496
82517344
82605048
82645316
82596616
82575872
82562044
82613292
82581956
82551404
82637676
83335736
82595304
82535184
82576112
82469952
82536516
82535472
82526484
82484868
82543112
82511840
82719688
82526376
82542304
82564732
82588164
82636800
82503024
82578928
82563216
82589428
82505900
82552540
82506120
82522080
82539208
82479124
82572600
82515480
82519996
82548980
82669272
82497572
82477436
82526196
82555772
84055436
82517444
82548916
82538132
82596652
82512228
82492376
82653804
82578568
82583028
82565644
82622700
82610932
82514204
82620220
82647016
82590444
84270632
82581760
82510648
82584520
82520408
82564500
82518476
82589796
82547572
82539312
82737736
82526076
84160324
82487696
82494616
82762640
82527708
84028864
82502376
82493524
82532144
82466220
82504284
82535448
82599312
82486288
82566220
82537448
82523316
82478748
82701252
82565176
83561496
82533616
82556404
82571704
82496412
82582272
82517756
82625548
82504328
82590456
84287180
82599340
82561288
82610128
82558228
82596608
82311144
82816804
82581444
82610672
82551560
82587868
82551104
82599124
82540248
82565112
83849660
82607700
82566036
82738248
82644508
82747660
82491276
83997740
82582812
82582872
82504516
82592216
82531164
82485744
82551136
82557912
84534356
82629020
82564540
82542980
82600176
82596104
82668728
82666908
82432668
82554464
82625468
82587272
82732536
82577468
82555840
82571956
84863980
82556620
82528420
82563892
82597620
82551360
82656840
82547992
84593696
82628920
82542020
82548116
82570376
82583980
82559284
82633296
82562864
82522936
82556892
82595356
82599884
82543692
82573616
83861112
82549988
82304536
82498048
82450780
82490240
82566624
84059488
82547964
82588380
82528216
82497560
82566580
82629484
82577924
82696960
82608232
82639248
82546952
82530880
82583880
82650664
82485396
83880792
82564988
82532472
82575188
82485408
82567880
82562336
82560896
82577236
82609480
82599828
82496084
82498664
82546408
82545756
82546932
82548996
82568768
82869692
82617712
82801456
82527484
82553732
82552340
82630608
82488060
82517964
82943236
82581596
83482428
82600536
82528996
82518104
82560444
82627584
82533896
82537676
82510532
82524068
82541536
82530796
82577372
82499756
82517744
82594944
82541708
82635344
83931388
82584076
82633092
82554328
82576720
82604740
82583668
82632448
82603032
82643208
82577316
82671448
 
82779512
82625572
82587804
82648876
82533716
82613860
82670988
82623452
85138208
82562264
82606660
82659372
82592904
82612572
82584516
82557292
82546040
82612036
82612508
82608068
82580596
82564108
82690952
82692348
82358320
84121360
82351720
82492356
82420368
82635448
82586824
82504624
82551504
82562808
82558736
82552768
82635948
82574064
82567532
82572760
82423664
82606924
82593488
82643756
82680108
82636964
82647648
82565156
82587356
82570376
82669840
82533856
82607536
82658152
82606488
82558276
83854288
82603004
82573440
82416480
82565568
82598392
82568576
82490764
82551748
82497540
82544908
82501408
82518788
82555540
82591856
82606824
82590552
82566260
83329200
82558712
82594104
82504632
82550640
82509600
82511624
82506736
82638424
82522412
82552004
82522952
82532512
82537696
82634272
84834052
82638528
85083464
82533724
82647580
82538432
82470452
82595984
82525240
82531880
82567672
82590468
82623700
82464168
82567728
82523880
82733620
82582932
84288172
82517520
82579256
82567520
82489916
82563516
82623220
82538720
82474756
82612012
82532948
82486444
82583808
82565704
82538280
82636764
82591944
83918104
82553268
82522652
82621100
82568916
82889492
82529588
82491300
82543448
82571604
82525784
82507156
82522888
82519592
82498700
82667764
82593368
83762528
82606828
82558324
82558692
82592600
82531716
82596264
82575540
82553072
82490128
82542740
82561972
82561220
82493632
82538420
82569032
82599636
82489276
82575232
82578912
82596616
82613992
82599876
82689288
82593836
82617792
82588068
82626100
82594084
82667752
82553628
83104616
82542400
82552288
82491636
82583036
82548492
82523828
82513868
82646312
82603704
82565756
82578932
82603868
82646592
82602540
83696112
82558000
82528548
82604676
82569820
82634036
82499724
82513188
82558072
82515556
82526188
82553540
82551496
82537900
82499756
82614336
83320256
82587924
82549144
82622280
82593164
82612264
82562316
82692580
82560480
82711980
82565516
82641416
82575972
82550428
82647876
82566264
82669424
82561428
82543860
82695336
82639348
82728240
82585248
82608568
82542560
82535924
82514028
82542544
82506596
82537104
82596372
82550840
82543896
82657172
82528120
85056324
82552864
82550104
82576284
82508628
82561888
82586644
82487788
82518360
82587716
82565272
82609172
82529836
82590776
84609436
82516904
82697280
82508488
82519024
85248268
82558920
82552144
82568940
82563772
82574468
82476808
82625092
82524652
82525724
82526236
82571480
82562584
83145520
82546392
82593140
82583136
84520908
82474292
82494644
82638060
82528060
82554196
82534776
82496220
82653844
82617172
82609280
82401620
82578992
82806280
82553100
82523496
82581124
82606388
84489172
82581764
82494216
82595724
82586484
82506528
82546592
82536300
82561036
82506044
82514644
82562056
85013824
82523708
82512488
82534208
82578548
82576372
82512192
82710408
82565168
82556308
82599248
82546464
82544748
82597392
82587212
82604664
82596984
82909068
82490396
82598056
82542232
82498740
82452104
82559884
82589148
82584752
82528588
82744668
82588568
82595416
82495552
82613636
84168128
82595308
82539256
82563976
82527084
82621076
82608856
84879112
82576360
82705196
82517672
82512656
82582000
82528644
82508388
82579232
82531724
82479188
82554692
82526972
82564408
82335180
82519972
82663604
82567084
82520816
82631932
82622548
82530980
82566472
82535888
82524868
82675436
82646488
84041456
82527176
82530072
82470188
82600484
82526784
82652320
82510464
85004444
82517736
82600464
82569388
82576732
82596124
82375984
82550192
82481384
84823708
82584500
82623680
82671508
82631508
82601512
82544988
82549968
82577480
94230028
82602996
82594396
82566824
82564764
82589628
82548540
82572524
92381376
82528516
82707252
82546328
82565396
82557288
82588600
82627100
84581968
82609796
82571384
82615836
82592504
82561900
82559328
84795396
82640584
82587876
82568316
82558336
82692424
82525552
82656804
82627700
82724064
82484304
82665364
82545632
82582148
82518396
82555196
82634760
83905916
82524680
82515260
82479380
82512216
82561340
82583584
82636460
82535900
82519208
82587672
82670780
82562864
82588876
82481096
82845008
82551996
82434908
82529448
82625484
82551728
82518504
82527836
82598912
82518332
82605668
82710940
82548580
83583448
82553676
82581936
82589688
82538432
82549280
83364428
82545024
82522988
82581320
82570412
82596244
82580608
82603932
82674476
82590908
82572300
84315964
82534776
82643856
82600820
82563920
82561632
84469236
82528612
82468400
82646220
82515704
82529140
82588704
82604604
82615144
82595880
83763064
82510412
82563548
82569340
82522008
83943428
82539220
82614852
82493928
82563968
82692576
82550844
82595504
82595124
82621720
82516036
82622476
82543336
85003020
82579472
82562296
82586240
84887516
82604060
82580940
82555672
82625608
82551028
82618328
82613416
82565248
82871408
82562808
82583760
82759212
82534860
82590736
82554032
82633736
83898612
82598032
82581472
82580684
82668728
82585196
82569464
82552884
82492660
82529052
82627412
82595296
82480132
82516504
83190668
82510852
82571056
82790088
82582328
82544096
82616712
82530092
82573264
82532148
82585828
82581220
82685572
82576392
82553948
82544016
82610100
82567376
82837036
82573396
84207400
82492256
82546168
82595792
82558548
82565148
82484076
82523932
82526456
82542884
82692004
82680456
84389964
82599996
82597844
85217908
82536868
82518828
82554524
82581392
82509600
82593728
82529268
82601152
82495364
82563192
82621616
82537396
82598704
82636248
82454012
82867180
82599124
82570864
82578676
82567824
82551316
82576988
82584376
82608392
82618296
82606892
82537168
82688204
82560884
82687816
82573612
82668868
82670404
84214192
82587764
82442148
82583132
82547980
82630436
82654864
82592516
82676800
82394904
82558616
82625532
82688676
82558384
82604788
82592056
82415964
82595792
83514524
82527636
82546960
82612328
82588448
82573588
82599172
82563872
82468028
82598928
82551204
82543444
82732844
82602344
82567956
82615580
82648328
82502056
82554152
82502956
82504044
82556664
82526480
82551080
82619756
82547416
82597340
82670136
82607144
82526584
82529072
84917544
82512764
85105424
82536604
82541676
82585548
82549052
82502512
82577896
82671572
82468504
82496388
82619864
82560316
82566156
82698952
82526444
84876488
82578008
82530516
82429028
82646436
82544036
82575416
82643948
82630328
82593596
82678476
82603012
82578300
82599292
82585924
82562368
82613164
83873844
82582960
82561476
83906036
82570044
82479468
82531092
82682056
82517892
82579800
82531800
82571624
82482152
82543524
82519764
82489108
82456996
83164476
82538976
82590100
82531024
82726084
82547028
82549648
82498708
82567320
82569028
82520832
82531432
82541644
82547712
82583620
82474456
82534732
83359524
82541156
82499828
82442200
82542008
82530416
82528844
82527172
82581792
82545060
82612080
82566564
82577636
82762308
82514612
84083036
82521472
82672272
82523756
82526864
82935940
82570004
82553976
82570184
82510348
82563488
82526484
82637624
82521340
82417956
82619840
82580152
82419772
82554528
82622084
82545176
82531752
82593232
82596696
82473372
82543420
82596660
82522092
82563864
82527428
82520000
82556228
82634892
82544700
82790552
82501868
82542836
82541852
82523384
82644388
83876232
82571708
82542880
82578672
82508844
82561284
82555828
82550836
82564324
82502412
82584712
82514212
82536024
82684244
82583828
82562748
82478008
83336496
82533188
82537496
82502956
82523472
82538112
82584916
82587104
82601864
82544708
82577820
82549324
82506024
82492560
82526300
82533476
82552508
82477528
82564664
82622692
82536600
82520996
82534496
86001768
82606444
82641548
82567024
82591132
82525964
82790808
82644892
83816380
82560848
82556088
82528740
82533800
82689640
82581528
82566964
82537688
84223200
82558548
82523740
82615804
82565636
82566588
82540140
82867328
82583156
82505104
82585784
82598528
82679152
82481116
82517116
82646004
82551036
82496712
82610352
82551620
82483564
82512504
82532764
82610052
82596668
82537180
82750868
82552492
82561248
82558972
82482008
82568648
82623188
83182604
82543460
82555876
82533860
82475188
82524816
82533624
82567232
83827100
82535740
82626460
82579620
82524620
82496764
82621748
82536040
83779116
82632856
82472984
82520980
82497612
82544172
82680060
82554672
84094668
82570000
82523360
82510068
82566940
82586372
82590680
83909192
82630000
82571188
82504216
82531264
82555452
82626444
82509304
82552200
82539328
84103560
82540248
82614524
82562456
82458940
82688472
82524392
82928028
82478156
82666196
82481396
82645904
82523824
82458052
82588944
82503940
82498804
84389184
82608480
82551920
82509524
82694828
82567856
83825252
82543636
82634472
82595052
82502716
82581244
82535964
82574812
82625904
82502996
82544588
83670204
82546728
82552396
82512168
82580876
84809428
82496156
82591252
82477728
82553272
82754764
82580552
82601196
82542408
82559396
82566152
82540316
83089896
82787320
82556248
82579772
82551908
82582144
82529536
82506456
82508860
82515556
82554436
82549824
82496560
82528292
82544556
83340248
82474036
82545784
82586952
82962064
82590496
82583400
82554780
82488364
82494452
82575468
82678708
 
