Procesando...
  Filtro             : sierpinski
  Implementación     : C
  Archivo de entrada : lena.816x512.bmp
20801896
21138804
21005564
20951944
20962596
20953768
20969804
20994568
20960024
20990052
20994432
20977112
20995420
20971440
20980388
21015220
20985824
20965128
20983816
20993628
20967108
20982728
20970112
20972152
21007360
21024840
20941648
20969604
20963924
20968220
20993128
21009064
21002836
21000932
20999440
20978632
20992688
21010128
20946312
21008936
21035500
20987556
21063916
20947168
20956572
20917384
21000544
20937152
20970236
20987992
20993088
21005308
20996808
20991208
21021688
20965088
20968164
20972324
20996736
21076100
21002384
20944364
20978120
20964988
21032424
22199756
20935080
21327780
20943016
20950408
21902188
21007652
20938868
20994744
20945840
21003644
21002260
21010836
20997892
21015064
20973604
20963120
20963784
20976976
21003488
20995536
20969276
21002016
21025788
20950292
21015700
20968200
20935196
21039920
20974416
21011712
20936720
20981156
20993868
21016244
20961712
20943968
20955852
20950764
20957296
20983360
21011000
20971676
21079392
20959040
20978024
20973456
21056104
20994356
21172884
20950704
21015300
20997780
20973624
20947324
21555304
21117652
20940120
21058948
20950692
20968800
20962508
21009188
20983896
21002800
21077280
20990788
21039912
20964696
21011372
20996468
20984624
21059088
21016372
21068468
21012812
20956932
20988252
20971624
21056832
21012476
21011616
21070784
20987620
20949004
21001644
21098516
20960488
21007172
21011280
21047952
21016388
21061964
20991184
21086184
21006820
21074376
20982720
20967652
21104468
21012572
21053304
21002032
21019672
21060480
20960300
21169032
20987968
20940428
21012044
21049056
21030512
22461136
21026208
21014240
20969620
20991568
20987380
21005768
20998472
21014172
21009652
20969208
21019860
20992052
20966060
21061648
21031524
21063792
21013716
21042088
21043312
20960844
21058880
20981352
20959040
21012224
21026728
21020812
21055772
20988468
21020460
21073276
20974048
20966240
21030848
20974272
20994932
21035680
20998352
21014788
21058664
20959612
20972720
21018628
20980664
21001280
21050144
21008824
20994728
21007212
20983092
21002104
21007592
21019016
21000160
21151744
21891884
20986712
21037368
21080452
21019568
21080208
21026196
21648904
21684668
20971144
20995508
21060932
21022820
21020808
21103136
21027116
21006900
21015956
20955032
21013772
21090328
21002124
20971744
21078152
20996468
20953596
21119836
21003632
20948860
21030472
20985500
21003272
21065376
20992160
21004884
21085764
20962772
20964656
21072888
20977792
21003524
21121188
21002736
21015324
21041948
20953764
20944072
21118856
20954616
20991164
21013432
20988952
21013540
21034264
21005648
21004676
21049712
21015544
20998296
21060404
21026400
20963476
21075496
21032020
21026232
21132736
21040940
21024112
21123108
20977224
21026104
21107604
21038308
21032008
21146388
21037568
20969880
21093700
20976808
21020624
21142328
21042548
21025208
21126812
20959396
20994248
21098264
20955212
21013596
21127908
20998952
21004272
21143628
20973492
20966544
21080208
20954484
20996300
21099800
21004056
21007344
21122484
20997020
21075592
22065052
21539960
20959628
21073028
20991720
21000028
21108748
25118906
21018116
21099720
21002992
21001932
21096456
21036140
20991352
21036424
20974068
21081264
21120996
21012316
21012272
21128592
21036504
20945152
21132956
20980696
21003016
21091720
20971400
21015800
21084528
20991296
20975344
21136252
20994196
21018484
21177000
21016036
21000472
21117604
21027152
21020064
21175168
21030716
20981608
21156036
20992688
21009220
21146016
20994692
20998680
21105720
20993196
20959556
21092908
21575188
21038508
21132800
21015636
21034736
21140052
21760568
21541708
21081004
20981660
20984816
21079612
21007376
21026336
21164160
21012612
21030116
21152660
20955780
20980684
21106212
20985904
21008088
21096912
21020240
20954116
21120364
20978312
20992104
21145108
21005424
21018456
21120204
21034972
20982688
21113212
21016480
21014932
21147808
21031584
21014056
21219856
20981728
21053400
21108124
20973732
20959792
20930016
20975440
21054048
21023088
21061964
21021484
21189760
21678944
21168932
21288008
21029072
21092584
21130644
21077308
20937784
21061468
20929856
20994944
21074520
21004256
21023276
21132520
21009544
21010796
21112836
20982572
20971504
20886860
20972092
21011204
20982712
20976488
21008684
20964216
21008720
20945460
20965880
21001680
20981824
20984084
20973248
20996044
21022676
20989656
21074952
21018012
20969880
21082720
20996368
21016156
21017056
20985996
20980164
21030972
20998932
21087572
20963020
21062228
20990868
20993416
20965968
21020004
21100544
20966996
21074964
21008224
20939092
20981468
21068712
22179944
21009972
21007900
20958008
21028204
20946936
20908252
20983648
21024184
21043264
21019132
21014144
21009012
21003396
20993052
20959144
21013164
21023828
20975788
21018632
20946132
21020104
20981312
21046596
20943212
21080756
21001040
21062552
20987232
21058140
20950428
21008600
21011056
21049016
20969400
21028312
21134532
21004916
21013040
20946936
20998400
20998744
20955640
20994820
21961560
22166408
20960600
20913532
20930592
20992084
20960328
20959904
20983400
21001988
21013604
21010416
20993380
20949508
21015232
20976868
20965592
20968196
21001448
20894860
20996328
21000824
20939184
20974992
20975008
20943012
20977860
21006860
20939408
20971452
20983104
20956144
21021204
21002052
20960764
21021324
21013356
20984588
20954996
20981928
20999564
21006724
20998668
21006656
21004564
21548584
21732216
20962880
20986888
21034652
21022524
21020420
20998652
21018988
20974356
22226140
20970044
21027680
20978988
21035336
21012400
21014932
21008960
21008276
21021684
20974356
20954076
20976988
20967868
20976624
20980512
21018232
21010080
21005080
21031364
20979504
21014452
20993528
21007344
21020296
21032652
21029424
20952560
21007152
20965276
21001408
20996000
21010284
21012696
21018524
20966296
21063048
20969092
21003688
21071924
20986500
21045516
20963236
21105284
21008704
21854256
20926744
21075820
21024780
21060016
21020616
21081772
21013168
21024896
21004832
21339512
20951568
21017284
20988320
21002668
21011380
21068640
21011740
21089484
20968196
21015824
21039304
21024144
21012984
20970236
20996972
20970624
20961112
21050660
20967672
21067812
21030108
20985024
20995700
21003092
21030272
20963460
21052436
21043828
20978524
21032964
20994944
21013636
21012324
20975376
21015480
21048552
20967700
21047228
21039048
20965112
20979836
21751648
21273064
21025300
21038968
21028012
20983828
21076272
21124428
20987540
21037508
20974972
20989004
21133948
21327984
20962308
21103532
20967184
20982884
21062600
20969476
21039608
21006744
21038144
21022372
21120024
21031512
21022708
21123384
20972260
21094412
21044308
20993412
21005196
21120556
20974020
21093908
21041080
21013748
21085816
21049780
21090380
20960496
21068004
20961780
20979736
21020888
21066776
20979112
21131204
21016516
21029104
21041796
21056244
20966988
21062448
21946896
21317004
21078992
21000308
20996312
20985408
21018880
20976404
21015192
20977104
20998568
21065152
21015504
22126964
21318944
21023512
21012788
21010440
21007332
20989056
21049740
21057048
20970700
21077540
21024888
21055468
21029268
21009040
21045240
21082544
21065288
21012608
21212272
20975140
20987504
21128344
20975564
21041752
21111864
21029480
21038028
21050308
20955772
21003360
21112128
20978476
21004476
21117644
21022796
20958412
21107844
21002832
20974188
21229556
20933968
20975548
21127872
20976804
21014752
21122636
21110612
21807804
21127348
21020140
20963268
21107040
21014268
21026220
21116712
21015488
21064364
21117276
21068632
21015788
21227748
21023096
21078484
21122980
20983576
21025968
21135320
21075212
21023924
21200240
20967312
20962116
21145608
21015436
21030036
21056924
21079908
20984860
21152468
20970600
21061700
21118016
21111128
20999744
21202680
21024252
20966584
21103012
22015100
21042748
21143832
20999840
21016556
21144440
20991832
21072124
21125524
20975072
21039340
21101372
21072092
21025836
22321920
20953756
20977224
21078880
21020740
21008656
21208116
21000312
21058700
21141920
20978532
20983472
21092112
21013748
20969828
21104968
21036092
21023416
21139440
20961408
21029192
21067632
20971552
20981744
21122804
21017196
20976312
21073072
21043608
20971544
21144496
20988272
21014980
20930084
20960408
20965512
20964868
20983556
20984936
21064000
21006948
21001312
21043296
21021768
20961544
21046748
20984820
20978684
21206748
21019868
21037800
21102428
21021328
20964552
22092688
20946348
20964444
21004420
20965188
20995008
21039676
21084112
21002996
21092552
20980368
21012908
20984896
20974032
21032596
21007888
21080440
21018188
21093284
20972972
21011136
20939276
21009484
21074164
21013104
21086012
20971932
20994244
21078744
21002876
21009684
21027268
20970948
21042280
20973432
21042360
20958384
21012312
21575624
21008140
21070916
20966812
20927536
21007696
20994352
21045516
21024572
20991376
20926472
20965596
20978112
20932128
20979148
21027068
22498952
21111788
20981480
20987652
20998752
21024816
20942180
20979572
20988492
20976436
21006820
21006884
20985796
20969732
20984908
20990400
21027188
20997880
 
21014420
21002368
20978440
21001528
20998916
20952948
20958344
21010732
20970508
21033188
20976992
21050292
21005824
21091468
20945844
21000440
20970216
20999880
21960220
21255056
21056356
21002436
21024160
20984888
21051664
20980768
20978728
20981164
21015780
21266620
21015092
21101532
21034684
21073560
22212112
20981240
21035120
20976236
20988924
21042524
21052148
21037432
21024276
20987868
20975484
20975108
20990832
20970008
21037432
21035888
21020420
21043152
20991448
21038360
20986384
20992656
20987188
20988436
21044304
21628808
20982928
20999080
20969204
21008564
21019416
20977468
21010328
21007472
20976048
21017004
20962460
21010920
21012000
20993660
21028968
21012932
20984336
20996656
20975612
21017312
21031700
21021768
21017680
20978500
20975408
20975924
20982048
21035164
21034316
21034956
21017008
21012012
21066692
20989520
20997036
20947936
20972136
20995296
20952156
20982452
21061960
20987588
20957224
21040768
20967876
20981984
21003216
20979136
20977576
21046564
20984948
20991676
21077860
21011268
20995888
21042168
21022280
22684172
21166348
20972884
21081188
21049136
21010864
20955992
21108300
20953308
21044404
21024512
21031936
21014940
21100220
20950044
20984568
21016424
20981392
21011108
22459372
21236880
21026800
21064184
20955804
20988800
21022760
21004296
20971552
21092668
21013352
21018844
21099640
20974496
21016840
21023608
20950416
20980556
21084708
21037380
20999220
21132532
20980792
20983164
21070780
20979232
20989060
21099732
21085576
21018936
21058120
21142612
20957016
21107192
21009856
22480640
21099088
20987764
21012556
21042092
20959508
20955396
21010752
21011132
21019656
20990500
21016908
20977656
20985152
20975372
20980744
21021672
21021948
21033316
20981812
21022320
22388976
21020156
20981096
20969796
21032564
21029092
20961672
20968264
20970640
20978268
21036040
20991464
21075348
21032084
21086024
21008384
21039360
21039380
20970024
21026508
20977208
21014740
21051348
20997500
21085068
21000516
21066820
20971236
20997592
21029004
20977612
21073816
21016460
21603888
21343248
21038296
21034488
21048304
21030288
20977580
21067336
21022668
21033880
21024080
21018112
20970288
21005800
21026000
20990504
21061924
21216124
21033300
21026800
21007848
20976980
21020872
21991964
20975496
21059648
20984188
21003448
21057428
20966928
21006328
21039124
21070852
21013100
21123188
20982244
21006908
21075224
21020436
21019716
21163656
21014740
20945588
21065816
20950712
21035192
21081192
21081940
21008224
21081416
20983380
20958156
21034544
20985568
22367228
21042520
21012884
21009484
21096836
21034740
21019960
21045932
21007632
20989972
21097068
21025952
21034616
21054104
20989896
21037564
21176956
20988676
20976556
21134680
21014964
21088712
21802836
21015068
21005472
21088352
21069512
21000368
21072828
21045644
20963132
21124532
20980228
21022116
21070108
20958264
21038376
21119716
21039820
21025328
21167568
21025956
20970868
21025688
20979472
21025560
21059856
21016988
21029820
21065600
21015376
20947908
21074616
21025732
20976468
21127252
21025608
20971112
21131092
20971228
20996844
21059572
20962516
21037860
21073384
21395916
20963656
21105228
20990880
21019504
21434656
20950996
20976536
21127688
20976852
21018660
21128364
20971608
21013000
21124796
21010128
21026808
21119904
20991232
21013900
21202180
20971288
21060556
21113844
21067152
21005280
21062792
20967512
21068544
21114996
21176020
21015544
21069360
21024504
21004976
21312700
21006292
21021988
21124376
21024168
20980532
21091772
20986948
21008676
21097820
20974940
20972088
21087140
20946696
21000100
21191320
21009164
20962884
21473156
20999576
20993072
21111980
20970308
25962048
21279120
21023324
21032640
21061016
21020620
20976896
21112164
20990060
20983796
21104924
20961940
20967512
20941040
20973100
20985560
20966340
20986068
20980188
21007784
21036088
21018336
21057648
20971000
20937148
20969904
20963192
21002540
21011872
22306508
20992464
21055708
20963176
20989544
21052736
20965928
20983944
21054384
20958576
21040172
21036968
20966256
20963080
20985556
20983492
20984936
21026060
21027012
21041556
21043992
21064080
20949784
21000932
21010864
21800948
20965968
21002048
20940888
20961108
21004044
21027520
21030204
20970368
21016256
21000716
21020896
21000160
21099856
20976104
20982840
20973104
21044376
21004816
21076476
21012160
21008512
21086540
20967792
21073400
20978728
20984464
21010392
21017112
21363420
21349500
21009436
21043908
21022332
21023244
21011308
20989476
20978872
21048464
21016176
21016544
21010700
20955636
20959048
21037052
21011576
21070064
21035916
21011664
20986752
21012400
21034456
22379388
20977564
21011788
20968748
21046588
20984332
20997972
21021764
20989432
21074336
21004508
20980016
20944952
21029432
20972696
21063452
21027720
21077512
21000944
21015616
20977908
21069816
20978172
21015288
21060004
21016644
21018424
20986720
20969940
21947948
20952336
20991996
20968068
20971004
20990932
20984472
20958972
20996292
20991184
20968532
20969620
20990956
21008192
21011892
21037868
21004276
21025960
21002756
21000156
20989760
21011624
20991940
21008892
21045156
20961432
21201992
21399812
21003820
21055992
21008620
20991844
21012960
21063656
20949436
21076288
20994596
21020268
20972604
21087848
20974820
21034904
21058828
21094596
20966772
21002032
20962992
20998844
21008516
20953724
20981104
20941292
20968968
20995412
20956020
21002536
20988944
20950136
21004264
20952860
20950896
20979132
21002460
20974144
20998928
21017840
20996100
21019500
21021312
21116136
21031852
21029120
21029224
21018936
20975760
21977556
21583732
21014592
21051700
21024624
20970384
20960952
20972136
20993032
20976464
21033816
20962160
20990000
20983020
20988956
20988660
21022184
21052772
21025604
21000784
21041756
20946776
20987480
21006036
20971216
21005040
21405148
21856988
21026596
21061092
20970108
21037388
20972020
20986604
21039972
21020780
21070064
21032444
20983804
21036060
20970736
21046928
21012508
21010172
21134664
21007992
21026060
21095100
20967652
21009884
21020300
21004948
20977044
21020116
21048332
21017816
21092028
21279636
21029192
21054376
20990740
21046056
21034620
21073756
21015744
21026700
21070876
21032688
21008628
21036716
21012616
21125536
21026188
21010776
21099448
21086616
20964328
21073952
20957576
21040860
21052716
22958276
21022912
21128380
20971948
21015088
21031184
20983788
21037592
21096596
21112512
21028440
21088472
21084748
20969072
21074448
21029644
20955164
21040452
21090168
20982384
21184900
20974784
21033940
21086092
21071260
21031668
21043444
20990812
20980092
21056840
22207140
21641272
21111268
21021116
21018568
21111088
21096280
21020212
21136152
21027428
21077472
21123880
21091416
20982864
21119756
20993836
21019168
21135708
21021652
21161992
21119100
20956324
21071960
21073156
21018552
22226036
21099572
21095152
21029844
21178612
21003448
21083328
21130336
21030364
20987952
21128452
21057416
21017528
21204944
21010704
21112884
21161132
20979400
21027636
21109528
20979064
21065212
21151492
21109176
21026668
21204652
21039200
21093704
21164724
21077652
21014492
21217068
27440644
20954916
21178220
20983528
21070352
21156440
21064532
21029084
21286296
21012664
21006588
21168716
21032268
21093156
21159132
21092332
21017592
21181260
20960276
21001892
21072436
20999840
22410564
21159276
21033148
21034900
21095268
20952956
20966232
21056024
20982080
21011632
21126200
21017900
21013508
21117408
20977016
20973892
21081536
20984476
21042860
21101644
21039872
21008452
21119492
21026264
20993932
21059856
21011440
20931392
21124672
20967716
21008056
21153384
20975680
22100844
21207752
20988648
21048488
21072568
21074076
21026780
21079740
21035364
21028292
21093948
21022008
20977180
21077412
20970280
20978608
21075728
20968212
21011088
21100600
20987356
21006676
21004872
21019132
21001388
21044696
21026012
21089224
21069892
21020852
20980004
21055224
20987564
20969528
21010312
21021284
21022056
21093088
21008028
21022156
21042824
20957712
20958284
21077284
21014800
21396912
21384260
21026012
21073856
21077872
21076264
20979612
21091624
21074680
21005076
21188720
20969344
20978596
21101496
21012460
21038252
21109380
20999620
21026660
21041236
21002712
21173276
21924816
21037960
21028568
21168748
21027432
21069864
21081804
20982380
21040384
21110364
21027564
21009320
21121712
21079096
21031336
21240140
20974200
21007932
21140652
20976684
21048408
21086668
21006924
21013984
21209364
21034100
21034824
21076300
21047196
21339424
21090364
21015376
21087516
21121540
21826004
20962316
21117348
20942216
20974328
21104200
20980308
20978448
21146592
21013424
20984120
21106288
20975884
20997148
21095524
21010404
21017340
21155404
21024632
20959644
21124384
20995016
21003032
21149988
20982640
21041456
21196080
20975916
20955772
21137192
20973148
21022764
21155464
21055824
21018644
21188100
21022992
21055244
21170608
21036888
20976944
21191444
21000084
20964840
21194224
20994104
20978520
21124136
20995012
20987168
21468844
21010540
21024568
21083848
21020788
21192084
21465640
21000352
20985892
21101160
20988180
21022840
21103656
20961748
 
21019568
21105816
21015444
21097680
21020304
20940596
20976320
21056068
21015712
21012680
21105600
21337340
21039580
21021680
21072532
20973664
21057956
21026020
21004324
21139900
21020196
20993084
21060552
21079480
21006904
21139120
20985752
21058408
20886772
21067880
21013520
21018604
21038748
21023048
21101684
20993844
21073588
21031920
21001108
21064916
20925388
21087832
21418396
20960560
21018268
20978812
21031600
21299372
21047812
21078612
21032400
21007476
20947572
20987412
21005620
21033764
20992252
21095984
20971700
21015916
20961828
20984988
21013556
21040968
20993756
22373940
21008068
20938228
21019744
20971000
20975000
20987824
20985836
20964064
21022892
20991924
21020548
21035776
20951408
20987660
20985168
20979328
20973012
20990316
20989232
21008220
21041076
20961828
20931504
20984780
20999144
20988584
20992488
21003736
21020492
21015696
20989700
20957408
20973864
20959856
20954436
21012164
22352144
21217208
20986716
21050440
20988904
20977168
20985840
21117800
20993032
21036076
20977624
21005520
20944580
20967344
21016044
20971116
21010916
21016976
20981096
20996524
21025188
20978940
20960568
21006936
20957472
20996044
20980104
21017488
21005104
20983660
20965592
20976332
20965388
21030676
21005552
21034304
21055496
21029596
20972296
20968604
20989048
20967628
20983664
21028604
21034488
21018272
21054580
21348260
21002224
20973180
21009152
20977428
21021632
20977480
21043516
21006960
21095852
20960676
21063104
20976636
21011376
21017616
21557492
21206292
20956196
21092324
21012952
21078764
20974728
20970440
21022420
21011744
21011996
21040404
20972180
21034204
20966184
21062816
21015712
21084788
21016524
21034164
21064208
20980636
21039392
20995576
21001060
20982180
20972800
21011612
20981560
21044696
21010316
21086592
20958808
20982048
21403108
20991360
20981176
21006704
21008812
21033344
21954904
21048920
20983816
20957200
20990200
20967208
21013092
20996652
21029796
20965968
20988748
21013512
20965492
21026128
26724772
20988992
20992788
21008208
21016888
20988368
21026004
20973904
21026180
21017264
20978000
21023864
20988968
21024384
20961844
20989340
21009112
21014424
20976984
20991788
20984868
21062784
20974100
21033100
21024680
21077272
21451464
21101316
20954724
21080492
21048880
21319684
21720728
21105652
21038824
21036668
21051960
21016060
20960552
20964208
20974680
20950408
21018380
21026040
21027980
21024772
21689420
21129904
21076368
20966596
20992672
21004772
21029308
20991780
21069812
21044104
21033000
21058368
20968116
20983424
21049880
20989184
20985568
21058044
20985780
21040048
21056220
21021900
21015836
21039588
21036240
20947448
21057244
21030856
21028536
21103880
20984324
20972956
21036556
21036716
21026912
21114764
21058620
20980852
21086404
21000232
21066652
21256272
21037288
21069828
21119184
21087408
20964584
21045304
21030000
21034040
21132452
21039856
21021796
21107408
21145632
21022452
21104880
20989252
20984456
21051068
20989156
21001204
21151100
21026028
20960528
21105160
21009724
21027840
21123296
21009524
21093964
21089884
21022996
21051488
21092692
21043708
20978748
21162944
21037460
21010408
21049872
21012680
20970016
21125328
21011676
21062552
21107692
21089676
21016132
21136816
21109300
20958700
21156532
21031120
21076892
21349416
20951240
21000648
21053900
21043296
20989412
21107124
20974804
20985132
21086116
21021420
20960008
21123100
23074936
20944792
21152080
20988692
20979572
21091464
20979660
21004332
21143608
21079420
21031016
21089176
20980044
20989724
21119656
21003476
20984696
21080860
20964300
21005024
21115060
21007472
20999096
21142588
20998796
20987548
21084064
20975900
20978880
21099164
21021180
21029316
21137052
21014120
21037836
21101032
21035864
20963876
21101308
20991064
20966572
21151924
21025276
21460708
21499024
20992220
21010756
21112056
21049620
20986860
21144248
20965640
21016508
21118324
21083756
21014096
21564980
20968712
21028928
21188620
21002952
21085328
21075260
21080092
20985772
21130368
21008992
21049884
21153312
21031976
21070496
21049496
21033948
20971824
21096500
21031468
20964660
21155588
20989112
21010856
21095204
21081368
21011036
21165324
20976844
21042088
21077336
21056236
21021092
21089784
20970528
20982772
21088440
21011340
21154020
21173044
21018152
21062372
20894224
21086588
22120792
20976772
21042832
20969272
21051816
21006908
21023808
21008184
21042572
21004716
21032020
22061344
20943428
21018796
21004868
21019752
20968384
21020052
21029948
20984148
20964056
20972668
20962656
21011236
20960696
20940788
21018144
20964512
21012484
21031104
21041608
21075048
20978572
21022032
20946316
20980920
20972436
20975764
20969000
20968024
20939832
21056612
21077468
20977020
21128348
20985308
20979536
21055464
20991524
21008116
22243976
21161076
21055200
21056484
21017036
20981204
21130096
21017352
20974572
22449300
21095436
21008364
21057868
20979396
21013216
21074136
21022544
20983240
21104688
21009312
21066912
21128436
21070732
20980620
21215360
20971960
21040648
21138328
21017888
21010992
21120212
21081624
21001268
21166568
20970928
20979640
21112212
21065768
21008784
21106780
20972124
21024228
21072376
21025040
20964372
21148388
21017696
21056236
21123284
21071884
20958412
21197988
20991576
21007944
21126900
21057100
20989408
22517348
21167520
20957784
21141008
20984668
20983496
21109072
20975864
22724148
21155460
21024124
21023276
21154008
21024960
21005516
21107712
20978008
20999660
21127552
20998604
20984548
21117920
21032144
21031044
21108720
20966260
20979504
21101124
21002224
20980188
21136716
21025092
21004352
21076392
21021768
20950284
21119240
21005732
20981584
21111448
21057500
21013304
21123336
21025440
20995956
20884716
20981876
20981836
21014784
21016888
21010528
21510456
20956764
21076464
21056108
20973232
21475376
21110848
21019920
21055808
21131344
20977300
21697100
21372900
20979104
20986556
21081768
20989224
21021612
21108504
21026784
20969744
21132308
20972936
20988296
21097660
21024852
21029004
21111204
20994772
20987468
21124720
20977356
20972368
21085300
21019272
21009268
21100916
20964824
20962740
21041684
20978260
20979992
20887648
21053740
21004520
21025060
20985116
21035968
20976916
21037548
20990396
20979976
21037024
21016784
20975916
20975132
20998724
20971904
21036704
21021552
21382824
24119740
21034812
21015600
21056088
21016912
21022020
21024760
20958604
20936160
21052896
20983688
21017096
21068232
20966488
20994424
21046636
20976156
20976232
21068240
20978412
20995020
21083336
21035344
21030808
21129860
21011240
20956176
21114424
20965696
21072996
21125552
21039240
20954872
21103548
21024380
21066640
21134940
21093260
20976952
21130968
20974472
20983692
21141144
21050660
21071872
21129572
21075092
21132068
21113580
21375716
20972352
21078628
21010852
21101216
23874772
20998076
21055624
21049168
21080724
20975248
21117128
20984948
21011536
21040040
21014500
21034804
21053160
21035932
21076112
21031192
20965976
20973104
21002788
20973012
20993344
21024580
21038608
21032216
21044028
20951528
20962104
21086432
20981968
20958500
21017796
21024908
21048432
21039620
21036516
21029876
21035744
21050340
20979528
21025536
20993200
20964648
21030836
21005952
21013060
21058476
21052792
20951048
21429972
21526208
20981028
20970664
20966300
20972636
20980696
21016080
20985552
21014128
21010236
20952056
21011028
20978420
20962696
21017116
21010628
20997728
21038812
20964928
20934712
20985708
20954436
20974800
20985468
21014452
20987752
21016592
20989336
20946880
20979008
20972864
20975764
20980252
20958152
20921428
20963408
20960112
20976904
21008512
21025484
21006688
21020864
20965792
20982556
20975280
20985072
20955592
20968196
21037132
21056960
20957160
22126556
20895932
20971440
21042132
21014360
21039224
21035244
21005104
21032332
20976624
20958960
20969100
20984244
20993416
21023696
21029360
21097236
21042408
21039892
20975296
21010268
21023416
20976260
21047716
21016520
21018660
21023456
20967880
20993456
20988400
21047148
21047064
20997588
20991864
21015952
21014196
20972120
20993264
20978064
20962328
21000280
20994880
20975900
20972124
20991084
20974536
20991384
21012480
20975492
21003292
20997016
21015108
20980880
21008684
21864228
21007288
21078576
21026888
21068572
21034292
20973296
21008160
20991620
21038704
21014204
21002444
20984936
21066272
20998620
21009872
21010308
21024904
20963444
21033048
20987196
21013708
21102500
21041036
20962188
20967808
21004076
20987304
20974964
21050484
20993528
21013236
21059552
21021568
20972492
21105872
20991420
20970996
21048196
21048716
20991480
21053484
21014828
21082532
21062256
20997720
21092372
21060040
21011964
21309508
21089648
21002860
21025660
21067476
21066356
21017428
21004128
20972708
20997296
21112868
21001920
21026492
21055376
20986700
20976516
21091076
20989396
21067916
21072564
21076544
21007552
21124872
20974304
21025820
21041604
20966556
21032448
21061404
21069716
21011608
21023336
21046052
20970188
21086644
20989956
21005808
21152232
20995852
21069560
21056296
21016772
20982516
21170584
21013916
21087436
21055608
21079800
20969380
21093124
20982156
21074736
 
21080320
21187032
21045440
21141688
21051912
20967040
21083476
21024800
20970676
22602196
20993128
21011524
21067932
21007380
20985608
21109064
20972596
20981812
21084864
20970648
21008348
21098852
20988284
21014352
21058024
20988824
21018136
21104596
21074916
21012684
21201656
21038436
20950144
21107776
20986956
21058340
21110456
21022980
21064416
21164528
21077064
20962380
21083156
21007412
20960720
21105468
20972392
20983760
21110236
20972976
21013480
21164520
20990524
20975916
21156488
21000804
21011304
25474524
21030556
20958340
21126672
20974212
21074392
21145080
21080772
21040296
21188948
20962892
20973668
21143764
20959468
21010584
21154940
21024404
21077792
21155108
21080856
20964368
21172400
20984256
21027212
21122304
21081588
21032812
21144452
21011400
21032592
21157056
21047464
20987036
21183784
21028380
21026240
21148620
21016752
21041032
21161772
21092164
20996648
21137408
21048536
20981572
21142380
21075688
21145244
21097468
21112892
21068540
21142580
21046784
20989284
21506988
20985468
21052332
21110000
21014100
21082612
21105960
21082276
20982276
21191084
21013012
21015200
21223116
21014116
21088520
21167448
21079704
21026936
21237316
20972720
21008268
21209688
21017616
21078496
21160664
21077492
21023620
21080484
21024572
20981628
21108384
21068664
20986488
21138748
21097084
21004044
21119864
21015336
21033228
21094868
21008620
20963256
21103100
21034768
20947500
21116116
21008560
21027360
21125512
21052700
21019644
21164548
21028744
21061708
21080160
21804284
20967732
21135500
20991636
21044012
21131656
21030704
21015416
21127268
21034176
20948376
21082452
20991472
21013076
21088612
21034020
20968552
21131472
21002920
20979684
21094172
20994964
21019248
21083848
21039172
20978284
20919212
20996136
21009328
20992648
21020928
21030820
21128544
20990492
20967604
21104624
20973700
20969292
21075544
20996492
20970644
21103828
21028984
21009092
21095912
21015240
21006656
20908652
20959112
20971028
21109948
21197376
20991220
21169132
21039648
21034084
21151908
21032952
20984132
21117980
20981692
20982444
21139940
20985636
21015680
21122784
21052360
21018920
21090112
20970252
20987308
21137724
21029192
21015772
21119512
21007152
20979988
21085688
20990696
20971952
21085124
20998304
21018536
21112940
21036252
20973328
21088180
20964548
20967060
21053204
20965904
21001596
21105480
21033536
21018316
21141832
21022396
20978972
20897604
21067616
21022756
21062780
20996364
20968456
20916532
21410352
21726772
21039536
21026208
20955252
20970904
21051216
20962176
20985880
21074408
20974216
21006656
21074088
20985180
21003792
21023188
20990784
21012164
21034796
20995096
21023944
21055228
21013388
21039036
21091324
20996188
21017260
21123156
20971908
20971532
21048796
21020700
20988076
21094212
20983820
21031940
21097132
21029232
21062108
21049932
21085644
20996100
21072612
21028508
20987136
21184904
21008788
21394432
21138116
21033340
21043100
21025376
20964740
20989036
21073644
21027524
21018080
21115016
21014944
20978404
21111364
21010612
21018380
21067608
21035408
20999972
21084792
21015068
21012424
21133868
21010912
21088608
21119024
21086604
21020512
21173044
20977456
21015656
21174404
21013824
21075192
21145396
21106108
21011220
21094764
20985464
20982800
21163024
21000136
21009144
21239952
21015300
21075792
21101340
20986640
21037480
21115060
21057548
20989464
21291896
21017284
21150616
21140220
21020588
20974816
21184144
20987520
22402472
21129488
21029784
21023960
21074424
20963180
21013036
21119160
20987148
21028984
21152712
20961440
21045148
21129616
21019420
20988876
21118020
21010748
20992248
21155324
21014680
21025668
21086388
20987080
21015328
21134584
21016476
21016620
21198516
20982840
20950472
21140696
20971848
20983700
21121832
21010740
21016392
21199512
21021752
21032928
21134716
20988608
20990028
21127336
20987964
20974220
21178508
20970888
21026112
21318432
21020236
20998272
21136364
20991876
20973072
21604872
21031160
21029732
21176068
21026724
21017360
21151192
20964460
20973596
21153344
20937732
21017932
21092964
21019828
21075092
21141844
21101596
20972200
21098880
20966452
20993812
20890192
21004100
20991140
21080604
21032584
21006016
21076360
20978372
21041940
20932028
21049316
21043600
21060588
21025648
20973916
21077688
21028244
21009612
20996424
21009128
21098756
20995556
21018784
21071772
20942376
20964428
20972244
21054444
21043536
21072788
21001812
21024048
21058888
21313120
21395760
20962612
20975864
21043344
20991204
21066908
20969564
20985356
21019168
20983160
20984592
20993428
21192952
21046068
21096572
21040992
21013372
21012296
20995028
21001188
21039352
20989356
21048664
21081188
21039856
21033276
21009556
21028688
20977188
21070364
20997948
21032820
21077212
21041596
20962476
21050476
21039340
20967272
21090400
21002632
20995060
21003992
21063216
21030988
20925872
21004164
20969096
21680212
21779428
20999568
21293120
20985152
20995784
20959368
21015236
20982624
20957720
21046648
20979464
21004096
21027616
20980404
20990032
20981912
21018440
21016172
20976924
20972908
20970284
20980116
20984932
20958444
20962052
21032212
21031660
20998520
20981876
20991004
20985812
21003748
21004752
21054024
21020176
21005192
21026344
20990112
20940264
20988896
20986208
21006452
21278204
21021220
21007868
21024040
20965900
20990120
23905016
20963404
20962800
20986204
21005012
21051172
20965920
21065684
22168472
21032288
20990328
20972436
20970592
20979796
20983200
21001944
21035936
20956296
20978044
20978328
21013604
21037692
21013168
21028200
21093612
21025620
20954832
21008748
20976656
21017672
21050720
21029212
20972968
21092200
20969200
20958504
21033180
20982940
20978528
21042692
21006604
21014160
21111684
20969624
20964352
21040944
21022264
21001404
21052396
21020520
21019680
21136984
20962768
22761948
21143592
20976692
21012048
21067948
21002604
21051400
21047100
21049600
20922120
22783748
21146880
20965756
21040268
20998912
21024592
21036344
21053072
20971064
21030360
20994192
20981728
21007248
20961748
20998444
21043276
21019500
20963884
21021012
20979084
20988224
21029372
20984260
20989188
21073944
21033276
21015968
21099352
20979512
20958988
21068440
20967824
20969024
21347856
20986928
21022612
21041240
22380248
20953996
21047764
21016924
20955692
21126784
20987376
20979728
22169124
20952016
20968784
21071624
20970064
20972096
21107144
21064228
21014816
21122732
20979676
21015060
21131380
20988492
20988344
21085704
21019136
21004040
21075244
21016136
21035620
21225376
20998020
20951360
21073280
20983148
21066620
21112444
21072580
21000392
21090820
20978816
21004284
21109940
21521120
20960160
21104196
20993268
21026372
21127820
20939944
21004020
21382316
21330452
20973140
21082304
20980932
20979444
21082744
21027636
20956192
21060044
20987824
20997108
21133436
21017804
21017444
21071324
20990220
20984648
21161180
21000400
20954996
21051584
20991028
21016884
21128896
21011948
21020712
21071436
20969996
21046040
21137316
21028780
20972496
21151440
20961448
21010924
22306424
21045376
20969124
21078480
21016268
21025624
21046284
20997108
21002760
21037888
21011248
21008396
21074436
21016276
20947424
21095236
20999504
20971404
21090268
21006388
20972828
21143116
20970772
20992044
21175116
21022400
21067532
21073888
21082464
21035128
21230376
21028768
20990268
21067088
21005592
21036092
21184636
20963900
20950364
21083136
22597384
21017140
21145416
21031604
20978120
21158416
21019640
21019556
21138592
20978156
21008172
21123624
21031652
21016800
21137316
21192504
21009028
21115088
20974244
20975420
21637768
21054916
20955196
21084820
20986236
21000668
21147280
21009172
21027620
21137448
20975272
21025112
21133040
21016996
21017580
21086972
21000756
21212624
21129944
21011364
21015788
21260320
20955520
21020428
21132484
21017356
20984536
21111628
20974056
20983696
21139112
21006604
21005316
21145952
20972288
20992648
21145772
20982816
21031972
21146124
21015776
21033312
21468168
21024396
20986672
21105640
21027984
21006488
21135072
20975740
21011656
21138724
21017668
20983084
21101856
20971616
20981740
21126916
20953328
21010776
21154072
21006144
21157708
21094272
20980360
20992516
21111792
21014224
20968016
21078092
20985272
20962828
21113352
20971440
20947856
21096016
20980484
20996280
21128392
21023268
21017572
21099208
20975512
21000016
21193940
21021180
20971236
21077056
20990492
21025380
21153760
21020128
21052064
21107936
21013360
21017992
21143864
21014340
20969992
21135244
21007300
21010808
21146156
22043604
20951816
21145916
21008684
20998980
21152948
20994904
20961908
21089296
20977512
20999360
21120816
20998520
20982084
21074092
21031032
21030312
21130660
20982328
20963736
21115592
21604628
21003800
21059820
21016996
20970040
21078712
21001732
21025540
21124604
21033452
21007968
21082188
20982044
21001720
21077100
20980936
21022068
21104920
21026532
20984024
22615500
20978604
20988804
21132008
21011648
20976132
21107516
20992920
20975600
21119252
20963824
20969504
21675936
21639928
20960072
21036952
20941396
20995076
21108636
21040120
20997948
21088576
21020304
21019808
21111192
20978960
 
21038652
21068340
21025812
21083300
21078564
21024696
21022652
20875796
21001688
21019608
20978972
21559004
20991652
20980104
20981140
21003372
20986480
21047968
20989136
20968968
21000128
21018140
20997092
20977524
20954312
20971096
20979440
21016072
21010016
21056452
21017844
20976188
20949352
20986048
21661688
21674320
20987872
20977860
20980208
21020996
20969980
20961392
21026644
21023188
20998000
20947844
20937528
20959840
20977076
20972348
20979416
21011340
21006524
21028184
21017284
20964668
20968136
22190816
20971700
21022912
21041484
21029292
21026060
21010180
20972356
20983212
20986500
20977068
20995252
21038276
21025580
20970072
20990904
20977396
21023996
21000224
20961668
21002932
20971752
20998568
20976080
21020684
20964452
21009024
20984916
20988896
21008592
22221372
20999156
20956744
21011684
20987528
21032452
21013160
20960676
21026568
21017412
20999616
20997192
20975940
20961200
20989780
21286848
21026780
21006016
20983732
21020320
21041052
22488148
20996076
20988520
21006264
20990344
21026728
21008508
21030396
21023764
21012008
20969848
20966576
20969860
20983828
21024040
21020844
20997260
21028912
21040460
20968680
20970928
21057576
20994416
21074292
21024736
21055872
21023964
20973960
21082660
20990292
21026436
20997916
22721964
21009060
21070468
21009824
20967672
20932084
21042432
20968520
20938792
21015420
21041684
20974416
21037276
20988652
20987048
21004364
21004516
20977600
20985812
20988380
20975336
21515880
20971772
20967436
20980972
21027256
20948008
21028340
21038848
20995872
21010996
20977288
20933564
20994632
20969512
20996436
21001224
21049432
20971792
20969380
20984488
21002600
21014436
20975300
20996644
21047348
21024368
21318976
20993320
20980188
20979192
20975268
21021156
22169280
21077808
21027396
21013120
20998180
20982208
20998092
21087192
20978040
21034884
21039200
21080912
21026872
21116796
21028116
21077424
20973112
21034924
20985304
20988916
21052200
22263124
20958268
20993680
21082684
20985700
20967672
21000720
20987536
21000200
20945876
20976496
21019640
20944388
21013796
21010784
20964156
20999768
21073220
20940980
21014532
20977280
21005984
21033564
21003292
21042524
22019400
21131592
20997176
21105588
21019456
21053260
20985536
20984528
21013176
21017560
21075876
20978872
21090444
21032944
20968360
20993948
21052264
20958492
21067232
20982220
21008120
21776188
20992332
20910744
20966048
20995888
20972480
21011688
20981600
20970820
21087212
21009312
21067632
21020312
21073656
20997556
21060600
21008144
20944132
21035416
21009208
21048840
21008372
21087324
20992716
20984404
21034408
20969832
21030344
21011824
21126992
20995924
21040400
20990028
21078264
21014920
21378000
21245656
20975348
20969540
20990432
21009752
21014100
21025144
21075844
21004236
21018460
21071436
20992520
21034776
20969620
21043200
21016224
21013212
21006752
22101204
20947028
20926996
20978556
21103540
21005892
21087076
20986420
21014132
20986364
20985888
21019436
21045516
21034780
21063584
21022216
20976252
20967284
20968300
21016252
21017928
21029960
20994352
21008684
20989704
20958912
20968624
20973424
20968668
21497092
21003776
20995508
21012360
20962856
21012360
22222428
21051740
21001320
21012680
21011312
21000876
20970076
20963192
21038660
21060260
21065748
21013676
20951976
21048100
21081256
20989792
21444416
20978840
21026380
20995028
21070980
21015616
21095040
20997420
20954384
21049108
20968136
21049980
21029440
20981928
20994800
21017920
20996460
20964884
21000520
21028840
20972552
21024008
20974828
21053880
21038200
21010380
20955920
21049504
21013848
20976776
21028732
21006276
21015792
20992856
20992544
20957992
21066020
21508472
21457012
21067600
21006780
21005388
21093024
21022968
20956416
21005212
21009048
20983636
21062576
20973200
21028512
21032252
21023328
20978856
22488740
20966204
20986804
21046112
21017500
20997744
21077272
20966096
21012088
21032300
20969608
21030884
21077376
21012396
20980880
21053928
20975156
20972944
21054876
21000804
21023760
21052372
21017580
20964148
21068456
20984840
21015080
21094340
21026136
21027448
21102112
21028832
20972240
21117832
21034720
21243152
21082964
20974544
21048908
21124484
21035400
21075392
21120744
21088956
20953680
21073772
21077760
21035580
21072356
21440816
21174748
21064480
20988752
20972152
21167720
21034312
21020200
21055628
21026696
20970652
21118264
21030736
20976328
21121700
20980856
20983332
21123372
20970092
21034028
21090960
21027592
20977972
21131372
21015200
20973028
21045132
21023400
20985084
21135336
20970680
21023948
22192408
21718244
20979312
21110872
21011376
21014176
21040956
21027564
20963944
21093100
20982268
21016004
21064520
20977556
20976232
21106468
21014976
20977872
21062612
21026564
21034576
21071276
20980208
21040900
21067072
20982848
21015728
21113716
20981904
20969480
21091084
20974292
20978544
21047356
21021732
21016596
21103632
20987888
21029384
21069592
21019884
20964064
21070004
21016888
21025896
21123632
21093704
21050192
21061196
21026816
21014536
21223948
20985584
21036260
21186660
21038264
21157468
21090728
21025468
20980132
21128980
22256992
20940728
21076456
21029964
20949728
21113128
20969900
21002732
22550480
20986060
20980464
21071996
20986268
21043184
21067980
21035840
20971576
21075868
21028816
20975452
21140928
21040408
20981616
21087256
21028812
20983424
21154244
20984136
21039272
21164176
21036464
20926248
21150176
20990208
21020736
21124176
20968380
21015772
21137916
21030456
21046024
21133148
20965056
20990516
21088420
21045140
21037812
21100780
20982120
20970880
21103956
21032352
21034788
21124976
22335648
21056748
21161900
21295376
20955496
21093420
21015248
21019228
21189532
22260232
20929796
21046444
21015016
21010304
21160404
21032380
20953948
21105888
21008208
21017672
21173556
21039564
21009304
21080632
20976912
20969968
21139060
20987576
21025708
21088252
21024052
20983548
21128380
20980888
20971896
21095192
20979732
20993924
21149904
21024676
21004664
21134668
21025236
20987404
20888896
21033772
21029012
21118396
20966920
20967140
20950272
21024644
21778236
21012680
21027160
21259052
20924024
21011416
20997652
20990060
21038648
22395104
20943024
20984244
21043976
21003656
20980328
20984224
20950264
20965188
21006652
20960564
20975144
21012100
20965288
21019732
20954120
20966056
21019720
20983596
20987884
20956256
20984164
20973120
20985712
20986368
21016232
21040256
20977768
21010464
21032228
20962304
20965216
21033284
20961268
21030064
21050676
20967628
20973924
21044060
20966940
21040328
21991668
20963640
20996924
21020168
20972132
20981004
20978340
21895468
21353848
21021172
21035144
21002368
21063100
21021620
20982924
20960352
20982992
21029032
21050448
21030804
21011112
20991220
20978652
20963228
20984016
20975704
21024992
21035984
21012068
21026944
21017648
20975928
20977628
20991152
20985492
21026144
21046264
21003880
21033904
21035320
21025568
20960208
21024620
21017544
21037468
21037072
21013536
20983724
20989336
21245624
20958264
21008504
20963584
21022608
21027040
21340348
21053632
21021588
20960836
21021444
21008160
21029460
20973608
21028504
20973340
20969444
21008396
21012460
21037732
21020432
21026960
20970528
21010088
20967348
21010456
20956680
21009132
20957168
20969780
21030808
20998276
21097584
20964064
21008220
21093736
21013036
20961996
21038388
20947880
21035556
20985220
21009948
21013208
21118288
21003316
20984920
21029608
21025036
21020828
21105444
21014260
20952316
21033652
21011724
21014700
21023244
20993472
21035680
21039856
20976764
21052664
21034988
20956044
21031228
21016516
21011588
20999636
21049608
21002800
20958276
21052712
21023452
21024352
21066592
21009332
21025276
21061476
21034620
20973396
21014416
21016848
21040428
21077144
21015396
21032468
21069196
20939704
20988404
21014644
21019864
20972700
21092004
21030544
20974616
21068828
21008320
20967180
21095488
20980976
20978468
21079300
20965264
21044916
21061576
21016268
22464380
21088416
20947496
20975472
21083152
21005432
21036148
21063420
21015864
21092296
21028916
21078156
20974424
20995444
20972696
21020948
21091140
21048244
21029304
21086356
20959440
20987560
21071608
20970096
20977312
21077524
20953980
21023048
21139752
20994212
21031452
21124096
20931308
20986444
21118744
21003848
21039020
21119248
21008424
20964680
21032572
20935776
20970340
21090020
20964012
20969860
21126220
21009528
20952160
21096288
20939668
21018576
21108624
21009548
20986756
22018544
20975504
20996060
21080344
21030904
21006032
21067324
21016412
21010672
21040092
20974412
20996872
21038776
20986316
21039680
21066412
21011272
20949988
21054900
21015128
20972772
21098736
21009460
21001108
21123228
20979760
21014716
21106864
20980200
21058116
21127560
20999208
20954032
21122380
20969416
21009104
21167668
20958704
20968176
21173048
20962616
20932480
21129228
21011380
21050064
21087664
21986556
21023444
21091420
20995708
21008136
21068540
21007192
21008992
21174852
21010856
21085620
21122040
21023576
20981088
21120140
20997852
21084336
21125080
20977328
20971516
21130740
20964636
20979056
21149892
20974088
21024288
21145532
 
21009696
20971720
21105436
21037124
20974064
21089804
21035184
20986704
21135972
21021516
21034632
21164880
20971516
21061620
21127668
21083116
21017644
21216012
20989896
20951588
21132296
21033124
21013604
21881896
21783660
20942924
21155568
20972824
20983908
21177252
21040116
21045608
21143864
21022844
20960168
21127084
21000620
21005428
21159116
21033780
21040992
21108076
20953416
20980776
21112708
21006120
20995564
21112456
21037684
21033680
21127552
21016952
20993560
21127700
20976260
20989556
21099580
20976484
21039148
21122552
21033152
21019824
21100940
21007428
21005820
21120316
21028404
21039092
21072536
21022820
20988120
21130400
21023304
20989596
21064572
20955404
20945092
21105316
22224556
21085860
21080764
21002932
21028548
21123284
20996416
20985516
21082044
20961428
20971516
20969200
21008768
21073884
21019324
21083848
21015940
21022420
21070496
21003500
21092240
21018360
20999996
20941552
21052604
20970196
20971664
20981468
21006356
21007972
21030552
20998780
20989980
21025600
20983564
20956128
21020056
21024632
21012036
21021632
21028744
20938416
20985392
20966084
20966716
21007096
21450204
20962684
20969956
20965036
21849140
21005896
20940740
20957252
21027352
21022756
20994416
21064416
20962716
21011016
20983072
20972748
20985804
21019076
21030380
21009796
21017880
21038192
20964980
21014316
20971272
20979324
20990404
20985460
21026476
21048716
20959236
21053596
20973700
21001080
20966552
20978680
21018008
20989724
21096312
20988884
21012712
21044556
20940192
21073144
20986056
20958896
21007180
21078440
21016132
21087348
20967704
21072776
21018344
21044672
21090640
21030220
21039104
20966520
21015620
21902120
20967536
21029040
20978296
20940152
20985044
20995200
20991372
20984440
21004728
20942752
21025800
21003532
20954844
21004292
20978476
20972804
20996980
20973524
20981080
20995172
21022884
20998640
20961680
21016540
20953072
21067904
21019604
20982156
20990972
21052140
20953028
20963984
20996728
20960836
20978252
21032068
20990244
21034956
21006740
20966200
20964376
20986460
20971408
20981420
21012024
21008108
21026148
21509072
20950928
21011224
20980408
20997320
21025812
21009972
20988236
21020700
21000256
20995432
21028292
21026048
20997616
20974672
20972228
20959420
20963112
21004228
20978300
21003184
21049380
20999544
20948848
21082076
20948672
20989376
21066592
20936332
21007444
21070196
20965436
21032288
21059320
20922236
21000124
21098212
21021204
20974376
21048692
20971920
20959340
21027156
20975516
21019216
20985860
20992540
21022176
21010708
20972472
21718232
21039932
20996636
21019592
21026476
21015224
20968924
21035548
21004092
21027592
21052316
20972964
20993480
21020908
21006796
21007376
21064156
20979908
21039904
21043484
20955028
20999456
21066412
21006764
21013680
21084476
21009968
21025536
21046524
20981228
20971768
21094720
21003176
20977848
21033588
20961992
21017188
21094208
20971100
20986252
21091040
21015132
21079296
21082556
21061976
20999428
21090732
20974048
20974868
21123516
20991608
21664992
21082012
21068636
21013364
21103620
20963052
20998036
21055592
20997992
20967260
21067940
21016896
20972020
21106328
21003648
20994000
21130152
20991904
20975844
21095020
20975872
20981424
21098804
21010096
21002220
21132492
21017964
20974108
21108916
20970268
20963564
21125064
20946664
21015936
21103720
20951880
21017520
21082440
20946160
20971284
21118028
20968512
21001752
21142836
21006172
20963496
21058620
21011752
21245876
21099116
21007884
21000164
21154440
21006628
21290536
21164640
20958132
21026428
21129300
21026408
21919596
21172748
20955536
21009748
21170616
20978572
21026372
21137832
20984016
21022708
21179708
20970568
21019576
21069844
20972536
21017912
21140472
21071252
20982004
21168052
21038928
21009188
21203204
21013408
21073372
21070208
20976700
21005648
21081096
21013844
21035216
21129120
21077756
21009984
20999092
20942712
20960236
21096864
20961108
21062832
21060548
21016268
21006704
21015944
21703508
20953712
21148448
21007436
21015092
22461404
20942860
20975296
21090136
20949060
20971572
21094712
20938428
21006528
21118148
20975132
20998184
21103128
20951020
21000880
21125664
20964424
20970076
21055888
20952464
21015516
21088488
20951056
20992068
21074880
20950236
21021044
21102368
21015040
20985848
20997404
20989352
21315168
21344508
20950396
20997128
21109848
20989616
21023908
20975800
21025084
20942856
20963216
21014740
21007764
21004620
21016836
20930184
20970712
21017428
20945296
21000448
21029316
20976040
20992708
21018412
21072160
20997136
20974312
21011440
21045728
20988260
21072524
21000452
21046876
21004800
20975760
20947128
20965320
21009344
21290636
20913764
20985908
21014556
21032060
21020764
21700940
20971792
20940092
20980124
20974324
20996376
21030792
21041428
21314852
21017420
21007772
20955228
20965380
20988512
20966428
20975256
21030080
21009900
21019452
21028980
20965908
21003672
21007448
20959216
21038836
21005188
20998080
20971776
20968760
20961996
20970616
20973752
20963780
20970972
21031596
20993264
21016988
20975100
20996300
21017212
21013632
20935516
21005672
21001024
21004980
21010304
21040984
21027672
20981824
20967680
20974460
21011820
20940432
21488096
20968852
21073064
20999000
20993408
21005400
20948760
21133416
21774748
21005532
20983348
20981632
20956496
20984312
20989816
21002188
21017668
21014516
20977200
20961828
21013472
20956808
21018844
20981112
21000804
21023464
21002804
20959544
20974996
20970324
20959592
20972084
20998988
20966744
21000688
20989256
21005032
20970484
20962340
20988640
20981504
20977728
20931512
20988452
20943392
20954948
20991148
20970232
20953172
21008084
21007120
20969068
22265208
20946380
20999256
21035136
21018544
21015288
20996652
21036348
20982964
22384772
20989588
20996624
21014732
20981124
20997068
21017224
20961068
21023288
21014668
21028320
20977136
21016376
20953600
21004248
20974868
21013476
20976060
20995132
21048860
21006284
20954144
20966660
21010852
20963328
21009952
20983812
21071156
20957996
21058280
20983980
20991512
20983628
21023056
20977796
20980500
20980888
20961080
20978308
21023564
21053128
21009168
21931376
20936384
20959812
21009132
21011260
21010724
21011652
20987276
20954356
20995544
21027660
20974672
21006068
20966036
20972648
21028640
20957980
21008544
20969608
21017180
20979116
20980176
21006084
20959736
21004776
21035600
20919764
21020044
21021608
20953360
21004628
21019044
20993548
21015128
20968644
21053760
20961260
21035264
20986016
20957588
20956748
21980172
21092520
20992368
21002460
21005772
20990848
20933856
21025960
20982584
20994352
21082316
21016028
21154840
20986924
20981076
21052020
20972416
20975984
20957388
21031504
20998832
20978424
21082460
20957028
21024736
20976820
21000752
21007404
20982864
21072904
20966052
20973404
21051180
21000780
20989152
21020136
21032140
20979080
21031240
20946696
21087444
21011112
20949984
21060976
21006760
20989516
21036472
20975336
20964064
21066584
21003768
21009640
21529352
22068328
20957684
21037928
20993572
21048528
21020284
20989436
21011088
20998720
20934976
20995372
21007400
21068912
22219876
21029340
21069812
20969556
21030180
20951804
21020700
21000600
20972248
21010636
21091856
20975476
21048464
20967536
20948020
21000428
21005860
21005816
21019868
20964436
20949884
20981540
21028152
20935568
20999624
21016880
20973364
21014808
20969976
20982280
21002316
21002484
21252892
21015848
21016900
20945632
20963560
21182660
20957428
21012332
21092432
21010864
21038368
21044144
21013460
21009008
21047608
20984104
21024044
22522632
20966456
21119640
20984848
21034808
21031964
21043892
20916032
20998164
21039048
20976320
21078800
21037012
20921152
21005932
21006472
21008448
20993972
21108740
20980600
21016564
21140724
20937432
21084620
21047512
20959160
21029444
21034036
21009080
21015036
21003904
20983252
21020488
21043016
20912680
20984408
21042680
21030872
21007972
21653588
20942720
21034620
20996024
20998548
20969296
21042064
20999616
21036644
21061112
20952776
20977532
21078948
20949780
20965000
21902040
20960164
21006864
21082844
20955624
20966800
21083692
20998468
21003992
21085248
20955224
20975544
21080596
20943764
20999956
21078884
20991472
21030472
21098540
20951472
20997372
21076976
21067288
21001408
21052424
20945668
20980656
21109400
21001824
21073088
21084564
20949168
21019136
21017524
20934624
20985364
21118136
21362872
20979996
21022388
20989600
21019412
21115060
20996704
20974884
21045100
21005656
20980288
21072576
20938048
20989964
21077332
20958940
20995088
21089604
20958516
20993612
21005408
20959172
21017872
21053452
20995676
20959176
21063948
20937536
21014200
21136808
21017776
21026732
21129044
21010940
21069548
21123012
21042228
20966168
21101616
20939592
21015320
21104164
21034536
21002512
21089612
20985844
21080716
22021404
20986096
21009364
21124804
21018744
20977984
21061420
20969312
21028140
21046068
20950988
20969788
21082872
20953316
20971904
21106232
20954856
21013328
21100016
20968808
20927756
21107500
20951128
21015628
21101044
20996672
21017868
22570280
20953524
20976996
21033128
21015648
21012664
 
21084132
20960172
20968212
21103584
21068512
21007584
21184700
21004276
21021884
21186220
21007368
21018264
21116892
20960408
20972024
21175424
20990064
20989296
21122352
20943344
21024348
21811004
20995320
21026624
21200620
20978496
20974556
21143008
20960432
20990768
21077688
21006556
21004340
21228464
21007616
21016568
21334284
20976156
20992640
21115600
21009192
20962408
21043900
20960296
21008728
21085660
21000724
21009588
21495148
20989964
21065048
21171068
20950676
20991196
21156972
20967700
21047108
21123992
21013684
21022028
21220876
20953864
21029628
21112556
21010024
21022008
21188280
20971532
21031972
21119040
20967532
20988496
21208908
21941760
21070884
21085112
21012268
20988204
21069132
21027020
20965600
21152836
21005576
21041376
21150960
20956748
20974388
21074108
20978560
21037864
21140288
21016684
20966104
20877612
20990292
20969880
21017860
21040036
21042392
22025628
21004972
20984488
21145496
21025232
21019920
21144132
21028776
20983388
21166808
20964140
21004704
21107024
20962760
20989208
21112720
20960008
21025916
21122120
21015700
21035268
21126348
20941368
20989532
21048512
21601196
21009124
21162436
21022784
21070312
21058904
20961564
20998960
21043908
21013432
20984480
21128056
20972372
21086820
21075412
20948828
21044744
21020816
21010964
20974212
20996736
20986352
21013524
21068924
21030716
21062832
20955132
20978856
21021864
21027924
23912344
20962616
20965452
21048308
21035196
21066344
21029556
20973752
20975020
21022964
20960244
21077048
21038188
21081144
21043912
20969756
21052020
20994276
20999164
21024804
21140972
20937968
21056636
20992812
22364708
21018104
20994036
20962540
21025216
20962492
21027952
21024240
20998520
20964660
20995992
21012140
20978268
20997308
20984744
21017304
21013924
20993404
20984128
20948084
20960288
20997960
20969840
21161832
22178236
21111012
20978628
20983692
21010716
20968728
20996416
20953796
20960980
21016644
20956428
21021952
20970640
21003392
20976820
21029676
20971960
20990492
21008452
20975276
20944640
20983128
20986476
20982832
21027660
20974676
21048176
21017204
21078064
20993628
21072772
21023840
20941192
20965740
21048584
20963036
21064236
21000344
21062732
21038812
20967684
21013968
20972052
21016076
20998520
21016572
20952068
20973336
20978204
20962884
20989520
21019064
20998556
23382028
20976916
20946824
20961100
20979648
21019252
20944448
20971820
20980772
20995736
21025124
20953020
20932068
21107908
21007492
20992948
20979296
21014100
21001544
21059824
21000756
20989540
21917480
21027400
20951372
21084876
20970088
20993368
20981032
20973864
21000292
21022984
21086924
20978344
20966796
21072256
20948120
21029604
21021412
20999280
21079224
21001460
21069180
21021324
20956928
21012972
20989416
20950696
21060816
21071412
21008724
20986628
20985300
20994832
20973036
21430580
20971560
21013612
21011656
21037016
21026340
21064212
21022668
21070716
21028788
20981452
21013812
20987184
20972372
21007560
21035140
21026476
20997044
21038664
20945548
20997296
21020176
21400112
21012280
21055848
20971396
21013180
21003916
20966512
20973620
21002272
21022540
20962812
20976244
20973460
20936804
20990276
21014800
21009256
21016044
21012792
21009384
20985412
20924352
20945692
21020548
20966900
21018040
20987908
21522356
21013260
21074716
20977572
21000504
20983812
21228724
20985052
21028640
21002340
20999632
21020828
20938252
20933152
20977708
20975840
20970204
20974620
21001788
20989968
20986128
20968848
20969392
20997316
22251220
21184172
21016728
21052344
20996612
21007792
21065052
20981576
21051768
20950904
21018424
20999176
21023604
20990660
21010288
21065284
20990908
21117304
21015064
20969268
20958312
21073792
20973068
21052248
21006300
21040828
20976252
20966476
20975164
20980760
20969784
20968908
21001092
20964728
21094448
21042260
20929748
21011060
20977316
20941884
20974700
21012104
21006908
20979408
21010408
20995780
21010644
21034868
20945460
20953156
20986296
21008064
21068092
20994288
21082712
20999784
21780508
20963780
20954216
21045080
20971628
21232088
21012936
21005832
20989468
20952344
20980240
20988728
20944620
20993528
20989104
21032264
20998360
20952412
21093432
20983392
20988936
20995700
20993316
22126796
21561936
20990360
20975324
20987812
21013172
20961688
20996328
21045756
20947008
21015212
21008272
20956080
21035384
20963488
21067244
21025504
21042208
20960200
21066276
21830980
20972808
21032876
20961628
21005096
21056596
21012796
21076260
21013508
21007952
20987420
21021172
20958756
20999392
21090448
20953140
21018944
20996916
20939872
21003796
21120316
20932344
20967032
21013936
20976608
21006840
21043264
20946188
21041552
21029144
21004832
21008340
20987068
20939604
20959404
22478852
20951280
20978672
21043760
20972784
20933700
20987424
20933632
20972988
21009192
20965660
20994016
21055260
20976320
20959568
21011856
20934112
21025980
21761692
20997924
21006716
21018148
21032436
20986480
20992504
20930284
21016064
20980432
20972256
20968996
20997568
20994060
21025628
20997752
20937748
20982852
21039216
21021936
20985740
21050728
20944984
20959928
21013124
20957040
20995232
21054672
20933880
20999900
21029240
21049472
21002188
21027116
20950984
21015832
21013120
21560992
20979684
21012916
20945896
20980156
20987560
20984148
20962308
21003040
20948048
20972848
20997804
20987232
21002816
21059552
21153108
21008848
21039616
20976016
20955536
21004820
20985136
20978828
21013500
20964820
20987112
21022332
20942824
21019416
21126372
20929472
21040476
21022848
20989576
20970236
21041256
20947060
20999224
21043452
21051204
21005676
21136136
20972532
21202908
21093588
20944952
20952548
21040880
20937232
21011536
21086924
21072772
20998208
21129036
20932996
20982504
21041532
20940380
20992376
21070956
20952028
20954700
21053252
20913264
20947852
21065260
21833240
20989120
21095112
20964388
21013204
21080416
20928436
20929024
21003296
20916044
20965548
21025508
20989808
21027852
21088948
20916620
20975308
21048440
20947164
20974128
21073216
20935896
21021216
21092564
20972812
20969068
21068192
20984816
21005828
21120796
20973332
21133540
21115648
20961092
20971660
21057240
20954964
22315468
21148192
21003524
21005032
21082108
20951268
21002436
21128672
20978484
21017180
21019464
20937244
20963644
21115884
20966196
24149644
21311948
20956836
20956756
21124276
20984292
20967656
21063900
20973092
21177540
21313360
21234236
21257812
21325156
20909832
20956924
21100660
20936520
21010992
21111856
20955408
21026008
21092668
20948040
20957104
21073300
20990588
20954460
21153072
20978376
21000908
21373360
22457288
20986736
21108504
20974204
21054644
21106692
20968740
20988388
21066172
20909068
20946796
21068328
20925284
20926684
22498800
21003616
21040064
21038392
20971060
21008292
21123108
20954520
20973436
21095836
20926652
20936432
21083388
20925220
20986412
21135860
20968500
21027104
21126184
20936736
20972296
21081300
20961948
20989156
21143220
20937928
21023536
21099336
20941084
21019536
21118672
20989780
21032956
21150564
20957456
20975652
21124996
20990092
21601952
21707648
20938300
20960000
21085988
20986280
20984148
21098392
20989612
20998408
21164584
20992156
21014800
21340832
20925136
20967660
21101340
20960676
20958348
21176320
20953660
20984872
21083664
20991812
20966660
21165996
20935368
20994880
21124600
20975116
21049492
21116228
21023084
20982812
21061252
20969048
21002724
21122288
20915996
20951512
21077736
20931324
20984552
21128624
20937992
21002576
21044436
21015400
20990396
21454556
20906280
20972044
21042752
20961272
21290108
21213236
20916068
21051592
21073564
20936456
20983176
21161708
20991432
21055420
21511536
20980516
21009264
20930004
21001780
21012504
21077056
20989008
21026956
20972872
20995064
21019372
21068176
20966108
21019048
20974656
21008204
20977804
20979552
21020624
21028940
20980920
21008548
21067504
20908672
21065100
20976024
20954120
21025328
20984044
21023668
21016208
21026680
21031716
20993180
20999244
20947016
20977052
20970096
20964116
20975784
21031516
21015712
21022660
21045488
21644296
21061456
20961736
20966440
21009276
21197092
20996600
21030892
21036196
20962444
21012524
22162484
21203972
21017312
21007620
20968324
20993556
21004332
21019840
20964060
20974948
20959392
20976824
21006680
20978116
20999728
20983256
21059016
21021120
20950572
20999088
21014812
21021496
20985812
21083648
20961292
20967712
20970376
20980620
20942756
21011724
21012700
21064248
21005764
21077556
21012580
20967180
20960328
20951676
20995980
20981480
20993692
21023724
21152140
20939868
21003828
20963588
21047432
21033628
20978540
20958592
21005596
20966060
21803132
20986272
21036276
20963768
21007168
21005592
20983068
21027020
20971176
20988932
21008292
20967308
20986312
21006728
20980524
20973692
20936480
20961144
20984288
20972464
20995644
21003596
20967596
21005180
21012388
20982072
20999304
20985032
20987416
20946708
21292160
20988584
20970644
20972388
20975820
20997664
21107416
21020832
21080524
20996996
20979572
21023312
20971836
21021984
21440204
21234296
21036452
20966376
20954596
20969620
20963096
20969428
21026796
21009656
 
21002128
20973768
20969844
20983256
20987232
21005192
20996596
21032428
20954196
20999048
20960384
20999512
20954332
21026460
20986696
20979444
21061840
21032056
21062084
20961792
20962920
20972168
20952856
21032116
20921740
20991644
21005468
21015196
21019784
21029092
20949888
21022568
20994172
21068224
20975108
20959832
21008944
22427520
20936976
20948180
20983616
21012932
21005496
21040548
21009928
22355016
20997184
20990264
21030452
20983228
21054832
20993192
20962156
20949720
21053836
20958280
21078748
20972528
21062348
21009744
21086336
20978868
21032352
20947016
20983112
21034380
20982464
21047684
21001456
20946672
21093964
20974752
20938052
21000228
21003420
20949244
21085116
21013096
21044136
20974264
20992180
20973612
21031588
20993612
20982144
20993564
20959804
21021484
20992424
21044924
22274336
20964108
21009700
20963308
21025220
21010404
20973080
23857612
21041228
21005388
21032808
21002384
21087360
21016364
20962844
21028148
20933776
21007760
20985000
21062948
21001664
21078112
21023708
21001052
21037392
20969168
20996168
20977704
20981060
20966072
21020148
21022672
21005448
21048600
21024188
21013252
20986284
21037464
20984824
20978888
20983868
20988152
21024632
21027776
20988824
21021784
21005932
20947172
20980616
21014380
20985888
20976028
20947988
20954164
20980276
20970532
22345140
20975132
21010592
20957384
21031140
21951228
21080156
20987860
20964316
20966920
21017968
21025660
20943948
21024540
21008036
20942216
20972044
21015796
20996844
21038812
21014324
21005356
20973648
20987644
20943396
20970532
21011604
20980180
21012252
21029292
20976084
20953104
20992000
20921508
20979208
20972888
20916136
20983292
20996204
20982108
20920004
20996156
20922764
20940800
21061320
20961156
20988952
21039900
20958992
21015280
21032048
20976704
21058612
20956284
20950984
20960848
21063540
20939128
21003004
21117624
20937976
20939868
21011652
20912340
20945912
20996024
20953544
20990528
21059224
20923648
20984508
20978036
20954432
20996932
20989240
20955040
20994620
20988824
20964508
20930468
21028640
20985436
20983128
21014308
20940004
21031028
20997100
20957188
20953496
21025780
20909132
20955988
21044984
20926048
20963516
21049376
20921624
20930948
21311304
20912784
21298536
21009816
20960796
20985212
21072408
20889152
20913288
21020424
20956408
20948544
21062548
20959512
20988472
21096268
20970752
20940792
21056716
20928744
20958716
21007664
20973548
20992492
21013536
20964528
20951360
21111144
20966412
21002104
21064464
20967632
20952520
21088860
20926060
20949168
21070876
20962316
20992884
21031844
20931664
20971804
21032024
20931096
20986084
21059816
20983924
21011552
21081464
20952564
20968964
21062220
20990692
21012840
21112080
20976212
21540304
21122796
20918624
20988908
21069684
20872112
20955976
21096696
20958328
21010860
21054648
20951804
20982112
21049732
20944432
20915832
21099928
20902972
20944840
21083088
20920316
20989444
21092432
20940116
20925156
21141484
20920812
20947916
21095396
20954848
20994004
21075232
20963284
21046900
21079540
21023540
20961276
21121424
20995288
20947600
21169500
20937208
21004284
21222040
20969344
21050812
21109444
20957764
21022364
21118704
20987444
21145396
21096408
20978392
20949000
22277084
20977624
20920524
21162872
20967700
21004468
21156344
21020788
20938772
21121200
20918264
20997264
21128304
20985688
20950616
21190544
20967720
20935888
21142444
20980260
20964576
21126292
21023236
20950160
21152396
20958220
20942828
21158068
20952116
21035956
21128648
20960832
20953840
21163444
20966008
20962812
21077360
20983528
20968416
21278028
20961308
21097132
21053200
20992464
20991876
21162496
20994724
21029480
21150092
21411180
21456768
21119736
20959352
20963332
21173952
20975048
21030312
21176516
20993200
21002548
21104320
20973392
20941144
21148216
20929700
21006116
21071280
20938780
20962168
21093440
20949504
20980164
21143992
20970872
20985016
20891580
20966656
20952216
20931536
20969928
20994716
21044160
20990964
21007196
20998820
20967960
20969988
21021816
21020732
20999740
20991304
20996620
21006264
20976044
20948284
21004904
20950116
20955944
21018528
21004524
20999148
21005884
20981220
20993312
21975136
20956204
20929844
21079484
21005680
21076716
21007180
21027224
21021688
21015100
20992936
21015796
20990948
21022064
20941168
20985920
20991052
20985256
21010316
20997604
20965104
21016152
20917216
20964120
20950808
21009040
20995360
20965504
20974992
20970660
21061380
21133652
21011588
20982940
21007160
21024588
21010424
21023248
20963516
21110536
21002044
21079420
20989992
20979516
20964660
22025652
20940076
20930868
21022152
21003492
21026120
21031128
21004036
20957152
20974728
20954224
20983260
20999548
21010176
21006856
21002572
20979912
21024268
21005316
21025700
21021940
20993120
21011532
20995984
20969924
20973964
21002788
21000592
21018704
21032560
21006588
20987092
21009200
20968316
21006620
21011044
20995796
21009796
20975236
20937168
20968472
20978796
20952248
21012444
20999632
20958568
21046260
20986336
21023628
20962420
20995280
20924492
21352692
21802316
20990368
21015280
21021124
21010660
20963484
20985600
20970740
20972316
20985088
20956256
21032388
21011588
20942360
21046036
20972196
20939548
21022076
21008784
20972748
20995740
21029560
20991048
20968612
20960192
20935468
20945824
21004524
20979032
21000552
21014148
20901604
20911280
21055664
20955136
20990960
21070336
20965172
20936832
21035096
20954784
21004744
21056836
20967052
20954172
21050960
20903484
20927936
21042660
20919548
22139068
21002600
20909112
20950732
21072576
20944612
20938572
21038940
20971244
20984164
21064064
20905448
20933228
21037220
20919412
20980964
21001200
20912544
20930908
21051580
20921236
20986552
21060188
20957680
20962936
21015100
20933716
21008248
21079912
20979212
21018108
21018724
20935272
20961360
21057752
20977196
21032344
21038764
20952820
20935508
21006376
20963612
20936072
21052228
20954648
21026908
21046960
20998916
20948168
21018508
20926580
22260148
21042196
20935372
20995044
21096088
20970112
21005880
21105480
20933680
20977388
21102636
20970104
21000664
21020528
20895404
20951520
21100796
20923268
20978172
21124740
20899956
20933144
21048516
20903888
20952112
21098616
20959820
20973364
21118316
21016716
20999176
21108596
20928500
20954048
21089388
20920096
21002452
21127652
20925228
20949028
21046732
20964408
20978184
21095380
20967436
21023984
21152992
20927436
20940052
21088140
20906312
24916636
21286364
20953180
20987576
21109372
20944856
22425432
21067308
20934308
20944656
20991668
20957864
20973564
21062704
20961920
20930472
21042508
20986512
20953684
21078412
20947932
20977176
21016024
20931148
20988496
21044140
20966456
20939712
21106176
21037468
21000804
21092048
21028188
20954992
21085380
20907036
21012372
21125224
20950576
20991096
21192504
20923260
21009408
21128816
20935832
20947016
21994920
21216892
20936416
21155220
20918452
20937336
21160888
22047464
20925128
21103240
20962640
20958476
21156380
20913460
20975920
21042620
20981348
20955776
21142200
20968984
21050584
21049660
20966620
20955140
21142408
20959580
20992156
21156900
20959988
20994920
21126160
20969148
20984368
21185120
21133440
20952620
21093016
20921788
20952708
21098452
20956316
20980696
21108904
20964124
20922396
21137956
20909132
20959028
21090976
20944960
20941920
21058888
22445412
20927552
21094136
20926212
20958940
21159300
22264536
21301280
21128336
20967344
20931576
21103104
20909280
20939644
21062860
20905576
20972408
21100184
20970740
20988208
21116308
20963156
20941364
21091708
20919864
20963256
21039364
20975848
20943856
21091820
20960816
21013952
21074724
20964084
21004044
20930900
20973260
20982156
20960964
21007576
20997552
21061736
20990380
20958656
20878048
20966836
20965112
21002812
21000960
21020000
21029136
21006168
22444784
20937852
20942440
20988160
20982068
21036488
24258784
20928676
20933824
20956652
20960016
20925128
20988632
20973236
20957264
21025964
20966072
21040364
20952252
20979088
20947552
20950540
20948840
20968504
21014360
20936324
20929188
20944372
20989940
20929332
20997800
21008416
20989420
21001480
21018532
20951752
20932996
20899440
20969352
20927420
20981364
20953336
20977984
20960400
21029276
21023524
20975712
21038416
20997564
21073128
20966728
22505148
21190644
21013616
20941532
20971072
21006216
21015876
21031800
21020788
21390632
21186132
20985772
21000884
20985676
20979340
20985688
21031644
21052520
20948072
20967864
21006548
21003548
21009480
20989064
20992348
21017712
21008364
20956848
20971040
20984528
20930040
20976700
20996740
20947152
21008100
20951588
20922492
20980404
21050008
21066380
20950088
21086116
20963860
21064192
21012460
20925256
20948720
21036060
20974892
20929396
21007600
20913216
20998648
21056732
20988900
20943160
22690308
20923676
20961108
20971600
20941776
20938136
21031708
20919964
20936244
20994500
20862660
20934460
21052692
20903224
20937512
21034120
20917980
20967360
21037540
20930272
20981816
20973824
20925972
20973280
20980268
20943236
20971828
20988120
20955664
20929376
21063476
20898384
20935584
21020264
 
20897520
20993164
21000316
20955008
20972464
21030536
20929372
21003520
20994380
20992772
20953860
21033596
21363052
20916172
20964264
20888764
20944964
21174364
20919544
20956364
21087172
20936260
20975500
22386572
20894196
20934644
21051480
20967700
20954864
20971088
20927668
20973304
21056724
20971664
20943764
21014404
20953420
20998080
21041624
20972668
20983788
21057508
20959388
20962624
21028460
20934616
20994916
21021556
20939948
21022848
21071404
20908808
21003144
21072700
20961460
20980076
21079308
20945992
21047736
21067492
20982792
20952116
21083712
21015504
20996296
21073708
20925344
21306152
21925772
20989548
20931104
21041024
20958636
20973244
21101044
20906180
20974476
21102680
20931468
20948564
22190032
21155160
21001388
21103240
20964728
20937308
21078080
20904796
20961156
21060392
20949524
20973812
21009992
20910824
20938384
21127228
20909900
20989708
21011640
20959024
20918896
21057276
20939408
20999896
21140352
20980372
21032144
21094680
20925424
20953340
21081128
20943112
20979652
21038772
20958388
21324808
21120660
21005028
21000128
21124312
20958480
21939120
21362548
20920988
20956032
21128568
20956820
20945040
21106388
20987540
21020280
21083432
20920036
20959996
21112120
20948968
22307624
21064976
20972376
21000632
21066848
21013232
20948676
21116556
20982356
21015288
21105392
20999324
20985144
21200924
20917900
20982576
21128292
20923564
20963264
21108156
20928348
20955036
21074484
20930624
20986500
21078132
21016668
20928284
21110500
20965888
20999468
21093828
20924772
20948744
21125128
20971800
20924028
21042756
20943804
20932540
21263188
21226632
20990348
21082508
21027432
21019108
21138536
20927332
21006352
21046544
20896132
20922720
21110880
20998108
21028560
21047576
21330200
21013532
21144152
20933780
20989400
21147740
20999404
20969384
20881540
21036924
20954584
21042792
21007916
21038184
21059072
21016532
20982504
20970856
21001908
21028972
21026436
21016640
21032120
21009940
20937224
21045548
21011992
21002616
21006152
21021004
20946264
21014404
20966004
20944360
20949500
20920760
20973268
20986352
20965712
21490860
21023868
21019396
20960548
21013780
20949796
21056616
20977884
20975096
20950672
21047584
20933716
20996480
21016984
20953464
20969052
20958204
20945184
20985168
20962256
20958756
20988024
20957436
20973052
20976400
20970476
20972228
20999296
21008956
20974836
20989560
21008956
20935288
21018764
20988560
21077648
20926608
21015680
20974376
20974560
20973984
21029868
21049372
20976500
21000244
20955216
21022204
21300180
21712384
20974596
20971168
21005568
20988224
20930844
20973380
20979072
21032272
20998672
20945932
21060032
20982084
21067120
20970008
20947188
20929224
21055928
20959100
20980496
21003988
21062308
20977992
21062848
20989980
20987044
21055116
21008512
20955088
22223588
21019472
20934428
21049068
20976796
21000696
21019980
21084292
20991316
21082456
20957540
21072564
21018864
21088552
20953212
20979872
20981148
21060020
21012040
21099064
20944348
20999120
21014872
20950960
20969660
20961600
21202660
20952768
20984416
21017592
20974016
21004180
20985720
21023028
21036240
20947596
20983224
21058652
20925384
20952820
20992856
20925128
20981068
21024244
20921236
20967068
21044096
20963420
20978720
21017888
20947056
21044752
21041580
20922040
20945824
21045716
20978224
21366352
21871504
20938312
20991128
21094564
20966008
20940292
21037216
20937284
20964816
21002084
20905628
20998056
20981312
20908380
20922672
21070592
20943564
20976980
20953820
20944248
20983788
21062100
20919120
21764204
21055716
20982992
20969388
21009580
20920096
20980260
21068684
20915380
20937408
21010208
20951536
20977348
21075908
20926100
20931064
21075444
20968728
20936160
20992696
20913648
20972864
21007064
20902304
20906424
21088012
20965216
20930768
21090156
20916724
20963476
21120248
20901252
20960816
21516864
20912664
20941112
21057444
20958128
20966364
21095868
20973556
20995972
21011392
20983164
20972592
21086932
20916884
20946532
20999448
20950708
20986720
21034556
20929236
20943164
22336004
21193364
20910748
21032368
20968088
20999664
21050668
20935936
20941420
21096348
20978592
20944232
21078176
20973860
21000804
21119856
20918984
20951972
21159036
20874180
20977520
21081280
20948932
20997444
21100568
20928212
20986796
21130288
20957624
20915608
21102988
20972752
20986504
22516660
20958884
20953796
21117128
20984008
20933976
21095728
20983032
21008080
21051452
20918956
20988544
21034220
20894396
20933332
21193356
20969432
20937036
21049076
20922220
20980052
21766556
20913672
20944648
21051872
20986888
20927776
21049584
20969884
20994312
21126508
20957148
20984544
21049676
20964324
20993296
21063424
20977428
20934328
21093920
20964100
21076968
21109844
20964916
20947340
21096080
20912512
20942528
21155588
20939892
21412896
21156836
21048620
20961572
21134276
20995972
20920188
21136700
20971200
20982656
21104372
20971076
20996908
21197344
20919568
21018596
21125600
21012708
20940380
24263004
20981220
20950812
20992476
20930164
20949788
20973992
20880780
20951116
21088868
20973000
20920144
21072016
20938936
20935952
21055540
20907888
20945092
21022816
20924460
20925700
21076412
20920488
20984592
21109580
20969020
21008324
21030068
20963000
20978148
21028744
20921672
20925440
21043128
20931396
20990732
21056048
24257696
20981668
21167364
20912496
20989756
21072268
21007548
20940300
21024856
20931352
21021560
21096600
21003748
20936684
21107284
20962728
20918324
21098232
20929680
21024796
21137312
20963888
20960560
21098032
21019084
20926716
21108428
20919628
20991000
21085036
20902484
20998124
21088384
20958708
21026904
21055612
21000756
20984856
21169968
20904752
20983248
21070336
20993428
20978752
21088100
20954860
20948572
21124324
20941380
21007832
21106128
20995940
21012840
21093176
20952000
20966352
21090228
21929252
20925976
21130264
20956888
20969476
21126252
20973400
20981360
21071024
20918136
20942816
21128440
20980796
20953196
21080224
20908080
20979876
21894944
20967424
20950216
21165580
20979488
20928948
21114496
20929100
20913600
21114432
20918288
20986512
21163312
20909068
20990672
21116000
20954772
20991824
21122892
20927820
20967624
21144752
20911476
20924308
21188888
20967840
21049452
21157820
21023780
20941788
21142448
20998520
21298248
21106840
20964904
21011760
21228148
20900600
24237344
21099572
20994620
20978444
21189900
20946140
20995620
21175768
20894796
20929936
21084964
20965940
20994644
21132580
20880908
20943528
21138852
21367576
20934456
21100916
20935080
20932632
21046424
20942728
20999828
21090404
20927748
20924548
21039948
20923176
20953984
21106236
20962980
20924500
21071424
20948232
20988664
20859340
20962176
20962600
20961908
20986356
21015116
21019816
20946096
20966680
20942052
20986144
20982856
20982584
20948968
20923272
20942452
20958864
22504156
21031976
20967116
20995060
21003756
20970520
21046592
21004784
20919360
20964808
21070156
21014936
20920776
20970968
20975800
20984080
21012452
22469988
21091892
20986072
20966424
20950136
21019200
21010352
20943668
20999652
20952000
20998544
20978696
20944996
20978964
20955648
20983296
21000220
20968012
20968936
20958188
20982076
20973840
20958568
21008660
20941932
20982828
21009792
20912896
20973468
21008752
20933188
20995104
21007532
20944460
20960044
21023656
20967620
20991480
20953764
20924380
21011808
20974624
20970744
20996060
20998456
20996036
22289612
20975864
20982604
20964892
20993896
20997264
21004208
21013460
20927412
20990708
21010012
20931680
20948604
20973560
20989312
21031792
20927188
20958640
20986412
20959720
20991940
21008500
20981188
20985224
20946076
20962776
20989148
20973164
21011312
20945528
20992216
20996424
20930288
21004204
20924004
20955732
20917164
20982308
20921776
20975992
20951872
22279864
21102536
20913972
20978140
20989636
20943424
20958004
20955672
20931420
20992964
20974872
21015064
20930600
20958508
21681244
20997352
20959556
21027960
20944132
21007072
21043852
20992272
21005160
20961300
21012164
20993956
21159448
20923016
21032000
20994448
21047516
20938504
20967880
21030696
20949664
20970328
20929104
21045048
20999740
21058960
20969508
21005860
20955416
20975680
21084072
20980104
20975228
21050668
21010932
21010724
20962868
21003568
20882176
20959028
20927792
20917564
20992876
21350308
21389364
21010012
20992088
20974136
20941568
20962904
20986752
20971160
20977816
21007448
20956364
20984940
21832084
21006516
20951524
21065700
21025120
20982176
20970828
21065836
21021788
21020576
21026328
21004260
20984572
21021876
20962336
20985452
21013516
21029840
21054276
20950452
20998560
20993976
21063864
21041724
20947124
20999844
21026612
20896836
20977508
21030192
20979808
20979964
21038696
20909660
20974304
21051256
20981832
20940388
21036840
20916780
20942836
21031408
20966556
21524492
21247052
20954204
21005940
21069616
21040208
20930092
21098284
20969208
20918820
21063268
21896068
20940616
21053068
20909768
20983264
21040304
20961428
21056360
21005324
20949068
20978896
21071632
20965036
20982156
21182752
20969416
21042264
21034376
20966228
20954480
21080360
20954944
20943828
 
21091712
20958280
20968288
21146092
20923680
20933212
21160048
20902720
20980236
21059872
21021684
20936704
21127948
20919956
20968920
21103644
20920776
21006920
21178864
20974444
21047716
21068608
20974260
22197104
21079912
20881952
20966612
21088136
21027172
20980236
21010900
20963924
22318516
20988284
20978060
20974916
21029912
20947048
20973628
20990752
20918144
20963212
21134672
20914200
20969096
21048852
20913480
20978516
20998084
20917436
20952488
21006136
20938844
20950324
21040680
20944776
20955692
21100224
20924732
21036736
21079200
20913576
21671988
21083748
20960660
20970280
21069068
20933916
20995896
22197452
20970684
20936028
21105432
20954808
21011508
21036076
20916996
20989920
21038416
20954852
20986120
21082100
20964944
20975724
21095956
20913784
20956272
21087184
20962612
20950004
21089360
20951104
20956808
21122620
20909300
20983404
21132720
20970112
20957104
21091048
20972660
20980996
21524060
20933160
20970880
21106968
20960244
20939916
22011268
20935552
20931440
21116404
20938472
20934928
21099712
21247788
21791340
21133944
20936128
20976292
21081352
20918240
20939420
21114076
20958204
20990664
21133168
20931996
20946076
21191144
20950056
21026544
21107432
21018984
20924512
21142552
20915480
21039780
21091404
21032512
20930716
21159936
20966708
20992524
21235932
20901644
20953100
21228208
20909572
20981320
21090488
20950400
20984676
21078840
20938548
20974344
21133916
20902980
20957768
21121944
20948460
20966988
21102836
20952140
22253692
21154588
20943968
20922448
21085172
20955856
21397100
21366792
20921232
20936184
21108716
20943980
21008608
21154396
20886348
20959280
21153128
20965036
20970252
21166032
20923176
20993472
21136984
20977508
20943608
21105136
20936428
20996188
20898688
20964636
20996528
20958588
20945120
20950352
21038544
20968136
20999000
20958880
20984372
20989040
21035740
20968384
20963988
21004872
21047688
21269884
20967188
20961404
20993468
21028952
24683332
21236804
20970848
20974348
20966640
20909176
20979160
22288128
20952508
20924660
20951164
20942728
21000504
20980884
21017588
20959924
20980632
21000832
21014320
20929440
20985460
20986132
20938120
20953696
20978560
20951312
20932024
20989372
20913024
20956356
21003564
20892576
20939988
21005332
20925928
20918096
20965000
20916760
20957216
21024896
20898220
20954380
20991472
20947592
20974028
20997448
20927192
21017920
21067128
21002812
20948676
20987768
20941796
21029600
21014024
20976440
22438396
21229152
20977508
20947016
20928504
20969576
22127008
21269800
20905780
21013576
21001072
21031480
21018412
20956096
21004748
21001252
21026488
20909120
20962900
20965492
20967584
21011112
20990580
20966232
20948360
21108212
20979652
20947828
21021348
20915676
20949516
21039920
20920744
20976976
21020732
20974100
20939220
21036468
20917464
20951412
20990268
20880104
20937760
20970376
20954344
20920728
21851204
21344744
20976924
20994548
20928180
20943484
21013052
20984908
21011284
20970476
20972532
20990828
21024612
20942720
20991160
21036156
20947260
21017436
20991172
20982512
20945728
21081680
20891992
20924956
21070996
20915588
20967480
21012928
20972268
20969964
21120332
20964272
20979012
20965332
20953824
20966212
21013544
20965320
20905468
21013764
20911840
20978360
20997088
21018932
20935108
21050224
20937024
20931912
21035352
20942148
20967036
21032060
20939748
20957888
21048180
20953508
21220820
22274200
20951204
20978524
20988560
20911672
20935632
21051000
20938700
20925924
21046212
20940752
20953204
21065480
20920028
20924040
21065204
20896920
20922916
21035892
20954992
20967236
21020388
20920064
20963076
21092768
20960904
20897792
21091288
20946956
20971444
21063712
20915064
20919808
21074356
20962444
20966216
21054020
20913016
20962416
21087528
20882400
20963444
21115388
20954524
20919804
21075932
20945128
20967036
21115740
20918684
20925944
21095192
20942804
20994280
21048224
21021660
21015992
22674708
20997232
20928656
21090564
20980164
20979008
21048372
20971244
20947420
21097324
20956704
20932988
21106368
20950984
20984136
21128788
20940288
20961168
21056716
20919996
20926324
21044212
20930952
20966716
21072828
21009520
20947380
21074036
20962052
20965440
21112652
20905056
20933376
21114624
20959100
20947712
21073136
20915428
20976284
21072916
20909196
20914304
21106272
20949116
20922028
21078560
20926320
20922172
21113164
20939300
20970256
21203540
20912768
20960052
21153732
20964884
20993012
22190168
20900428
20946640
21108304
20922108
20966436
21123824
20940888
20952768
21124856
20924180
20950736
21141576
20919924
20932900
21078136
20947816
20991948
21045640
20923108
20993792
21111948
20905388
20936664
21095584
21019904
20958636
21110008
20959372
21003220
21065964
20938684
20935040
20914952
21046176
20926260
21203312
20966296
21041024
21021544
21004400
20973744
21004336
20964628
20970104
20947828
21001276
20956160
21041796
20977468
21028324
21002224
20931568
20946988
21001076
21110848
21051528
20988936
20918788
21000168
21011708
20950856
21109504
20995340
20957260
21005316
21009760
20914088
20954468
20968216
20921252
20977844
20974848
20921216
20972692
20946060
20968088
20987748
20949700
20960984
20907140
20981512
20977816
20941216
20967212
20931052
20960236
20970100
20979924
21021864
20993676
20993572
20982052
20951652
20943776
20990872
20960332
20975584
20995928
20974052
21007428
20961580
20926292
20961652
21300648
21769140
20936708
20964844
20922336
20975964
20944728
20933112
20924288
21009104
20986712
20928084
20989500
20965244
20949020
20994224
20935348
20918912
20984016
20923628
20932420
20961144
20947864
20981868
20986436
20941172
20969368
21009332
20996272
20948636
20977552
21005564
20950000
20973460
20936232
20990772
20962812
21061820
20998520
21033448
20978600
21039548
20892712
20949252
20969452
20919144
20968988
20967708
20961416
20936932
21018412
20965512
21030376
20970384
20921036
21064356
21314144
21778520
20985676
21002384
20974600
20999048
20964616
20984164
20942904
21001832
20925016
20949688
20963692
20908824
20942436
21036028
20974052
20971036
20956964
20926528
20997148
21037532
20925880
20914300
21020464
20910216
20919884
20964676
20945644
20959836
21043648
20959020
20924288
21035864
20947568
20959984
21036848
20919732
20932032
21058696
20974368
20899412
21002224
20929744
20928864
20993696
20921832
20981000
21036624
20958928
20941572
21212328
20953176
20977892
21056420
21430044
21481344
21104444
20959224
20933304
21056012
20926320
20958620
21053672
20942360
20953480
21032192
20926352
20934256
21071400
20940980
20981560
21060636
20953680
20913428
21055644
20908016
20991804
21085316
20881796
20923060
21079764
20905964
20923384
21080064
20902760
20954084
21132000
20938148
20937252
21059776
20974264
20919768
21148080
20956928
20906004
21074060
20944108
20937824
21101880
20915308
20936700
21082324
20958772
20974912
21063892
20907020
20937352
21052968
20952156
20985380
22426268
20901780
20934672
21110740
20963412
20923520
21056732
20962508
20996980
21062576
20911620
20932996
21126064
20973660
20945672
21129612
20908276
20930620
21111168
20983948
20988588
21135408
20905904
20981988
21136916
20976384
20939256
21125280
20972576
20971588
21093912
20929748
21002492
21158560
20977632
20997196
21095384
20949800
20997384
21160308
20953264
20983828
21179876
20965200
20927692
21072412
20947328
20975364
21123220
20890152
20923476
21058184
20932176
20957964
21398120
21779356
20992764
21010780
20890884
20959052
21147212
20911996
20965924
21096832
20988380
20958576
21117960
20928744
20987684
21108052
20924800
20969756
21038864
20920552
20989844
21067532
20971088
20981872
21081880
20954932
20992552
21067736
20968620
20946800
21098800
20962948
21008776
21081052
20966916
20984056
21157440
20937148
20999548
21204796
20933340
20949804
21224084
20980064
20986884
21097716
20912892
20994072
21368556
20954964
20924304
21124152
20925756
20935888
21079804
20964076
20976152
21158320
20904576
20945020
21158512
20971028
20997056
21111136
20970260
21012060
21081072
20913456
20963300
21123508
20970716
20929076
21101820
20923320
20970220
21163220
20958524
20980348
21188108
20961684
21000532
21085192
20970536
21000220
21052372
20928976
20959416
21173716
20985484
20936340
21124428
20984256
21024364
21144056
20966284
20945948
21130948
20985492
20927256
21091840
20969800
21076992
21161004
20989400
20948020
21914876
20962340
21023852
21064108
20947160
21044272
21114412
20933088
20958328
21179436
20895344
21015648
21069728
20987188
21004608
21044164
20976640
20961624
21057120
21002044
20927980
21063840
20960072
21059748
20892764
20990156
20970016
21030488
20997876
20956040
21024080
20951760
20989000
20989208
21007376
20988988
21069036
21004220
21036132
20953980
20995604
20976940
20966788
20946908
21000764
20947852
20980948
20996336
21008452
20952612
21041376
21146304
21010796
20958252
20971056
21020028
21249720
20938420
20981488
20974844
20927536
20989228
20980596
21038344
20933748
20962076
21042096
20915412
20953076
21009384
20942228
20939416
20982676
20933400
20989260
21016312
20962020
20986224
20955772
20970824
20991768
20943740
20958192
 
