Procesando...
  Filtro             : sierpinski
  Implementación     : C
  Archivo de entrada : lena.1024x1024.bmp
42320728
42341856
42245964
42323424
42280424
42349688
42256384
42288952
42196728
42432848
42315088
42336628
42361392
42331696
42277280
42366856
42280380
42298756
42313504
42320136
42296152
42333292
42315800
42313444
42385924
42309324
43985208
42290464
42372704
43581320
42275024
42281372
42266464
42253252
42319148
42309328
42279968
42313792
42275084
42343720
42226004
42293276
42271232
42276312
42280776
42273436
42332304
42268072
42274972
42273948
44001836
42363480
42241732
42263660
42332644
42313888
42303188
42280152
42378672
42394588
42321748
42273088
42326780
42355152
42316000
42250328
42370040
42338020
42289196
42327168
42279204
42315452
42408564
42279588
42344380
42568940
42278568
42313100
42290856
42203432
43213668
42362532
42302532
42375932
42308932
42372624
42310332
42377192
42325400
42290172
42367888
42351708
42299528
42255616
42278624
42288852
42464940
42377312
42335620
42410552
42263540
42333628
42285656
42286408
42582540
42402684
42273584
42300548
42338364
42362044
42281228
42243164
42294360
42256456
42389304
42332248
42288432
42344136
42329488
42292324
44501032
42289268
42298412
42322692
42335352
43976908
42314404
42329396
42355244
42398820
42375632
42374660
42348052
42258980
42368368
42304328
42299792
42332436
42354492
42289984
42390960
42298456
42231180
42314280
43048612
42270736
42350928
42360044
44997020
42321308
42273172
42266440
42279908
42363364
42377064
42269552
42373172
42283224
42291780
42260932
42230420
42334348
42411172
42209620
42249144
42828612
42282156
42334360
42724872
42308440
42266844
44661640
42341032
42261128
42378772
42298200
42298632
42231512
42300328
42308584
42286896
42289012
42255296
42316872
42248524
42343456
42304308
42287372
42253040
42608436
42280228
42304964
42311132
42252588
42322912
43325708
42288068
42278836
42254672
42265944
42262120
42259828
42180868
42252212
42303600
42324900
42250088
42275908
42276616
42201552
42293156
42220552
42327916
42295484
42280228
42732760
42277404
42276412
42350036
42398744
42297032
42313468
42354196
42344552
42290452
42335448
42286496
42460420
42382240
42344664
42283540
42295436
42238796
42362888
42224676
42375772
44557220
42347716
42251896
42290472
42315324
42252436
42259140
42309332
42303412
42353736
42296076
42353908
42233920
42403532
42321564
42316056
42332776
42266740
42323612
42263928
42269712
42328420
42270240
42323572
44449104
42297960
42287548
42283952
42260200
42317584
42300392
42242800
42255092
42332988
42342284
42272444
42244960
42271292
42267268
42301628
42300616
42409516
42336864
42322076
42297300
42290820
42473720
42316892
42388332
42372204
42416464
42292052
42202724
42328968
42360164
42305884
42233108
42343752
42322488
42395400
42289976
42262592
42329332
42265800
42286176
42296388
42355596
42303988
42364196
42284564
42330024
42279812
42348560
42321272
42314468
42367864
42308400
42228156
42251864
42220304
42282712
42301856
42241708
42236248
42305900
42245732
42290564
42299436
42331264
42178496
42388656
42349476
42275180
42289304
42293024
42338812
43633572
42399784
42295836
42349900
42283028
42314252
42420540
42234752
42260704
42426580
42327528
42338120
42323308
42308632
42350228
42220128
42291396
42349928
42275040
43583596
42188408
42356272
42272952
42284820
42285112
42312492
42285208
42290868
42257972
42258476
42337616
42260564
42366760
42266624
42256672
42264244
42228128
42285132
42250960
42255120
42275528
42300120
42326840
44142400
42363492
42284756
42317440
42362240
42346260
42334212
42312124
42280508
42275064
42306916
42293212
42269796
42417864
42235624
42269160
42335152
42241852
42314008
42273484
42256580
42314500
43990884
42325424
42374220
42314652
42340988
42271884
42356340
42358036
42330644
42289784
42264668
42295016
42172112
42335784
42252136
42306748
42330484
42317208
42293908
42258024
42283824
42282984
42338764
42890784
42304584
42353988
44938924
42336540
42374176
42282104
42375980
42339908
42301312
42269300
42325528
42310292
42269288
42305152
42363128
42324784
42253324
42321952
42342148
42283244
42247188
42308808
43902536
42370320
42284932
42205672
42281264
42293800
42233896
42305104
42378632
42339000
42358564
42241392
42348368
42346068
42355200
42275376
42212992
42272976
42307532
42295252
42296240
43638560
42409640
42243324
42315636
43260892
42305252
42443288
42314328
42412216
42332524
42184692
42281204
42269996
42272776
42318340
42308336
42289668
42251164
42318444
42221236
42266300
42310956
42284028
42286476
42301940
42224528
44802120
42306252
42347888
42321432
42287432
42296108
42304604
42317920
42303556
42278840
42273108
42286708
42288492
42375884
42309412
42357392
42270460
42237180
42360012
42272744
45175896
42304364
42303652
42262080
43260252
42167588
42297716
42374404
42334244
42294796
42302820
42302292
42269076
42266756
42317292
42312212
42289796
42341608
42260428
42221932
42504912
42217004
42291060
45592364
42287412
42362636
42325968
42321800
44875272
42287540
42224660
42309896
42311032
42247008
42243452
42292324
42280124
42296876
42357548
42319160
42294088
42245800
42210568
42307920
42668016
42302732
42220372
42281128
42356204
42308916
42484008
42319644
42278796
42374808
42316520
42265120
42259612
42267708
42255792
42316700
42238936
42296288
42253284
42268008
42321908
42331196
42314320
42373496
42428772
42315260
42327972
42372928
42292168
42293648
41979544
42252332
42261228
42305972
42269540
42254980
42217588
42352964
42292332
42274512
42352764
42308508
42262580
42298108
42328720
42311392
42280312
44553524
42293108
42293772
42480676
42263100
42322468
46097704
42310732
42255176
42325856
42345552
42329556
42315460
42301780
42247180
42236800
42265380
42283856
42238032
42263892
42239320
42280484
42319516
44271440
42327280
42272208
42368128
42320596
42322288
42322176
44777396
42296472
42236860
42366144
42358304
42259932
42284348
42355836
42334684
42319980
42389688
42390248
42321812
42301228
42593592
42364080
42346516
42338184
42387320
42289888
42165020
42297660
42379148
42309196
43616212
42307076
42284624
42298064
42330088
42321176
42274104
42271156
42264900
42329744
42338080
42279032
42287212
42295740
42328704
42306184
45103620
42275760
42281828
42316204
42243472
42286624
42480720
42294920
42265148
42311804
42309000
42304296
42306488
42317896
42323344
42320296
42311556
42303296
42271316
42569448
42382132
42308816
42264712
42348340
42297608
42256252
42322164
42353680
42282196
42345616
43474140
42368968
42247864
42288144
42364580
42376816
42314436
42357716
42353556
42326100
42397024
42241924
42315224
42271232
42320656
42767728
42305736
42235112
42294344
42253540
42304952
42335292
42319796
42330324
44936620
42299364
42314712
42287616
42299356
42304024
42320276
42295496
42251504
42212532
42286540
42291124
42310740
42284240
46132868
42260344
42305104
42450444
42262588
42236980
42254996
42273224
42317720
42262524
42918280
42285576
42269192
42282940
42290352
42252924
42311464
42332408
42321444
42311084
42325160
42575788
42313516
42277028
42391956
42309452
42318812
42247564
42329552
42279992
42228564
42299336
42236064
42236200
43680012
42317472
42302348
42301680
42206120
42249452
42326512
42283680
42175572
42237396
42349952
42301472
42970640
42617300
42343556
42311824
42246484
42232168
42256656
42233264
42629476
42291420
42429376
42411444
42338768
42168600
42316960
42257388
42267532
42240236
42317104
44307288
42313424
42335276
42270424
42294308
42299240
42270748
42299724
42301636
42275032
42281764
44610876
42261924
42254272
42257996
42226464
42345472
42359880
42282144
42295860
42352588
42188204
43650404
42243012
42272224
42371388
42383856
42326172
42411348
42283416
42260740
42220212
42274356
42275200
43656060
42264480
42245724
42297472
42342344
42380784
42300476
42323260
42382820
42308916
44186308
42288112
42324824
42287296
42257548
42330860
42344804
42249968
42268608
42315400
42333084
42289200
42626968
42383104
42324360
42276372
42337444
42323808
42328780
42342428
42382796
42343820
44045428
42302896
42319584
42281516
42267408
42286204
42317808
42314548
42283200
42357884
42284384
42315036
46221924
42287196
42391996
42274708
42276844
42335696
42319632
42456420
42348352
44248140
42284452
42268504
42287944
42282232
42300456
42528300
42238632
42299276
42367492
42324396
42268132
42238552
43122440
42340848
42369128
42264752
42264960
42315844
42273284
42300404
42296536
42301196
42270028
42389820
42226124
42305240
42265412
42299532
42315848
42323496
42328676
42328048
42356532
42346420
42248724
42332212
42298696
42244916
42310448
42335620
42346280
42308512
42248604
42360240
42266812
42308620
42295412
42231836
42309732
42282896
42234784
42215948
42284992
42350844
42450328
42381624
42347280
42326000
42237580
43473688
42176960
42274808
42302712
42374196
42359468
42341080
42271700
42322456
42308312
42306828
42276612
42313864
42360704
42231688
42722248
42319912
42380452
42301516
42569080
42309620
46357056
42323032
42385448
42275824
42298332
42289756
42286572
42285316
42277680
42258872
42304512
42324400
42342164
42261500
42278252
42350600
42200764
42254588
42295684
42309612
42303496
42344596
42235848
42302376
42357148
42316184
42280104
42624572
 
42548984
43165760
42248584
42230068
42306188
42329976
42339784
42308356
42291768
42221352
42243680
42175672
44246944
42360476
42640220
42337588
42302904
42338176
42314360
42229788
42414876
42277984
42224172
42255424
42202184
42309312
42290044
42276624
42298128
42722952
42273636
42249548
42345284
42293296
42777484
42325436
42341716
42276160
42329224
42269844
42254744
42262412
42287488
42323904
42362052
42304836
42363448
42314108
42348408
42358800
42313804
45412216
42239504
42391156
42316508
43191748
42307392
42283180
42300628
42274532
42314880
42347012
42283632
42328704
42341296
42281220
42312456
42368884
42336056
42285432
42449936
42430904
42317208
42332012
42252872
42316228
42165664
44159568
42350728
42198640
42254020
42287312
42302864
42231708
42240568
42245652
42293800
42294216
42254004
42231380
42297776
42438520
42253964
42778056
42257056
42308072
42228304
42355668
42311948
43615372
42239224
42248316
42377404
42286956
42254816
42293872
42271552
42208124
42291376
42318260
42306024
42275776
42295216
42270340
42361268
42238364
42188632
43065136
42333184
42307356
42326880
42257896
42313288
42259344
42249568
42183444
42274312
42297744
42354300
42313036
42283644
42210800
42253344
42329608
42275892
42337972
44313636
42375448
42530492
42369364
42286200
42266236
42255048
42265168
42366440
42322384
42235760
42254976
42283780
42255916
42354624
42449756
42289448
42248528
42349264
42272156
42301924
42253364
44590808
42297308
42261532
42325172
42274700
42295924
42380248
42282408
42281132
42214208
42278744
42299376
42171088
42230140
42209776
42333708
42343996
42339580
42300956
42325512
42447076
42377264
44884152
42307692
42230100
42322588
42359652
42366100
42335664
42306204
42358252
42295968
42303104
42278600
42253908
42331116
42322816
42329656
42323720
42266040
42236080
42312240
42480764
42312704
42363300
42333516
42259236
42323264
42341488
42314148
42295280
42316096
42256944
42275200
42289032
42244296
42244832
42322336
42318460
42283008
42278968
42271260
42353876
42288504
42381204
42385220
42340640
42319712
42294420
42262984
42301220
42245780
42294424
42321392
42297128
42421260
42298052
42313076
42324508
42320320
42358308
42382332
42395376
42281916
42315216
42425028
42407964
45665608
42318868
42304772
42279544
42305652
42256640
42352984
42268180
42249384
42284120
42407988
42288056
42313160
42287540
42215148
42260248
42354840
42211948
42281092
42348028
42249596
42279256
42334596
45140688
42312756
42327556
42290640
42294804
42290772
42365800
42348280
42251236
42275784
42275196
42288828
42319084
42352524
42329076
42264552
42243704
42320276
42315068
42293836
42990228
42379544
42271576
42314884
42330544
42372916
42266784
42310496
42251796
42374732
42253312
42198768
42259712
42255756
42402720
42274156
42337924
42279752
42322560
42259000
42277888
42312544
42672616
42305840
42300984
42309624
42307188
42320780
42363212
42314632
42418036
42554088
42338208
42268216
42247188
42327400
42296872
42251940
42355696
42235180
42281876
43926076
42380768
42323840
42737964
42338884
42303248
42350264
42303280
42310924
42352008
42320428
42306060
42288212
42279364
42348440
42354312
42238992
42370144
42352156
42346572
42306616
42314784
42311004
42248804
42293880
42191552
42247232
42432844
42272928
42348476
42273428
42272820
42269872
42305996
42289244
42290664
42281256
42309820
42282104
42231684
42258596
42413304
42273376
44307660
42379528
42408392
42286488
42361224
42370332
42324816
42478096
42300016
42297136
42395548
42277992
42266420
42316496
42273172
42313888
42325948
42276664
42374096
42368440
42307284
42306124
42708212
42283740
42409436
42290392
45411396
42365216
42315000
42267008
42266900
42312852
42296104
42322092
42419528
42344464
42322588
42406472
42297048
42289304
42231592
42376752
42252140
42302732
42331328
42494572
42310084
42350008
42319236
42324072
42330544
42271156
42309676
42263476
42227820
42205712
42254256
42303824
42266372
42250420
42296432
42259240
42229504
42252156
42154776
42306724
43817808
42272012
42304340
42252384
42302860
42398604
42345696
42274968
42234656
42273560
42367112
42316316
42366052
42251520
42148244
42279496
42435640
42236216
42246696
42159128
42226612
42223576
51795780
42315748
42299328
42277676
42289784
42377888
42235668
42285024
42259460
42229816
42267104
42267936
42386692
42286068
42298748
42307472
43369780
42297920
42252924
42349320
42816024
42260408
42331980
42216640
42283732
42303556
42255264
42295456
42206312
42268712
42278112
42225244
42354412
42308248
42287848
42322376
42307668
42240080
43288488
42315672
42278176
42292400
42241312
42379824
42293268
42317612
42280032
42277980
42263516
42324572
42281860
42260440
42270648
42298740
42249448
42307188
42270492
42262828
42279424
42282736
43620216
42311884
42160288
42274988
42392040
42297496
42334476
42229764
42271576
42295780
42299556
42309424
42220132
42398048
42330308
42262596
42321396
42284508
42340892
42231324
42226628
42311440
42261408
42297064
42260560
42338956
42303412
42250884
42323020
42278088
42282240
42258148
42333908
42249304
42282780
42292924
42369952
42276876
42323768
42202784
44672020
42280548
42342824
42235936
42198876
42248232
42248780
42263020
43130864
42306296
42242140
42311052
42252372
42261296
42266820
42287936
42226312
42308068
42298248
42282344
43333192
42311968
42281256
42398368
42257844
42363420
42183544
42287068
42259364
42191620
42306904
42302316
42402784
42210100
42370680
42257504
42267944
42330152
42519632
42259164
44493844
42378476
42262304
42285952
42251164
42190160
42313824
42247384
42301984
42281752
42489796
42320744
42267672
42249724
42296920
42242160
42322412
42243160
42331680
42307764
42196916
44135464
42283956
42282636
42274808
42256400
42402764
42312928
42240896
42174308
42338428
42229556
42261672
42347400
42349224
42288388
42325700
42333224
42274964
42334304
42309580
42247076
42262748
42267556
42291824
42405148
42193184
42271484
42229320
42259216
42388060
42364780
42222704
42322004
42360464
42338248
42282852
47955788
42302508
42268932
42260236
42261248
42348328
42259572
42236568
42355816
42269552
42277704
42218640
42607704
42314424
42271400
42368932
42302364
42285208
42288144
42296180
42317400
42363912
42318264
42550708
42261500
42268592
42253328
42233020
42402300
42301164
42296796
42401444
42350104
42290212
42365684
42263652
42302560
42231416
42306132
42261556
42273744
42177096
42219124
45438456
42268316
42400624
42328824
42271992
42301260
42289644
42267312
42292524
42943272
42298196
42308992
42402668
42235852
42328160
42300536
42304660
42259512
42243188
42299424
42195428
43846344
42292292
42300796
42318196
42296944
42264560
42291076
42298972
42451224
42291756
42256820
42280208
43151844
42395464
42292876
42370412
42296064
42286680
42301512
42326372
42353472
42316552
42275956
42241492
42241808
42251276
42357980
42225984
42329456
42676256
42278344
42219284
42173112
42294184
42331884
42207160
42207236
42283912
42307680
42283300
42368456
42236852
42328396
42402548
42364824
42295148
42303860
42345004
42351084
42487676
42291588
44118360
42318984
42311524
42291568
42269304
42249756
42319764
42290756
42300296
42240640
42324228
42354796
42326360
42286456
42233708
42222852
42266532
42297128
42373396
42299424
42335980
42293348
46434384
42362844
42283684
42299100
42299684
42322476
42328388
42281800
43207480
42292352
42277028
42318652
42401192
42324628
42332776
42368340
42199404
42262424
42279592
42171192
42293464
42256692
44867516
42371760
42263572
42343800
42359536
42601200
42282508
43437276
42280432
42316784
42324776
42287160
42309100
42338844
42315856
42318204
42331448
42318264
42377852
42253556
42600924
42331156
42439416
42262608
42318516
42303508
42263336
42291692
42239864
42251396
42310148
42232984
42226428
42230332
42309604
42287916
42421752
42219724
42300624
42254664
46156948
42319508
42340192
42281272
42285684
42395776
42315288
51061256
42295832
42310932
42248520
42400144
42288636
42238888
42335400
42262644
42263604
42291356
42262436
42213468
42235868
42314312
42266356
44111588
42278128
42292060
42319772
42323540
42932704
42305460
42206608
42319072
42256836
42245928
42256908
42257948
42318488
42327620
42282900
42274588
42236056
42379752
42251956
42166784
42302740
44631128
42320480
42316244
42349508
42122868
43710336
42346016
42300908
42326720
42313360
42298492
42255588
42304828
42287024
42275040
42258900
42331428
42332668
42341924
42402992
42298716
42308220
42568140
42364092
42568308
42382412
45134452
42290660
42332856
42324392
42285852
42328608
42338116
42336692
42282764
42314008
42273656
42294560
42303932
42249996
42261452
42284216
42227152
42325756
42598808
42704480
42328272
42234500
42303368
42266880
42371736
42249080
42259016
42276332
42260708
42384312
42278192
42329632
42287584
42411636
42353720
42184200
42317500
45229696
42400368
42237868
42625420
42218116
42268976
42292068
42303808
42260104
42310464
42370540
42239196
42359680
42279364
42233348
42234552
42322112
42257704
42228448
42284396
42323536
42183916
43856812
42316492
42309828
44940752
42243560
42244392
42222728
42236588
42381640
42334668
42329188
42268564
42222040
42375556
 
42281392
42354548
42279276
42333372
42286724
42381740
42345064
42393612
43213828
42289804
42366068
42342924
42219028
42422072
42270948
42291316
42351812
42333868
42241428
42268676
42389948
42301324
42341128
42391624
42323744
42284988
42328544
42217300
42316676
42334412
43162844
42323708
42082644
42284556
42365588
42333300
42298704
42319460
42351996
42267436
42337464
42334276
42299392
42282224
42314000
42334768
42313756
42315112
42345292
42325924
42590100
42450416
43956920
42321916
42291904
42285112
42257828
42284576
42260264
42295164
42275556
42245996
42305500
42251292
42333872
42307016
42229800
42434292
42389420
42284116
42398864
42312008
42288288
42318308
42357360
42333372
42394696
42243044
42469448
42299176
42216572
42277436
42251492
42283084
42330324
42353476
42352444
42357984
42333800
42375608
42290632
42588436
42267736
44206104
42328720
42233628
42294636
42293640
42219472
42296020
42313116
42286256
42301164
42279432
42272316
42289820
42248736
42347516
42318824
42364932
42224452
42180072
42289884
42237960
42329684
42230476
42257204
42305472
42335160
42273096
42284400
42284500
42320100
42354848
42341648
42283164
42240448
42288924
42300976
42265224
42276812
42315968
42295680
42320288
42342864
42306460
43612496
42284112
42244236
42308680
42357292
42299376
42288144
42352768
42332804
42267264
42360144
42282184
42310340
42298372
42291844
42279668
42337460
42292420
42279216
42250028
42287908
42243400
42291244
42267228
42301456
42262640
42344892
42257100
42314596
42269616
42289268
42314732
42285732
42306176
42245488
42252308
42273480
42320092
42420416
42445124
46511012
42231304
42271336
42222952
42283664
42318160
42327356
42394664
42338448
42314648
42348276
42308624
42296028
42298736
42281056
42359256
42373084
42133580
42314440
42315016
42335188
42491736
42359476
42366424
43114852
42374980
43540796
42356596
42312768
42219144
42365344
42388632
42310764
42356352
42350500
42261136
42348060
42246128
42263156
42298012
42308848
42335372
42349264
42293100
42266508
43042596
42303688
42309796
44363460
42311712
42298564
42286144
42295776
42260748
42215788
42296932
42240364
42295740
42266000
42300692
42284044
42259868
42277372
42250432
42322004
42267084
42284248
42344540
42290192
42361132
44375016
42348348
42251764
42296460
42302364
42226016
42317808
42311312
42273140
42289248
42254028
42269308
42524436
42313144
42217228
42231040
42217416
42276820
42288408
42293392
42233300
42265916
42263228
42340368
42289864
42859716
42295824
43320680
42404944
42788832
42605828
42319944
42330572
42261132
42292424
42290216
42314812
42284468
42331164
42284500
42374636
42298948
42287448
42282960
42270264
42235960
42272496
42217732
42226392
42301000
42378872
42400320
42266812
42276744
42816532
42270684
42987564
42346064
42134708
42299760
45722040
42327448
42351348
42331088
42268140
43343560
42279216
42336708
42252044
42321712
42291788
42271956
42316700
42335848
42250024
42315392
42323872
42467064
42694720
42304740
42287300
42235988
42413168
42273676
42394372
42178580
42339912
42486588
42275340
42579376
42244656
42210800
42281268
42382716
42243660
42181016
42217712
42255704
42321948
42859736
42392984
42396132
42409884
42390116
42302548
42302588
42341988
42332104
42352272
44103744
42259632
42277924
42237616
42314892
42318400
42308952
42295604
42193824
42294368
42355212
42303960
42289876
42295540
42284660
42285996
42377152
42331292
47222672
42388004
42296260
42229200
42332976
42241156
42303872
42290008
42279012
42303992
42301288
42337196
42292188
42328952
42271392
42361236
42322380
42330612
42359992
42317004
42287568
42315892
51769732
42269192
42346132
42348896
42332196
42306940
42303996
42251152
42305724
42392596
42275160
45029292
42246660
42278256
42305664
42306864
42425676
42233628
42304136
42286876
42277360
42289292
43411144
42347792
42346096
42250428
42490328
42289888
42220196
42290500
42662568
42293524
42402704
42334336
42340680
42303596
42295796
42331208
42288008
42285604
42354484
42334932
42673020
42294528
42292252
42372716
42319592
42313956
42301304
42260328
42272000
42326212
42317328
42338004
43708816
42322440
42296344
42208824
42397792
42229624
42388204
42383348
42287352
42228864
42287420
42276904
42764632
42202784
42260128
42323832
42307500
42226456
42295332
42303840
42205748
42687664
42369992
42328788
42278468
42342068
42228940
42403668
42385416
42331228
42269888
42257092
43177064
42278424
42239212
42296412
42314808
42350404
42429628
42345336
42351464
42292908
42274120
42317060
42331856
42394660
42252120
42258000
42290900
42313660
42267988
42502480
42319480
42298520
46069032
42290800
42233464
42242564
42425932
42233920
42271720
42283996
42512840
42359116
42341928
42264296
42374776
42297640
42421220
42331784
42271536
42290064
42240520
42280656
42445328
42371456
43358940
42308680
42202916
42297172
42292740
42273268
42237892
42238868
42400860
42279272
42299896
42342076
42284184
42288524
42295848
42319884
42326076
42266608
42280184
42450976
42540320
42250052
45052236
42366436
42271712
42315652
42282684
42340368
42307596
42469528
42247632
42351508
42316452
42306716
42393672
42362500
42324216
42327564
42343572
42248412
42325716
42584428
42259228
42212628
42291716
42243236
42326160
42300308
42353432
42328844
43778224
42319244
42279708
42314452
42305340
42263316
42344800
42368328
42228024
42307884
42304560
42267612
42371416
42342404
42248140
42334300
42356536
42229172
46310228
42305740
42344016
42299192
42192540
42283612
42390272
42310076
42374440
42338012
42297512
42343844
42281352
42332220
42273724
42290120
44168964
42269664
42281808
42303224
42250824
42240376
42319820
42365276
42267332
42332376
42385676
42249016
42269388
42321116
42343008
42231520
42296648
42255268
42163056
42251460
42229176
42325180
44349208
42172628
42310952
42329876
42252956
42439524
42250512
42341808
42267388
42302056
42260432
42264492
42282416
42287568
42263284
42231956
42257572
42311452
42211468
42296800
42224352
42268076
43452672
42292800
42330168
42295024
42302728
42268620
42154800
42222108
42278552
42285016
42274908
42239056
42251036
42149072
42247624
42335748
42289148
42276504
42228536
42288600
42301196
42220216
44516372
42316032
42499916
42299112
42304512
42299732
42346504
42257596
42223732
42367280
42226072
42156164
42250392
42336524
42275616
42343840
42288576
42185524
42271200
42279044
44537916
42277996
42316456
42259832
42312996
42270172
42203484
42245828
42302964
42270328
42233276
42246932
42333304
42277556
42304296
42265216
42357568
42263848
42228504
42272052
42297964
42251864
43966832
42294784
42310208
43151388
42323660
42337860
42324468
42286988
42333508
42318368
42274256
42254764
42248112
42263984
42241416
42240968
42308464
42268268
42204784
42292720
42319556
42209776
44323624
42304108
42223572
42248116
42294788
42326436
42334676
42292164
42278616
42220500
42306576
42228464
42320532
42284040
42289108
42267596
42282044
42204252
42246188
42281832
42409660
42316940
43052736
42276472
42297532
42284992
42236844
42281508
42253212
42435316
42265016
42390116
42244696
42323344
42324268
42253324
42335256
42298732
42247076
42225136
42324292
42321680
42312724
43004800
42315564
44283200
42333748
42382752
42347792
42281540
42227464
42433636
42355184
42333364
42226292
42429672
42243644
42406276
42268244
42257920
42248276
42450504
42326324
42380788
42887968
42335612
42301288
42323520
42326812
42285744
42349980
42392696
42304128
42362612
42342596
42365088
42394476
42324388
42334344
42325284
42323496
42336992
42345496
42264056
42336972
42328324
44440832
42253040
42319300
42245224
42270960
42329164
42381552
42304488
42207356
42232484
42330972
42201956
42259488
42290928
42284116
42399000
42248768
42490100
42291528
42333700
42194492
42294560
42548452
42339144
42256132
42414408
42395732
42287252
42297820
42280720
42239836
42362628
42293668
42246976
42327520
42313320
42278456
42252340
42330840
42284480
42297912
42284016
42239180
42230700
42262672
42278936
42322404
42317616
42275380
42298000
42308252
42235040
42307336
42211880
42331536
42429308
42304480
42207164
42319160
42375112
42304288
42332896
42269816
42326684
42307792
42305816
42995348
42281424
42336668
42294584
42411616
42172840
42399748
42318672
42285240
42295720
42415680
42335488
42281604
42272412
42199140
42283092
42496880
42504480
42366736
42328480
42383720
42241148
42234060
42286436
42221516
42296464
42296192
42239408
42254392
42284188
42247660
42290088
42288076
42315492
42263436
42274496
42346520
42332840
42252004
42407088
42285620
45220332
42346248
42236996
42303812
42379040
42310292
42309748
42251164
42279492
42278016
42305404
42287268
42295400
42280404
42176060
42302836
42399420
42267784
42293840
42303804
42225248
42352172
42223996
42206460
42286972
42337992
42276248
42280540
42230868
42264392
42292240
42289556
42307188
42307700
42199564
42244084
42341468
42265736
42510528
42266328
48886472
42244776
42592348
42367240
42620992
42284160
42290924
42425948
42309788
42309284
42299488
42313184
42348208
42317492
42264360
42265424
42264400
42326232
42320344
42302836
42210188
42226704
42318200
42293144
42262624
42262312
42237920
42263284
 
42240076
42251628
42333512
42292332
42264812
42342460
42363636
42304448
42329648
42252612
42661980
42239708
43097612
42290612
42442940
42681616
42271552
42302956
42182200
42312308
42274964
42295812
42599488
42332560
42138628
42232932
42259856
42190496
42248560
42277864
42310504
42334136
42344224
42305316
42374076
42287480
42295760
42323356
42388096
43827336
42326728
42322800
42298160
42298840
42315116
42282888
42261332
42324520
42256452
42446068
42295224
42235300
42327460
42269212
42367952
43649208
42359660
42352712
42345604
42316804
42295068
42419848
42330276
42327252
42276300
42318264
42322808
42306712
42305396
42288784
42302256
42435496
42361616
42371052
42320528
42627792
42446812
43757100
42316736
42301028
42301180
42260536
42269736
42371600
42520456
42204716
42298424
42309252
42244284
42310812
42265808
42347628
42311388
42325448
42274076
42310336
42336980
42295680
42339668
42592124
42276328
42281684
42301856
42241648
42270072
42299036
42187528
42305424
42258768
42204376
42310332
42400896
42346144
42231708
42419176
42316152
45227088
42307304
42328004
42338336
42282748
42315520
42286412
42324612
42689972
42303172
42235056
42204320
42267976
42225472
42251604
42298884
42177928
42964388
42283156
42272864
42272708
42286400
42237444
42243508
42236720
42285240
42229724
42309680
42510312
42282716
42372984
42336192
42312456
42301272
42300832
42437528
42272964
42265500
42334576
42352820
42319720
42247240
42284412
42296976
42318260
42290724
42392460
42338580
42296260
42269872
42395992
42320412
42296600
42258540
42278400
42276836
42273260
42329528
42279268
42343376
42315352
42306064
42297004
42358112
42300008
42294884
42232952
42263100
42207796
42301036
42361284
42315852
44297640
42287376
42425656
42290212
42338196
42345496
42529680
42297148
42966960
42314224
42312244
42304388
42321748
42286732
42303012
42303580
42354920
42312140
42299276
44185232
42239052
42435100
42301196
42278296
42318620
42319052
42286080
45175048
42323564
42239472
42242948
42220352
42330868
42353300
42334780
42266160
42244580
42240812
42267964
42290856
44537248
42314044
42310648
42309120
42360532
42317408
42300340
42216876
42330292
42302512
42302292
42279896
42245272
42266580
42188932
42265960
42353392
42240200
42244160
42232836
42300856
42353924
42287608
42633224
42263468
42331016
42321636
42348396
42300400
42357604
43240336
42323284
42197936
42404376
42270592
42217656
42307680
42359132
42282076
42391300
42387380
42199048
42353292
42798560
42265744
43018428
42303024
42274188
42281040
42350372
42309060
42265204
42207392
42264208
42257828
42293460
42243604
42240736
42292356
42204048
42249884
42207644
42337780
42326040
42254788
42341732
42258024
44493664
42377368
42300632
42247624
42228108
42251548
42802476
42265616
42256048
42289248
42324056
42267216
42252620
42271348
42309820
42270904
42234992
42291980
42209592
42237188
46040376
42298304
42354332
42269620
42243732
42312220
42203884
42299316
42306552
42302624
42279756
42332268
42340456
42298800
42282300
42279180
42288656
42332984
42337328
42281840
42351736
42427900
45699364
42409116
42289212
42274828
42402688
46421620
42355972
42336592
42318032
42250216
42276768
42304420
42237284
42288784
42314952
42333116
42377404
42274764
42200780
42261168
42352668
42370468
42460896
42327944
42348556
42267288
43318500
42363404
42284448
42347228
42270416
42327176
42268620
42248708
42268404
42354776
42235104
42239880
42436924
42740240
42362804
42257684
42303924
42214584
43703496
42279136
42346600
42279316
44885732
42262244
42355048
42396552
42277596
42295068
42301800
42327460
42325904
42345180
42284472
42376392
42362328
42324592
42282908
42272532
42297888
42305180
42589956
42391836
42289084
43943560
42363744
42801620
42276676
42284892
42307600
42299320
42345420
42296472
42322692
42295008
42216508
42274636
42301180
42566408
43404380
42402612
42293272
42353508
42280880
42332312
42304308
42362964
42318528
42318644
42265776
42311808
42298708
42286636
42276276
42287940
42231268
42372984
42328556
42268416
42256440
42344660
42681384
42252648
44102404
42305392
42288576
42290700
42269824
42250592
42259712
42249592
42247640
42264960
42349584
42304472
42308708
42278184
42403420
42327832
42304840
42317628
42390616
42333624
44021112
42319048
42378996
42307824
42484688
42412600
42388248
42390396
42421584
42410620
42388784
42364488
42318084
42290472
42294004
42364764
42312128
42308440
42324140
42324440
42405152
42285028
42628536
42281108
42301300
42267728
42266236
42407852
42335664
42306168
42722640
42252276
42250096
42386588
42276824
42245104
42401052
42272816
42199412
42169868
42279092
42277728
42273032
42313096
42490840
42274176
42311476
42351456
42357768
42311436
42259752
42282136
42259384
42278396
42265088
42330940
42220912
42300628
42280488
42314264
42440832
42278704
42401060
42477064
45269744
42308024
42315076
42241272
42403468
42358736
42370408
42218568
42200692
42362864
42284700
42250316
42509168
42331492
42320176
42266852
42468084
42414932
42368384
42205404
44033364
42308272
42235628
42257036
42287764
42275208
42236612
42342972
42297860
42354144
42248080
42282548
42253676
42295684
42269268
42304084
42241520
42268632
42281212
42314344
42322000
42968816
42337680
42304172
45423652
42328028
42346056
42217136
42257044
42266116
42245624
42326988
42285656
42244300
42232704
42210360
42276768
42264724
42278516
42345284
42408188
42261588
42234620
42285908
42229704
42401584
42241176
42306976
42250056
42280536
42284776
42254008
42281924
42270652
42190172
42233588
42381436
42364212
42445864
42264216
42183368
42250272
42234520
45685272
42340724
42303272
42307928
44818104
42349468
42255004
42256636
42253372
42329912
42280740
42293680
42243400
42287724
42284896
42229956
42328976
42761840
42333908
42354232
42237308
42279488
42302192
42278472
44754904
42304160
42522268
42188360
42223220
42231888
42322412
42299184
42283808
42247476
42253956
42228868
42236768
42209096
42279260
42304160
42659192
42279172
42259232
42332376
42330232
44614196
42264800
42283932
42282168
42220516
42224224
42283592
42322060
42283372
42335344
42281040
42341652
42320776
42281836
42288436
42291636
42781128
42273104
42358184
43017464
42682952
42258772
42259656
42288484
42228000
42215332
42298992
42390964
42401776
42307612
42265624
42328296
42450952
42466640
42329768
42263312
42375636
43730312
42363084
42313308
42294952
42374412
42244808
42863668
42235924
42251140
42300336
42247720
42325788
42249148
42276960
42274000
42321636
42306112
42268364
42179476
42260700
42241520
42385484
42252860
42221324
42368712
42467168
42256648
42242040
42249580
42329108
42276636
42240808
42290548
42287600
42241992
42308084
44378852
42347496
42291252
42314864
42658996
42398012
42253492
42304492
42308904
42297548
42206488
42260232
42284460
42275876
42260876
42290740
42245648
42296460
42263220
42271208
42278100
42382700
42278812
42247984
42295472
42435492
42351728
42433428
42277732
42267772
42317464
42363104
42425460
42325784
42317948
42274084
42200044
42254784
42247972
42287260
42362008
42328752
42315248
42306556
42257936
42294284
42395804
42437964
42238752
42455296
42346828
42334316
42304612
42244228
42282616
42222756
42321672
42320000
42232500
42380380
42343820
42348928
42302748
45269748
42329960
42227444
42250404
42293372
42263212
42174660
44427492
42282580
42283072
42238740
42238208
42421924
42360200
42283156
42323904
42238532
42197188
42289320
42248680
42380552
42526324
42321932
42323368
42253900
42261348
42415540
42362116
42300584
42323500
42471144
42251840
42291780
42274204
42346448
42417776
42401648
42307264
42256584
42276932
42314104
42294636
42283552
42292696
42247736
42330928
44681924
42281324
42443428
42415336
42241536
42213676
42292776
42366048
42255040
42300340
42370152
42113844
42347872
42333460
42136460
42314800
42338600
42228700
42321352
42286848
42345176
42307432
42515512
42253052
42269284
42273440
42238720
42245024
42315172
42317948
42259032
42287056
42274160
42320908
42291356
42232364
42253504
42274632
42255124
42254572
42251748
42747008
42309472
42563912
42256132
42260260
42320004
42301368
42259860
42324660
42210600
42306760
42333180
42412236
42435640
42245012
43060172
42669456
42325796
42356808
42255996
42196908
42275788
42280644
42211084
42590300
42293028
42104016
42245488
42366220
42311128
42285064
42271692
42375228
42241920
42455344
42303548
42472768
42286152
42385760
42213952
42285488
42635640
42850256
42262212
42311140
42276724
42286216
42256776
42473168
42275760
42269432
42307756
42286828
42320200
42252408
42747328
42367784
42292108
42269708
42279532
42271072
42276884
42312128
42323376
42275884
44083856
42294916
42339504
42307844
42252988
42264944
42237776
42289576
42397488
42276972
42742700
42423016
42382968
42480392
42380304
42316576
42288500
42326964
42267672
42249560
42233352
42324540
43949812
42295520
42323780
42360540
42281344
42336460
42347984
42311068
42275176
42719896
42340312
42321428
42343744
42220916
42306684
42270840
42353960
42229548
42322900
42297264
42299960
42311068
42233920
42192360
42251468
42215636
42312604
42338528
42313348
42317584
46698392
42365460
42260352
 
42275820
42217248
42262164
42259140
42562304
42606428
43528988
42306136
42280828
42250544
42290224
42380736
42342024
42276856
42358400
42402656
42356404
42238672
44830780
42381748
42476656
42469028
42867464
42396404
42663940
42548108
43218916
42380440
42399140
42262632
42439428
42316996
42371172
42312180
42308004
42298136
42258224
44115488
42373072
42277892
42364032
42265736
42298604
42312836
42328084
42294088
42296048
42252968
42248056
42286672
42294104
42242920
42346260
42914820
42287884
42602808
43300876
43535516
43876376
42315288
42469564
42359272
42283316
42644712
42318592
42663876
43252544
42276276
42263328
42269336
42313256
42318388
42273460
42263972
42383660
42305728
42375896
42523596
42277088
43802832
42206304
42433020
42361836
42438740
42279624
42253560
42279044
42409380
42267700
42246288
42309920
42318136
42244024
42293096
42318416
42192284
42238364
42356964
42337452
43408072
42348108
42166472
42384244
42215120
42433808
42309312
42274476
42285936
42336600
42306860
42245524
42666184
44092444
42348988
42431644
42320640
42397272
42813604
42314260
42342748
42319416
42239776
42274528
42304868
42297008
42318636
42279432
42335004
42273376
42244824
42274236
42319176
42407160
42253716
44180748
42290408
42301516
42338896
42298544
42238876
42233344
42352504
42324328
42282996
42294936
42303360
42335280
42276640
42198792
42386672
42258936
42265336
42295400
42218872
42618512
42229732
43535596
42446744
42322820
42358208
42295764
42302356
42233788
42325488
42311612
42672164
43740408
42499816
42289268
42319788
42249672
42257696
42251336
42249348
42264968
42317720
42332796
42620984
42232848
42286580
43631264
42337432
42333468
42352280
42366260
42235572
42268100
42285084
42335620
42317336
42378712
42279420
42364860
42442848
42293524
42252884
42590928
42286040
42332960
42442644
42265016
43954204
42289480
42287424
42313232
42303084
42315904
42414696
42426108
42398252
42325264
42429724
42380692
42414028
42250328
42321812
42237536
42349180
42354656
42306028
42718140
42171444
42328436
42306124
42291552
42289320
42300508
42286400
42342348
42263792
42258520
42243552
42287560
42278624
42192444
42307424
42270336
42405024
42317180
42355536
42325712
42257468
42206312
42238784
42284112
42306004
42324808
42309532
42290036
42349836
42323568
42404368
42256828
42281420
42290960
42351148
42337132
42285504
42315204
42342216
43641864
42298428
42367572
42528700
42336220
42349844
42369664
42276544
42319792
42336568
42226144
42307184
42317384
42276212
42306852
42334276
42411548
42441816
42324656
42323764
42341964
43553828
42265488
42231376
42309700
42304160
42299116
42327116
42321288
42265156
42264356
42310204
42304464
42352316
42303432
42238584
42339424
42401316
42228348
42347284
42309848
42337584
42605188
42418620
42424016
42232844
42432056
42367232
42322024
42457028
42331428
42276628
42328040
42314232
42313956
42278736
42340000
42307096
42307180
42276252
42441216
42337980
42332900
42318396
42389916
42428468
42293308
42290016
42297272
42316736
42439996
42261308
42344732
42348844
42314964
42305076
42311924
42290360
42345048
42303256
42311752
42253120
42608640
42335544
42316268
42289632
42266720
42346600
42255264
42171152
42240968
42327564
42343648
42328896
42245864
42271216
42398732
42289016
42263792
42311908
42404076
42420064
43329048
42272176
42339416
42322408
42120640
42235360
42228756
42273928
42266344
42273128
42445440
42308192
42169012
42284052
42230504
42302588
42286268
42266760
42280420
42286960
42237852
42271812
42360324
42331100
42300736
42218196
42257360
42286592
42328580
42240404
42359304
42354176
42317464
42272960
42327952
42267280
42297300
42246948
42272268
42328488
42832380
42265144
43993580
42253712
42299748
42281072
42239680
42262376
42339420
42288020
42288200
42301948
42290128
42374428
42301068
42305308
42402000
42382300
42355168
42371608
42402584
42694068
42441380
42289180
42243972
42275184
42624516
42257112
42318352
42211648
42337568
42302880
42261140
42286176
42309508
42353700
42269508
42187708
42242480
42352304
42328028
42269392
45260764
42793204
42308980
42227928
42252792
42421484
42257384
42417272
42242464
42346584
42270272
42286440
42240864
42229732
42278444
42246392
42196252
42185860
42293680
42336728
42278916
42178344
42289100
42262816
42894068
42253764
42247448
42263340
42281436
42306748
42305252
42268648
42334536
42223576
42225576
42265692
42305036
42206284
42274116
42249200
42273384
42221976
42196044
42386484
42287144
42261364
42292412
42443576
42376900
42392148
42397528
42258548
42302048
42357092
42273892
42289420
42293196
42340812
42240564
42276196
42350584
42239360
42294252
42735952
42345420
42274732
42274284
42298344
42363464
42315312
42152892
42198408
42290508
42276088
42313316
42229548
42247080
42273208
42353712
42239408
42246628
42507116
42335028
42713248
42299244
42332660
42366892
42280596
45818448
42271232
42301836
42295048
42305128
42283940
42260200
42272228
42295736
42262796
42221180
42201596
42267440
44113756
42259664
42302112
42300260
42236840
47278260
42294056
42266368
42192444
42276380
42257036
42308608
42235304
42323308
42285124
42270468
42220704
42238344
42877216
42287376
44834580
42264296
42304936
42316488
42309864
42345448
42524448
42225084
42300340
42255716
42289924
42256144
42263760
42212400
42258196
42286360
42312940
42280180
42259044
42428588
42403004
44098632
42237780
42348160
42395124
42433252
42612556
42446792
42333528
42293468
42270756
42300552
42312832
42287692
42311128
42329308
42293744
42326904
42256496
42281768
42260952
42262992
42386260
42295068
42226236
42288712
42275480
42636272
42275796
42335620
42304956
42343388
42370236
42243304
42312412
42304148
42303316
42310752
42273280
42247608
42468112
42281636
42385920
43162656
42554012
42287576
42302332
42288484
42287588
42248104
42296600
42321228
42321056
42298548
42294484
42308956
42335716
42257120
42360832
42220796
42301128
42305740
43200532
42306232
42253524
42243156
42317540
42475128
42381288
42429652
42328124
42405872
42249960
42272128
42272988
42279832
42339460
42355220
42324656
42269644
42301960
42308924
42308612
42263464
42404156
42326648
42424884
42387168
42307972
42374572
42612936
42254880
42314060
42283492
42320316
42322572
42277500
42260384
42378040
42191420
42298636
42272692
42247992
44792624
42318720
42282496
42263292
42293372
42297000
42304940
42369016
42958076
42295920
42263012
42367248
42391568
42367668
42246420
42249388
42264088
42387840
42339932
42281924
42386352
42633852
42367328
42256304
42285556
42298748
42253412
42255392
42327460
42355224
42626208
42305188
42280500
42285112
42297508
42312780
42281376
42226628
42299944
42272724
42258260
42248908
42762944
42265152
42389768
42344496
42450480
42284856
42236120
42503276
42330520
42275240
42180332
42265100
42349184
42264344
42257812
42267480
42424316
42359348
42118872
42218104
42282988
42257380
42266432
42195784
42298980
42222024
42382948
42375576
42273140
42275328
42268996
42231052
42262340
42371248
42318236
42308100
42333740
42286468
42463168
42260548
46045056
42340660
42215484
42256604
42290472
42314004
42232212
42229524
42374596
42323888
44301680
42270684
42307924
42358464
42298924
42235756
42204824
42310204
42317076
42593428
42297156
45054948
42293172
42276296
42327024
42328636
42266964
42435604
42511872
42394208
42386800
42318980
42857384
42303956
42290812
42263732
42245536
42261936
42821380
42269440
42331544
42293280
42325488
42237640
42232488
42211656
42286404
42279672
42265992
42219372
42404924
42430828
42248196
42270968
42351080
42268480
43309708
43054328
42291100
42342544
42286552
42265524
42225636
42516672
42235736
42462380
42237388
42279204
42276584
42270672
42190628
42325844
42249104
42326140
42340440
42257564
42413868
42262780
42239428
42263268
42234532
42294568
43725888
42252904
42368740
42270692
42237636
42266932
42335532
42277708
42532908
42334292
42319676
42437860
44009124
42220216
42181144
42263536
42258336
42261556
42342216
42215464
42199456
45882412
42313188
42293288
42330100
42244532
42256628
42340324
42216996
42285912
42292200
42260880
42345616
42924084
42154880
42305652
42273348
42317964
42227804
42352716
42232244
42258708
43916972
42296404
42287052
42289796
42292208
42287980
42275408
42291916
42299236
42337208
42292680
42289756
42374164
42259512
42460624
42313620
42319008
42294468
42281084
42473748
42182288
43177636
42387260
42338184
42261112
42265976
42349992
42285848
42321752
42211692
42279272
42268268
42311624
42297760
42261364
42321156
42722048
42371108
42216056
42281136
42273016
42242848
45329792
42320732
42283668
42282420
42216880
42262904
42278948
42443512
42305780
42428372
42298100
42306876
42308984
42460368
42389584
42297872
42412912
42271992
42265228
42340192
42305036
42277972
42279848
42340328
42168068
42216240
42265516
42257492
42360832
42293432
42240792
42429984
42219988
42403584
42279068
42237756
42248736
42436464
42289752
43149140
42275368
42268472
42253940
42256672
42335736
42232248
42299792
42422292
42364992
42233136
42448000
42263844
42145544
42262112
42294816
42317912
42423540
42506168
42568176
42272040
43042308
42270512
42269680
42261996
 
42288400
42295952
42232396
42259312
42356612
42384300
42270208
42281676
42409760
42293392
42302996
42441112
42354164
42281996
42228316
42620744
42359764
42361060
42360608
42308492
42426916
42430392
42319356
42397064
42213556
42273760
42351624
42229336
42306984
42396144
42323940
42276144
42284432
42328188
42416616
42464368
42279944
42399256
42402780
42412768
42311212
42429580
42324456
42290696
42271716
42252976
42296108
42332000
42335688
42411436
42386616
42351280
42307952
42533572
43510884
42359100
42367912
42325600
42247144
42265496
42432664
42434508
42246044
42269864
42343680
42379868
42261744
42413820
42275364
42308560
42203416
42256316
42269108
42326972
42802092
42675776
42315872
42326256
42351832
42226984
42287312
42313292
42299660
42313664
42222688
42181716
42332320
42247744
42309428
42248024
42299480
42289404
42311472
42405040
42313560
42441720
42276764
42593368
42620396
42343340
42265504
42342784
42292368
42301212
42330560
42326240
42275808
42251272
42251496
42268216
42309752
42290416
42264476
42361828
42306476
42286692
42314056
42263240
42317812
44331820
42284304
42264368
42349224
42250284
42395152
42155804
42255488
42202572
42286996
42234896
42303964
42275492
42285876
42200260
42301788
42258400
42381100
42235616
42688708
42353732
42471740
42339604
42288832
42369380
42263312
42323704
42227816
42264620
42276696
42354812
42214264
42401844
42364072
42261672
42288280
42311392
42282804
42259460
42227304
42291932
42172040
42278164
42351348
42334856
42233432
42359488
42313584
42214168
42287744
42329864
42244968
42223472
42340352
42267452
42258132
42296836
42220552
42388668
42268844
47902756
42252696
42204564
42319288
42418868
42257756
42391064
42256608
42287288
42326348
42257428
43012684
42288828
42318784
42203712
42236472
42264828
42349436
42231400
42274912
42287400
42326640
42256508
42296184
42313424
42259808
42290232
42331132
42339092
42254884
42304580
42240148
42315088
42322728
42362292
42211344
42369656
42291560
42274312
42399104
42309416
42280792
42275972
42346996
42322788
42388464
42243900
42333496
42325844
42311216
42364072
42302956
42304924
42309776
42263872
42291760
42493312
42336840
42342972
42272108
42678528
42227188
45517268
42444972
42399344
42318052
42397596
42383720
42289424
42236784
42238408
42285276
42319396
42172484
42234284
42175184
42239184
42393412
42460096
42349956
43436656
42238760
42306792
43292292
42419720
42343220
42406152
42335632
42420764
42366968
42353252
42321036
42311824
42243852
42336884
42367172
42319092
42281304
42229992
42327696
42274072
42544860
42794288
42320276
42897644
42323444
42247964
42188736
42360560
42282192
42280060
42219692
42271496
42379640
42277436
42266756
42238192
42284188
42272052
42299896
42427364
42329836
43993804
42336072
42389740
42313912
42735796
42183028
42274728
42409720
42347212
42226200
42459936
42403604
42426516
42325804
42259780
42276656
42320592
42266336
42305648
42243864
42321080
44849536
42279536
42177204
42242324
42337184
42198368
42273324
42356180
42389864
42241480
42269656
42369656
42252220
42347824
42328684
42238068
42455176
42319408
42405932
42277972
42412732
43695512
42271872
42848504
42414092
42270900
42254396
45021276
42265876
42249160
42239620
42271024
42276024
42212132
42222632
42403748
42080608
42444952
42433372
42336808
42240488
42334496
42306332
42291712
42280788
42334292
44730212
42294144
42265344
42301756
42339928
42303552
42412764
42321844
42262096
42210268
42268420
42271468
42257524
42359308
42258452
43973584
42274580
42284580
42302828
42244420
42451776
42338028
43372532
42285388
42304212
42330776
42256412
42271900
42250384
42257852
42218160
42320188
42179704
42210928
42208020
42268992
42297276
42228340
42177060
42356968
42257900
42303676
42315244
42270532
43189660
42262216
42339272
42298944
42302836
42289300
42477724
42321908
42251508
42267676
42252520
42289356
42386500
42252948
42325884
42266892
43555948
42244660
42240744
42325228
42384720
42246360
42196256
42258940
42320532
42295120
42272080
42349040
42270996
42380004
42396952
42335564
42273512
42356220
42279324
42335396
42269448
42373056
42233724
42283284
42344768
42325840
42256464
44167360
42292700
42268580
42280300
42270428
42424152
42321840
42257744
42513120
42262844
42257892
42382200
42335348
42291480
42311940
42214552
42287908
42344216
42350420
42297524
42240596
42253160
42307388
42318016
42293208
42270812
42335816
42335208
42397540
42315800
42379624
42351552
43765896
42271168
42302408
42279164
42273068
42225704
42314704
42261648
44618404
42293468
42322016
42365000
42321788
42258876
42242704
42277592
42292816
42243188
42183336
42307684
42300444
42671828
42308316
42314536
42308788
42442332
42205848
42340708
42331076
42424304
42202388
43700968
42308228
42295772
42269296
42286012
42337252
42290372
42304088
42261532
42337228
42260296
43979096
42299088
42304208
42348720
42212200
42319656
42287588
42454520
42232108
42165868
45718292
42290144
42289720
42253772
42306472
42298728
42303032
42305984
42265896
42465188
42335128
44681600
42321780
42332544
42241264
42267732
42197748
42259336
42289472
42263176
42242984
42325644
45458196
42276100
42404772
42270720
42165224
42370768
42398680
42260480
42292984
42268680
42252652
42302312
42455564
42303412
42282472
42291200
42371180
42401692
42249700
42279036
42276544
42257604
42277768
42274356
42323088
42290292
42252428
42267852
42149816
42276484
42255240
42262988
42344928
42318200
42340600
42287172
42418088
42339496
42400640
42283884
42289008
42404424
42294696
42340656
42345252
42339436
42388496
42359908
42260384
42315168
42305900
43433344
42325092
42323368
42202576
42312984
42290072
42316576
42258976
42355020
42376132
42299220
42319376
42352592
42355612
42423096
42289440
42439716
42269688
42288900
42358348
42334512
45493440
42466760
42218252
42380932
42281872
42282844
42516480
42354520
42402548
42279652
42168940
42185000
42226640
42243612
43658128
42295416
42218912
42374908
42234960
42315468
42313732
42305364
42344184
42328916
42441820
42461716
42323700
42448692
42401008
42338808
42299192
42354556
42195732
42302684
42288544
42246428
44355736
42317000
42447272
42294872
42299188
42307500
42321448
42207552
42308960
42225616
42289736
42285968
42272272
42414076
42422256
42246164
42278536
42474280
42281404
42382004
42342488
42425452
42346716
42290760
42444304
42354052
46709336
42470804
42299332
42268320
42310932
42374480
42303868
42200664
42262392
42283556
42298740
42256208
42348428
42387008
42288464
42423908
42355620
42292444
42312184
42331576
42313672
42414392
42306444
42335308
42335460
42336644
42248576
42458044
42227568
42303752
42305320
42231428
42250964
42270884
42360988
42332236
42241872
45924388
42330428
42297316
42355540
42347132
42315436
42290216
42199972
42267040
42274620
42316128
42262344
42232932
42272604
42344876
42360336
42205292
42204288
42307500
42265896
42313732
42411132
42339852
42324396
42320164
42301916
42386556
42594912
42342580
42261484
42305916
42358800
42278504
42335880
42471752
42262736
42214000
42272308
42274588
42329248
42294624
42260192
42281696
42263824
42322324
42314860
46831224
42197532
42309380
42294936
42241588
42304240
42562176
42660452
42581288
42613984
42652080
42627748
43692820
42787536
42411768
42515704
42297536
42326048
42308696
42382172
42340948
43346580
42272528
42287228
42279960
42475256
42298132
42304248
42252540
42356580
42305640
42321644
42271424
42286076
42376732
42390396
42385976
42411044
42273872
42721960
42279112
42336520
42813076
42279260
42308288
42259692
42223016
42294744
42257344
42207024
42185336
42346676
42278148
42934872
42284092
42276668
42304692
42254392
42626000
42423416
42455752
42332824
42265236
44070096
42329908
42224092
42290792
42266308
42239352
42296904
42280100
42261168
42278852
42296272
42248180
42284260
42294708
42345872
42320564
42260040
42262172
45649564
42352440
42278904
42282796
42377740
42880376
42595224
42266408
42300304
42318404
42282308
42249052
42270804
42327592
42323832
42277384
42299660
42278892
42248800
42225596
42376840
43929620
42286044
42363256
42275136
42393804
42252752
42289444
42255116
42288048
42332508
42264656
42441808
42390492
42280004
42384328
42333256
42321496
42317092
42437760
42546492
42264680
44510488
42303792
42235604
42340644
42385676
42221596
42263660
42350112
42275316
42278992
42245512
42331220
42351164
42376612
42422708
42341580
42397304
42355256
42302312
42242512
42236084
45210684
42277448
42275440
42287884
42351596
43111948
42990668
42255024
42332320
42422280
42324240
42203848
42296356
42323248
42264796
42267228
42328096
42302356
42299148
42242960
42373196
42282060
42789220
42245296
42279904
42274384
42291380
42183716
42290244
42448896
42368436
42289496
42294756
42325356
42282676
42373060
42313216
42325452
42339664
42459104
42256884
42432284
43205564
42356248
42264076
42314948
42350148
42313676
42295296
42281068
42432596
42298476
42174480
42328144
42237992
42300712
42229804
42329740
42250120
42314616
42228860
42264364
42267056
42282192
42299048
42344832
42251308
42270052
42338724
42330208
42266336
42213356
42294080
42414868
42289896
42217340
42278532
42383180
 
42350800
42273324
42389864
43090320
42359488
42308664
42285600
42329060
42306156
42328264
42295880
42265892
42295040
42398196
42258368
42328364
42301136
42315720
42351936
42419192
42411924
42325792
42398580
44200680
42266916
42302560
42281316
42286676
42296192
42310972
42297228
42293548
42311824
42269824
42240804
42218200
42346140
42287152
42265356
42465004
42390892
42409612
42290280
42257852
42494868
42287004
42413480
42261588
45125056
42409828
42195936
42521304
42355152
42327192
42336728
42275420
42258776
42276320
42292564
42315720
42214896
42428424
42287568
42343536
42216784
43921364
42318388
42260276
42279816
42288604
42329252
42367932
42297124
42308128
42311408
42291952
42285692
42342444
42262496
42353084
42327644
42330408
42315300
45932064
42307564
42278856
42311752
42353908
42221596
42254404
42298444
42251816
42258840
42280252
42258536
42282960
42686048
42223348
42208056
42167728
42292340
42298220
42345552
42329940
45571804
42309996
42268144
42336392
42348428
42281456
42218792
42232908
42213000
42227680
42314336
42217424
42260344
42245452
42280076
42273120
42359176
42329276
42307524
42252676
42328408
45855340
42353828
42264188
42336372
42251876
42242368
42323528
42603264
42324340
42238452
42220576
42179612
42668580
43163612
42706552
42589280
42638044
42605144
43426824
42331368
42255168
42301488
42288692
42247184
42304064
42220256
42257652
42259104
42300992
42375444
42282764
43137652
42322188
42658584
42573160
43009232
42256948
42262128
42326300
42392752
42177440
42275452
45938040
42361420
42203632
42402120
42466480
42263764
43145424
43423180
44335732
42303828
42997256
42349588
42705912
42277720
42858856
42738412
43497936
42489400
42257004
42277964
42348368
42403952
42285684
42310724
42294848
42653184
42300808
42548492
42287748
42251264
42146780
42271064
42328840
43152524
42362208
42183736
42417552
42245008
42267744
42543672
44908876
42325256
42389080
42284708
42179480
42299272
42271136
42292628
42366584
43603756
42342568
42240448
42352324
42345524
42283620
42291840
42320948
42321968
42324724
43070308
42274956
44188688
42285444
42314640
42408156
42451412
42364420
42467252
42451324
42378280
43880716
42199756
42296976
43266876
43079664
42721344
42322832
42304180
42335708
42405980
42661444
42669944
42063240
42320396
42302924
42272456
42487824
42205368
42491572
42371076
42281248
42254740
42339824
42270176
42361644
42297756
42338360
42270932
42320692
42637712
42296348
42263832
42313096
42253420
42268364
42310088
42270748
42464896
43491604
42437412
42293144
43977496
42320716
42293272
42595032
42783412
42294464
42521760
42291576
42213144
42317828
42243972
42410660
42289516
42225260
42568824
42318924
42305796
42286784
42286424
42307660
42223180
42548052
42844284
42465432
42321360
45393784
42263692
42261152
42381548
42268580
42281520
42273064
42487192
42603644
42334404
42274184
42255916
42289504
42148156
42259156
42377608
43601644
42659116
42304996
43868536
42244920
42622808
42308616
42497788
42272888
42313176
42253868
42273736
42456396
42347444
42424824
42716980
42634016
42696324
42856288
42910096
42467960
42281032
42254180
42244416
42213060
42297684
42306488
42453248
42928996
42263628
42270280
42429844
42237396
43373288
42455616
42325904
42795232
42637312
42979880
42432708
42445336
42309212
42302048
42661340
43551140
42670440
42788252
42708512
43436960
42226392
42596168
42304932
44812060
42283228
42357768
42260920
42434848
42266256
42487464
42409596
42847284
42296580
42316044
42237556
42239828
42371360
42348384
44109972
42397036
42258664
46318260
42288804
42239912
42414824
42414092
42465996
42428916
45469680
42330412
42716440
44161872
42935960
42240952
43514308
42609604
42225844
42346120
42294560
42246332
42908720
42610192
42718556
42654496
42732772
43001784
42288812
42325224
42268624
42283888
42264016
42266076
42933876
42253136
42714900
44128688
43526096
42731360
43309452
42288324
42586776
43991756
42718180
42752660
43541584
42320372
42317400
42185308
42305272
42259196
42287644
42310348
42221156
43466292
42702776
43713848
42601400
42356876
42398204
42428936
42333648
42303028
42272700
42339976
42912552
42364784
42334252
42300412
42357404
42318468
42274248
42280636
42330996
42342872
42328464
42308564
42297436
42277824
42289632
42232296
42310372
42278612
42316724
42305292
42278876
42271220
42511052
42221244
42276472
42198812
42355060
42426368
42250016
42382784
42289352
42414140
42284512
44599172
42260548
42808188
42435372
42242660
44389464
42189056
42211876
42203320
42449832
42561752
43001872
42475864
42624864
42330432
42258220
42284448
42230772
42249720
42337980
42269964
42240976
42323748
42238716
42353452
42249968
42251304
42361588
42250800
42310996
42276768
42268320
42229024
42321748
42236936
42605500
42347184
42253424
42255136
42333084
42389948
42394508
42941188
42305868
42457804
42268060
42165668
42290040
42299016
42319748
42310816
42287680
42295624
42693844
42688816
42634908
44055280
43122984
42323808
42324424
42340264
42428452
42379432
42143004
42226824
42248668
42653872
42291340
42230368
42274440
42635488
43085360
43479348
43600980
43466848
42320260
42277876
42351548
42470488
42294552
42273400
42314364
42283704
42340708
42723196
43422984
42326328
42266736
42337120
42311556
42377676
42368272
42394816
42414572
42305856
42384304
42488304
42412884
42382896
42410112
42421728
42405324
42254224
45352088
42275032
42268072
42521228
42478940
42442976
42432736
42362900
42236048
42252068
42306284
42302344
42301932
42252860
42413416
42392032
42271580
42320480
42535780
42299156
42745412
42288952
42276948
42269656
42309968
42260320
42254008
42245288
43172328
43478764
42385724
42430976
42233928
42283452
42259676
42387144
42269268
42310440
42304692
42234216
42518080
43609844
42362948
42303896
42283472
42282484
42273420
42281088
42335252
42281892
42259496
42279976
42271884
42304664
42453592
42270160
42283608
42268868
42282220
42240704
42375076
42474084
42298136
42259936
42984380
42703536
42566840
42436340
42432852
42455860
42502732
42307164
42314016
42682420
42484808
42304232
42312872
42238792
42312056
42369032
42647760
42317452
43136676
42463988
42342844
42668328
42612712
43596316
43116908
43434060
42895576
43044300
42259232
42229908
42253868
42282836
42434892
42790268
43127800
42275192
42322932
42259256
42245644
49989796
43027288
43036504
42386020
42706576
42637464
42287696
42355604
43012884
42886444
42872144
42446076
42761564
42908496
42703272
42731212
42634620
42668416
43957992
43169840
42763376
42429764
42353840
42301412
42673252
42668992
43275172
43174892
43562556
43663668
42711156
43476900
42562308
42618656
44041596
43407160
42267244
42302248
42267040
42311032
42314744
42306132
42210736
42226944
42267136
42272132
42289140
42249100
42275672
42221500
42258812
42332736
42225476
42269360
42359252
42243044
42379692
44256784
42296068
42340428
42301640
42218296
42292544
43404204
42273424
42350892
42263292
42393276
42281140
42419952
42271020
42335668
42438168
42396948
42224696
42282440
42330928
42189552
42319576
42394116
42280312
42326724
42328780
42318804
42282280
42734436
42656244
42339312
42278776
42424252
42269232
42351100
44385980
42211220
42392648
42351296
42289036
42282468
42269620
44234248
42303804
42250612
42387752
42230072
42394292
42236176
42566784
42244800
42357864
42276676
42520640
42578824
42296360
42295808
42259796
42269204
42408804
42266688
42261632
42248540
42289380
42536972
42206068
42281308
42604284
42371576
42306268
42334800
42297932
42354692
42318008
42328040
42486416
43837504
43501168
42542500
42411180
42290216
42318344
42927104
42198148
42274920
42302680
42320904
42448612
42362616
42394092
42305396
46171364
42309352
42282904
42351800
42315832
42343468
42396976
42312180
42263972
43157180
42288144
42347352
42315364
42427344
42321024
42274832
42329928
42235616
44714168
42296612
42514568
42666452
43896020
42289696
42309632
42352872
42289964
42279508
42298188
42210148
42449000
42218788
42301184
42378440
43086716
42861848
42319588
42351508
42432852
43829616
42349920
44123148
43855980
42762044
43903456
43221092
42330760
42650276
42456172
42481404
42284492
42303060
42651084
42347136
42271888
42298336
42232692
42294720
42294756
42246620
42293896
42303216
42271048
42290544
42327296
42281740
42298392
42289584
42315628
42295540
45933856
42311344
42311384
42263064
42264764
42462332
42294820
42344060
42284632
42300468
42292860
42369580
42286916
42351300
42401752
42776012
42312032
42355420
42282788
42456804
44274704
42330720
42371204
42264196
42338396
42280872
42258536
42299388
42248128
42306392
42339616
42313908
42575940
42261064
42358920
42312988
42246568
42250928
42428556
42332288
42342684
42278788
42279372
42270052
42354948
42309956
42560780
42349908
43108504
42288064
42325116
42332460
42243320
42269768
42308168
42315292
42215292
42313656
43160440
42228332
42286516
42403840
42232448
42223576
42255080
42244088
42350028
42196228
42378380
42266612
42297840
45807228
42296060
42338776
42252988
42267032
42544616
42255164
44639276
42303056
42321048
42649108
42335788
42673336
42479352
42291784
42335064
42329272
42318032
42286460
42366120
 
42619056
42272924
42311132
42298788
42269212
42543508
42304428
44425992
42346960
42325540
42352420
42281312
42641048
42305012
42218836
42232008
42270524
42246272
42236616
42326296
42375204
42827032
42257256
42314884
42729356
42379572
42211800
42618308
42502580
42350092
42335296
42251236
42188028
42581876
42244208
42225992
42424996
42391740
42320468
42276548
42246824
45342480
42337080
42311948
42253860
42302768
42311200
42285488
42270136
42234256
42280800
42427304
42268236
42276780
42260664
42304532
42241724
42673068
43556588
42761100
42208992
42658896
42759316
42304208
42329972
42969584
42288280
42269724
42365996
42582336
43717000
42273100
42290408
42359400
42244248
42496396
42646356
42311392
42297540
42281520
42340644
42925924
42347720
42683664
42480556
42597768
42396244
42377084
42376912
42334612
42352144
42304340
42721716
42715512
42847608
42305420
42313716
42299500
42310556
42343572
42305372
42409524
42222676
42677580
42716360
44913400
42269104
42620700
43552872
42650472
42711472
42584432
44031484
42601472
42581268
44197556
42655324
42585520
44041616
43242944
42334916
43601704
47125224
42355836
42245432
42309472
42362832
43143328
42407848
42275664
42414340
42266064
42346216
42198348
42267340
42375296
42281436
42360800
42327376
42676164
42775132
43126336
42258400
42350900
42358856
42289320
43294904
42206316
42297248
42365528
42693652
42699608
42970504
42276196
42245568
42293948
42300736
42301100
42297168
42317084
42229000
42478592
42300940
44354396
42365184
43306744
42297936
42391368
44208672
42564708
42583500
42570520
43679556
43945528
44132516
44024716
42602576
42665192
42587348
42853172
43880464
42442844
42268260
42333752
42212784
42285860
42318216
42443172
42295032
42261760
42695076
42687092
44098396
42657928
44090616
42735904
42566832
42652496
43879148
42829192
42660988
43810196
42325344
42311072
42318612
42294112
42201192
42257544
43033620
43192524
42370452
43491412
42305208
42402604
42238700
42293592
42270760
42862768
42354076
42439572
42313780
42389048
42598748
42765960
43189564
42294484
42260320
42343580
42292280
42633124
42740880
43155720
43446740
43218516
42430088
42259272
42280668
42240292
42283872
42306768
42300312
42282072
42315604
42682220
42256112
42245340
42258612
42267748
42332956
42265120
42298808
42303348
42310824
42317456
42253040
42295792
42439840
42307680
42602108
42857740
42330648
42342604
42442432
42322340
42291996
42278268
42743828
42558572
42273080
42257036
42687540
42270840
42403248
42320416
42206688
42388648
42264820
42233324
42267936
42279372
42405836
42292380
42278996
42698308
42222152
42314252
42299960
42313728
42662104
44019520
43422936
42353312
42611148
43019436
42476892
42309192
42591728
42304676
42689676
43314272
42260836
43105196
42292480
42416732
42361992
42262996
42273840
42901928
42235668
42409976
42307768
42274392
42262232
42310196
42239164
42282664
44097076
42940620
42925596
42497600
42631180
42683504
43769652
43143896
42268116
42292404
42294084
42729404
42306576
42300116
42688520
42666356
43207740
42545644
42311876
42278480
42236036
42287436
42655644
42628808
42728080
43922248
43476336
42578580
42291060
42303840
42326272
42283972
43089144
43578544
42239784
42271324
42686888
43535124
42255704
42318636
42276864
42296060
42357408
42356492
42353348
42443396
42422800
42902480
44673644
42332764
42388736
42423520
42961768
42282596
42102888
42248308
42242796
42304736
42274096
42402168
42405060
42422268
42314768
42378796
42364372
44037216
42314244
42268388
42345276
42588116
42308812
42618836
42385180
42332172
42270872
42286752
42828864
42353264
42397444
42290296
42350052
43083600
42359508
42811860
42365528
42329844
42253896
42337256
42351228
42357160
46855228
42342364
42237652
42517428
42728744
42578852
43309936
44050532
43695644
43259396
43082028
42318228
42294528
42325300
42229948
42260628
42264684
42308592
42328364
42325764
43478844
42288288
42272444
42324988
42265356
42235864
42536388
44007800
43972152
43711384
43965344
43645120
43245980
42627008
42361532
42293916
42328712
42693336
42774312
42357044
42548964
43945028
43732020
42342444
42274368
42350172
42293228
42552628
43508956
42534360
43261540
42660312
42331132
42208008
43101508
42294428
42664428
42500148
42377664
42340828
43103264
42410732
42277276
42296600
43460048
42309388
42394824
43256336
43031836
42661900
42906180
43080404
43542088
42392664
42352620
42252784
42316560
42936740
42315740
42353884
42403508
42277612
42316244
42405896
42282932
42251068
42329156
43437740
42787940
42326536
42332228
42243028
42295968
42313524
42276480
42444800
42304672
42396140
44130292
44186896
43856172
43962920
44081012
42898964
43029804
42836940
42783304
43635028
42787628
44270436
44053792
43321152
42283624
42274440
42272268
45843476
42219548
42574656
42577540
42756828
42347300
42330640
42241164
42340652
43019008
42288904
42296064
42460836
42333648
42663468
43374404
42254340
42241608
42239636
42260584
42804168
42327428
42221800
42223468
42414220
42704376
42645152
42848124
45111180
42363728
42303040
42260628
42314160
42329900
42294420
42207920
42318720
42296264
42258324
45036900
42285268
42319900
42359792
42293348
42281804
42357756
42267536
42305448
42332436
43204472
42290632
42247168
42307944
42299948
43421720
42327864
42254204
42491712
42310620
43969380
42223468
42289620
42304804
42378184
42265012
42620924
43143240
42579820
43943472
45290588
42277080
42729988
42670436
42589912
43644508
42372120
42276488
43164420
42306228
43862992
42299092
42302364
42379292
42277072
42806228
42290528
42661828
42297516
42328024
42302856
42268640
42265684
42521528
42309716
42260056
42356908
42262296
42647728
42567840
45725548
42324980
42283364
42302644
42362568
42807128
42288776
42259620
42530836
42477152
42361704
43188368
42246464
43017064
43390072
42797060
42457256
42644796
43192868
42364792
45295572
42296176
42738416
42640008
43162936
43175116
42683312
42329132
42300540
42322648
46503544
42271312
42264744
42884892
42268632
42320696
42261620
42198640
42445296
42235704
42299488
42273776
42409400
42308040
42264356
42248684
42261060
42320468
42309676
42414544
42296168
42423592
42413140
42332252
42361172
42275864
42402692
42397276
42276040
42317184
42336980
42304904
42334360
42357576
42336668
42271964
42465928
42385844
42336820
42361424
42298964
42287536
42239028
42824080
42302700
43049444
42867184
42732296
42204404
43161612
42278964
42303540
43364960
43305988
42327052
42860336
42710252
42491608
42318956
42618592
42324936
42374172
42249032
42237160
42559100
42361892
42334896
42232304
43847292
42298716
42381048
42363480
42796724
42932852
42236184
42382936
42259580
42344204
42241808
42243660
42894572
42267124
42292328
42742252
42345968
42408988
42363180
42350500
43087752
42379972
42355108
42327148
42291104
42292276
42380440
42274700
42324076
42423184
42306116
42269008
42307380
42350200
43324540
42183604
42465688
42289288
43541928
42247580
42249040
42661244
43967440
42447328
42633712
42284916
43535368
42615988
42218108
42256460
42283844
42272640
42218320
42381716
42439916
42305068
42169824
42296132
43030420
42185164
42288888
42271716
42296212
42208036
42240244
42219200
42897372
42240012
42375056
42351952
42221436
42294852
42376352
42291064
42307716
42679568
42318192
42422476
42322724
42242476
42289612
42401320
42344412
42220828
42422316
42242852
42290516
42318620
42342576
42296820
42297332
42311664
42305608
42401344
42262532
42350296
42233864
42350456
42619624
42288172
42189264
42359276
42347052
42281252
42281892
42307784
42322680
42252880
42312888
42334108
42304548
42298228
42307928
42287216
42335456
42245776
45486532
42307212
45807408
42291660
42363192
42249592
42195292
42279616
42285004
42322896
42237840
42284940
42210448
42222312
42266000
42368204
42392228
42235112
42325676
42350328
42237808
42380124
42315232
42265248
42291212
42315268
42361980
42614672
42302476
42280248
42336200
42312528
42374476
43035532
42648660
43859044
43404560
42342616
42281824
42365136
42353168
42266720
42272364
42618320
42644164
42677488
43824660
43822660
43374140
42633192
44159944
43746148
43190892
42261268
42205860
42435760
42793652
42320724
42412108
42274944
42283428
43743328
42325028
43047984
42504104
42728904
43018952
42288400
42686016
42589512
43741720
42504960
42339040
42570296
42856104
42605576
42477652
43293068
42457368
42483504
42219724
42236496
42285708
42286368
42316580
42510304
42331860
42337928
42328052
42295656
42275176
42393952
42232228
42290124
42188684
42289256
42702932
42292584
42337732
42687560
42385716
42740720
42480980
42246840
42301832
42258348
42406944
42617336
43952888
43606968
43408044
42616068
42447424
42278756
42239656
42259368
42218908
42236420
42364568
42312048
42280700
42292128
42338636
42299564
42287860
42266532
42336812
42304224
42230868
42308756
42631196
42680936
42604020
43808336
42732840
42345108
42937372
42305516
42286744
42276300
42286816
42318224
42598712
43572972
43627248
42435052
42255480
42439928
42894804
42468488
42293524
42492972
42568180
42335016
42357328
42341876
42639740
42332740
42313308
42438636
42287172
42322656
42317648
42288164
42456272
42346752
 
42330788
42407972
42350148
42302384
42394888
42230228
42331224
42276224
42281784
42476684
42222516
42170916
42293896
42342872
42211096
42411012
42388532
42376300
43280180
43567812
42252168
42319228
42344228
42338452
42931012
42238236
42312632
42308584
42304440
42334824
42279464
42341808
42589372
42338324
42273016
42319320
42634764
42302332
42243780
42395764
42627120
42377376
42341436
42466164
42312104
42354812
42313672
42314972
42322732
42332996
42327456
42341020
42265700
43100216
42263880
42327792
42363608
42357512
42336488
43049984
42244860
42381408
42331928
42739360
42333028
42354068
42317256
42242252
42255316
42264120
45280464
42264884
42320896
42235276
42341892
42599004
42301004
42447560
42328404
42266328
42345028
42238012
42298368
42304384
42560228
42839056
43568192
44061172
42886004
42266492
42200060
42215332
42442828
42252484
42349992
42450932
42962692
42828044
42721756
44163548
43894180
43909540
43582340
43066008
42290744
42679528
42214328
42265100
42363372
42262412
43641996
42276684
42325040
42354624
42322884
42405636
42300088
42244640
42265732
42992752
42635972
43759864
43290448
42273608
42416048
42218244
42270080
42310888
42222560
42300144
42195860
42421300
42258632
42252824
42281448
42669024
42239000
42144020
42434588
42259176
42246480
42246536
42244868
42306772
42271484
42367864
42291404
42240388
42310192
42320972
42322852
42302416
42411808
42319544
42341148
42377592
42347280
42409764
42368084
42365916
42358712
42273444
42270920
42296852
42272408
42297552
42305524
42397804
42842764
42302564
42314792
42337992
42824004
42235240
42357776
42257732
42400192
42324424
42304932
42374832
42256748
42342700
42251708
42332168
42287044
42355536
42297072
42322368
44484036
42289224
42338744
42305672
42465388
42290748
44024896
42165224
42321328
42451948
42391792
42304060
42313972
42265840
42302868
42307448
42317892
42291732
42310540
42317620
42688432
42245692
42338460
42230728
42275780
42337592
42257940
42218972
42419460
42260520
42428564
42344576
42279868
42290920
42287712
42312104
42314940
42276792
42279844
42273308
43120332
42326324
42276344
42340980
42450460
42357812
42356288
42303412
42322524
42293272
42321532
42366164
42435060
42234436
42259804
42288200
42299492
42308168
42311356
42279400
42312172
42299984
42300604
42333440
42290792
42316812
42377200
42367328
43008688
42249220
42257096
42211252
42286812
42248372
42223804
42271152
42291896
42219516
43918828
42264732
42288760
42204788
42283784
42312436
42287824
42326640
42296836
42347164
42581224
42325796
42438992
42287740
42313072
42429228
42281880
42309644
42309208
42228800
43969272
42333028
42243856
42322392
42328308
42287240
42251236
42329744
42727988
42323548
42225664
43932580
42265628
42229556
42261432
42278500
42298732
42346548
42359308
42280900
42241056
42500020
42406192
42328696
42312272
42417240
42262556
42280152
42232052
42288256
42271336
42325700
45992944
42350900
42376780
42303404
42310808
42262276
42242068
42201172
42272584
42562756
42264480
42416188
42231976
42562212
42389808
42370300
42302580
42274540
42305436
42784216
42198612
42289448
42299460
42298356
42202544
42326612
42257228
42543484
42305816
42464436
42320232
43189148
42288640
42297344
42414908
42400936
42261012
42644712
42436596
44297612
42407564
42309076
42448744
42296840
42310440
42257452
42244584
42484008
42277672
42396696
42314632
42358024
42281980
42359748
42334180
42355508
42276828
42737548
42271432
42275184
42337640
42302228
42364696
42304296
42320396
42404820
42313972
46334232
42238012
42224568
42246264
42274956
43010820
43558092
42832508
42345496
42328628
42300936
42280400
42302728
42573032
42263316
42373312
42607412
42274924
42452384
42289488
42462184
42242776
42251284
42320944
43380784
42914560
42292628
42385748
42237328
42398084
42398064
42307820
42311364
42548100
42271040
42223228
42262040
42355928
42270492
43172192
42297944
42286308
42321996
42332356
42233796
42272888
42286432
42300712
42310132
42557768
42281884
44996164
42290944
42271304
42310128
42663152
42277584
43590604
42266808
42312816
42225016
42267332
42397336
42229612
42311376
42285364
42325180
42421448
42314104
42273916
42310504
42204976
42344036
42232620
42214356
42257284
42923344
42322468
42239940
42376228
42342844
42318144
42316844
42214500
42313780
42346484
42278800
42333920
42240004
42303776
42314348
42294808
42316120
42298972
42307080
43204600
42446596
42337336
42286376
42488976
42317692
42316200
42328684
42417608
42397548
42232208
42315056
42311712
42300212
42299836
42324928
42323220
42463368
42320864
43329264
42212756
42303136
42246356
42326720
42312008
42317644
42237228
42177608
42180172
42255436
42413876
42320988
42320164
42234284
42369924
42403488
42397412
42259956
42754760
42300392
42408460
42225848
42396516
42433436
42393648
42406184
42432132
42268932
42286932
42377520
42297768
42466888
42300748
45695760
42293528
43462024
42314276
42229088
42335820
42259596
42280880
42489884
42339988
42446220
42325988
42360904
42288144
42501104
42290868
42288968
42329552
42385236
42786972
42275916
42206808
42307136
42282092
42250928
42277836
42283684
42280728
42277100
42271648
42501968
42389572
42315116
42248712
42310512
42430016
42339068
42225484
44053972
42423240
42193384
42314676
42366832
42276552
42361108
42290556
42290952
42332700
42242608
42340592
42248668
42439320
42223824
42297428
42325552
42308752
42218208
42772812
42485048
42464656
42347956
42333588
42376300
42324320
42326672
42465628
42289088
42272404
42236728
42363112
42426080
42321180
42287964
42332296
42392824
42178572
42376768
46293928
42310884
42331528
42323452
42336992
42350224
42281848
42266844
42306236
42293336
42390300
42270324
42330072
42327348
42311676
42316096
42272044
42341348
42266116
42338084
42421252
42432624
42412388
42292228
42298700
42277652
42240752
42321824
42214216
42297268
42300016
42308444
42226080
42237160
42311252
42542576
42451124
47644436
42308508
42271000
42452672
42332076
42345000
42274196
42285476
42306540
42273936
42255504
42239780
42241948
42324652
42262324
42298100
42252588
42288604
42258840
42742744
42200644
42320960
42318716
42273952
42309560
42308776
42261748
42322636
42414964
42219836
42235292
42253368
42362732
42218096
42295708
42267012
42368756
42331852
42263024
42310600
42230364
42296212
42287608
42373080
42252792
42297104
42266848
42335500
42313500
42289612
42298336
42352560
42264716
42295008
42252832
42276268
42265712
42168384
42322768
42300852
42225652
42274096
42218768
42386960
42204412
42396532
42302536
42325284
42278148
42261812
42325272
42258364
42482852
43488004
42310216
42310004
42405192
42287040
42408268
42266388
42254284
42484392
42359100
42270500
42358896
42291212
42326872
42218856
42363504
42279044
42326192
42265316
43715240
42251284
42309532
42364372
42276608
42284376
42437732
42316592
42328836
42300164
42328056
42274536
42353908
42290900
42355376
42376108
42309604
42360748
42301804
43566032
42283912
42315312
43393896
42325688
42238512
42326088
42292588
42362820
42287536
42284552
42254116
42274000
42386868
42227728
42378140
42277604
42384768
42311092
44917096
42297760
42234912
42396524
42388552
42259424
42300056
42267192
42320368
42263008
42489412
42369204
42339744
42270820
42304228
42288828
42252356
42226696
42284948
42496372
42371536
42256424
42852976
42331748
42346216
42268388
42210420
42272032
42287648
42220140
42310752
42352656
42337812
42259088
42286368
42258412
45616772
42297772
42298684
42265996
42314036
42352776
42297140
42387904
42436816
42339136
42400320
42291364
42298952
42276716
42273340
42314876
42346284
42272428
42314948
42972768
42302308
42242520
42181068
42294580
42299440
42274212
42327856
42272676
42421696
42332988
42342728
42285876
42260684
42272088
42317216
42268880
42287120
42525544
44582012
42472276
42338624
42393360
42320212
45245200
42318580
42229504
42371652
42293188
42273260
42338532
42496116
42274100
42343064
42208344
42229040
42280596
42271504
46311108
42302980
42304080
42258024
42322928
42317164
42260300
42289400
42248224
42269620
42231744
42291900
42337076
42347808
42286684
42322196
42942392
42298408
42265484
42415928
42345020
42244168
42278040
42303764
42267976
42425252
42152828
42274624
42219312
42309892
42832048
42420440
42275428
42447956
42302032
43114116
42338124
42497960
42386284
42323320
42295236
42271696
42471296
42298260
42371840
42301380
42316948
42323452
42242972
42306480
42306644
42307476
42351508
42293140
43698512
42316100
42256608
42278328
42297096
42339268
42256096
42716624
42325960
42211156
42260736
42354676
42298664
42876316
42252064
42223052
42345132
42272124
42776564
42218456
42273216
42207028
42421996
42285260
42454380
42223376
46074584
42274428
42312976
42301920
42334880
42294196
42337480
42260912
42255920
42359336
42448376
42681808
42316528
42341640
42323660
42322196
42345132
42290108
42215308
42290628
42156492
42309620
42357836
42269024
42319948
42216596
42269228
42307296
42290740
42326428
42310852
43851256
42276060
42287140
42278780
43070892
42371284
42336112
42280600
42250544
42289624
42346168
42324868
42292284
42370384
42318764
42273388
42271132
46544948
42299336
 
42299500
42344836
42322744
42343468
42175388
42308220
42224328
42258484
42250820
43082856
42272088
42205540
42236100
42426248
42241916
42437608
42272892
42419996
42232676
42278080
42269132
42292772
42389888
42231284
42276536
42373656
42273432
42289724
42320364
42365440
42301100
42234692
42322540
42308788
42345108
42314932
42288788
42619016
42259104
42240760
42285576
42319056
42334340
42205948
42294236
42360412
42233204
42310764
42311240
42417240
42337936
42210420
42383016
42382136
42424000
42234600
42330084
42263072
42224296
42253468
42263564
42270740
42296688
42221408
42343932
42264892
42260988
42299872
42277292
42259976
42420448
42251124
42316140
42280580
42239524
42277624
42322812
42232984
42320136
42299424
42279388
42247232
42195224
42284428
42342792
42181508
42226620
42337712
42279844
42338420
42305824
43316656
42339460
42297796
42265312
42358208
42295984
42262052
42211960
42307108
42258696
44450580
42350492
42388116
42361840
42284388
42294872
42324768
42408112
44284280
42283856
42295752
42269752
42220936
42278724
42187268
42243468
42224428
42317064
42344084
42246868
42304216
42308780
42297232
42298636
42220208
42515584
42340192
46570580
42292788
42306384
42290532
42290884
42194532
42457792
42280160
42265904
42289564
42441508
42385336
42428636
42424492
42332940
42436640
42237560
42342236
42386364
43163208
42264320
42241552
42332708
42286604
42230536
42246984
42277716
42341232
42273356
42291968
42251936
42320284
42280680
42305656
42272296
42321296
42639756
42298832
46230464
42293764
42310184
42264344
42209408
42294364
42367312
42363508
42304440
42199988
42218404
42241820
42280496
42254660
42286572
42258124
42268544
42231932
42277224
42279016
42324788
42294636
42214900
42237204
42251356
42277588
42309964
42236512
42234796
42668796
42945224
42388880
42282816
43176608
42276672
42315020
42288076
42313472
42314496
42240624
42331388
42324784
42261684
42320220
42285696
42353800
42410152
42280544
42286576
42313152
42256092
42256872
42300640
42392328
42299028
44691288
42340736
42336308
42235984
42325560
42293132
42308580
42266440
42382772
42336856
42239932
42261452
42237592
42273892
42235328
42237436
42284492
42717604
42405420
43502268
42291524
42372400
42156324
42236808
42288644
42286112
42278044
42305104
42295012
42325964
42229656
42232276
42397388
42400652
42405688
42291236
42283316
42313516
42252408
42235768
42264328
42316432
42267668
42457352
42329144
42192004
42264392
42248900
42255800
42316208
42268256
42810016
42328016
44144272
42297772
42307916
42338916
42342856
42315040
42271168
42215572
42241000
42265292
42213420
42170592
42198668
42227284
42344300
42197004
42385972
42378780
42155384
42321180
42233600
42230844
42335320
42292428
42234168
42390116
42343220
42304364
42309728
42331484
42320228
42327588
42307620
42343400
42292704
42358844
42355952
42343772
42307508
42268656
42294208
42301356
42296016
42305024
42290456
42243556
42319240
42492248
42254160
42413812
42354732
42261584
42305108
42259056
42260556
42416608
42340268
42400900
42412676
44122228
42320488
42525872
42453476
42172636
42291492
42306016
42319008
42333448
42267496
42259564
42275884
42219804
42295940
42246588
42460960
42257908
42533784
42243744
42732780
42259368
42188332
42336052
42359696
42228552
42300428
42328340
42295376
42636896
42832452
42260824
42259256
42313036
42268768
43120892
42314664
42306824
42321584
42261780
42264736
42347020
42297216
42282040
42377364
42384088
42405376
42300592
42296596
42382928
42353296
42283120
42314716
42369468
42306984
42285004
42219228
42317664
42191756
42288376
42325824
42236796
42359680
42373068
42289456
42386512
42235412
42414116
42287412
42294868
42269632
42459296
42257796
46329396
42227168
42582760
42351648
42296060
42303128
42269888
42301376
42294968
42328208
42391672
42200756
42292444
42293384
42415508
42240344
42196372
42410336
42293100
42457192
42305984
42330640
42349920
42256232
42209132
42448400
42402352
42282892
42257072
42475736
42220380
42239048
42285264
42224056
42268200
42485192
42333280
42492364
42307612
42448272
42384824
42618948
42423508
42244804
42253636
42359208
42262056
42383000
42222208
42213828
42390988
42197520
42335524
42249736
42325468
42399264
42259140
42302732
42315156
42389308
42217568
42240008
42226000
42261156
42164272
42320496
42360100
42327976
42414736
42257464
42260364
42268708
42523380
42313280
42305852
42289032
42346448
42304344
42292512
42293712
42322744
42320944
42303436
42277964
42275588
42323424
42330304
44164688
42323740
42348236
42287180
42534128
42319804
42349028
42284984
42342620
42339016
42314328
42319976
42319768
42323412
42482616
42240488
42227188
42324928
42297852
42252080
42316488
42277340
42264616
42296396
43839164
42355656
42337704
42291544
42325848
42319760
42286104
42314428
42367356
42459912
42317152
42360840
42230560
43767876
42255780
42369720
42307384
42519472
42310452
46362916
42330304
42303792
42292228
42335136
42277632
42170720
42279308
42312460
42238676
42238692
42363580
42399448
42448904
42192808
42236224
42204156
42320128
47610520
42239472
42304404
42215852
42261956
42253948
42231948
42275068
42247800
42264276
42439732
42258992
42487848
42359356
42308132
42349940
42289228
42413628
42296488
42449520
42270432
42222396
42438544
42354012
42419528
42362236
42470924
42325652
42408704
42828728
42294552
44256872
42248520
42219888
42290956
42251164
42356276
42251952
42321060
42285212
42397852
42269124
42315232
42398416
42303384
42290428
42261988
42347552
42426356
42343024
42323780
42273892
42299016
42398356
42321776
42291480
42500148
42334652
42393712
42863828
42259060
42306856
42248072
42262800
42270704
42309056
42312504
42236912
42383856
42256428
42296232
42237400
42701568
42317496
42260676
42311536
42306200
42298168
42346804
42286012
42298448
42292696
42289192
42279272
42388980
42450448
42327480
42242504
42310944
42262404
42353804
42268448
42318908
42245524
42312364
42299168
42423132
42323176
42427828
42322284
42215536
42294368
42307984
42206876
45093880
42426120
42321460
42150360
42285772
42255532
42260076
42236324
42285128
42318096
42923408
42244116
42306608
42381608
42329188
42307388
42302316
42201044
42250036
43219548
42356632
42272884
42240136
42314112
42357416
42405472
42225088
42325264
42291216
42678556
42331476
42364364
42350900
42356048
42313048
42294084
42329856
42376728
42336516
42251656
42350664
42295264
42343148
42313940
42294668
42293960
42316268
42524060
42317560
43736624
42269140
42297532
42186300
42296520
42274420
42301232
42297816
42237592
42282664
42304236
42323156
42296932
42238188
42271640
42330908
42397928
42292408
42321240
51655230
42266304
42348652
42319052
42237860
42331828
42285832
42215800
42198096
42299908
42199776
42294412
42305532
42234928
42160972
42246500
42286748
42298448
42244488
42270244
42319196
42375312
42212284
42214960
42357500
42190248
42231604
42279656
42212724
42307016
42252928
42333928
42208000
42313972
42310072
42260516
42288524
42262848
42268240
42228924
42242672
42278700
42321884
42318288
44146724
42249676
42323564
42309240
42355172
42312560
42288372
42331672
42139876
42278384
42330568
42314632
42320644
42294616
42302592
42448944
42312492
42360976
42381672
43803128
42301340
42244140
42332160
42290020
42272280
42297684
42328404
42250872
42218488
42283188
42428568
42256548
42282472
42370116
44711096
42301664
42252116
42257928
42683396
42289644
42258892
42289096
42300736
42313728
42336020
42303028
42319336
42375716
42372796
42314796
42273156
42255576
42247924
42306688
42279088
42262392
42306268
42480404
42281096
42210936
42282104
42284052
42212220
42164016
42245472
42269408
42203288
42257080
42216224
42206756
42249144
42167684
42289448
42226848
42729736
42288556
42276556
42393288
42368960
42300604
42281948
42359588
42283708
42250808
42293372
42418936
42344836
42311256
42415520
42310848
42259696
42319848
42317428
42207420
42248384
42291584
42325056
42309364
42306360
42322656
42201760
42261020
42200700
42301068
42360084
42302540
42311128
42300392
42258844
42273784
42237192
42321524
42352004
42300628
42427512
42252132
42301772
42272592
42290232
42342708
42382868
42215120
42319768
42306280
42361564
42278820
42295312
42286788
42283640
42263640
42323960
42359668
42404812
42346504
42345500
42305920
42304780
42304268
42328272
42322076
42297660
42284284
42318664
42335276
42298708
42253944
42340660
42268888
42358700
42661796
42329840
42297768
42302608
42304720
42246728
42311512
42433112
42296344
42233620
42247780
42264116
42332068
42414824
42328272
42274740
42286076
42247264
42318304
42307036
43257112
42261304
42280156
42350552
42331104
42259308
42294592
42331120
42384232
42268768
42280432
42254792
42325172
42350432
42318280
42249972
42258036
42319416
42300904
42300464
42304136
42399436
42432532
42309240
42274940
42281640
42352456
42287764
42374816
42363348
42323764
42379308
42299888
42322428
42323292
42271408
42316260
42306304
42350324
42324660
42273176
42286948
42318556
42311220
42273644
42299272
42356148
42305532
42286604
42239384
42299720
42280440
42288560
42282052
42464004
42228072
42349728
42255476
42560908
42281064
42280612
42830036
 
