Procesando...
  Filtro             : sierpinski
  Implementación     : C
  Archivo de entrada : lena.512x512.bmp
28391352
28722060
28465188
28415172
28654676
28477964
28490460
28426448
28396976
28548696
28449888
28406016
28429728
28442764
28575248
28443004
28439840
28435096
28433784
28581888
28511060
28402596
28423196
28400380
28550372
28462260
28423816
28425988
28413640
28513556
28533196
28429872
28400316
28558912
28570144
28456832
28465180
28470780
28597456
28488132
28501812
28421268
28434760
28648428
28482956
28447288
28448112
28448204
28564568
28509620
28588732
28509760
28425652
28554740
28504480
28540544
28443840
28465364
28512532
28504304
28475324
28438772
28506464
28554848
28483320
28479036
28452328
28632052
28437324
28512240
28434132
28445216
28551396
28487124
28445768
28460848
28438780
28512492
28485260
28472448
28543788
28439468
28455560
28546136
29139320
28434344
28459912
28433516
28495340
28464256
28471072
28469720
29137804
30175380
30401628
29474596
28615768
29224504
29861388
28536288
28475792
28491252
30666344
30492268
28710800
28472136
28446256
28451332
28448388
28443176
28436160
28461628
28450204
28468648
28459364
28407448
28522092
28465408
28429208
28382432
28477316
28504468
28511596
28403060
28501936
28484512
28595376
28442072
28433632
28433368
28412832
28545620
28434196
28467228
28426968
28480196
28455196
28463932
28460596
28442132
28560664
28370804
28442688
28428680
28457296
28566248
28438832
28435152
28918096
28450348
28527672
28470704
28362272
28430368
28432424
28461796
28464228
28463264
28425180
28400716
28483096
28482876
28433828
28377372
28508436
28472908
28515884
28491636
28448328
28570684
28395448
28493324
28411100
28509344
30789320
32619344
29795688
28440724
28413100
28463348
28493032
28408216
28414764
28404120
28490080
28458336
28461392
28421624
28437484
28467084
28439908
28435580
28447220
28613308
28459120
28431056
28420540
28534092
28562080
28459448
28399800
32370632
32797556
31245652
28402196
28416192
28448072
28414232
28521028
28496336
28425452
28408396
28425616
28487480
28478752
28431200
28426160
28435072
28474672
28451544
28362408
28418804
28565344
28421596
28370740
28442580
28436676
28525772
28462544
28450184
28419900
28398400
28554712
28456656
28426984
28413584
28395284
28523064
28420044
28421796
28394556
28398252
28504272
28485856
28463708
28401892
28468108
28511576
28528180
28473768
28452956
28547664
28513116
28460136
28453624
31048112
32577396
32394076
28438564
28457068
28455936
28468860
28434956
28398332
28431780
28409132
28491492
28421736
28497860
28457344
28453848
28491972
28431824
28672944
28457720
28561096
28423416
28426920
28407604
28399492
28536524
28464716
28936776
28938136
28716696
28471060
28450984
28440896
28449064
28451968
28441236
28476332
28423332
28455884
28511836
28483532
28463596
28424624
28414328
28415736
28523896
28444704
28440208
28433288
28529252
28436596
28467092
28458160
28430300
28527764
28448008
28401932
28395388
28426144
28534304
28469628
28417368
28475828
28403940
28488968
28548872
28414632
28415820
28415176
28515644
28478660
28377228
28416972
28773428
28420668
28430316
28410692
28423324
28543096
28420364
28458252
28648792
30669480
29355104
28452488
28485876
28636660
28500800
28449924
28534308
28455280
28466524
28376400
28430384
28433156
28420776
28447348
28421396
28511780
30007900
28433396
28413216
28459008
28484844
28476844
28415892
28435056
30104632
29094796
28970028
28431900
28421272
28444904
28506220
28409188
28444952
28484188
28495752
28598776
28464928
28478868
28449640
28464568
28499216
28484900
28413740
28440284
28515896
28513520
28426376
28451400
28481336
28450260
28495576
28483340
28449424
28556496
28436068
28589556
28530648
28432096
28556672
28452604
28497908
28410036
28451820
28511080
28487128
28441324
28402020
28439984
28503956
28514748
28404768
28408324
28430432
28446392
28426676
28419252
28467060
28465576
28483412
28443352
28453008
28475968
28545940
30025032
28557584
28498136
28480572
28671048
28521332
28513272
28511020
28451592
28483556
29977836
28961236
28705496
28455488
28509128
28404792
28456936
28469264
28445332
28541460
28515840
28435120
28426388
28481396
28566176
28464944
28472912
28411528
28437280
28500156
28488008
28429324
28433784
28461664
28451752
28511176
28441368
28435596
28452600
28510144
28519488
28430120
28466716
28537140
28436924
28442820
28505076
28446252
28526692
28517756
28471680
28460316
28458832
28520620
28469772
28471328
28442556
28488956
28469432
28495460
28490876
28623988
28548404
28524196
28453632
28430524
28465704
28471760
28440416
28432492
28427700
28414076
28604236
28412192
28428096
28413724
28409156
28510128
28543700
28446608
28425140
28428608
28522460
30303428
28448664
28433532
28388040
28511840
28522076
28415028
28384416
28792164
28902060
28839220
28448132
28432996
28500136
28450124
28464496
28401704
28472080
28580996
28450748
28406784
28431704
28425384
28552900
28455960
28433900
28439332
28628560
28550680
28441372
28438156
28411024
28403996
28474624
28454096
28432748
28436904
28428204
28483508
28467156
28437204
28381708
28545968
28386776
28442364
28388540
28427772
28589548
28446640
28418456
28399168
28402472
28550660
28488500
28441492
28374036
28436976
28544532
28473796
28403828
28446072
28438288
28503140
28490576
28424984
28449768
28456176
28559932
28428764
28506328
28412284
28570648
28445060
28455432
28444208
28452068
28769568
28443032
28438756
28451888
28387008
29441056
28497828
28459996
28412188
28443952
28541240
28488736
28455812
28480488
28755708
28874904
28601436
28449352
28438848
28490620
28442512
28415388
28469240
28430928
28525256
28463492
28553760
28426464
28436988
28363452
28419236
28437376
28407584
28371932
28479928
28485616
28416780
28478620
28389368
28568864
28449308
28443068
28423192
28446384
28479020
28625868
28407856
28531044
28432692
28459464
28455652
28459716
28443692
28586264
28413248
28472456
28476268
28419180
28541404
28465316
28445712
28451620
28411448
28485208
28476384
28420108
28392608
28413080
28492140
28443448
28424456
28444792
28412368
28501120
28495852
28416624
28473840
28500956
28469232
28466140
28407220
28443076
28588460
28531152
28463604
28433632
28454840
28382088
28522304
28520952
28442948
28387824
28825404
28483812
28444200
28403372
28377188
28811708
29674352
28835920
28436904
28445504
28561176
28483236
28496956
28456504
28542012
28520304
28521744
28455264
28435908
28431452
28557380
28542332
28456912
28482188
28515524
28526176
28543944
28444008
28421712
28529604
28511204
28463824
28453192
28470788
28559932
28454116
28432036
28455480
28405700
28497348
28567092
28502500
28510000
28469812
28504016
28504100
28554760
28452408
28447256
28600164
28481640
28471228
28499344
28457756
28517756
28467348
28491856
28431204
28428352
28521572
28528160
28455020
28438524
28551852
28605892
28505388
28534784
28436744
28444604
28492696
28501944
28423872
28416848
28497408
28507128
28478904
28453244
28442212
28613136
28439180
28482016
28435192
28502144
28544744
28544648
28532072
28490428
28435480
28431916
28413844
28440760
28447732
28465076
30505944
28501136
28440132
28364372
28562380
28542976
28485356
28469752
28381140
29148128
28696708
28431424
28481184
28460140
28515568
28471800
28492808
28440516
28474100
28571184
28541576
28458156
28459540
28482672
28998424
28490204
28489148
28529128
28432964
28565816
28479444
28519040
28405388
28517496
28472424
28416184
28439324
28381548
28553012
28433560
28472360
28436400
28408680
28515408
28444332
28443376
28426784
28398756
28499152
28466200
28435320
28432788
28414140
28505272
28528384
28433552
28487228
28426164
28492024
28538392
28456000
28461088
28531672
29218984
28505436
28461332
28643760
28488132
28472532
28430804
28401624
28426904
28513816
28551564
32610540
32502512
30155976
28500116
28439912
28417488
28514160
28447352
28486996
28514212
28404204
28421064
28475352
28564988
28466996
28440780
28410712
28502988
28478556
28460756
28434544
28444100
28549336
28480088
28384984
28445328
28410868
28484172
28486964
28428908
28450876
28397608
28497656
28443144
28423288
28561272
28430744
28527560
28515004
28467292
28450408
28493332
28454832
28425220
28416588
28389992
28518664
28440592
28449240
28396372
28451808
28495044
28533240
28423200
28380220
28492412
28473144
28464080
28442016
28442296
28413728
28480872
28459500
28404680
28452736
28484260
28492868
28436016
28484988
28394348
28501556
28422400
28429424
28450016
28411584
28578200
28391668
28471372
28424432
28446800
28533988
30548752
29919584
28423012
28404784
28563304
28532860
28424080
28395720
32615996
31694736
28426052
28436252
28413952
28509124
28476932
28451268
28420012
28449700
28576808
28427932
28461556
28390104
28438448
28502188
28455272
28380788
28435212
28425476
28469444
28466740
28425264
28417428
28427372
28432608
28450000
28421856
28403440
28420592
28475396
28505788
28418652
28418804
28477452
28452712
28426120
28445228
28436228
28566544
28463192
28502860
28476524
28435924
28526024
28481468
28442492
28455052
28418068
28602864
28451444
28514912
28452108
28446884
28495476
28568224
28444468
28432360
28447488
28497876
28469304
28485032
28490160
28581224
28482924
28472264
28484560
28403476
28539892
28624440
28550240
28513672
 
28461860
28530884
28404812
28483592
29021388
28506200
28544956
28484948
28409708
28506260
28447272
28525060
28490868
28464152
30453316
32696332
32562512
28761612
28421768
28430436
28481396
28494576
28426848
28425732
28399120
28559680
28429372
28419100
28444164
28440720
28585176
28432020
28455792
28419520
28422156
28483580
28465320
28444912
28413472
28432604
28503532
28418120
28437436
28428656
28427376
28524472
28501856
28441732
28453448
28525752
28452168
28483388
28451184
28394180
28547016
28441360
28432324
28426800
28413332
28555724
28395276
28407976
28416752
28408660
28460752
28494932
28493756
28450928
28457608
28478956
28543332
28460220
28449024
28506008
28564808
28522840
28483456
28456912
28473824
28420840
28503736
28435488
28481948
28515664
28742168
28454960
28481464
28462396
28433388
28837240
28507492
28423340
29033508
28512948
28504380
28461836
28409284
28436740
28584216
29688236
30046840
29017392
28445232
28472728
28432620
28455360
28465872
28456800
28503292
28488964
28462532
28452660
28425120
28529968
28536316
28444860
28433364
28415656
28484528
28487500
28459212
28477464
28504536
28487756
28462672
28435596
28448032
28554872
28449368
28473240
28473120
28464580
28584304
28506656
28470384
28458300
28427084
28455004
28420184
28449056
28444672
28437680
28541200
28465228
28439044
28481192
28473788
28491824
28473748
28443088
28422424
28598632
28486276
28435408
28461968
28451724
28523096
28454828
28475012
28459796
28490308
28482240
28449260
28467608
28446848
28487296
28529936
28462784
28471596
28451720
28468348
28491564
28501896
28463828
28442036
28489684
28459876
28537656
28477636
28434136
28527764
28454020
28486880
28445628
28463208
28533684
28507236
28470668
28472916
28448112
28474700
28452964
28477564
28462188
28470080
31665736
33158964
29437136
28440984
28441780
28444024
28469372
28436612
28432300
28453380
28439088
28560480
28427172
28388680
28558368
28454772
28430908
28424444
28429856
28581144
28491708
28439100
28464800
28432856
28396332
28508472
28543844
28437212
28396164
28469136
28481424
28503644
28415816
28435168
28559200
28455292
28410200
28419696
28421112
28525836
28462964
28504844
28436424
28430216
28497584
28478552
28468896
28421604
28474992
29042740
28604284
28454400
28449028
28399612
28438108
28502956
28540776
28478460
28397268
30759908
32644716
32436360
28460464
28440512
28472796
28431224
28432116
28435740
28432908
28490576
28473636
28456052
28438796
28406184
28485740
28554812
28453828
28423996
28428756
28548292
28418660
28472348
28439788
28411028
28514712
28442728
28422848
28434228
28450008
28537296
28458364
28446948
28402832
28421500
28425156
28479940
28446484
28416912
28454420
28488332
28494392
28449280
28446316
28430176
28441292
28458152
28438876
28395460
28514840
28405096
28435432
28424028
28407192
28542052
28430652
28446300
28446904
28401348
28558440
28499444
28481648
28413008
28429448
28511664
28559448
28426544
28407232
28436576
28552292
28489192
28491648
28468344
28519572
28469412
28572832
28440808
28500672
28515116
28538504
29083708
28477888
28470092
28550196
33267812
33114076
30421428
28420504
28440680
28403300
28428660
28418048
28441992
28505464
28452596
28392960
28428072
28466360
28478612
28489520
28474372
28427924
28507752
28413896
28470320
28396132
28428288
28488980
28408264
28431204
28397376
28423616
28498140
28449860
28391432
28427656
28449744
28459908
28469900
28427492
28432652
28441444
28492236
28493048
28412812
28380876
28408828
28525312
28459372
28459504
28429708
28575728
28446180
28513512
28398380
28499500
28572192
28492556
28431184
28432332
28442800
28623028
28460208
28493576
28436592
28396640
28447964
28531292
28425976
28449608
28421060
28527208
28464748
28460696
28415072
28472516
28549796
28514672
28435520
28377060
28563520
28433284
28492796
28461352
28445332
28528308
28454180
28452068
28443156
30001580
28526636
28550260
33044276
32614028
28396744
28490688
28443964
28453284
28436340
28436040
28513640
28560064
28420304
28401540
28491112
28481680
28443520
28412560
28461988
28600592
28418136
28423928
28425732
28410576
28489576
28463296
28397984
28428360
28421356
28507796
28496096
28456048
28415012
28395968
28511984
28546956
28417536
28390320
28416920
28470276
28472308
28427660
28438924
28447184
28473976
28441168
28440704
28423652
28553728
28439800
28421760
28423292
28414800
28565868
28475016
28369032
28440996
28437804
28515064
28478100
28406256
28418020
28378568
28487696
28467536
28426024
28418652
28450328
28529400
28453284
28457956
28448148
28477340
28492824
28477388
28442632
28417924
28594428
28454108
28442184
28460916
28415140
28558800
28481032
28456576
28438236
28491008
28535776
28444256
28445236
28438632
28415792
28472692
28488668
28418184
29979200
29144600
28812320
28422580
28448152
28410220
28454860
28465768
28471172
28429160
28446864
28544944
28453676
28433392
28400224
28420080
28571968
28526520
28465464
28427308
28462024
28501928
28456880
28436688
28447204
28429448
28516552
28489440
28437356
28409032
28401344
28467804
28447880
28431404
28408484
28484760
28476012
28507380
28406652
28470424
28605168
28470448
28423632
28462496
28462484
28530840
28431364
28460408
28408644
28421672
28417156
28403920
28413968
28434572
28418324
28431328
28430776
28411972
28398580
28380232
28466036
28482724
28448916
28376568
28507860
28482744
28426556
28422680
28446404
28539476
28478180
28416412
28412060
28469348
28572428
28478640
28477376
28428544
28420912
28527336
28478844
28477420
28489612
28433416
28539284
28446256
28434872
28431432
28495140
28458380
28500752
29958864
29021168
28512348
28475624
28496604
28478292
28472328
28462216
28492128
28406800
28478236
28394656
28506392
28479660
28469040
28464736
28464284
28479672
28468816
28382096
28488612
28410984
28569064
28505776
28480496
28419796
28484188
28503080
28555040
28436344
28384136
28455632
28437972
28416656
28409856
28405228
28478616
28436284
28463548
28442440
28445720
28463196
28440108
28436416
28425448
28408492
28467836
28464076
28431620
28449432
28451764
28483576
28456192
28440144
28456192
28455468
28461420
28444300
28440080
28453328
28538064
30149752
29137060
28494936
28438684
28453828
28506496
28460528
28429188
28411056
28539748
28499048
28393964
28429032
28412236
28451436
28509980
28408900
28433020
28402292
28507152
28471920
28414364
28396296
28475964
28520076
28439564
28435404
28419376
28558100
28436884
28417252
28422680
28410248
28531224
28438944
28429232
28427376
28373712
28534076
28490828
28439136
28431960
28409580
28493308
28440760
28456752
28379952
28415632
28515796
28458740
28485500
28389156
28489592
28474528
28463372
28368744
28437124
28526604
28456532
28422484
28441520
28444088
28529096
28462136
28524376
28462408
28442168
28548360
28498904
28486364
28515836
28442460
28450672
28486744
28487780
28466280
28438664
28573312
28483444
28440896
28434812
28417868
28560192
28532688
28444724
28427580
28995132
29057016
28539100
28392812
28444364
28430272
28475056
28454360
28365520
28434180
28475800
28483800
28460504
28438952
28415900
28584352
28438148
28450280
28442696
28399676
28516440
28467988
28439468
28389756
28449472
28545764
28455168
28421240
28469928
28409404
28466436
28445232
28447160
28423376
28446680
28486600
28465656
28400708
28403100
28483628
28468236
28425540
28410136
28412048
28555452
28474868
28457716
28409212
28443260
28553488
28434628
28421460
28428868
28362992
28510996
28439776
28370848
28441548
28440492
28533296
28476060
28441192
28404412
28397736
28481168
28456924
28423628
28403520
28488536
28494600
28429688
28431200
28396604
28564908
28477396
28443396
28660680
28441924
28496900
28466136
28432960
28455900
28429080
28567148
28557000
28737508
29847016
28834804
28779184
28477924
28446264
28426672
28486988
28547076
28516828
28974180
29124492
28566964
28463228
28499800
28415312
28466416
28577152
28489392
28457572
28450548
28434480
28443708
28440620
28433044
28450512
28409652
28514260
28445532
28429028
28428308
28431272
28484456
28499864
28434112
28438096
28448464
28524360
28467576
28409832
28413648
28503436
28501028
28444936
28510828
28459800
28543756
28471604
28397180
28411260
28435068
28529124
28414996
28462688
28449596
28418220
28555060
28425016
28443896
28427752
28391740
28444224
28484784
28445384
28430628
28404876
28491788
28472672
28454468
28431712
28445316
28476980
28492016
28397612
28425340
28565264
28457484
28464024
28436996
28420944
28527548
28561192
28413264
28365148
28802856
28860744
28756292
28477428
28441876
28447264
28485496
28494288
28489376
28426208
28600944
28743152
28748736
28446100
28448916
28521804
28435280
28493492
28439776
28437524
28554656
28442044
28459616
28408396
28472096
28579404
28413460
28492444
28452452
28446416
28573908
28470584
28456536
28470164
28447228
28564908
28471904
28493324
28424532
28455752
28558912
28476540
28466376
28474488
28485536
28509964
28503256
28465772
28457064
28456532
28490244
28469488
28438764
28446132
28447148
28411440
28507500
28432672
28402836
28582172
28548516
28444372
28454468
28430376
28546280
28542876
28456156
28517292
28396556
28593760
28459428
28549864
28438436
28505868
 
28561632
28517824
28537460
28466244
28458320
28598904
28559280
28530700
28462188
28424432
28428424
28440580
29513528
29427448
29086700
28462908
28472188
28467220
28441508
29875844
29462956
28987992
28493628
28466760
28602640
28539700
28471164
28474156
28424528
28543004
28503908
28508580
28435632
28408636
28603124
28523000
28454480
28412412
28435176
28621588
28477164
28407116
28422232
28422212
28507372
28544096
28430808
28516824
28453124
28555360
28443016
28464180
28449168
28487840
28549616
28441248
28462252
28463444
28642908
28420388
28492264
28443752
28469376
28501740
28573132
28604020
28530960
28471192
28451044
28458672
28548016
28437736
28470456
28419076
28535756
29559972
28865136
28549140
28535356
28578508
28580684
28512412
28434224
28394720
28490844
28458148
28508068
28423628
28418220
29610380
28829852
28604936
28471372
28425584
28431272
28509768
28567080
28445676
28415884
28411860
28551940
28455824
28417852
28419628
28485768
28519176
28527136
28459392
28400412
28536872
28540316
28419768
28409668
28403924
28574412
28442008
28410616
28430984
28422716
28517856
28471972
28423352
28443024
28387396
28530548
28440212
28530764
28402740
28414988
28472708
28446768
28453444
28406844
28426712
28477176
28560620
28456944
28416332
28532848
28548496
28476592
28439228
28455484
28637564
28455472
28434048
28464504
28478744
28555276
28533692
28422316
28461744
28472576
28643260
28510256
28397176
28469772
28427260
28520776
28465436
28505700
30195420
28762800
28510980
28758676
28412416
28462376
28620096
28466588
28521496
28418400
28431684
28579756
28480232
28410536
28715296
28767116
28480464
28475456
28475072
28461420
28442972
28481944
28551700
28444620
28464420
28445796
28512688
28480120
28469956
28468192
28464768
28462128
28494308
28436024
28438556
28567132
28469264
28467832
28458028
28459196
28567976
28531292
28437220
28476100
28463628
28536944
28524888
28461264
28445352
28423144
28571576
28492900
28447032
28447536
28450728
28467128
28479588
28438336
28463832
28483576
28485824
28493432
28449088
28467780
28605716
28569220
28496624
28458684
28494612
28445240
28434860
28442560
28424112
28436580
28514360
28499528
28475316
28440256
28421400
28473468
28506872
28460968
28486540
28494820
28521556
28468204
28430328
28442968
28582444
28464260
28423316
28438952
30027916
28868568
28859460
28439816
28479708
28464524
28578936
28497776
28493088
28433468
28392240
28449716
28517968
28407704
32613420
32525224
30002132
28394192
28429896
28436552
28471864
28566464
28506108
28514856
28436372
28615848
28540632
28461716
28498700
28438096
28630484
28519660
28526868
28451612
28453036
28591368
28568084
28453128
28434916
28471232
28568864
28496464
28472360
28473044
28506164
28521468
28514984
28466412
28508792
28494356
28560048
28483740
28479668
28434012
28548472
28495472
28566612
28468204
28438264
28549288
28514448
28516776
28445336
28507004
28529832
28587572
28453164
28462872
28481628
28674216
28442328
28537632
28426568
28433936
28522760
28492764
28467056
28427580
28405376
29926300
32615312
30252544
28426192
28457984
28514380
28937244
28448552
28449700
28433496
28476668
28465264
28421332
28457856
28544352
31579652
32533668
28993988
28433816
28554880
28474240
28424472
28396492
28416132
28552896
28471784
28444848
28400348
28419540
28508308
28439576
28406144
28423372
28396088
28520252
28489200
28414940
28421184
28465160
28500848
28482812
28447980
28447324
28532892
28469536
28461912
28416488
28431164
28565096
28432936
28458812
28413812
28443896
28569432
28457856
28421404
28425900
28418520
28483480
28440984
28421860
28420680
28410544
28495600
28502596
28466008
28438364
28451828
28529308
28485624
28422992
28423884
28536008
28421912
28437960
28417600
28427400
28540092
28479064
28476160
28635564
28435488
28526024
28461532
28441640
28363776
28418228
28462116
28438128
29231032
32674184
32485560
28537612
28501424
28545504
28412808
28513244
28548504
28492856
28501608
28437508
28619808
28514408
28594620
28473836
30855364
32551956
30613244
28414052
28456260
28408156
28470988
28478816
28427960
28392388
28373316
28500900
28469588
28439140
28430248
28448812
29643992
30847028
30796376
30783204
30927200
30794216
30776916
30776468
30757812
30894768
30885848
28416432
28380700
28453972
28517660
28565328
28460016
28387464
28420372
28502036
28471600
28395704
28447148
28490400
28536788
28592712
28455480
28453416
28491608
28467536
28492868
29150488
32490396
32556268
29468924
28453696
28411308
28438976
28541908
28527788
28495496
28443716
28523332
28546076
28504864
28401492
28428144
28409812
28509996
31630788
32704072
32313204
28472208
28485160
28496068
28424800
28429380
28480964
28447340
28455308
28434492
28476964
28546056
28408624
28425444
28411976
28434332
28565956
28517724
28506788
28440000
28427540
28393936
28423460
28411608
28383272
28405620
28450148
28528164
28426420
28396632
28427488
28508148
28433232
28428120
28398072
28498192
28466340
28431552
28413688
28398712
28578248
28415792
28464080
28386768
28476876
28556848
28477800
28417264
28387740
28445144
28468016
28450696
28468636
28398176
28403172
28471544
28492680
28487260
28492428
28452868
28511548
28508756
28475832
28494184
28486760
30597224
32696624
32387924
28435316
28493136
28429712
28436888
28445736
28430376
28530768
28495680
28434924
28444728
28422012
28408328
28424884
28393332
28427380
28929088
30607532
28906004
28956288
28431572
28485020
28486116
28519428
28418576
28479992
28614056
28485616
28445092
28451872
28451408
28560180
28507528
28488624
28442076
28456000
28501840
28499032
28421492
28421724
28435656
28490516
28493280
28414124
28483704
28426032
28544336
28476848
28458172
28455128
28486180
28457436
28478512
28451136
28439168
28588364
28545528
28520304
28462936
28430244
28464152
28487588
28468316
28432656
28424284
28443780
28523988
28498272
28497280
28479160
28574068
28505068
28434208
28462584
28464512
28558780
28467968
28870300
28764212
28842324
28509664
28488088
28475124
28474772
28463132
28519412
28507476
28451904
28440332
28446384
28468476
28488900
28442736
28481040
28518136
28538468
28458568
28488020
28463108
28595872
28454732
28474788
28928620
28757916
28845552
28473724
28468272
28526564
28448704
28498856
28490352
28537972
28460032
28441864
28547004
28559836
28449192
28432392
28474540
28567080
28549972
28445368
28423092
28467844
28575284
28519988
28505264
28515328
28487172
28467612
28499144
28489456
28484532
28446112
28506104
28546720
28465260
28549752
28493072
28574100
28496644
28562884
28433236
28635028
28477848
28498940
28453608
28451288
28580752
28549960
28441276
28467472
28504304
28606744
28532408
28462540
28422268
28444552
28612472
28490044
28460596
32854380
30410328
28504860
28447724
28426152
28477584
28489720
28470232
28453988
28421840
28416796
28513744
28447012
28436804
28416944
28460612
28532912
28482020
28453708
28410484
28418068
28588892
28479352
28450112
30111668
28784320
28729492
28444340
28441752
28477004
28598336
28472336
28492260
28449680
28482484
28581008
28489492
28474780
28452168
28456008
28548800
28470560
28453732
28424984
28509724
28544140
28444704
28536844
28441960
28454192
28514024
28465976
28489796
28504556
28424308
28602952
28485432
28461176
28421340
28459020
28535924
28458556
28437356
28483688
28452312
28557480
28515028
28427640
28456588
28413940
28504376
28566628
28461748
28438912
28462024
28486792
28523808
28478080
28468180
28480024
28437816
28541280
28477892
28433148
28572092
28483136
28883280
28815240
28766808
28483664
28449832
28464784
28451928
28444636
28525744
28498392
28492396
28401648
28425908
28521624
28478896
28533664
28462224
28465704
28529804
28492936
28453224
28466436
28511820
28901836
28832632
28688356
28456152
28492276
28466804
28430396
28460096
28431796
28538432
28482568
28484752
28482372
28438204
28505848
28462232
28487108
28431280
28489772
28587228
28449480
28512540
28438964
28450156
28554236
28509240
28509736
28448772
28441812
28438920
28453364
28467320
28447656
28458956
28558300
28493728
28492756
28450280
28412296
28556532
28807056
28768720
28763484
28460296
28443304
28475744
28452264
28465704
28448764
28453612
28474764
28464264
28468188
28428588
28592828
28458520
28456288
28423100
28539456
28594756
28520196
28431740
28447200
28434136
28556976
28504628
28458464
28456172
29625620
33013496
32348504
28429796
28439156
28508576
28505376
28466768
28433048
28433340
28547924
28448384
28475844
28420024
28420332
28507300
28517240
28476056
28444904
28439272
28449472
28528444
28489508
28415532
28423732
28514660
28474996
28480440
28420496
28450860
28528428
28492676
28423524
28487796
28442892
28517280
28448888
28437440
28422100
28388524
28481168
28477660
28440676
28408072
28442916
28508916
28494360
28394684
28488720
28433364
28457096
28468784
28428752
28440184
28585704
28579680
28480160
28414732
28405168
28447068
31482932
32997120
29810916
28430084
28426028
28484804
28428824
28412904
28418408
28449736
28439528
28438236
28404212
28460644
28572876
28510052
28465404
28429032
28441668
28480308
28479676
28402736
28430752
28419340
29551236
28698928
28518232
28469816
28434388
28517960
28547436
 
28443152
28413776
28525824
28488320
28493276
28448700
28449788
28588788
28437180
28454224
28526968
28413916
28543592
28524912
28458256
28482668
28528300
28450504
28528140
28550184
28423780
28428496
28572612
28492456
28472140
28490480
28426948
28521664
28479236
28446516
28409640
28424836
28558940
28463776
28512704
28427864
28445060
28485236
28506388
28486748
28466296
28455560
28484184
28533608
28454876
28447872
28472892
28512112
28481276
28472032
31339636
32653240
32353816
28412904
28439868
28435316
28520976
28523080
28447800
28434380
28411088
28413344
28509692
28467368
28448588
28403792
28612360
28498000
28481672
28442204
28388396
28559860
28483220
28423344
28422744
32701060
32840600
30775744
28428632
28446684
28490956
28491012
28488192
28528920
28451856
28404328
28508356
28449560
28423392
28445556
28477540
28480336
28463192
28418976
28422228
28536408
28453272
28452968
28414620
28430932
28518428
28488600
28447624
28404760
28416992
28549016
28465964
28426308
28417712
28439088
28481052
28502832
28424484
28434736
28426784
28494012
28475484
28436596
28446260
28431852
28536300
28475064
28421100
28425868
28518128
28450436
28457940
28465300
28432096
28534796
28428920
28660332
28506604
28432136
28606440
28484732
28449716
28412172
28401264
28484816
28500868
29532840
28911928
28669168
28486208
28430748
28450168
28428500
28448788
28512076
28494164
28412608
28428304
28526052
28509224
28436868
28406588
28422036
28611648
28437400
28442276
29040804
28942648
28572152
28449524
28465056
28442524
28430192
28528208
28474388
28413872
30080080
29252112
28660756
28370088
28453832
28437420
29821320
30846416
30821180
30769712
30743952
30835220
30786692
30783724
30781396
30828728
30884932
30778848
30767896
30798676
28513832
28584116
28484548
28398116
28395804
28423892
28487196
28424852
28445780
28447068
28389272
28512688
28468132
28410624
28465256
28487348
28507536
28459444
28445064
28372444
28543968
28459340
28435700
28412080
28467508
28458896
28454856
28433668
28415832
28417052
28563848
28553200
28499888
32767712
32595476
31176232
28430776
28450876
28462592
28442716
28464644
28477768
28409052
28410564
28520660
28421348
28455936
28428960
28397740
28561356
28416140
28456776
28654956
28466912
28556912
28440856
28401680
28386348
28393384
28471900
28495524
31254336
32689616
32384712
28432432
28458832
28438204
28459864
28447220
28526204
28475580
28410652
28376716
28564396
28430608
28484804
28392108
28407356
28525772
28393644
28442256
28426740
28459308
28551656
28484948
28415024
28402932
29854368
28483332
28523212
28432624
28444696
28397052
28526752
28476020
28412908
28850124
28946952
29185732
28498524
28441468
28487000
28518616
28494720
28496616
28427448
28454864
28584092
28479580
28462212
28493304
28456800
28587756
28493032
28467988
28464508
28453036
28518456
28488076
28456384
28469588
30391880
28473996
28489812
28468212
28499820
28504976
28436388
28488676
28428544
28436844
31017744
28908292
28667792
28470424
28478756
28524676
28481392
28445376
28437132
28450000
28527456
28496504
28434396
28441892
28461324
28533872
28478016
28428676
28442868
28457352
28483300
28484596
28446396
28475104
28465940
28458680
28498112
28442488
28466580
28581776
28474260
28458088
28453092
28436548
28536880
28477552
28439760
28422312
28451136
28544244
28508388
28507688
28560604
28455996
28418336
28411520
28443596
28380292
28395696
28517128
28658704
28905732
28686540
28449252
28469244
28504148
28500016
28420940
28582548
28485188
28443472
28433288
28434060
28566564
28458460
28404708
28454288
28421712
28559492
28432700
28467000
29684796
28479456
28515812
28477972
28450748
28404996
28413192
29280620
28729836
28797344
28456108
28472588
28515088
28453364
28438164
28436312
28468144
28495920
28440504
28453264
28427932
28477228
28499932
28381872
28407188
28418124
28460648
28462480
28434884
28441736
28455072
28449096
28524240
28438700
28439996
28530776
28443996
28451048
28429008
28386756
28495596
28488444
28440800
28415740
28409868
28503336
28454808
28414072
28419736
28407696
28455692
28505176
28447324
28464996
28409188
28493532
28474352
28460064
28428388
29947376
32552356
28989596
28449684
28469752
28523616
28457376
28419228
28436136
28420412
28510772
28505392
28440112
28480348
28466664
28463304
28448648
28453772
28432708
28459424
28535172
28482500
28720744
28438136
28426464
28514408
28447872
28853908
30809024
30831768
30374748
28749712
28447964
28443092
28422148
28474108
28494624
28434828
28428616
28427676
28512076
28457120
28477244
28408692
28479848
28447724
28405644
28395704
28460092
28599616
28487836
28396896
28423476
28382200
28533500
28462300
28485068
28432576
28402140
28462732
28510672
28483492
28414156
28406380
28542328
28445608
28447876
28411840
28430204
28569900
28461316
28489348
28413464
28529912
28924720
28551108
28475516
28408864
28415320
28365480
28504284
28682424
29000564
29048196
28452880
28467984
28457812
28402944
28430916
28430356
28504176
28455004
28461128
28420832
28537520
28435996
28436156
28389852
28415168
28526688
28405628
28456260
28416988
28414488
30031100
28506288
28433312
28405632
28430536
28575576
28444040
28469276
28979900
28847804
28717484
28417208
28465280
28441984
28432832
28517636
28452048
28396816
28460156
28431572
28493256
28505588
28447076
28439252
28445464
28508052
28488728
28411260
28422728
28426536
28496664
28477044
28420784
28408376
28439176
28465840
28421996
28449116
28430728
28523328
28441296
28392804
28423552
28424460
28473888
28457948
28428176
28423164
28504512
28510348
28470520
28448700
28437024
28451852
28535632
28495808
28430684
28444780
28458484
28550580
28419908
28442028
30941448
32649980
32515220
28442060
28430112
28451412
28530288
28449568
28404996
28437752
28408400
28559040
28508124
28443512
28444404
28417460
28519440
28462352
28419428
28400452
28440204
28468472
28477932
28390836
28441736
28474960
28484172
28502724
28437448
28423856
28532912
28469580
31528032
28728684
28758996
28462464
28438884
28413484
28403852
28430300
28488000
28507000
28434244
28438172
28404160
28441128
28395356
28398680
28404640
28409136
28479344
28586544
28439400
28413632
28759464
28764356
28534124
28415404
28426504
28577540
28421708
28410492
28429228
28467460
29815832
28891800
28796288
28517088
28442052
28417448
28418784
28437068
28434744
28384896
28474992
28478980
28433616
28413628
28417728
28486168
28542372
28463668
28407196
28457504
28496392
28459068
28429556
28420872
28545640
28445512
28456128
28445980
28412004
30442624
28483612
28463156
28423628
28435912
28523956
28471252
28420688
28429684
28416568
31206388
28813080
28447140
28444080
28467720
28449020
28518040
28458304
28455568
28508388
28518812
28507176
28468460
28422412
28569656
28443976
28457812
28454236
28428780
28552284
28469596
28461432
28434944
28453212
28547624
28542136
28451948
28445356
28466308
28488500
28489608
28505752
28433144
28463084
28497860
28513508
28461708
28465176
28501064
28469484
29994304
28471836
28446832
28581136
28527260
28488968
28476632
28415708
29756552
28896944
28479832
28461796
28450860
28508384
28490396
28481752
28492512
28489352
28579432
28508568
28477052
28408452
28481964
28520168
28506444
28421696
28471044
28456920
28509960
28554492
28445436
28699436
28493404
30585556
28517492
28471216
28407476
28427480
28472540
28490780
30843180
29640584
29113440
28550396
28425388
28473844
28435824
28518100
28447552
28522604
28401204
28399112
28474176
28492932
28458504
28526148
28423576
28480740
28497236
28417224
28360924
28505932
28436716
28416392
28438672
28468672
28454084
28510676
28553484
28413952
28432020
28496088
28540532
28435380
28432692
28434176
28536800
28481080
28470012
28497752
29039908
28528204
28528368
28453448
28428472
28395736
28500796
28577000
29786564
28926712
28684432
28520664
28454032
28490592
28390792
28505932
28538712
28492648
28456312
28389644
28575084
28548588
28447480
28411180
28479076
28544868
28477184
28447228
28429084
28436632
28526512
28847200
28435976
28489696
28473392
28473700
28539380
28447860
28435500
28411784
28487436
29584020
28822628
28739800
28423144
28514340
28454116
28462460
28381960
28561512
28438992
28442588
28446668
28420136
28520884
28540108
28419880
28465908
28467296
28512216
28534504
28415616
28432328
28441328
28518500
28530036
28511540
28458708
28423144
28515592
28458512
28446104
28419868
28493916
28484676
28506800
28447756
28412824
28559716
28586424
28551928
28411516
28724784
28723524
28442208
28453728
28475184
28427624
28512860
28456552
29819376
28844200
28823412
28494144
28543552
28397852
28407668
28478836
28443096
28431920
28430432
28402652
28570868
28489612
28447864
28411548
28394880
28625560
28490756
28540680
28403372
28453400
28413004
28522252
28437228
28514636
29143832
28594128
28453116
28430636
28409104
28382184
28526852
28459984
28445156
29371128
28809060
28460616
28483440
28432396
28440520
28438008
28532960
28482320
28458980
28462628
28420148
28514160
28445540
28459772
28474628
28458744
28484108
28450316
28471288
28481320
28557048
28502320
28463408
28459644
28447192
28550976
28493584
28476056
28457700
28476616
28450868
28509976
28498440
 
28444348
28450060
28480384
28493752
29973808
28450692
28597124
28602660
28449348
28437836
28427608
28454104
29669076
28823644
28590120
28439732
28428968
28438540
28491464
28446256
28440468
28389596
28466128
28476432
28468548
28409160
28461004
28409196
28487456
28452192
28433824
28466440
28418820
28535316
28498864
28409304
28404720
28556772
28466908
30404220
28476008
28438304
28518884
28469308
28405580
28480060
28459788
30626008
28695152
28745420
28448012
28443848
28503284
28451872
28458120
28415780
28439640
28531216
28434672
28473928
28404152
28579996
28623068
28500456
28430384
28456136
28512592
28482584
28433176
28403732
28422576
28515748
29452000
32527528
32558504
29243708
28405760
28414132
28398260
28371940
28414480
28450136
28473080
28405432
28437632
28414820
28427364
28433832
28401004
28379056
28501208
28433648
28435536
28378440
28423152
28551176
28436632
28404612
28359296
28404864
28481248
28431140
28404988
28388564
28416696
28435300
28542936
28441108
28399264
28406292
28480536
28470456
28382452
28375152
28438204
28474648
31263228
32778984
32474088
28484268
28416616
28405396
28432104
28384296
28535676
28547068
28491840
28466952
28472352
28722204
28504120
28469532
28405708
28481392
28602416
28535740
28432708
28483096
28476040
28534640
28478596
28503460
28445980
28439456
28479700
28571164
28460532
28446684
28589316
28511636
28476116
28449100
28488516
28626156
28478500
28540040
28465336
28507852
28458368
28452116
30547120
28867008
28499600
28553424
28440456
28516824
28441020
28407776
28490452
28549372
28436852
28455492
28499744
28578984
28491484
28453836
28428072
28567444
28480440
28475344
28424588
28395972
28501972
28502456
28451668
28442868
28450748
28641580
28504084
28418684
28452136
28999676
28500204
28515712
28453608
28508528
28474364
28512936
28480188
28486124
28464628
28544328
28480856
28919128
32533852
32536904
29716316
28482124
28439384
28440560
28420500
28535072
28477540
28449816
28412884
28422132
28467904
28471016
28395980
28420048
28434428
28475988
28460316
28456272
28384768
28440592
28523092
28433844
28451532
28424932
28520824
28476132
28457712
28392412
28397560
28520880
28438224
28507384
28456608
28403476
28615688
28517456
28422192
28387404
28449092
32692360
32450408
29498244
28454064
28396892
28530660
28478164
28417664
28350100
28490812
28474872
28457892
28413412
28367648
28539144
28422848
28420984
28385892
28447216
28559132
28459960
28386104
28441956
28404420
28530052
28486396
28413824
28440772
28490176
28571304
29075368
28454828
28453384
28422716
28526148
28540848
28413916
28426640
31351768
30778968
28447832
28413196
28421892
28566436
28518412
28446260
28472428
28412064
28586460
28467712
28434364
28421120
28403048
28458316
28462192
28428016
28426204
28454752
28492876
28493460
28499052
28407904
28470420
28456100
28489456
28426424
28435268
28564612
28424872
28447588
28427792
28426348
28575244
28467392
28455600
28433220
28433832
28563864
28483292
28513680
28481176
28403740
28476920
28493864
29101132
32546756
32482956
29606128
28411232
28457608
28420524
28419752
28548024
28456964
28486056
28413876
28443160
28493720
28499248
28431160
28408112
28426532
28466608
28486460
28439480
28423484
28447796
28461608
28457116
28407448
28428940
28524916
28444280
28422972
28404628
28431496
28542444
28522432
28494672
28446968
28414492
28580704
28451580
28433320
28380484
28581032
28879408
28407296
28402052
28431472
28425764
28485492
28478384
28524508
28421596
28468644
28472780
28506824
28448656
28390824
28573324
28546332
28451856
28461216
28448312
28552116
28422936
28477240
28436156
28453904
28573360
28477256
28507428
28459828
28451224
28541764
28533272
28478220
28474984
28458760
28523288
28510004
28415728
28408588
30073100
32664664
32695984
28442916
28425960
28562456
28438684
28455668
28411896
28450540
28515796
28471032
28454820
28396048
28447024
28542068
28449996
28413816
28440968
28426356
28482444
28448324
28447468
28405032
28413632
28503020
28468372
28422608
28440712
28411452
28461196
28442072
28431932
28425920
28504208
28526828
28475916
28434500
28396308
28552792
28452624
28481700
28433040
28450624
28470392
31677964
32585816
32003848
28442876
28479140
28429820
28411324
28385248
28425628
28537224
28498252
28645820
28429704
28406508
28439280
28469308
28432932
28416816
28394940
28530608
28448056
31098848
32674748
32387756
28495244
28488008
28425584
28390036
28429524
28490720
28469552
28419400
28470108
28415064
28451404
28447284
28420256
28428856
28437780
28531504
28531784
28465252
28464140
28481360
28527188
28493228
28453724
28467464
28527824
28527168
28459792
28463156
28461464
28566840
28577192
28552348
28506108
28479648
28449272
28478368
28470272
28456848
28489660
28546652
28477600
28485656
28474048
28478308
28573752
28476932
28503472
28579148
28741072
28815680
28423500
28420224
28435388
28381404
28534252
28451036
28434636
28406668
28442044
28451596
28458844
28394256
28381300
28444912
28511524
28438752
28419232
28396520
28586900
28462848
28465660
28393208
28423400
28572584
28454028
28476120
28403256
28437072
28573216
28512780
28399124
28427608
28452444
28474052
28448748
28597092
28925120
28573876
28573988
28519556
28504624
28435848
28498304
28526688
28532660
28438172
28468212
28581984
28469328
28459980
28472684
28461064
28557620
28475844
28478120
28433436
28419344
28536044
28484560
28440816
28442352
28463588
28488196
28494028
28449192
28444108
28420108
28485940
28823524
29133236
28447368
28446496
28466840
28464340
28400732
28428920
28548368
34859488
28839312
28794688
28443772
28505164
28468124
28563588
28435780
28405460
28493228
28491352
28509124
28407280
28428296
28550620
28517124
28463060
28429380
28392864
28380928
28507464
28518572
28479112
28435692
28477892
28475308
28455240
28418616
29976020
28609420
28454444
28453952
28417716
28428016
28503528
28490056
28430176
28792436
28776460
28440432
28461108
28440644
28467120
28473828
28491632
28453208
28460516
28487128
28446468
28451296
28523684
28470844
28451464
28480712
28514924
28466560
28427864
28417300
28598784
28456884
28473864
28451236
28415940
28566272
28458844
28502136
28445672
28441188
28557564
28545416
28474488
28504436
28425172
28593268
30505744
28523280
28452888
28458628
28533840
28465268
28499168
28442856
31648104
28844900
29032164
28466252
28473128
28457600
28581276
28509300
28523288
28454208
28480872
28560476
28472456
28524376
28488592
28458308
28557756
28474616
28434468
28436064
28387180
28503340
28511756
28435984
28461380
28434312
28492376
29386380
28471540
28380076
28433964
28527856
28412476
28445384
28444100
31162548
28881436
28591556
28455300
28396324
28532548
28493348
28533276
28489556
28423292
28408812
28471636
28526620
28431212
28436536
28425888
28444012
28445736
28462016
28405600
28561160
28451728
28447300
28428468
28403540
28492632
28515760
28482088
28458128
28441036
28516928
28450828
28523132
28455476
28437348
28876308
28469112
30475364
28520508
28457396
28526096
28466556
28451716
30458644
31580544
28687276
28521696
28417736
28431080
28439056
28519676
28529000
28381180
28453684
28400820
28528864
28499860
28453088
28440640
28414976
28458432
28496976
28436116
28442360
28540004
28495180
28444488
28501272
28386988
28512292
29975036
28501316
28417752
28389388
28512288
28456076
28403752
28496828
28517100
29812448
29162492
28461992
28490876
28518644
28558152
28442856
28461912
28440968
28534024
28434448
28475960
28439424
28415740
28548504
28403728
28450572
28430656
28431228
28548164
28486180
28446908
28449896
28416516
28457964
28382676
28437364
28366132
28389784
28480016
28448228
28386828
28420804
28423260
28539340
28470052
28412788
28497968
28551604
28507268
28462512
28409728
28415996
28545968
28513068
28460396
28374864
29678976
28637052
28416548
28440720
28413964
28386780
28516644
28487412
28540616
28481088
28409224
28484368
28479768
28461500
28406740
28439992
28479376
28518504
30220672
28851332
28764920
28417260
28447712
28408224
28407424
28531544
28537924
28451620
28449164
28487980
28444964
28508520
28467844
28460512
28460480
28526608
28493916
28447232
28443660
28439224
28538404
28454280
28433224
28426816
28440772
28511768
28477420
28466384
28499344
28479476
28501776
28503892
28469024
28474920
28448936
28526072
28499876
28490740
28489172
28389076
28830672
28450484
28429960
28494756
28492496
28461204
28433328
28443168
28421516
28481732
28490976
28499164
29449108
28581912
28526488
28495744
28432488
28404268
28444732
28520648
28503032
28420820
28417700
28439056
28545524
28507428
28423888
28423400
28429824
28514496
28470264
28384552
28423436
28534584
28439804
28428620
28382892
28543200
28508200
28507752
28438132
28440964
28459836
28529112
28431112
29409084
28771848
28834428
28474032
28429036
28442048
28434412
28410648
28583540
28426572
28418048
28427216
28409352
28512660
28481540
28517000
28479440
28563500
28481304
28516992
28438060
28430192
28530400
28459732
28479460
28443064
28481908
28559800
28467632
28452080
28453628
28427376
28477448
28509964
28454636
28438700
28419480
28506944
28509084
28442056
28461972
28434616
28508072
28476292
28419076
28494088
28572408
 
28478256
28431236
28447280
28446940
28546704
28471660
28818884
28853440
28401808
28637312
28489776
28467832
28460144
28455476
28452620
28514916
28483088
28438076
28425640
28488324
28512320
28457348
28435220
28457684
28484836
28517536
28475456
28398160
28541832
28461844
28731540
28478504
28458500
28547268
28490388
28473180
28451980
30740060
32451516
32434808
28456720
28454692
28448416
28421136
28472656
28485932
28423528
28446432
28411876
28547052
28502832
28441348
28423204
28388892
28480348
28455176
28430104
28422796
28482184
28510732
28456856
28389604
28421688
28612568
28510260
28455020
28407212
28441444
28390784
28478592
28498248
28423360
28439188
28452036
28447892
28449484
28456024
28441520
28565864
29597984
28484168
28482204
28434796
28537824
28453644
28443692
28959176
30275360
28809596
28505612
28492952
28422444
28446024
28461356
28458824
28433080
28468728
28449288
28490156
28467444
28469060
28418176
28552564
28460580
28476324
28422140
28484840
28576488
28451708
28432748
28454076
28458268
28505148
28512260
28508600
28457076
28500820
28556000
29406036
28712652
28685368
28465468
28534716
28460516
28415092
28452020
28471600
28523784
28490932
28468540
28438748
28430340
28553236
28476056
28416280
28451312
28430308
28455804
28475240
28426368
28458984
28522200
28447292
28460348
28507672
28429984
28533184
28472148
28457304
28487200
28439700
28544244
28479532
28447912
28422064
28414448
28556440
28465524
28741464
30357320
28497684
28520864
28520848
28431568
28445964
28434764
31843940
28852924
28954780
28440736
28502892
28478296
28485172
28423756
28399428
28532844
28449084
28487332
28390296
28386916
28533020
28501920
28483348
28435916
28434692
28560300
28520856
28430064
28417500
28427360
29999960
28507940
28460756
28451296
28466532
28480108
28511680
28471968
30308236
28743292
28512860
28474500
28471636
28441392
28563420
28416280
28457308
28418492
28451704
28549480
28499116
28490508
28431236
28477508
28516680
28521600
28461980
28481936
28428684
28614252
28517824
28456780
28462392
28467624
28524444
28455932
28478136
28465372
28435676
28509400
28555788
28434604
28433304
28441068
28575748
28503696
28436892
28442968
29026036
28497544
30523208
28492584
28458656
28505296
28540668
28443948
28428172
28464744
28592984
29154572
28476856
28412860
28472500
28609700
28543920
28475772
28435188
28454284
30224028
28882728
28905228
28493072
28488876
28510168
28484524
28458476
28430032
28472608
28581444
28483216
28468060
28455092
28527188
28498300
28515968
28438368
28472148
28543760
28543520
28495552
28469660
28436680
28646848
28514352
28438600
28462556
28451604
28507020
28509456
28423632
28404176
28436520
28586084
28444644
28466512
28447512
28412256
28482724
28524592
28421512
28423252
28453292
28559320
28405100
28469788
28429680
28573372
28433856
28542256
28439864
28430804
28523044
28452520
28441260
28454656
28443324
32877664
28852760
28481192
28487540
28439172
28589016
28448708
28481560
28474080
28502568
28549420
28574316
28490460
28474908
28559360
28545840
28479216
28503620
28451664
28665208
28487164
28523556
28455668
28482332
28578552
28555200
28458932
28418624
28540720
28518312
28585912
28929068
28483576
28537876
28515280
28598420
28451600
28461220
28501512
28571920
28528372
28512436
28454852
28658704
28558732
28541860
28469720
28441780
28447820
28463884
28444844
28433144
28474760
28526552
28558796
28533844
28486480
28483280
28445852
28471476
28451544
28431788
28463784
28483700
28563340
28486784
28437004
28524304
28600692
28501588
28494348
28460672
28569780
28511132
28564336
28432472
28548308
28521708
28548088
28463568
28402220
28963516
28907792
28735812
28457252
28484592
28527892
28471568
28499852
28439536
28471408
28459620
28497680
28531104
28551668
28422080
28469012
28482744
28499976
28458724
28447548
28547152
28522724
28543544
28520420
28452408
28562504
28504456
28532684
28450020
28409916
29092984
28902904
28894580
28583552
28410988
28500776
28558540
28434848
28390036
28411560
28532540
28501480
28434800
28435744
28535620
28519248
28415332
28384204
28438692
28555784
28411968
28455628
28424388
28417124
28548656
28419376
28440560
28455240
28430848
28479284
28481816
28455656
28412876
28377748
28478872
28562480
28442668
28375648
28435024
28594028
28445100
28377504
29046460
28535156
28459792
28483860
28424700
28391084
28526596
28434644
28449268
28399508
28842488
28865604
28570448
28408908
28437524
28462184
28422032
28518256
28446360
28465852
28425372
28577540
28475616
28457184
28436144
28462824
28466700
28470180
28473612
28443504
28595576
28479428
28484972
28535644
28524748
28625504
28503160
28453088
28441944
28506200
28991716
28879680
28634296
28445296
28483900
28565820
28489612
28462672
28454364
28441832
28501656
28533404
28472944
28424744
28513544
28471968
28448984
28417540
28470132
28594908
28469348
28455812
28435256
28422736
28531368
28465676
28435724
28444100
28438424
28524000
28494956
28405256
28429468
28408768
28516228
28466276
28439212
28451756
28453732
28491840
28494600
28460856
28464604
28499324
28492664
28557020
28436316
28412836
28580488
28511276
28491220
28488960
28425716
28484196
33181460
31188800
28402464
28459848
28419724
28471328
28440664
28463164
28452976
28513064
28502204
28443240
28447984
28429000
28495304
28489180
28450980
28449068
28617320
28422436
28433480
28464692
28441472
28533704
28530256
28544624
28448280
28413752
28434600
28569440
28779836
28856612
28458820
28499100
28473740
28490576
28460712
28511380
28489076
28487592
28421476
28443748
28481032
28497712
28498872
28433996
28443256
28584356
28419240
28467912
28438532
28463864
28491560
28489380
28433308
28422356
28442028
28574788
28511836
28460376
28438592
28453328
28479528
28593300
28488180
28444492
28464320
28515792
28448144
28444240
28460812
28481796
28516516
28512000
28522540
28443868
28586016
28494980
28469508
28435156
28560304
28491816
28521688
28425396
28406844
28453728
28458308
28504848
28458848
28448844
29869748
28873320
28751476
28443804
28428900
28479376
28505652
28476252
28456964
28406640
28533804
28429552
28432000
28417768
28433628
28539432
28428224
28429088
28424616
28411828
28550600
28466300
28426700
28420288
28431920
28538780
28436232
28432956
28417768
28415896
28522040
28528096
28462792
28384332
28448864
28534924
28448064
28467764
28386736
28542896
28447208
28416668
28443388
28463708
28567924
28412676
28436276
28451976
28441084
28483716
28493296
28430268
28395648
28423648
28575052
28474960
28398172
28465548
28436160
28506972
28484728
28413560
28973844
29518892
28919464
28513080
28480108
28408964
28603660
28370088
28428316
28421752
28423500
28527688
28503688
28469308
28480828
28392464
28433532
28455688
28457044
28440360
28425808
28467552
28441044
28430272
28409368
28473396
30426776
28821352
28492772
28469064
28564240
28426092
28467128
28422664
28461408
28540764
28466780
28458564
28426452
28453512
28510516
28477884
28484876
28436016
28419504
28449076
28512424
28477080
28445928
28427184
28505772
28503668
28469980
28421264
28428108
28490940
28483764
28448120
28450780
28553976
28462316
28453500
28490640
28428072
28529932
28484572
28449524
28476100
28443616
28491528
28453672
28501212
28457180
28499316
28513020
28520340
28457616
28462760
28438648
28455028
28505636
29706016
28725856
28799412
28419628
28455820
28473088
28433176
28419712
28491236
28415804
28448684
28402816
28427956
28548988
28461736
28466808
28493388
28458032
28541064
28518800
28414400
28418116
28432228
28482280
28467832
28402836
30730504
32771932
32489168
28428932
28463416
28400452
28431992
28541320
28446368
28447112
28398548
28501744
28428424
28437424
28452044
28430296
28541228
28462168
28459344
28428996
28456872
28578944
28477196
28436124
28436536
28451816
28512312
28462956
28474560
28430788
28442216
28461380
28564340
28432644
28458480
28482480
28577132
28462272
28523424
28462308
28465308
28498856
28470784
28394228
28554252
28556068
28501680
28450336
28471552
28436908
28525568
28587600
28453932
28409484
28434844
28537260
28435224
28448020
28457820
32726088
32694164
31087800
28435692
28448696
28417224
28501604
28470376
28444800
28427516
28426988
28432792
28464492
28414532
28427484
28451544
28519448
28513696
28495512
28444780
28488516
28525004
28426704
28423012
32636364
32588268
30232892
28473324
28435820
28437188
28516580
28454960
28423988
28413276
28412336
28449700
28495288
28404612
28400668
28409900
28492508
28430172
28402200
28457580
28439964
28497092
28411008
28455500
28394300
28581032
28457380
28451972
28380804
28423328
28576668
28411864
28459280
28400908
28421300
28513396
28451484
28413892
28409324
28395180
28467852
28490992
28411628
28380096
28437536
28533160
28450668
28378268
28507832
28481672
28511776
28518376
28440368
28418484
28551948
28472280
28492968
29113752
28817204
28489308
28434888
28468116
28429864
28434840
28619128
28473248
28446340
28432924
28444372
28485836
28553240
28414168
28404368
28419308
28500364
28476496
28394624
28446644
28494540
30678788
28787948
28662932
28463036
28624528
28487276
28426120
28460772
28442552
28561840
28429876
28467488
28437012
28457432
28554716
28451552
 
28422684
28483916
28432048
28510776
28447196
28455812
28434948
28467724
28503300
28463780
28470348
28432776
28490672
28455912
28498260
28440044
28452448
28567704
28459164
28483568
28451068
28438500
28516208
28446000
28454820
28424208
28412452
28502024
28452468
28480884
28419856
28408436
28438744
28463256
28409144
28451148
28464956
29211724
28498648
28457580
28420204
28545484
28463740
28457128
28428140
28437212
29598184
28806068
28865156
28534224
28462320
28558816
28478816
28416520
28422292
28441572
28507200
28461316
28431616
28439336
28413856
28495336
28502792
28398672
28494984
28421200
28501472
28453748
28423584
28422336
28495560
28478008
28435172
28464976
28417040
28594924
28431624
28442820
28419556
28410324
28579244
28466700
28474204
28441376
28400876
28486344
29969124
28421320
28464600
28427836
28487016
28470428
28460384
28475000
28468512
28440964
28443796
28435560
28455156
28545580
28468804
28413684
28413092
28395040
28552504
28504456
28440456
28372168
28415704
28531784
28449008
28376012
29767164
28780440
28587024
28474268
28453952
28391736
28443488
28577692
28474888
28423580
28418676
28516008
28500628
28483808
28384956
28460656
28508296
28444004
28415872
32858696
32874368
29747744
28577288
28521604
28523112
28407880
28453524
28524888
28446296
28389564
28408128
28512852
28407836
28404776
28442984
28428484
28471768
28443680
28448596
28412452
28454032
28516176
28416308
28412832
28385092
28402668
28491032
28473484
28450192
28489224
28527868
28521844
28498460
28434920
28452160
28414804
28494228
28463712
28430328
28404156
28504320
28432796
28426612
28429600
28428460
28568980
28457004
28448856
28435920
28428580
28478284
28534408
28464624
28466880
28454076
28524424
28539460
28457140
28426108
28426888
28522904
28571068
28451680
28399456
28483604
28555568
28509536
28438908
28441904
28604512
30072024
28504448
28419092
28492428
28545996
28570036
28486448
28515904
28458996
28844652
28884668
28412116
28460420
28426448
28527424
28509356
28595028
28425260
28410088
28450196
28589232
28466160
28421164
28449464
28452748
28439088
28467312
28450392
28424768
28528468
28522884
28401516
28401148
28415112
28547732
28513868
28465376
28474796
28468988
28370124
28509900
28446088
28471972
28386208
28477880
28450088
28472148
28420860
28440480
28507260
28545092
28417736
28449164
28467440
28532492
28463432
28423752
28468208
28518156
28477832
28460756
28440376
28453600
28487132
28494392
28429880
28400560
28446256
28527804
28470756
28445276
28421180
28435028
28442724
28500092
28493644
28503372
28430360
28583128
28433960
28396224
28416932
28466360
28481360
28427088
28446792
28430576
29142024
28449860
28501884
28492432
28457448
28474068
28460912
28429140
28476412
28899236
28717372
28522516
28510536
28431704
28423800
28563996
28468416
28449964
28414488
28503036
28533124
28535220
28477488
28424748
28578160
28539748
28432736
28423168
28446108
28531700
28470612
28469888
28459344
28453080
28487712
28476692
28537656
28444028
28405640
28560580
28549016
28502636
28560360
28436632
28571184
28473072
28477716
28474092
28477936
28557224
28459516
28468948
28471720
28458600
28607752
28465924
28437496
28461660
28432904
28561676
28513820
28461504
28444724
28512180
28462552
28484500
28499888
28482212
28582768
28479264
28511972
28453532
28471868
28654664
28490016
28459736
28453044
28429772
28508200
28505728
28442144
29067648
28518928
28521820
28586220
28449760
28448024
28445428
28502432
28584756
30854816
28801808
28483280
28501500
28484900
28399484
28421856
28521052
28422876
28455904
28408932
28419976
28514240
28475720
28428720
28470596
28406436
28539888
28463700
28415704
28427120
28392044
28562048
28529340
28428332
28448280
28389676
28481072
28481180
28449652
28358916
28502544
28484468
28526556
28386908
28455576
28581308
28438048
28422468
28411380
28429364
28512660
28500920
28436160
28485436
28395256
28461092
28472376
28421872
28428376
28431500
28461796
28533676
28480768
29020156
28396452
28576008
28473280
28405716
28423200
28450064
28470656
29234944
30463888
28834644
28683080
28454572
28510820
28450416
28428284
28531132
28463436
28433580
28425484
28444524
28517172
28466576
28431380
28421976
28432332
28544124
28520028
28420624
28402624
28419800
28461440
28471260
28471656
28383288
28503472
28457816
28439632
28444076
28404496
28566436
28503368
28457880
28459896
28433304
28430168
28420180
28429660
28400656
28420704
28519408
28467812
28417372
28428212
28393640
28505988
28470852
28406660
28427572
28379528
28510400
28456104
28416756
28434612
28516600
28464012
28473416
28447988
28426164
28583900
28475200
28535996
28410396
28521016
28516224
28552748
28427004
28438724
28451384
28539852
28558784
28465272
28469376
28435024
28540856
28525228
28450052
28405348
28501196
29230528
28482040
28477216
28443124
28532080
28492972
28492256
30798336
28866608
28450060
28497648
28489832
28460788
28462876
28636480
28465916
28522824
28449388
28403892
28489624
28542368
28440000
28516496
28476228
28540196
28445596
28505472
28441844
28487460
28589168
28586260
28507768
28466568
28440036
28481788
28467296
28490028
28500724
28438088
28516760
28520996
28536444
28428076
28432900
28587832
28482276
28467872
28464024
28432228
28549504
28561472
28447648
28410980
28400388
28579780
28502264
28457168
28436112
28451868
28484932
28551660
28431660
28452644
28430824
28591140
28475988
28480304
28437036
28494152
28502660
28548996
28430720
28470916
28565636
28568460
28472416
28446416
28457548
28492680
28508496
28438528
28438996
28445804
28561064
28529592
28469564
28466968
28457068
28622296
28535644
29039220
28478900
28472492
28550976
28564788
28444668
28427528
28479380
32892228
30290388
28417012
28416076
28595084
28449796
28466740
28419160
28437344
28522592
28475820
28451664
28457424
28451924
28553832
28443176
28413000
28405788
28404088
28548568
28478392
28420788
28395360
28471632
28502664
28470448
28416900
28392664
28486996
28480144
28448280
28390128
28425992
28546160
28423696
28388556
28416264
28428872
28501632
28491836
28410376
28447200
28443260
28445688
28478260
28465592
28406552
28406848
28521372
28463820
28423604
28441768
28429336
28543892
28494916
28460236
28414580
28477468
28501144
28489060
28451044
28404864
28540868
28469008
28446684
28424500
28391868
28520744
28438244
28439008
28423668
28441480
28495684
28465668
28450968
28444460
28426632
28433344
28421348
28480496
28509364
28513324
28476228
28491692
28478288
28431056
28577144
28427724
28450664
30826836
32656404
32578688
28450688
28483364
28427532
28437324
28401612
28409628
28424320
28420164
28416880
28462692
28493328
28420740
28454756
28413100
28530256
28459464
28418028
28425948
28444076
28523272
28442240
28434480
28424480
28545748
28397860
28470972
28397940
28446896
28535268
28452328
28387992
28421280
28407288
28554956
28459960
28424244
28405428
28427996
28542664
28440708
28434224
28425980
28464912
28537288
28476532
28418948
28456756
28446964
28484880
28438784
28425244
28412296
28539328
28438136
28500628
28400080
28407200
28544284
28430772
28445708
28406216
28438436
28531428
28424796
28419084
28390208
28431820
28475116
28546876
28408544
28407292
28440164
28475960
28514852
28537920
28489096
28471508
28482272
28459900
28445896
28464088
28570220
28457644
28651236
30142948
28810908
28690812
28463332
28490676
28441568
28805304
28595064
28469248
28434172
28480288
28454260
28513308
28473928
28442772
28445588
28416680
28509968
28478956
28444924
28397748
28456224
28531684
28513544
28446288
28400016
28543632
28410524
28456720
28401740
28429476
28508308
28477156
28458224
28445896
28420848
28537388
28440516
28425876
28408760
28413424
28467116
28461744
28407800
28444904
28424052
28514740
28466132
28432856
28408856
28500276
28483184
28475728
28425548
28458204
28560348
28508684
28497596
28462576
28415464
28419556
28509932
28517068
28455316
29111216
28756096
28607168
28468388
28432240
28435312
28533328
28452512
28433564
28433628
28426104
28554904
28497744
28429988
28397548
28408032
28494900
28453576
28430188
28460800
28447456
28442152
28466308
28437640
28422500
28441816
28501932
28471024
28429208
28431848
28433076
28492752
28462696
28427064
28425456
28540196
28480540
28405644
28455384
28428468
28547272
28410924
28434488
28433964
28414020
28490600
28495976
28495876
28412840
28386612
28515832
28468168
28419436
28410524
28449492
28523444
28432584
28452200
28406912
28411588
28510164
28495624
28436348
28473260
28411396
28498256
28451096
28456692
28408080
28424548
28477436
28487824
28421284
28456568
28417456
28456852
28506236
28471332
28835464
28555640
28479844
28437124
28422128
28442288
28503452
28557380
28570600
31285660
28739264
28517164
28491492
28442824
28453200
28430000
28514788
28482940
28463588
28410916
28412504
28545468
28467720
28466936
28431004
28422424
28517996
28465152
28449504
28469140
28399516
28509144
28441976
28414600
28419292
28427848
28454100
28490924
28410408
28434168
28432424
28495132
28456964
28446460
28421416
28454728
28464344
28495468
28438072
28390216
28569436
28484900
28499528
28408588
28447300
28513980
28459804
28418964
28416688
28417536
28594256
28509908
 
28394504
28408736
28410212
28483724
28430888
28449496
28436048
28412980
28464236
28495516
28458220
28442176
28434232
28545292
28427632
28429344
28471888
28573668
28500736
28410112
28431060
28437480
28523432
28476704
28498432
28469228
28489296
28486012
28507140
28476340
28470408
32861460
32460096
28459884
28456036
28438668
28385772
28524180
28497876
28437364
28448100
28473424
28508096
28447356
28411524
28395172
28545484
28446628
28465364
28433076
28419716
28557540
28446052
28458784
28427788
28407876
28464388
28506516
28468956
28449796
28432048
28506600
28492864
28472516
28431868
28444660
28544880
28473256
28458972
28446192
28555072
28453928
28475504
28455376
28460064
28585808
28548728
28470900
28513776
28431708
28599736
28459208
28496400
28480064
28459356
28475288
28501224
28555948
28465336
28463732
28542016
28505192
28453424
28468888
28456112
28557260
28508364
28534808
28399536
28543880
28575180
28569248
28456976
28502076
30516768
28471936
28469988
28474344
28447808
28460444
28446756
28491044
30845648
28788424
28846264
28419472
28461392
28451996
28453820
28543012
28421532
28447192
28428660
28428348
28555128
28495420
28421296
28425464
28449556
28529372
28479008
28471476
28416920
28435352
28494668
28482244
28465864
28462616
28435616
28477224
28467292
28423064
28443480
28450764
28475920
28442748
28444408
28429012
28560480
28432812
28480044
28416880
28438232
28575664
28452496
28469316
28435608
28441172
28527832
28450608
28420260
28452232
28450900
28464180
28462404
28435872
28432192
28434884
28501800
28457996
28471276
28441476
28478340
28465916
28474728
28428316
28458372
28538404
28443512
28439024
28424352
28435464
28527452
28487208
28426360
28416784
28457552
28529584
30009972
28455492
28431212
28577336
28478936
28490168
28443464
28405460
28460580
28441676
31036340
28850608
28481272
28512448
28452848
28451772
28415576
28422640
29270288
32605976
31504276
28431112
28492048
28547536
28484800
28427752
28439084
28400608
28496144
28497492
28436812
28426480
28398864
28536716
28456704
28420816
28393852
28463368
28458356
28496292
28425876
28395752
28606324
28502336
28458952
28409900
28469508
28522052
28450564
28441912
28411472
28453000
28537052
28498284
28387236
28469172
28421760
28457936
28474164
28389692
28439332
28500940
28550740
28444404
28442344
28456860
28466452
28460776
28531088
28435412
31597248
32819308
32083412
28465708
28423580
28421892
28550688
28456204
28435004
28415240
29719492
32652232
32491068
29079920
28447732
28415156
28507960
28479784
28420668
28458584
28447772
28493876
28455700
28489772
28417380
28526332
28465996
28424528
28407436
28424976
28550004
28525336
28401728
28427992
28418756
28499856
28445712
28458148
28438148
28440256
28448592
28478344
28442024
28406996
28441760
28491736
28458824
28444972
28422740
28435760
28483568
28447204
28471052
28407472
28555348
28453476
28439804
28463404
28446668
28585740
28437904
28409664
28405696
28390780
28563876
28477016
28449648
28436828
28446688
28509188
28540084
28497324
28472956
28406576
28526232
28498692
28478860
28441848
28417668
28550464
28437916
28540140
28412440
28550804
28483420
28431724
28428716
28450228
28592500
32824916
32781200
30715956
28458312
28502100
28509344
28442312
28414904
28411816
28560784
28470016
32663144
32716688
30396416
28452604
28499056
28443320
28390284
28409744
28490348
28492268
28402004
28432224
28413092
28495208
28464872
28418496
28440916
28445944
28483352
28444644
28406688
28438448
28510348
28474076
28425652
28437332
28400108
28512212
28433428
28465056
28407652
28402512
28521000
28452492
28417696
28438376
28422332
28550700
28490840
28441188
28432724
28380464
28534064
28496980
28445536
28436312
28417884
28518260
28512032
28431272
28405276
28438524
28499844
28428552
28431568
28400892
28560228
28458288
28519200
28428088
28433400
28502436
28465160
28482012
28503284
28436776
28519464
28480824
28437984
28479516
28485296
28478644
28486292
30291740
32410200
28457132
28517184
28484640
28408092
28441792
28523068
28485284
28436928
28450848
28451236
30717752
32569996
29535080
28464720
28415080
28525888
28470056
28427572
28411924
28392968
28515008
28486552
28407480
28423940
28400660
28476936
28470060
28462400
28403352
28462452
28564204
28473496
28449780
28421008
28536784
28485080
28473900
28415760
28407772
28586896
28515076
28488296
28441908
28447476
28423612
28487116
28497228
28459904
28415060
28455652
28485388
28521840
28442844
28418512
28594628
28418324
28441072
28471740
28447424
28493564
28452712
28437636
28483024
28441292
28529740
28533092
28399624
28468340
28392568
28512616
28471176
28418032
28449744
28414120
28486468
28450744
28445088
28376912
28556540
28445440
28447220
28390548
28633028
28675400
28580396
28421876
28401160
28512736
28452744
28460468
28410696
28433272
28840244
28895000
28862480
28513440
28488768
28469260
28522204
28492308
28444968
28443636
28505808
28448368
28450316
28451496
28417496
28551148
28446560
28466400
28436912
28417256
28561252
28466928
28435004
28458900
28498692
28526488
28465532
28434020
28471976
28442088
28488476
28444432
28476872
28451464
28433808
28508324
28551876
28456384
28413280
28463212
28508152
28462396
28440756
28458996
28546392
28458596
28445492
28446936
28474800
28524456
28484440
28445468
28460104
28486652
28532688
28521776
28436324
28477048
28495780
28487900
28532088
28436240
28416060
28493100
28610244
28470532
28508696
28471792
28580164
28468216
28487880
28735896
28751084
28837936
28542224
28423976
28414888
30513536
28574592
28457900
28379220
28452876
28411648
28477580
28463132
30614348
28732268
28890700
28589048
28472112
28445812
28465768
28503524
28499688
28519080
28487812
28458112
28522644
28506644
28494124
28449708
28452604
28527056
28464824
28461128
28465148
28465980
28522892
28462028
28481428
28446072
28447764
28551308
28518500
28448896
28413144
28480864
28485552
28499888
28406780
28444340
28487656
28500880
28482460
28453136
28431728
28561600
28509644
28470192
28538880
28456884
28565064
28471480
28469524
28452100
28458812
28531140
29426672
28769884
28855728
28473484
28522844
28517260
28483264
28918796
28518000
28538700
28492480
28481244
28412300
28519668
28514528
28484400
28464752
28428892
29083388
28759744
28623488
28468900
28435100
28538948
28520340
28433012
28426228
28415552
28480580
28473640
28451028
28434804
28435876
28486292
28508716
28458452
28432672
28425212
28540420
28493784
28415064
28431120
28490976
28482432
28497664
28440632
28420480
28563656
28432408
28449888
28412372
28386880
28574332
28487144
28444672
28399656
28518416
28495680
28556156
28382184
28439256
28395668
28492500
28527128
28450540
28430980
28428360
28501780
28511640
28440808
28405196
28459572
28561044
28472904
28435192
28399316
28576036
28535728
28555288
28437236
28564184
28439640
28375128
28398156
28437180
28429476
28550864
28480136
29588016
28809584
28710512
28498204
28499068
28446048
28509916
29000336
28549932
28445852
28424396
28390076
28537624
28595804
28478692
28443520
29247728
28753156
28475696
28485564
28411536
28405968
28450376
28569732
28521380
28439896
28518540
28544536
28456996
28455468
28395196
28464876
28516176
28463204
28408432
28432652
28429276
28562640
28452420
28430212
28439208
28434928
28445272
28486972
28419772
28443244
28421344
28478620
28500456
28432564
28422216
28435360
28487176
28473228
28410860
28396520
28538356
28506204
28495792
28386272
28505628
28541960
28473916
28449592
28444824
28429736
28501460
28473460
28447176
28424840
28458224
28423004
29929584
28447616
28429544
28429260
28495764
28456936
28454404
28406140
29783784
28784496
28865432
28410348
28469716
28622300
28445580
28459292
30054844
28517720
28555076
28458708
28411120
28467372
28451744
28518024
28490424
29467596
29757324
28768216
28500808
28462232
28470772
28394824
28432372
28560208
28451120
28428980
28388940
28480328
28435132
28482624
28441304
28379300
28541000
28444080
28436444
28434084
28446696
28531816
28477384
28433616
28414132
28402204
28487344
28496316
28431576
28423352
28410380
28460624
28458708
28410664
28440744
28394016
28529944
28524064
28482468
28430344
28494844
28499264
28455560
28405224
28420688
28582528
28543688
28447104
28434524
28432136
28424552
28512304
28424876
28438468
29119572
28498288
28473208
28436740
28441748
28448264
28567596
28489316
29533344
28693660
28907268
28580328
28499920
28440508
28433520
28434284
28737828
28463628
28870608
28479360
28453036
28598932
28447780
28515124
29391996
29019896
28516372
28461212
28466964
28420488
28460936
28559772
28482944
28416708
28370124
28545808
28425872
28443328
28391288
28419672
28567756
28450096
28376368
28433364
28461112
28484908
28524216
28449856
28427496
28486068
28509400
28572712
28455176
28464004
28517492
28567292
28532620
28497480
28461744
28491656
28570288
28506776
28469984
28448912
28571772
28542500
28630600
28496732
28462756
28461016
28522380
28497212
28502828
28454132
28518484
28478932
28532596
28460732
28464576
28560368
28589996
28454880
28457468
28462536
28571920
28541592
28493736
28426824
29941088
28526056
28602612
28459652
28405848
28432136
28458364
28482552
28399292
28743880
 
29059520
28825112
28591184
28464376
28455224
28629760
28487016
28498736
28462768
28441484
28574676
28663524
28514736
28496476
28434164
28459332
28491284
28539244
28470536
28843360
32670800
32384632
28461152
28383956
28452700
28569948
28438100
28454416
28404032
28424660
28524300
28448440
28451536
28413000
28373536
28518728
28484004
28468536
28398048
28433292
28508976
28458876
28462960
28439344
28452408
28483312
28495368
28468448
28396100
28479752
28421972
28462760
28395368
29786116
28563184
28490664
28450276
28383752
28421112
28598244
28474356
28451924
29342780
28772148
28908788
28539912
28429900
28513656
28405616
28574120
28481532
28423788
28423732
28465044
28469036
28905548
28437308
30425672
28551084
28495808
28447588
28402372
28442892
28506896
28473380
28488572
28429064
30874404
28875316
28818444
28468004
28467860
28422156
28565868
28530112
28464588
28431148
28444656
28545540
28470812
28436220
28432616
28434740
28478812
28477744
28415040
28411088
28547872
28461396
28490808
28434176
28417880
28535732
28521896
28494128
28463212
28420212
28457628
28453740
28527600
28414840
28410216
28523484
28498488
28445584
28426128
28432176
28587416
28518480
28507768
28458572
28447936
28414508
28430964
28415224
28429904
28419196
28432544
28509688
28467672
28434068
28426416
28479468
28462108
28443056
28653200
28718556
28463376
28506232
28420224
28394892
28566060
28461244
29004296
28698176
28779368
28601224
28416364
28451400
28430160
28466388
28525048
28474468
28397460
28450420
28397136
30461648
28495312
28438404
28413968
28453060
28455192
28487880
28433912
28375408
28745452
28896688
28560496
28459620
28412396
28539696
28630664
28482532
28404252
28446252
28464468
28454564
28457624
28421020
28476404
28540328
28465840
28405992
28494564
28436984
28452008
28483764
28428536
28453548
28442060
28518484
28460392
28460360
28488232
28583844
28480444
28457272
28459356
28484560
28572536
28448236
28457348
28448536
28483492
28492284
28476844
28438276
28417260
28481132
28522812
28509780
28429756
28443648
28445356
28503028
28475416
28479428
28406388
28439756
28496724
28426888
28464388
28398176
28568884
28446096
29763108
28894008
28454612
28577740
28495808
28407444
28458844
28445024
28557100
28521304
28463592
28425748
28422148
28469300
29950336
28526300
28426960
28390972
28515892
28463688
28440872
28448228
28412404
31107908
28806780
28474912
28443792
28424172
28496608
28537468
28436252
28426888
28469188
28552968
28469240
28416032
28503628
28474224
28481608
28476488
28470428
28483840
28559236
28434840
28457716
28483300
28450096
28551784
28495056
28517352
28480888
28440668
28480728
28482256
28458684
28432132
28453856
28542384
28490336
28513252
28461884
28447900
28528416
28531144
28466572
28439732
28446664
28446556
28534596
28445068
28487432
28472268
28467780
28469448
28488364
28541036
28617868
28560480
28466496
28496484
28453788
28477420
28507328
28523300
28456552
28475956
29223368
28826684
28542732
28504968
28460612
28475152
28458412
28513444
28451036
28450860
28478152
28463864
28503308
28426660
28455944
28767592
28510804
28441052
28437232
28460236
28535044
28466724
28471920
29553980
28726836
28583004
28499180
28466536
28443036
28470212
28492692
28515172
28434916
28464708
28510392
28500428
28474860
28432240
28400628
28492412
28467932
28547860
28468124
28442232
28559276
28496028
28469716
28426412
28440700
28547472
28490388
28497228
28487520
28392256
28571668
28493428
28468568
28454480
28440776
28510400
28474672
28469168
28480528
28427736
28526124
28486396
28458460
28441688
28457028
28507700
28500940
29984616
28522636
28581272
28504256
28457484
28413256
28465972
28515648
29583800
28789248
28826136
28453556
28470216
28531424
28491012
28424640
28393284
28464444
28481236
28414272
28440736
28409400
28478208
28436648
28447296
30008964
28550500
28498072
28444088
28407128
28399912
29089664
28895532
28477600
28494692
28455496
28515220
28540940
28420388
28437608
28427876
28477428
28487316
28457088
28455284
28400428
28463660
28458956
28459064
28391748
28483800
28493344
28474416
28404268
28424008
28526684
28562112
28415412
28447280
28471240
28552292
28449136
28434888
28449340
28420860
28500644
28480316
28438520
29904980
28761664
28838048
28468236
28455212
28435356
28415508
28497852
28520736
28474924
28515128
28457144
28483080
28452028
28425280
28430780
28548412
28495580
28453840
28394772
28464524
28504984
30499340
28509888
28412828
28442008
28451468
28504524
28446936
28398636
28433196
28566456
30843404
28785572
28809452
28431900
28548780
28479088
28483620
28425980
28414316
28480996
28458092
28404384
28404732
28459476
28512952
28501344
28456864
28428780
28425644
28477700
28412784
28436604
28433636
28480868
28443200
28489528
28404776
28416092
28542848
28417828
28446868
28429912
28421980
28483740
28483180
28419996
28465212
28386364
28525816
28546544
28449712
28432396
28420496
28484388
28477592
28378268
28401260
28433488
28502784
29672600
28430052
28414972
28463536
28479592
28553676
28405576
28493520
29958736
28833552
28682876
28427628
28439500
28593564
28487532
28412300
28447336
28425276
28485844
28532100
28444664
28415152
28439968
28522188
28507988
29095996
28407188
30657320
28516528
28543744
28463684
28428768
28561084
28492216
28463192
32681944
32704916
30193672
28444904
28419732
28402060
28409700
28582016
28528164
28425224
28437880
28468180
28542976
28512412
28471036
28462856
28457788
28501456
28509144
28493180
28457000
28425652
28509440
28488352
28500876
28426880
28542932
28563332
28491920
28439168
28436660
28549292
28532544
28476384
28401416
28444512
28589748
28460612
28433480
28458600
28476088
28474020
28613776
28407944
28442120
28541768
28495040
28544200
28464816
28427820
28463680
28572596
28551220
28944744
28610720
28489152
28465452
28478772
28381912
28452832
28556000
28487216
28405072
28448696
28452220
28526280
28466772
28429916
28425496
28419172
28448544
28511452
28502024
28466636
28453132
28486612
28451992
28427544
28418704
28446140
30078484
28748220
28846948
28432640
28561096
28439048
28439748
28425528
28436344
28515004
28473184
28417696
28415776
28408532
28519420
28438552
28431876
28432272
28420316
28436268
28455616
28419528
28450468
28380612
28498256
28491588
28489472
28415128
28474028
28549608
28484900
28454232
28462680
28635788
28481408
28574992
28415760
28508364
28522232
28603860
28468284
28482528
28471036
28460808
28426132
28503948
28502320
28421628
28559020
28474368
28529180
28459576
28424356
30026536
28910272
28482768
28476488
28583156
28473100
28481788
28459504
28423644
28538892
28479700
28499416
28465016
28417656
28568444
28525268
28463888
28430716
28459136
28490044
28579124
28485564
28433308
28491836
28521660
28488852
28444584
28455392
29592172
28854820
28752484
28475864
28462812
28602488
28524296
28480248
28477780
28419876
28419544
28499492
28481224
28453496
28430008
28491332
28500312
28444384
28436464
28451976
28563904
28478712
28451692
28459140
28462336
28526388
28461728
28434788
28466288
28465232
28598688
28438784
28463860
28451432
28465280
28529304
28508344
28430444
28451512
28403804
28518880
28492260
28447920
28446608
28497576
28471772
28482536
28430916
28455036
28604560
28485308
29284804
28712816
28493488
28531864
28504088
28472896
28466964
28467548
28598816
28543688
28470436
28444756
28465452
28546084
28485860
28475768
28459024
28463224
28481860
28887216
28473200
29115740
28583440
28583444
28490488
28428284
28419768
30979204
29340300
28695240
28518900
28425112
28543860
28504520
28415696
28414664
28434608
28561160
28485240
28539760
28414180
28482856
28455508
28541836
28478108
28449460
28485340
28535260
28484400
28473688
28436612
30085476
28509848
28451356
28480152
28480428
28543580
28496488
28473264
28431532
28592428
30058212
28873848
28510160
28439396
28449404
28482180
28519096
28413640
28436268
28399952
28548348
28514800
28475928
28466884
28519892
28454264
28472300
28524404
28444112
28585368
28448928
28440272
28435592
28420880
28595072
28476804
30725468
28487296
28451968
28529408
28491440
28438256
28433460
28497016
28515288
28503012
31760552
28794972
28907932
28560696
28420892
28467488
28426432
28650336
28464568
28472840
28414176
28427900
28612588
28567852
28497652
28422928
28438868
28422816
28546356
28524748
28464060
28425536
28456384
28462752
28465832
28447104
28410108
28498292
28444780
28433636
28404064
28432644
28521896
28483516
28425080
28464112
28437828
28405244
28414724
28418620
28409680
28442036
28483620
28479692
28373784
28443492
28470512
28478108
28424116
28436792
28415704
28531168
29503436
32656576
30706436
28463640
28467116
28449992
28440332
28435580
28435956
28511216
28502380
28425340
28431100
28444124
28464584
28484912
28447536
28413488
28417728
28507984
28460984
28437636
28425448
28470992
28462568
28482928
30706892
28460792
28595916
28441232
28459952
28416208
28393832
28500480
28465908
32669792
32636404
30484312
28471568
28475516
28435128
28437904
28435892
28500512
28504832
28431108
28423728
28448876
28458520
28483984
28428384
28406908
28524924
28453252
28462188
28447696
28405320
28565912
28447572
28425616
28420440
28414216
28542444
 
28469592
28435712
28400184
28429008
28603676
28485988
28399424
28448168
28462124
28472512
28451132
28436376
28667268
28503808
28444912
28446660
28453688
28386060
28561916
28467996
28421804
31809348
31011356
28504924
28467692
28429432
28453808
28509940
28468200
28557068
28435332
28432380
28440744
28503912
28452100
28425524
28459648
28434220
28499160
28471444
28433176
28451556
28364572
28576148
28516952
28461364
29036416
28457532
28537484
28526500
28416912
28395020
28438096
28537668
31257392
32636624
29469448
28454248
28526608
28449096
28437328
28412120
28532964
28504524
28428344
28434832
28460472
28518076
28463788
28468400
28450412
28456236
28549464
28432420
28467544
28427484
28412884
28510680
28443596
28450276
28442216
28473716
28535156
28467168
28492228
28425048
28467304
28490076
28477564
28435260
28434224
28549172
28453620
28459760
28468172
28481612
28533172
28551672
28415812
28412620
28451056
28467828
28461104
29469040
32417488
29835208
28470204
28475852
28405320
28466864
28425544
28552108
28479512
28410160
28434832
28500760
28478760
28467844
28434732
28426572
28484732
28477808
28421772
28464840
28450900
28580964
28455356
28440076
28443508
28474508
28499916
28558556
28438300
28437548
28462004
28498344
28495936
28474020
28447096
28790928
28821940
28457120
28441504
28463288
28559052
28461828
28431444
28439544
28430384
28548528
28439188
28422548
28435940
28410352
28553384
28454596
28418268
28392516
28468720
28498392
28452616
28427132
28427376
28498624
28544044
28471220
28415804
28456860
28463396
28447032
28470936
28370188
28491612
28625476
28468444
28426168
28420624
28513484
28513568
28476924
28417140
28399372
28455624
28503408
28489596
28920372
28775112
28852500
28488588
28423164
28444268
28449844
28459808
28505844
28479416
28441304
28439188
28488148
28460936
28515008
28414824
28464796
28525468
28431680
28410184
28424552
28459748
28537504
28481564
28381588
28495016
28461072
28505532
28413368
28446640
28395688
28421696
28433948
28487208
28789016
28810848
28620028
28464376
28465420
28451812
28412900
28448104
28456516
28447316
28409356
28402136
28552384
28458028
28439448
28422644
28431564
28515980
28458920
28480184
28457016
28456996
28504468
28521044
28431700
28418320
28435780
28534468
28457652
28775824
28748920
28821152
28518096
28591124
28417452
28451904
28540728
28534436
28457480
28435508
28461576
28562524
28450812
28452408
28403632
28470244
28562096
28522400
28420684
28450440
28433128
28581908
28502536
28420176
28433556
28404200
28509908
28529144
28471964
28445848
28429840
29033244
28483412
28468900
28440392
28523880
28503208
28495460
28428816
28560172
29003612
28802124
28589204
28499336
28430076
28566704
28493512
28521592
28430984
28429868
28398304
28471136
28443768
28379544
28417712
28510396
28409508
28428188
28400400
28427272
28479592
28505536
28421744
28435732
28445676
28497788
28422420
28465820
28439852
28507500
28470412
28400236
28423752
28419084
28553016
28469016
28423024
28473688
28416408
28472768
28444716
28466424
28451264
28442724
28449620
28489272
28398924
28424488
28588080
28903876
28628916
28470668
28396424
28546444
28570848
28461992
28413988
28453984
28607456
28496244
28497724
28409300
28513672
28586848
28533852
28435432
28513936
28490500
28540568
28504028
28517856
28497528
28437528
28511332
28554748
28457248
28455360
28462120
30334208
28506940
28446348
28445392
28580232
28531404
28505972
28518160
28462164
28549484
29318192
28763936
28657168
28434028
28535812
28527428
28480420
28400128
28463332
28508432
28488148
28427876
28469200
28439312
28484484
28522520
28486692
28479296
28470096
28463368
28495476
28433440
28461764
28551784
28471424
28441508
28444916
28434876
28558796
28496548
28446240
28447584
28471580
28522148
28485604
28425344
28499176
28475548
28450992
28505560
28421076
28418296
28405704
28529196
31077776
32535388
32397660
28445552
28485712
28445248
28449608
28401240
28553988
28544412
28422560
28440500
28445556
28421820
28380164
28423316
28446080
28453580
28535800
28435920
28497260
28421016
28438108
28480732
28474164
28437344
28465872
28454076
28547092
28461904
28430968
28442748
28525444
28515456
28472876
30014432
32529192
28965488
28452344
28489060
28393388
28482812
28489908
28522712
28404884
28393224
28422912
28523812
28420456
28429688
28472996
28463728
28453668
28502648
28468152
28410744
28430324
28508636
28497480
28510624
28483212
28491328
28478936
28452404
28454528
28411660
28559344
28493608
28517096
28392184
28425964
28543268
28498784
28479640
28454892
28457060
28603836
28537160
28449328
28455164
28444548
32559592
32380824
28397028
28454464
28397068
28532080
28476384
28472112
28464060
28492424
28470560
28480828
28417244
28464052
28505904
28474788
28460832
28405832
28430612
28491040
28480392
28450812
28429792
28387256
28489512
28472200
28423268
28427132
28529792
28468968
28594648
28435236
28434348
28496844
28511172
28439688
28423612
28753552
29031276
28441900
28457708
28456280
28464516
28557688
28515404
28520760
28440100
28446784
28488356
28542324
28461204
28461188
28417224
28513712
28502748
28473324
28450872
28458052
28538176
28488632
28549076
28480608
28588468
28468732
28473448
28480780
28443476
28559448
28496776
28537880
28549260
28451160
28578928
28457988
28430152
28405424
28462844
28459940
28442640
28412624
28408500
28400660
31929536
32878864
28665656
28504028
28484052
28552988
28562628
28450364
28453860
28471136
28463352
28519036
28496192
28457144
28577512
28468076
28516516
28435756
28474696
28572428
28569056
28494724
28459092
28476364
28587580
28480900
28477116
28447032
28438352
28531256
29322120
28532532
28511352
28432272
28536876
28479204
28500344
28420464
28510604
29750332
28816772
28480404
28595552
28552348
28480320
28440268
28457280
28438672
28527704
28574904
28445492
28474268
28487336
28551564
28593328
28479132
28439688
28440224
28534736
28865896
29060760
28923964
28446608
28601864
28488064
28467832
28443676
28499904
28487464
28479156
28439608
28455068
28509112
28526904
28431128
28483224
28396908
28563556
28457952
28378640
28429272
28422844
28495728
28542436
28478476
28443184
28416076
28585568
28471072
28459640
28423888
28423864
28517680
28510672
28418156
28417108
29163772
28521040
28491720
28390188
28443892
28515868
28491520
28442208
28437084
28451196
29296896
28810124
28674356
28444988
28449808
28495612
28552216
28420592
28373264
28418148
28590396
28440316
28423416
28416504
28552704
28494652
28468124
28449152
28451012
28537168
28465096
28457408
28461092
28390712
28560008
28544388
28493684
28483856
28460016
28481116
28464556
28508892
28464912
28433916
28501172
28483716
28519024
28527696
28437172
28556220
28457048
28466272
28439636
28451676
28476116
28479464
32827592
32660208
31012288
28428256
28447376
28414776
28422224
28499956
28495060
28446792
28419292
28389388
28571964
28480676
28471148
28430804
28424744
28496592
28479044
28502876
28401364
28426388
28531392
28467888
28467652
28424228
28455880
28518276
28485816
28412104
28449704
28504908
28455124
28468380
28522496
28476516
28531768
28436204
28450880
28427908
28455484
28479828
31324524
32462348
32301860
28411252
28459452
28462256
28463460
28444280
28422424
28488576
28473948
28424396
28401100
28552604
28465388
28458836
28412364
28405948
28572036
28451112
28455568
28432140
28401500
28526676
28451880
28434152
28406448
28447808
28485508
28493720
28426900
28415852
28365924
28492236
28507140
28454236
28462196
28420672
28506364
28466612
28463980
28424020
28422476
32100020
32124160
28457444
28430364
28514384
28437788
28424260
28448892
28434904
28520792
28434488
28440516
28404828
28371952
28543192
28476788
28391800
28417788
28447708
28505116
28469720
28434200
28444016
28416680
28503748
28463444
28400484
28439792
28468528
28492104
28484960
28423848
28400424
28576268
28476772
28452272
28445772
28434088
28487484
28430976
28463504
30833304
32767144
32574268
28445660
28418972
28457156
28443332
28499904
28488096
28424000
28445856
28413764
28534872
28431900
28450744
28445144
28458888
28488896
28451396
28411176
28401540
28577148
28517936
28435336
28415952
28447416
28516336
28451300
28408228
28437380
28411476
28492616
28472576
28521896
28462204
28447468
28461848
28541200
28463820
28465864
28445212
32775772
32311016
28433284
28440836
28521828
28472656
28448036
28433728
28456544
28533396
28471160
28492376
28429456
28414512
28512812
28497024
28425124
28438484
28422092
28504572
28513456
28423240
28454040
28403040
28499748
28496024
28457752
28410908
28455136
28509380
28492184
28426864
28455760
28492676
28640592
28474576
28403212
28436464
28560404
28434264
28428992
28445940
29584136
32595784
32638072
29572160
28446692
28434156
28499668
28462432
28395452
28425072
28413932
28524528
28484312
28436532
28411316
28490512
28490524
28457520
28439684
28414924
28560516
28493232
28486396
28429948
28436576
28548940
28429300
28473064
28457608
28423508
28529188
28593880
28441216
28467664
28417868
28564188
28466588
28469816
28394540
28995348
28837780
28492264
28446932
28423680
28511432
28501828
28461580
28404160
28442996
28550448
28440548
28434136
28391440
28431028
28545884
 
