Procesando...
  Filtro             : sierpinski
  Implementación     : C
  Archivo de entrada : lena.816x512.bmp
20908520
21240044
21116156
21123180
21089712
21188596
21150776
21158496
21144908
21167416
21139504
21099104
21196576
21145792
21179128
21187724
21146180
21114316
21200988
21143920
21160620
21208160
21140956
21159612
21203604
21185408
21159284
21174896
21205628
21134192
21195788
21137204
21165628
21186120
21123312
21173656
21195112
21190756
21121440
21175004
21184380
21134432
21191276
21164576
21120332
21173032
21184656
21128648
21171132
21182112
21118084
21181176
21157912
21130172
21179536
21180404
21109708
21214204
21181980
21157932
21193396
21171388
21399480
21787840
21389576
21178312
21485636
21138624
22589300
21117368
21127480
21204552
21146964
21150348
21177360
21165048
21112280
21168440
21186304
21152724
21180272
21186492
21150788
21205156
21162056
21132812
21174168
21176320
21211144
21151092
21170112
21153484
21112084
21159476
21194524
21114208
21161920
21275812
21126308
21223740
21136784
21129220
21202480
21137296
21120244
21204384
21152156
21112880
21205796
21189932
21123276
21213400
21145612
21131836
21200696
21581876
21117104
21201336
21184600
21158188
21162932
21154668
21145140
21195260
21195668
21118240
21174632
21149176
21171812
21213376
21177980
21137808
21229944
21144588
21138816
21159604
21174200
21132148
21185728
21216968
21160824
21215396
21201464
21149288
21166356
21164560
21165728
21205852
21165460
21160856
21203988
21170596
21102760
21753124
21346872
21193092
21143136
21185660
21177428
21213824
21333288
21130064
21163780
21164080
21125608
21283616
21135520
21143440
21156724
21201188
21157392
21147184
21190476
21176128
21192776
21181860
21124984
21165560
21182636
21141156
21172684
21136748
21157576
21214680
21170720
21158136
21198380
21181548
21243776
21173888
21194252
21152988
21192508
21182672
21109860
21200820
21147608
21138444
21182988
21119564
21189104
21232252
21147408
21559520
21188908
21129384
21156864
21146032
21179480
21310332
21120788
21223880
21143412
21245116
22309912
21194180
21191084
21194452
21165160
21180664
21185232
21152796
21210712
21194176
21149204
21188108
21133436
21174148
21163576
21132260
21150260
21173248
21138568
21164132
21199020
21131040
21170336
21207212
21142672
21099388
21198224
21138728
21169896
21203380
21165292
21111964
21209560
21295072
21154128
21216924
21180504
21171676
21183476
22030764
21172764
21154812
21155992
21107816
21165276
21179680
21147484
21191924
21132056
21149672
21177140
21124616
21128568
21243032
21152980
21178668
21156280
21145944
21095136
21191604
21179556
21165692
21177968
21120652
21149060
21218056
21194636
21131360
21190916
21151980
21182064
21167036
21176924
21161624
21155780
21181564
21157372
21177212
21186024
21154160
21198084
21217568
21113204
21620412
21123936
21139424
21181340
21166776
21122028
21174756
21183628
21142276
21212392
21169588
21108920
21233424
21160688
21108976
21226852
21151080
21123164
21171624
21142844
21102856
21197856
21132040
21570720
21098792
21105856
21114984
21162940
21131112
21168464
21158840
21181944
21126496
21160908
21301524
21159380
21172760
21134756
21141120
21181968
21138972
21175668
21208756
21123904
21105780
21199440
21135692
21154920
21160848
21167976
23170312
21178488
21154896
21135460
21202300
21129360
21171924
21204248
21196840
21172244
21167692
21202720
21166668
21209896
21186936
21112844
21176204
21210828
21250564
21182160
21195236
21155388
21187536
21195680
21731164
21225712
21192336
21181984
21222736
21129696
21149612
21168068
21152032
21147760
21170148
21155020
21159952
21169356
21188816
21129004
21180768
21186620
21145788
21177564
21205712
21203556
21219656
21146460
21146484
21194920
21196876
21998660
21176664
21199372
21116828
21218944
21140092
21185328
21151912
21186044
21114308
21182520
21201792
21125744
21216824
21188120
21139360
21164620
21143236
21177976
21208352
21142352
21127216
21204892
21159000
22163416
21101396
21197260
21125388
21208624
21171060
21155456
21197976
21135928
21162128
21214280
21182032
21102424
21214640
21151556
21121532
21195812
21171560
21117672
21226992
21128272
21131784
21190680
21184076
21123424
21211748
22334076
21155404
21242444
21163612
21123344
21194636
21164552
21126288
21185976
21153632
21131472
21184812
21180140
21121848
21186264
21164224
21145164
21221896
21189168
21098856
21185328
21200976
21132196
21210392
21162088
21126916
21882036
21472976
21125404
21249336
21164720
21152160
21205560
21183356
21157424
21158472
21200516
21205604
21184780
21149448
21142056
21181704
21183072
21156320
21209812
21158784
21134048
21212584
21200536
21150984
21205664
21188040
22751608
21139712
21152968
21153436
21236584
21192588
21120960
21194232
21168596
21150916
21169668
21189044
21108472
21205820
21201780
21123084
21211180
21123688
22818368
21623188
21164544
21145888
21155740
21161404
21111104
21163752
21131488
21160224
21125364
21129220
21143132
21135440
21162088
21111292
21111932
21162676
21108728
21142372
21148232
21166156
21196040
21146016
21129880
21177140
21181268
21804220
21155900
21141384
21174988
21184336
21109232
21102432
21181456
21131064
21161132
21160452
21130764
21129712
21159100
21166108
21145132
21185244
21156724
21199836
21211300
21356384
21144696
21208360
21180300
21158436
21607752
21191664
21188400
21133188
21137072
21133228
21143652
21179352
21137068
21207520
21134324
21156136
21191948
21177412
21150156
21147620
21190972
21149800
21190956
21177040
21631140
21144016
21124972
21108020
21168140
21132612
22240152
21148724
21132696
21119448
21151824
21162468
21246972
21201936
21142320
21173648
21173764
21151260
21166008
21186088
21151808
21115052
21196740
21141988
21151344
21169508
21140344
21101144
21172116
21199976
21138564
21209432
21166280
21144040
21207500
21611036
21120744
21189176
21183504
21128820
21139888
21156512
21133988
21146076
21225704
21111844
21162104
21216268
21158548
21183320
21163792
21141084
21182532
21138408
21157132
21181720
21159244
22238500
21143972
21123096
21217084
21152620
21221644
21134236
21128520
21182452
21121408
21147108
21194200
21102644
21145564
21139892
21099904
21094384
21175680
21119160
21145600
21183996
21128572
21163232
21172452
21334544
21191816
21125028
21186116
21154196
21167144
21601516
21183076
21137096
21193704
21201976
21152668
21168244
21204732
21159140
21194204
21204156
21162972
21166196
21181872
21158648
21216016
21233288
21139892
21150736
21196240
21169136
21173460
21929400
21167828
21176264
21187536
21171652
21138904
21179336
21164472
21161992
21157132
21144284
21129368
21183604
21165392
21103324
21208076
21195136
21195024
21212020
21174896
21173064
21208296
21184276
21170728
21332992
21152084
21089416
21213084
21183972
21151684
21993884
21124324
21118692
21177120
21247540
21157360
21170416
21207248
21143708
21191928
21168992
21159756
21190588
21189648
21152452
21149876
21263976
21159756
21162516
21175744
21134804
22663020
21164392
21157592
21127624
21239260
21163120
21234632
21203648
21121848
21204080
21176448
21114952
21202524
21148264
21148076
21218976
21562596
21092256
21214552
21161064
21109872
21175344
21175316
21178212
21153360
21173896
21104376
21185896
21696468
21156396
21162688
21105224
21147636
21104816
21140336
21148272
21125056
21199896
21147468
21137612
21140996
21159448
21220404
21160308
21160540
21124812
21191436
21184996
21132684
21152400
21185060
21154532
21201008
21122808
21204820
21196952
21119440
21228548
21158800
21168128
21200452
21157700
21118596
21203756
21140224
22323480
21139028
21137516
21152460
21144308
21170312
21131348
21137648
21119744
21169000
21163236
21153128
21142972
21193888
21144996
21161552
21148524
21149648
21159968
21192964
21145616
21168532
21160192
21145712
21114904
21172532
21146212
21105668
21194772
21147548
21115228
21180256
21154676
21122144
21198704
21211824
21613320
21560808
21155680
21124084
21158108
21171704
21122068
21185628
21185404
21097368
21192332
21139536
21109588
21191280
21591792
21957572
21152752
21151576
21061352
21127492
21135880
21094564
21166236
21155536
21134732
21164876
21159300
21137320
21163960
21148808
21155964
21164640
21171424
21094196
21181100
21170184
21095568
21152536
21176408
21110396
21187132
21192952
21172896
21174336
21118408
21161148
21187828
21170192
21131844
21153172
21142796
21138468
21533780
21173144
21161608
21127796
21111404
21142428
21154884
21171136
21140484
21218344
21164732
21127652
21171256
21163748
21616808
21170928
21144008
21176504
21172408
21147856
21172656
21191080
21194568
21173732
21170212
21118848
21144320
21176216
21160708
21158568
21094200
21166000
21100896
21135988
21164876
21173756
21151180
21146212
21150424
21130516
21162392
21147332
21137380
21145456
21140972
21119932
21158136
21142308
21151908
21184848
21146636
22121580
21151184
21183048
21149688
21116116
21145392
21216080
21173848
21152932
21183920
21134100
21164160
21164316
21982184
21184388
21173408
21171332
21174332
21132788
21186660
21178336
21145908
21142352
21173484
21132692
21172760
21111780
21132744
21166480
21126188
21168764
21117120
21147092
21183896
21142276
21138808
21179348
21170280
21131204
21201532
21130984
21144328
21215288
21905520
21120940
21183204
 
21177468
21197500
21161860
21147772
21184584
21165076
21175436
21184020
22583796
21139772
21175512
21140056
21172228
21170124
21136404
21177428
21074348
21170184
21115096
21147960
21134740
21173400
21121296
21154044
21147884
21152428
21164640
21138848
21161224
21192352
21146568
21119280
21199948
21154024
21159736
21182164
21164564
21192408
21162300
21177344
21202552
21181564
21182352
21128640
21187636
22826376
21143368
21142700
21249372
21152616
21136228
21174184
21181096
21096424
21181604
21153688
21146808
21200920
22278892
21182460
21226996
21168360
21189332
21183948
21169500
21185220
21197484
21177876
21158800
21199760
21128236
21183204
21177384
21126296
21130808
21180592
21146804
21175900
21158680
21183464
21173480
21177196
21191880
21149240
21133820
21172992
21153608
21125972
21122060
21156580
21136512
21170252
21187816
21215540
21199612
21183848
21186568
21170212
21518344
21384896
21164044
21179936
21173940
21216784
21214716
21173540
21142180
21142556
22198624
21154156
21138780
21159464
21190248
21135628
21169852
21166132
21196320
21150072
21167180
21187156
21140924
21160584
21164812
21117448
21120640
21172896
21132356
21177140
21187980
21138216
21120936
21182316
21131408
21190052
21172780
21144748
21130872
21147656
21134956
21117636
21158556
21126504
21340944
21111288
21141476
21182956
21140752
21641908
21149668
21168848
21158756
21215260
21129928
21181456
21140008
21178880
21138500
22424884
21155560
21212992
21132076
21180004
21179112
21126280
21179148
21193656
21157364
21101988
21123364
21110708
21158368
21177444
21126732
21211136
21153868
21134296
21169492
21191700
21107360
21185912
21142140
21118732
21202508
21165128
21176384
21124896
21151960
21131576
21174052
21109268
21146380
21142216
21169524
21145380
21198724
21112092
21072952
21165800
21528580
21161932
21169868
21151856
21149332
21179004
21116696
21196796
22140288
21167532
21159580
21162612
21147456
21135088
21104428
21130488
21106520
21108548
21169036
21146188
21175064
21137508
21122464
21168560
21187120
21133120
21155300
21109644
21136588
21163892
21133484
21190524
21166148
21181840
21211684
21153876
21173736
21859324
21118836
21188008
21124560
21088692
21155284
21159840
21145172
21576380
21393728
21196976
21133232
21149992
21197880
21163536
21123452
21181336
21135100
21141212
21156100
21140472
21171372
21146904
21158732
21194824
21187552
21132248
21187244
21196256
21166532
21168860
21193692
21191004
21142924
21215140
21177772
21170972
21223228
21175600
21108692
21170500
21145340
21171212
21186200
21148980
21139392
21188036
21183504
21015436
22296736
21130540
21026712
21173876
21156588
21053616
21165964
21181212
21890428
21123872
21158976
21029796
21190912
21178200
21027168
21150096
21170796
21055452
21183408
21155000
21067200
21211828
21154856
21104400
21198020
21149620
21044200
21179556
21099892
21081728
21162556
21176056
21046276
21146128
21164060
21067432
21159188
21134220
21087468
21175328
21140488
21056216
21195576
21164704
21070456
21157668
21161672
21054668
21636172
21128324
21054632
21159960
21140084
21385500
21172592
21151624
21034076
21176000
21171036
21533632
21510956
21166488
21061108
21155664
21154564
21052072
21172980
21099880
21096864
21183772
21146568
21065348
21196420
21145676
21112312
21173852
21150596
21117940
21204868
21156240
21092352
21169820
21165884
21074372
21208388
21136788
21085980
21199032
21156040
21068704
21202032
21144320
21049944
21232664
21168172
21094732
21189020
21090364
21101604
21258244
21152392
21048652
21198344
21138292
21051888
22271036
21149736
21021656
21257332
21164980
21745808
21089324
21115024
21068380
21169948
21197572
21121000
21171284
21111628
21070572
21183452
21131496
21064384
21158892
21108376
21087420
21160452
21162980
21075864
21144244
21127736
21082576
21181164
21130604
21092952
21207444
21124056
21071832
21220628
21113916
21108464
21202576
21113528
21084436
21166372
21201644
21071232
21209152
21197340
21084148
21213056
21182420
21098004
22037204
21065440
21052820
21177768
21151484
21039916
21949344
21374340
21049696
21162756
21252104
21077104
21176616
21175008
21069684
21150412
21167056
21070468
21160008
21136412
21045376
21180916
21136376
21077392
21201876
21144640
21102096
21168896
21155668
21098976
21222816
21116064
21013804
21176956
21172684
21057036
21152020
21118184
21094472
21210992
21197240
21083664
21209840
21122292
21068380
22079220
21120980
21067088
21298028
21132200
21023004
22326644
21107288
21078172
21205944
21122360
21022972
21216916
21108164
21049128
21192020
21114352
21057216
21221720
21144796
21038384
21154688
21110420
21031112
21169460
21110196
21062500
21159012
21104648
21096288
21145776
21166724
21034500
21204436
21101984
21073176
21195368
21172572
21092632
21194552
21132608
21097444
21152576
21169372
21082492
21154344
21133072
21087056
21216692
21118776
21084212
21210752
21123264
21546648
21247788
21081152
21061688
21199264
21124756
21099624
21235796
21116032
21104456
21201932
21101812
21101272
21218240
21131580
21051908
21143256
21160992
21060652
21203436
21138144
21070648
21172972
21141104
21084392
21209968
21113616
21081700
21131508
21107184
21067976
21204096
21106460
21095976
21188304
21167096
21078604
21193544
21141224
21188268
21151932
21101188
21131160
21211160
21135096
21133832
21126444
21156852
21150080
21205096
21088168
21132920
21190964
22144464
21117888
21190768
21132584
21093904
21125580
21123280
21082232
21179308
21094508
21126492
21139820
21114860
21138188
21129680
21112572
21147996
21205804
21091128
21124984
21132964
21119716
21119892
21205364
21080048
21162584
21122632
21161336
21087716
21131056
21138188
21146496
21149348
21126336
21144276
21123668
21117416
21138400
21119980
21135500
21185080
21142424
21123556
21130968
21140124
21053720
21125956
21131712
21078056
21189336
21099616
21073064
21849356
21362808
21099060
21139292
21127160
21093400
21129748
21143164
21074804
21168228
21188240
21069196
21151356
21141188
21103828
21148524
21171260
21094908
21130656
21133552
21099064
21151212
21161952
21090592
21155488
21079516
21093452
21160620
21156848
21089892
21128916
21171756
21101308
21143864
21147704
21134272
21150644
21143200
21141068
21182952
21178416
21142632
21124496
21162536
21116620
21103400
21160600
21116264
21153068
21143636
21102048
21121020
21183424
22250560
21140452
21134168
21037296
21169668
21125536
21116616
21213344
21108072
21113648
21157892
21126800
21125008
21168216
21121592
21122232
21098752
21148268
21103820
21102760
21146844
21104180
21126932
21178008
21128524
21167964
21127780
21137896
21166572
21156464
21118364
21162604
21177572
21151868
21155596
21162372
21097076
21148796
21171328
21093116
21215024
21160260
21134236
21122788
21202240
21556416
21132104
21180448
21148776
21092672
21113704
21098676
21109392
21166504
21202644
21162220
21138144
21149800
21142448
21137316
21161636
21159736
21148000
21107928
21162536
21160940
21190384
21199812
21122108
21177184
21161540
21157144
21156760
21159988
21125640
21160528
21121632
21130624
21136904
21128908
21168120
21131336
21166924
21137452
21106772
21169400
21141492
21117488
21125144
21125116
21155176
21140648
21454584
21131432
21139592
21161384
21099028
22768776
21114008
21121124
21139344
21148072
21113144
21388192
21184736
21120440
21206864
21111144
21021528
21117296
21160700
21134708
21168312
21123488
21126536
21333268
21117600
21052452
21177224
21145968
21093268
21183136
21149488
21082912
21165540
21154428
21131052
21148356
21143464
21114124
21177888
21144956
21104020
21146976
21124504
21107964
21171636
21120336
21145996
21155076
21162496
21092108
21182628
21127648
21125144
21166748
21168556
21757652
21187992
21144268
21130512
21178164
21142828
21099296
21210964
21125900
21060092
21179216
21151548
21060908
21122024
21114076
21120348
21154248
21161772
21099536
21138984
21169820
21163460
21197216
21155824
21101000
21156052
21110244
21099112
21128932
21128268
21142540
21164772
21125528
21128992
21141108
21132672
21195996
21159580
21132272
21140244
21127656
21167944
21111872
21171848
21298144
21036060
21114908
21164008
21055032
21102540
22325952
21077348
21111276
21141648
21084120
21122096
21132172
21092012
21155720
21123084
21076608
21124436
21131952
21079012
21112564
21152404
21039404
21177832
21107012
21050904
21156884
21160700
21058336
21164372
21143648
21068260
21113344
21143416
21116324
21119044
21154744
21045912
21158508
21128056
21115940
21131188
21125916
21065748
21131376
21130000
21077120
21163728
21142436
21073408
21158232
21119564
21142400
21175928
21142876
21170516
21170200
21133868
22398548
21117696
21202152
21059436
21118640
21109704
21028128
21142856
21140860
21069820
21126636
21118372
21044856
21097956
21168064
21184572
21109052
21150084
21075368
21189512
21174476
21108108
21145188
21123240
21089104
21138144
21131848
21160276
21133608
21158148
21123644
21166608
21130628
21146528
21143112
21140900
21109660
21166520
21151368
21103940
21164212
21164096
21118796
21280264
21135652
21145632
21170196
21147216
21130136
21744172
21118300
21150688
21153212
21150964
21147212
21151668
21120492
21152984
 
21160036
21119288
21113860
21168696
21119984
21164888
21124992
21154480
21140556
21165212
21131792
21042336
21143224
21135548
21097020
21146024
21143304
21045656
21131904
21146592
21081708
21158968
21136456
21089648
21126296
21101516
21108380
21129228
21137828
21105156
21132128
21117412
21088600
21123372
21095040
21106952
21176352
21111356
21271228
21210024
21116632
21150512
21145516
21088556
22139240
21099824
21109912
21063708
21154332
21123576
21061664
21162556
21125116
21055148
21115288
21116856
21174984
21104360
21130020
21108592
21133116
21115348
21072124
21120280
21155132
21094412
21120900
21154208
21092436
21145288
21122384
21097832
21141080
21113524
21145892
21116788
21175320
21089272
21155052
21138280
21139332
21125896
21154296
21111356
21172436
21129492
21131300
21170232
21158256
21123312
21123556
21162964
21089288
21179320
21135780
21095804
21604936
21159496
21077424
21132040
21140080
21093304
21148748
21133940
21075952
21082208
21168352
21071476
21117060
21129444
21080104
21160484
21130932
21094456
21163792
21119812
21083032
21106964
21139548
21086664
21176744
21121508
21134608
21143268
21119216
21140032
21147740
21102988
21088848
21148232
21143300
21113236
21126228
21159752
21099476
21169408
21134656
21092908
21137732
21162832
22281804
21134388
21149908
21158724
21168656
21124692
21538088
21234456
21191640
21148556
21102580
21145304
21123296
21121732
21185312
21095328
21157736
21163652
21080372
21187304
21174248
21162056
21143180
21147532
21070824
21155716
21145596
21105612
21158008
21176672
21083684
21152616
21199200
21121552
21149444
21175924
21032088
21183520
21138340
21106928
21153296
21192996
21094504
21122252
21136196
21101856
21863164
21148192
21109496
21209400
21120780
21120336
21129000
21151952
22312232
21163412
21178460
21062448
21162272
21190336
21071468
21192512
21127192
21114888
21185000
21121892
21140976
21197052
21154620
21153964
21136480
21180464
21119592
21178812
21145956
21157028
21132176
21171632
21092164
21152904
21183864
21119452
21133748
21149084
21131640
21175888
21110524
21922492
21174348
21187736
21140352
21192436
21155360
21132428
21181524
21720948
21251504
21148860
21158924
21111896
21166736
21156180
21072184
21179376
21120836
21078960
21163076
21124656
21071784
21166972
21125752
21080484
21138348
21153372
21079560
21174308
21123192
21103140
21142492
21158916
21103636
21169416
21146284
21085564
21175652
21011348
21197492
21133028
21180944
21155852
21155124
21149516
21163652
21172076
21118304
21087320
21162524
22070768
21153164
21112432
21172168
21173104
21139384
21177436
21111372
21174672
21642096
21205552
21194112
21170544
21050476
21101876
21149720
21068664
21120560
21137856
21067456
21172388
21138292
21094164
21122936
20976512
21160924
21126524
21020792
21185736
21176176
21072892
21161060
21173016
21042172
21139416
21160824
21069144
21172652
21181020
21071336
21130584
21168580
21069880
21129076
21179120
21082224
21090528
21159328
21083520
26051656
21137532
21103616
21122500
21207236
21062632
21125676
21171868
21069004
21400996
21131460
21087080
21138432
21181916
21057628
21099088
21128244
21086980
21108000
21170940
21080360
21105476
21143872
21071856
21100392
21144192
21129804
21145872
21146648
21097404
21106176
21124476
21053176
21133912
21145856
21107760
21186320
21118152
21042684
21193544
21190536
21100224
21170560
21182136
21108464
21134796
21173048
21034120
21726452
21153788
21085008
21206348
21197304
21062128
21150816
21187648
21052712
21856152
21156180
21063572
21120152
21176752
21056464
21142200
21128844
21143624
21126592
21189712
21077332
21165776
21162716
21077816
21173344
21140828
21108168
21126496
21172924
21045532
21159332
21144508
21064356
21168752
21099932
21082040
21128800
21132988
21056088
21156112
21140280
21078636
21137532
21153112
21050976
21099012
21426264
21232264
21160996
21158416
21010492
21135336
21161840
21048540
21136424
21171760
21008240
21028768
21164828
21122644
21022480
21148256
21039336
21116412
21155616
21056636
21077804
21124620
21102920
21159160
21115448
21081020
21112360
21170116
20993704
21131396
21633028
20986756
21105912
21137652
21015464
21087708
21185292
21085396
21098824
21257524
21053684
21128056
21150764
21033836
22088188
21131720
20994300
21159736
21173636
21093444
21148236
21188580
21061488
21128844
21147100
21117964
21108084
21139032
21095932
21073804
21138404
21112664
21069688
21155228
21055036
21116416
21132804
21064528
21129916
21122320
21091316
21162200
21102880
21060428
21163964
21452108
21335408
21129704
21126220
21018732
21243436
21114544
21170540
21139596
21135928
21104872
21166024
22225060
21528916
21146748
21101444
21094296
21182144
21065108
21067860
21199156
21074792
21130868
21187608
21086012
21092104
21176384
21021068
21111192
21130068
21072952
21089296
21142756
21050888
21089984
21185876
21018512
21115272
21179344
21012152
21122504
21150992
21048628
21115024
21162060
21089532
21553788
21148156
21071436
21129136
21166736
21026548
21106100
21181904
21064224
21106256
21115956
21059424
21102012
21125836
21062900
21147104
21166748
21024812
21047672
21132632
21482596
21101988
21166820
21040932
21090980
21164880
21053024
21148260
21135072
21116144
21136872
21170596
21100656
21163932
21103416
21127764
21121440
21134656
21053112
21144368
21121112
21116680
21139452
21162236
21054516
21162860
21182272
21113120
21123516
21151720
21055820
22255296
21139704
21054304
21147828
21157596
21092416
21137288
21153532
21033936
21124360
21150208
21125564
21144428
21149356
21044808
21138968
21173348
21107764
21115860
21154784
21052044
21780572
21237920
21038148
21148448
21168624
21027280
21121852
21158796
21017824
21093444
21171172
21040464
21083516
21158132
21021120
21128560
21142736
21029040
21072040
21163404
21043012
21143000
21147428
21016584
21040112
21113172
21067984
21120560
21138708
21064564
21091440
22722496
21071732
21061296
21098828
21066180
21078472
21139420
21061892
21108176
21132020
21917252
21086796
21162856
21014408
21109440
21156156
21061924
21131936
21110356
21070932
21158216
21144744
21033396
21086108
21100148
21077492
21089820
21146708
21071444
21073648
21139460
21091000
21121896
21160260
21051776
21133492
21154396
21065972
21103308
22097028
21070136
21150920
21226748
21084640
21108608
21176092
21061412
21123176
21142988
21047916
21134532
21143164
21068156
21120168
21129976
21057880
21082308
21101844
21069776
21071940
21103288
21078548
21142224
21111836
21046996
21075420
21077120
21707156
21071872
21132772
21064688
21048516
21096360
21056836
21119912
21126952
21029252
21107232
21137096
21058004
21181464
21114788
21022528
21144876
21108052
21000080
21152628
21093932
21026336
21103740
22332716
20974556
21146412
21090508
21020868
21106492
21100220
21019368
21116768
21079224
21005620
21086224
21144732
21010504
21117460
21103200
21002848
21055180
21128264
21085656
21082128
21084068
21128520
21121520
21197996
21062844
21115160
21191816
21090664
21830416
21134660
21020612
21099892
21134112
21036948
21065024
21101976
21038252
21121548
21181124
21017792
21134784
21094936
21068732
21104216
21141404
21068756
21097664
21123924
21073292
21121200
21560640
21020484
21061624
21120108
21030076
21110132
21094884
20993912
21101608
21119204
21057356
21043160
21108964
20992176
21068308
21105672
20978984
21077104
21094192
20994820
21090316
21142388
21047324
21065048
21152828
21036004
21056116
21063820
21040400
21081504
22443892
21021700
21059380
21140016
21048552
21130676
21120828
21043252
21077492
21110432
21036888
21141540
21128100
21042336
21099108
21134652
21053484
21123832
21153808
21081436
21139456
21150960
21537588
21063768
21125036
21070596
21085640
21114728
21080440
21095752
21108008
21093048
21146564
21146284
21097472
21128684
21113180
21062932
21066452
21125408
21047108
21066040
21104544
21024852
21086228
21103796
21043112
21132140
21118524
21014276
21103148
21101808
21956264
21057732
21129008
21027172
21091964
21078876
21034956
21059172
21084392
21049204
21114420
21149276
21043000
21065036
21091276
21031448
21096080
21107480
21021504
21074972
21126396
22379620
21027208
21080276
20999716
21099220
21142496
20996240
21013472
21115092
21010800
21086152
21171212
21048528
21059824
21055464
21061128
21034612
21116940
21045348
21031512
21277272
22370440
22696304
21179136
21009380
21094916
21082700
21039696
21048036
21131360
21045552
21073896
21077084
21025728
21090352
21139476
21016472
21095432
21104612
21010636
21064044
21138792
21532472
21015660
21119280
21011784
21084292
21160380
21019432
21125788
21106512
21053348
21067700
21171640
21000524
21108292
21136172
21055604
21079144
21148508
21030960
21081944
21150380
21025440
21114816
21132440
21008392
21087492
21117268
21026828
21082820
21099856
21000536
21110148
21168700
21064920
21100200
21873476
21016836
21103972
21212876
21024628
21067136
21135608
21044624
21142504
21156936
21039964
21090152
21096996
21043640
21070948
21113804
21040252
22538964
21172056
21042552
21191376
21150960
21045132
21101424
21150056
21059272
21121792
21156276
20991608
21121320
21165612
21073384
21124364
21159800
20973660
 
21130064
21179332
21052120
21122956
21183812
20984084
21112452
21195904
21058248
21128436
21197884
21002504
21146764
21512724
20998576
21090792
21176768
20980800
21081736
22179436
21011640
21095008
21179892
21074376
21173516
21150452
21092940
21040084
21176316
20946152
21037280
21153512
21047592
21073252
21192540
20978876
21095108
21121428
20968664
21070152
21149660
20989208
21020940
21109164
20992836
21072476
21120384
21012880
21076460
21121872
21010120
21072228
21139232
21013212
21060440
21137944
21006424
21062112
21120000
20979488
21091636
21118084
20986972
21104824
21132376
21177772
21070452
21141364
21051376
21082028
21151476
21578896
21064220
21149708
20995044
21105660
21138916
21045764
21068272
21107912
20986260
21122020
21137364
20966908
21105036
22151508
21007532
21095896
21117760
21086052
21150704
21132992
21005156
21023628
21168556
21018072
21085448
21141544
21094568
21147364
21112248
20995592
21095664
21121600
21060108
21109228
21160660
21045264
21073696
21135012
21027456
21068044
21173764
21039952
21081900
20995232
21095768
21085064
21069652
21118520
21105940
20999300
21081588
21135328
21549016
21302912
21128124
21035048
21085064
21173636
21074012
21049132
21121360
20998184
21074840
21457528
21392024
21027432
21159404
21003496
21021992
21090004
21040736
21042772
21128536
21037436
21120672
21168288
21059744
21067192
21176452
21068216
21106232
21162608
21061816
21109956
21109768
21073496
21060148
21170648
21094148
21054588
21174432
21126872
21089324
21169436
21099300
21106648
21161636
21111916
21979380
21195788
21057696
21084984
21169776
21124952
21094480
21163112
21118400
21051780
21184240
21088716
21682544
21135380
21081996
21035372
21167056
21064656
21048188
21210104
21130128
21075920
21180868
21079472
21229784
21180280
21097484
21074656
21181664
21105924
21061672
21192484
21123032
21104796
21158324
21125336
21084120
21119484
21118972
21110828
21167608
21107336
21123612
21155460
21071240
21091800
21127268
21087788
21307688
21096068
21058660
21127224
21123464
21826368
21999304
21250124
21056224
21086060
21129972
21046256
21127052
21168364
21030252
21101036
22235160
21074804
21133828
21154672
21092320
21130304
21155712
21034036
21122188
21149708
21067364
21135984
21099624
21094008
21124348
21186236
21093988
21158104
21063692
21085324
21133272
21113288
21091144
21127248
21073512
21074540
21137380
21108208
21068772
21105436
21106128
21078040
21102488
21172716
21057400
21111012
21119740
21100320
21192760
21158488
21060012
21114832
21109216
22182924
21221464
21185548
21034780
21107248
21103764
20995336
21074976
21190068
21959868
21110208
21182072
21026304
21074188
21129804
21049544
21072800
21138480
21071856
21120564
21146236
21068140
21063848
21158352
21082208
21137716
21165264
21015988
21055892
21106380
21079920
21098984
21122032
21029568
21061740
21155760
21060328
21081296
21165808
21037076
21089400
21109744
21060092
21094324
21127200
21065024
21076340
21126968
21104780
21070356
21168784
21934344
21059744
21134940
21055316
21073036
21185076
21057312
21107820
21151216
22493380
21076480
21110452
21040264
21059520
21173860
21086384
21179232
21142596
21058372
21096652
21116200
21054108
21110572
21109920
21067744
21133664
21154812
21089588
21119688
21139776
21072528
21134756
21165648
21042304
21118976
21114860
21087388
21125564
21068088
21111704
21136464
21067812
21112940
21159760
21140076
21158408
21139396
21085420
21125424
21140284
21071260
22701140
21105980
21119956
21065352
21136768
21135340
21075860
21132116
24689852
21017384
21118096
21245368
21067304
21116068
21085796
21123264
21126900
21117016
21079104
21151508
21092132
21096732
21076524
21126768
21093796
21040388
21129900
21129120
21098160
21127040
21079760
21126456
21103640
21086640
21125872
21096816
21130804
21191688
21087652
21108132
21131764
21083084
21129124
21103464
22131408
21128280
21181832
21129756
21118020
21077088
21134420
21805132
21153708
21055060
21117288
21090048
21137680
21145788
21200508
21108208
21110284
21129996
21055200
21128816
21211872
21117344
21144332
21106640
21126048
21154820
21154340
21147080
21154004
21119516
21104552
21163256
21137828
21103424
21154104
21145232
21101548
21142152
21138828
21038048
21123812
21164160
21093232
21113304
21135720
21121720
21128524
21433360
21111624
21162072
21098160
21132396
21152464
22407848
21070540
21136184
21178944
21020860
21489072
21158024
21056736
21131148
21154972
21094688
21130708
21175512
21090896
21155864
21121784
21039548
21147256
21170372
21124844
21105172
21142820
21068268
21143912
21152364
21086928
21104332
21177760
21017564
21128652
21205932
21065108
21081220
21136116
21044188
21140240
21158008
21079648
21083680
21169688
21017820
21069724
21170072
20965444
21192268
21170344
21025884
21119156
21157912
21034676
21683336
21166324
21078352
21187752
21138936
21116320
21152380
21150816
21037336
21156852
21148732
21090944
21153628
21108364
21097088
21155776
21136840
21115812
21153344
21144524
21079156
21156832
21145132
21065308
21084740
21101748
21038476
21105548
21131132
21056092
21100788
21130508
21025428
21017308
21137444
21016368
21079592
21136068
21020244
21077732
21121616
20984952
21077500
21132368
20972548
21058476
21144272
21004408
21087888
21099340
21342588
21867360
21399340
21045844
21172356
21120780
21042928
21126580
21117408
20986420
21111104
21169996
21030216
21133240
21159248
21036364
21106436
21162856
21035528
21081332
21188656
21055980
21068412
21107472
21007092
21072924
21154020
20973392
21064808
21171248
20976768
21172236
21156280
21078696
21099428
21147360
21000768
21077584
21098484
21008388
21102824
21139508
21010856
21067304
21147836
20998220
21061620
21130252
21024020
21069316
21111520
20998876
21078404
22449448
21026112
21117524
21121916
21045048
21067640
21178936
20998304
21076424
21124508
21027660
21055056
21125496
21018728
21085580
21141704
21011464
21027924
21159676
20958344
21031712
21155244
20947312
21093944
21166168
20979260
21077312
21095900
20966304
21066096
21118624
20983188
21043720
21136936
21026156
21063528
21140112
21020260
21068860
21322820
20939856
21087272
21141856
21030908
21090012
22468788
20961076
21079644
21174704
21035772
21098316
21161636
20949840
21085396
21165208
21013016
21051648
21157680
20960872
21076220
21178168
21005212
21056360
21167920
20950160
21029316
21172924
20973996
21037836
21172908
20975356
21014344
21120960
20980868
21017944
21139560
20986796
21019844
21067024
20979840
21009076
21166072
21006256
21066052
21168068
20986332
21057700
21154140
20996088
21023012
21160692
20993992
21054744
21186652
20960428
21066224
21131376
20994348
21074988
21150060
21003220
21041288
21137540
21048536
21003336
21091164
21020116
20994224
21096112
20999704
20991084
21052976
20991700
20984732
21078140
20980460
21021264
21090828
21041868
21081708
21128584
21027904
21038576
21139228
21053952
21072656
21074024
20977508
21059944
21127580
21050852
21098288
21813684
21334512
21020448
21152704
21008392
21093236
21155480
21001956
21080952
21117940
21000160
21071788
21142364
21027248
21051304
21086240
21006556
21145252
21084432
21041008
21018524
21117316
20983428
21040808
21125824
21005912
21039896
21088036
20999252
20994868
21125668
20959260
21065908
21097032
20979564
21001320
21113648
20996952
20983556
21102228
20990008
20976036
21103424
20988324
20994320
21145188
20977292
21088252
21151368
20974980
21097908
21151064
21013408
21033588
21795204
20952440
21030204
21099376
21023388
21081388
21106852
21062900
21092244
21116044
20989408
21095268
21125368
21027248
21060280
21137332
21027624
21089216
21143588
21026364
21090304
21139348
20959464
21103120
21129204
21032932
21063564
21144672
20992928
21103792
21140648
20986672
21085948
21131708
20990836
21118020
21187752
21028956
21110932
21189896
21002216
21118480
21143872
20994188
21064848
21142136
20992040
21066152
21096364
20955500
21042984
21131932
21032240
21416444
21617176
20964368
21071776
21173676
21024712
20982656
21107704
21026012
20995012
21170268
21031820
21023084
21196156
20960340
21008028
21204976
20999844
21015476
21147736
20993944
21051544
21120712
20984440
21034104
21189608
21025484
20997252
21141212
21031044
21025232
21210464
20989324
21009780
21115016
21013276
21027180
21220696
21021880
21020532
21112744
21033424
21074060
21519308
21076356
21057872
21124580
21010372
21025568
21150408
21029284
21055212
21141396
20969388
21010380
21141960
20965764
21037672
21202444
21004988
20987108
21195364
21034204
20993520
21181108
21014584
21048704
21140844
21035180
21045964
21220720
21040740
21067736
21160516
21020788
21034492
21180500
21035068
21065596
21192632
21030264
21068300
21172348
21037880
21040904
21221016
21036012
21063472
21399920
20973276
21153768
21313036
21010124
21057408
21698628
21028776
21098684
21132828
21011872
21015632
21174052
21022420
21078268
21154768
21020052
21020104
21119092
21032648
21102944
21159456
20983256
20995472
21185708
21008428
21063208
21168752
21004184
21014784
21119732
20979864
21011396
21136448
20976956
20995428
21164080
20969988
21004900
21132568
20980568
21017076
21137076
21003656
 
21021148
21179980
20981764
21041908
21150452
21002132
21024928
21144044
21003136
21048912
21130024
20963056
21006228
21195572
20969684
21065712
21136660
21003260
21457600
21159172
21098916
21151568
21136588
21024940
21098624
21128084
21038716
21139752
21091884
21040780
21097956
21131540
21043796
21043644
21095076
21016424
21038764
21105188
21017804
21053088
20997572
21065640
21101336
21091816
20959668
21130176
21125296
20998640
21123976
21105972
20994328
21156536
21130708
21048656
21095864
21118624
21053972
21102028
21110976
21113832
21163744
21114172
21084592
21125424
21053440
21018784
21590632
20993996
21011096
21099184
21087544
20974564
21076352
21105888
21032716
21032612
21079804
20982804
21044320
21063472
20949544
21054704
21039084
20964948
21041676
21048212
21038744
21022048
21053744
21035256
21028320
21076492
21007696
20993660
21061064
21120036
21132496
21080396
21178940
21022184
21121868
21192996
21010540
21127124
21162684
21023352
21081988
21103292
21059892
21113500
21135364
21006104
21054012
21121052
21013000
21056428
21116552
21004668
21094920
21080656
21017312
21027060
22350492
20991428
21042620
21175952
21031220
21073572
21162564
21024636
21012236
21141408
20971204
21068016
21052952
20957704
21016652
21103916
21003456
21064112
21118180
21008820
21054376
21154624
21045652
21069248
21023020
20988484
21045012
21150028
21032728
21058480
21115484
20979320
21053848
21130700
21031008
21927648
21161984
20940040
21093068
21175304
21004932
21035576
21155532
21029364
21066724
21160236
21008496
21062500
21140508
21019332
21062932
21163252
20994268
21021800
21105856
20999052
21073340
21182696
21029868
21023976
21105116
21009732
21031224
21124208
20917788
21061772
21134004
20982660
21005760
21122628
20992464
22187636
21157976
21002276
21071820
21126020
21015212
22237080
21161028
21003512
21012076
21096968
21000440
21087188
21081852
21006400
21086568
21161444
21031752
21036656
21146604
20980620
21106580
21129292
21012052
21049988
21153876
20987608
21038596
21163132
20995804
21038300
21144964
20982812
21056820
21086124
21007528
21036404
21138516
21036452
21039248
21088524
21012800
21072532
21124912
20920964
21032904
21148872
20968272
21063552
21143224
21087872
21077384
21117524
20958448
21073980
21136912
21025660
21065632
21231456
21034964
21039664
21088904
20964020
21022612
21096096
21009884
21059780
21151316
21030772
21020264
21125700
21027056
21045492
21154152
21029524
21040252
21132860
21067860
20999108
21144208
21013848
21086428
21101924
21031772
21044548
21153272
21009836
20995532
21125512
21044712
21072412
21256520
21149992
21083756
21125912
20995096
21021304
21202792
21020340
21031228
21098804
21296268
21293316
21163648
20984300
21008548
21140856
21058788
21027944
21102540
20996832
21076944
21128248
21020172
21037404
21131056
21002672
21070304
21117228
21042064
21061880
21092712
21035108
21095256
21111556
21018160
21087736
21119880
21052220
21061696
21080044
21033096
21077040
21139812
20991592
20987140
21078524
21009080
21095104
21086044
20987212
21025080
22133832
20988688
21064184
21098344
21042728
21102696
21094008
21005252
21091960
21071164
22207112
21029712
21105692
20984072
20993692
21123204
20989080
21025328
21109308
21027484
21013480
21132884
20981004
21062096
21119620
20996668
21052536
21076656
21025220
21036424
21113648
21027176
21037316
21127092
20960332
21027740
21117148
21014376
21035412
21072192
20962168
21123948
21075748
21016672
21489732
21054140
20939384
20991196
21169016
21013144
21110860
21135612
20958136
21021544
21393368
22208728
21008924
21079608
21040632
21006856
21079436
20982728
20979088
21078352
20972184
21015456
21072488
20977864
20993316
21105452
21029296
21001108
21064488
21042556
21022412
21096052
21053228
21001900
21042284
20984024
21039216
21062084
21038252
21036944
21105148
21013652
21097812
21121224
21008464
21045740
21059116
21030888
21108948
21776884
20980528
21075940
21155844
21009316
21032384
21090204
21017440
21022336
21138832
21858068
20984616
21147872
20987752
20977648
21094204
20971348
21046844
21109516
20985936
21033544
21111224
21013524
21026648
21145928
20989368
21017300
21144836
21000040
20974496
21099792
20982400
21006628
21152896
20986412
21039668
21163164
21005452
21007136
21136204
21024988
21118200
21153328
21023492
21046312
21090480
20980300
20984188
21149344
21139772
21088808
21124424
21003196
21089740
21056628
21143344
20974456
21071660
20967704
21046960
21138948
21845060
20986420
21086572
21017324
20990892
21108644
20986024
20987544
21046940
21042328
21042436
21097088
20974964
21006728
21134472
20990484
21011848
21131436
21039836
21004392
21131228
20968140
21050188
21183832
21026416
21042588
21086836
21014996
21030468
21115180
20989440
21080056
21105344
20994644
21030040
21109268
21010128
21004908
21051752
22267276
20989536
21153644
20993600
20979528
21105004
20948956
21014196
21130000
20980892
21004264
21126692
21396000
21000688
21108260
20955404
21060952
21136424
20998476
21000864
21120168
20985976
21030232
21086044
20966832
21061816
21170420
21008832
21066272
21168736
20978952
21040284
21129532
20980220
21076364
21095376
21071564
21085528
21060516
20987596
21046324
21160584
20996304
21003832
21124904
20955212
21046228
21090604
20991064
21005980
21138140
22056068
21000392
21106584
20986752
20967736
21079900
20934744
21009416
21122052
21020068
21058624
21153108
21002052
21058148
21110784
20998512
20993328
21145924
21015864
20983324
21140652
20999868
21036084
21139964
20963228
21032508
21101588
20984800
21027212
21111632
21017016
21028036
21118472
21004104
21045380
21140880
21047472
21343488
21084632
21027428
21046084
21140836
21115824
21347592
21127460
20998388
21077244
21094116
21013560
21073260
21141464
20982452
20988908
21113748
21002272
21489164
21142876
20970692
21014208
21154788
21020884
21001400
21171712
21022548
21006456
21159996
21016652
21013068
21116380
21028084
21003272
21149032
21017832
20998056
21143608
21008584
21024768
21160640
21036752
21073004
21123976
20989976
21024724
21131556
21006540
21036808
21122248
21017964
20975272
21162616
20996600
21082156
21068144
21033940
21021576
21145240
21011616
20954348
21138556
21313544
21833248
21562084
20988256
20979836
21130420
21025576
20959240
21130356
21004440
21018088
21132592
21010228
20995432
21112724
21004604
21029700
21129632
20963636
21020744
21130612
21006276
21066912
21145740
21013408
20972888
21152188
20971052
21013548
21105116
20966980
20979620
21188976
20975920
20978724
21135724
20992276
21027728
21201316
21024160
20989516
21121720
20954348
21028744
21178280
21021664
21009136
21131132
21054048
21005420
21114040
21824736
21042468
21139136
20972540
21057684
21186396
20988396
21001972
21176396
21033084
20987024
21171692
20961604
20977932
21177988
20974732
21010468
21121440
20977192
21020180
21125900
20993388
21012420
21169832
20993952
21025636
21140348
21132080
21030272
21142292
20982964
21072920
21173704
21455604
21031332
21165848
21015576
21043492
21079236
20992520
21087964
21155308
20973360
21037236
21165984
20959844
21002352
21127204
20969884
21011724
21107900
21461896
21077572
21113164
20972356
21008340
21166420
21012936
21045380
21164096
21025592
21022568
21125688
20967716
20987744
21171572
21000956
21015156
21098356
21043428
21035952
21148468
20971072
21087992
21113836
20944200
21025880
21182980
20999364
21064776
21157428
21013464
21018076
22126528
21008996
21084796
21142680
21015984
21029468
21181224
21013408
21031492
21174972
21019896
20963740
21142476
20982940
20991332
21156792
20969672
20999740
21161160
20971900
21018948
21150572
20974736
21011616
21109616
20997672
20961548
21174804
21016904
20975400
21173948
21015604
21032568
21151904
20971784
21018680
21163192
20980904
20973356
21168640
20999588
21066008
21154300
20954856
22455068
21185556
20985904
20974904
21140304
21022736
21035168
21151756
20962400
20982448
21169840
20999636
20989300
21182828
21012156
21028356
21136300
20959588
20977532
21155500
20977972
21029992
21172828
21003308
20972500
21250744
21010160
21024384
21185560
20979744
21514568
21758860
21026180
21000224
21127376
21029740
21024396
21163080
20989128
20974880
21203792
21012436
20992116
21121656
20938168
21105072
21078088
20999648
20993024
21109124
22221024
21018880
21159188
21017432
21043648
21137448
20979408
20977260
21158160
21004664
20959904
21187356
21012036
21016748
21183812
21037324
20974860
21179584
20965100
21028264
21193132
20996448
21046472
21150816
20934564
20983064
21094112
21020704
20997584
21125144
21011928
21348388
22107092
21058876
20954260
21158372
21051984
20987476
21167276
21000196
20995144
21155240
21020432
21033496
21172628
21062552
21064664
21157252
20986592
21038568
21539228
21714092
20945124
21174860
20975928
20990276
21166948
21010660
21000104
21148352
20988880
21017508
21163108
21003044
20989432
21144708
20981256
21019844
21086944
21019500
20989856
21148800
20998164
20980256
21112544
21026296
21046312
21102008
21033980
21040176
21210860
21774200
20989024
21118440
21012292
20998120
21129556
20974380
21015420
21167756
20979108
21003460
21171800
21001096
 
21006532
21178620
21002036
21006836
21153716
20982332
22306628
21140996
20996572
20983164
21201312
20999392
21007608
21172276
20965960
20995108
21142284
20965524
20955404
21176000
20973952
21014032
21166112
21040708
21014420
21136124
20938104
20963828
21112964
21002892
21008736
21135284
20972568
20979408
21191060
20984644
20991808
21173160
22191460
21014660
21139056
20987336
21043868
21141752
20993112
21001056
21154600
21001700
21019488
21121556
20970080
21007072
21190592
20989240
21009128
21129808
21223732
21332696
21114544
21014924
21000700
21166168
20978124
20979652
21115976
21020696
21030864
21132088
20984952
21033236
21142148
21031884
21039836
21058936
20991896
20973288
21178992
21020956
21683816
22008028
21054632
21019784
21150572
20992648
21017032
21147264
21012136
21021840
21178040
21003112
21049088
21125116
20969768
21011788
21130516
21025328
21023320
21174060
20996612
21033524
21630660
20984188
21044404
21114420
20996644
21011956
21130556
20971652
21028164
21103896
21011112
20968408
21143768
20979864
21016884
21159208
20973252
20998992
21105916
20959956
21014520
21157596
20987892
21080704
21308848
21038876
21020568
21150620
20936028
20979472
21173448
21009024
20988120
21176136
21018676
21018064
21153404
21001836
22209160
21712100
20953708
20978268
21149160
21016488
21023280
21125520
21031724
20985288
21106716
21039684
21017152
21112548
20989412
20991412
21156504
20994060
20991360
21103992
21037916
21023032
21108680
20991468
21027296
21127892
20970336
21021516
21131656
22045252
20963556
21164336
21033320
21010232
21118240
21008984
20970908
21088800
21001360
21033656
21126304
21016244
20939868
21134680
21007420
20960292
21106404
20954232
21013784
21084812
20985444
21009736
21149084
21026308
20987660
21077272
21028416
21006612
21102368
20992660
21005112
21133968
21013432
20959608
21051920
21014280
21000364
21104452
20982968
21025860
21166160
20985316
20973792
21106972
21005572
21021276
22219496
21007712
20995856
21138104
21000600
21021440
21150252
20959480
21026952
21149180
20986932
20977088
21168520
21013540
22175908
21100144
20949964
20924908
21110840
20964536
21009852
21088296
21002288
21020160
20922016
20992480
21040212
21044764
21032404
21008872
21132292
21006188
21024636
21094500
21035216
21003036
21121480
21038896
21017520
21136428
21071944
20976344
21108512
21006464
21003696
21127004
20970580
20967684
21115552
20991352
21039496
21112776
21289952
21060592
21131264
21022384
20981232
21123308
21004528
21017976
21148408
20974572
20965232
21174840
22194200
20948004
21195592
21026688
21045964
21191284
20989636
21022284
21200848
21031700
21006796
21162772
20967740
21032548
21135192
21028876
21002692
21129176
20955320
20979900
21101320
20973960
21024600
21113452
20971672
21022472
21054712
20986656
21030992
21106412
20983152
21026000
21124368
21030416
20998192
21150516
20946640
20992436
21131572
20968676
20984064
21099404
21006152
21817696
21113452
20949188
21002036
21154876
20996540
21045908
21166900
21015732
21019548
21099304
20979336
21047036
21144352
20967516
21024376
21043100
21026068
20980612
21060092
21036592
21006284
20953940
20906540
21026136
21058892
21079284
21019060
21061852
21130164
20982428
21087604
21091024
20970048
21039824
21073140
21033192
21025760
21076868
21058600
21775480
21055124
21002056
21056328
21062092
21061976
21017948
21047056
21020488
21089276
21640484
20996872
21094408
21063184
21010392
21046620
21087356
21006800
21098008
21034096
21027024
21094672
21090388
21003888
21054120
21110068
20973160
21043304
21064732
20957948
21104164
21058828
21035700
21073812
21051016
20966904
21098164
21110768
21021436
21126948
21057780
21034260
21101072
21098880
21031536
21110052
21131388
20967572
21039848
21016524
22023032
21005820
21038236
21006140
21102516
21086944
20969560
21047032
21066368
20986388
21895976
21028628
20980008
21104592
21028180
21007296
21043900
21052312
20978192
21030276
21058736
21009340
21088380
21027864
20980932
21044180
21070592
20977036
21000712
21066148
21005212
21079912
21036492
21005968
21064104
21058796
21009628
21103484
21017816
21049276
21091284
21034268
21006784
21097904
21096552
20974624
21080460
21047376
21080508
21078628
21097756
21011324
21098420
22152252
20971072
21038436
21080072
21025856
21063340
20996012
20956208
22176340
21025032
20980708
21031524
21067668
21014764
21052588
21023420
20959668
21007168
21055024
20994604
21044116
21049264
21020972
21054764
21043392
21028676
21068700
21020392
21057988
21047376
21053728
20942228
21071836
21044436
20973156
21078160
21024116
21018004
21050368
20999088
21026616
21038740
21004600
21053300
21043604
21054092
21052572
21060944
21099344
21035264
21056828
21853728
20944660
21088792
21085528
20965800
21072576
21061844
21016384
21772108
21607864
21057496
21064084
21052216
20985740
21046296
21017660
21012936
21014820
21012280
21050280
21059372
21019712
21040184
21057912
21067236
21004912
21049724
21045548
21013124
21077792
21003696
21002100
21046752
21012784
21076064
21016728
21045520
21035008
21095204
20999948
21032544
21078528
21013880
21020276
21672244
21045168
21029824
21069256
21058920
20978088
21040648
21020708
22410676
21081720
21056664
21019228
21081004
20999144
21030648
21046876
21031300
20984600
21019576
21060944
21054216
21074824
21032340
20965672
21039856
21054284
21046116
21014060
21083108
21016992
21071864
21021552
21041756
21056864
21051360
21080624
20982360
21044052
21060452
21050340
21006092
21023456
21045896
21046396
21087852
21090556
21052440
20989988
21041960
21153128
21845980
21232328
20997712
20977096
21040984
21027280
21014348
21026020
21865760
21033260
21103244
20991132
21018524
21033084
21056996
21024540
21070720
21051420
20969472
21067456
21038936
21007576
21067528
21082868
21058176
21041776
21011484
21025800
21020936
21030072
21018340
21071044
21041952
21096984
21078096
21076752
21081204
21010692
21052084
21072976
21021148
21044188
21106044
21074868
21052164
21074920
21112584
21063620
21068148
21014440
20981724
21702940
21123284
21060496
21022576
21027040
20983464
21062772
22091984
20977804
21029884
21040044
20992564
21041492
21006684
21037928
21034504
21023788
20982672
20994124
21058984
20981852
21070468
21073488
21020904
21069928
21021820
20994828
21088804
21031208
21018668
21061320
21113792
21032292
21057460
21022008
21058796
21079020
21056720
21066976
21090960
21050428
21025252
21416720
21049732
21039056
21042152
20991012
21857576
21354936
21020400
20992316
21006216
21085140
22134240
21308084
21057640
20994396
21050844
21062824
21050648
21029296
21073396
21042980
21064032
21044168
21056700
21013920
21062132
21049232
21092164
21046444
21092816
21103888
21038532
21049408
21095680
21051236
21004888
21021932
20987972
21067760
21106892
21024876
21022000
21138016
21053712
21069660
21096584
21015256
21077224
21148584
21023716
21090348
21090316
21068160
21026908
21041844
21001292
21957312
21065812
21017196
21062188
21085600
21039976
21488140
21017156
20996048
21034096
21073196
20989464
21055112
21072656
21042612
21006996
21078772
21042180
21048512
21044584
21051148
21047572
21102628
21022092
21059384
21028144
21004636
21068356
21086720
21017060
21054468
21050428
21058484
20985044
21077184
20997480
21021916
21088184
21007988
21184764
21066084
21048040
21029268
21068148
21181012
21751456
21096228
20957776
21055712
21053704
21023076
21035216
21030128
21048572
21026536
21045096
21037216
21072284
21076852
21035000
21003876
21133036
21019260
21052980
21119560
21049760
21054372
21107400
21014652
21075340
21109768
21051056
21017028
21124628
21012808
21029520
21143740
20999232
21047068
21116496
21036900
21075148
21048688
21039364
21007596
21083672
21038652
21044248
21129580
20964956
21016416
21078136
21003580
21110256
21850100
21514644
21035820
21112752
21000124
21017396
21061168
21048944
21037216
21064208
21015612
21032380
21053172
21044016
21045800
21088860
21041508
21034072
21120700
21043184
20994236
21085676
21039860
21057572
21064744
21043624
21051340
21116628
21009120
21055752
21012760
21009120
21047364
21129308
20963624
21054312
21119452
20993472
21058416
21154904
21012404
21090672
21181172
20951464
21013332
21127924
21028264
21496320
21813600
21010572
21019452
21165372
21010332
21011604
21076056
21018924
21051644
21097172
21020412
21059260
21110396
20978320
21000900
21064000
21035476
20996832
21085960
20985912
21082728
21115460
21014660
21045064
21128252
21019300
21027052
21133796
21008008
21036328
21142040
21000156
21008728
21127260
20973740
21046964
21145316
20966272
21003440
21140152
21012344
21084216
21118816
20979520
21051456
21117176
21207624
21078620
21104144
21031796
21019404
21698584
21817008
21036476
21067812
20984360
21074332
21114484
20982440
21011344
21089232
21017288
21056864
21086068
21019244
21065144
21145656
20994796
21038824
21122692
21008256
21054816
21145012
20980496
21065756
21160388
21009544
21013936
21149704
21031376
21034900
21142848
20954276
21062288
21143448
20963864
21062640
21145764
21007392
21063172
21132988
21029088
21057280
21135608
20975272
21059720
21137864
21025372
21057120
21122188
 
20977908
21088576
21371320
21589564
21059792
21083560
21040852
21026936
21123952
21020524
21056296
21139404
21007368
21025108
21089456
21008504
20988888
21133864
21009232
21014488
21099532
21005904
21050344
21106068
20997420
21052108
21125216
20998496
21041120
21082572
20998504
21063412
21141212
21025560
21094688
21097680
20950228
21086296
21111144
20981244
20993064
21138360
20969172
21069148
21977072
21415932
21060204
21085532
20982708
21033676
21097372
20941664
21095040
21137200
20980460
20986704
21101496
20989228
21011600
21126172
20981764
20986624
21116052
21020904
21033624
21114576
20983600
21034992
21138056
20980596
20974476
21060992
20994772
21078428
21139588
20978216
21022300
21128352
21021408
21013312
21101792
21006568
21047064
21110248
21012772
21032992
21118196
20968964
20988704
21127024
21013200
21005548
21094752
21002252
21035304
21973516
20981492
21053600
21161792
21021268
21019048
21117508
20964088
21019680
21093752
21021696
21063044
21160032
20987004
21002144
21144320
21024456
21012572
21031268
21013804
20956988
21054256
20945588
21017624
21112900
21004376
20975848
21090380
21029120
21013928
21125340
20963656
20966840
21139472
20980160
20981552
21139356
21011616
20979072
21081336
21005584
21009736
21120700
21020460
20986728
21122184
21017936
21036524
21098344
21002660
21028564
21088456
22265168
21036500
21064060
21029468
21025180
21095316
20972488
21023348
21137532
20979512
20974716
21116724
21010260
20978796
21113084
20969140
20961524
21090560
21014700
21026264
21112580
20995928
20975132
21101432
20970408
20977900
21095600
20930900
20950480
21115328
21010068
20992952
21112420
21000664
20968508
21074420
20966260
21004428
21155488
21014976
21015636
21098572
20957804
21001348
21133204
20984340
21027912
21176264
20985148
21003960
21107212
20952404
21972872
21083772
20977620
21020048
21076704
20966092
20983240
21118716
21019600
20994956
21168708
21027064
21010624
21169380
20974716
21049512
21131040
21008632
20990952
21163704
21018120
21008412
21204876
21040236
20953668
21143488
21023684
20994508
21150284
21011624
20967036
21153764
21009792
20994180
21120584
20973440
20995676
21175536
21022644
20976648
21128172
21037004
21003848
21117436
21016016
21004900
21113964
21112760
21004312
21151508
20944748
21012512
21638680
21015116
20989740
21124600
21008168
21027252
21135292
20953592
21041820
21157168
20983552
21011144
21171712
21010116
20982336
21141628
20972568
21006784
21144604
20983604
21042392
21144352
20987352
20990936
21112016
20982580
21004140
21168872
21005284
20960324
21170512
20982840
20986224
21165372
20974552
20982728
21156804
21016444
21002568
21164304
21003920
21032848
22405588
20967612
20986868
21134944
21014932
21028892
21173604
21008792
20960872
21179724
21023536
21029368
21180304
20997260
21022468
21186596
20957080
20982028
21125440
21026040
21040004
21175108
21032032
20961852
20920128
21015660
20989684
20936916
20992488
21020072
21038636
21008108
21045092
21025524
21029696
20975880
21003400
20979192
21005368
21044716
21027200
21227284
21021748
21014824
21060964
21045072
20952048
21958500
21020052
21037824
21027708
20997312
21004264
21022064
21017152
20970376
21034308
20970100
20980944
20997144
21027700
20999288
21032480
21040348
20989940
21028932
21023516
21014976
21023368
21005200
21007224
21042856
20994612
20972628
21046904
21036012
20959156
20994480
21013396
20984324
21012760
21010632
20978720
21038880
20979964
20998116
21036160
21066220
21019600
20966900
21051340
20988284
21015784
20982460
20960644
21014860
22472716
20958288
21073424
21049280
20989264
21040468
21906668
20990044
21079152
21044764
21000196
21019828
21034128
21007868
21012296
21025240
20995152
21000292
21028240
20969184
21016488
21058256
20978528
21061140
21004548
21012544
21080708
21004760
20966592
21046700
21039944
21004212
20990392
21007800
21004020
21031980
21048392
20965760
21020624
21066824
21010768
21018124
21045580
20991656
21068316
21023296
22413004
21102260
21027704
21014436
21062492
21110448
21027140
21060988
20988360
21024080
21077284
21092764
20973856
21002480
21019840
20975948
21028788
21028748
21041008
21021664
21008224
21006564
21027024
21020684
21017256
21048884
21022336
21008616
21071964
21029092
21005540
20984232
20988096
20973436
21044836
21020068
22447848
20990352
21037408
21008388
21065972
21022112
21964892
21051428
20994044
20989120
21024460
21042996
21006008
21099984
21041744
20950572
21014320
21053168
20996668
21047344
21064836
21002424
21022512
21066776
20945324
21039152
21036912
20941880
21032008
21071628
20976656
21033552
21098220
20975404
21042360
21008864
20987844
21003240
21007548
20950108
21039624
21018700
22154744
21054028
21106392
20980692
21063516
21084364
21026024
21052104
22085340
20996180
21048288
21070800
21025708
21039088
21036420
21047536
21027884
20995612
21024664
21017760
21091228
20981024
21008304
21009580
21010588
21070840
21097612
21031076
21048156
20981120
20948356
21018068
21086624
21030176
21057368
20988900
21034264
21075540
21057640
20969192
21009108
21032180
21042936
20993404
20972316
21024820
21023592
21070760
20983132
21019984
20984516
21959228
20978044
21021424
21023264
21061044
20993700
21030632
20971476
22482572
20975584
21027408
21028388
21021000
21045696
21009948
21002012
21057868
21039856
21008412
21053592
21056580
21031076
21033476
20964184
21055336
20995092
21073400
20951740
21053240
21014192
21050680
20994692
21005060
21025672
21047860
21012480
20977620
21080972
21053356
21030224
21010652
20943448
21040252
21044176
21003420
21066700
21014632
21068176
21018980
21040232
22222216
21006092
21028232
21036836
21013912
21039564
21040212
20994604
21010208
21059848
22045172
20988512
20993184
20980480
20996408
21025888
20968696
20998116
21015636
21012716
21041668
20994824
21035872
21033276
21009744
20984656
21048884
21020904
21006860
21008972
21050184
21000296
20993104
21023752
20967204
21019856
21028540
21006436
21003636
21053232
20986412
20976204
21035928
21008032
21067652
21013812
20975952
21001332
21015304
21012988
21002484
22097356
21023088
21029608
21005108
21039760
21043920
20986572
21051164
20989892
21018528
21782396
20978628
20977028
21079784
21033668
21014580
20987208
21031992
21005864
21027072
20974848
20981520
20995972
21005832
21023916
21034776
21015868
21034560
21032268
20953840
20972756
20963048
21042868
20994548
21010548
21025932
21018172
21051304
21030096
21026056
21029384
21005920
20996596
21090252
20995732
21082732
20981236
21028716
20997048
20991384
21353744
21289000
21013808
21002356
20976216
20961252
21470080
20956260
20980124
21060364
21007260
22242144
21232984
21000440
20984308
21033312
21057672
21014276
21059608
21043220
21024088
20992508
20972876
21016892
21046416
20978644
21056780
21051952
20995980
21065952
20984544
21036076
21037744
21040980
21053880
21048036
20977960
20953264
21029432
22302988
21086388
21050888
21026056
21018064
21035148
21017856
20948564
20966164
21019272
20968080
21031452
21075052
21801916
20985428
21007144
20997632
21044524
21035596
21072832
21020052
21055384
21019548
21034004
20977084
21026476
21016212
21020132
20982756
21009492
21031024
21002708
21019928
21018936
20992104
21058580
20975104
21031264
21072732
21020312
21007108
21068640
21063084
21041476
21005948
20974240
21077160
21060916
20996252
21014400
22096232
21027024
20986324
21040096
21037344
20959784
21047068
21018564
20989648
20997852
20987908
20987176
22196876
20974052
20978808
21024356
21036340
20992208
21030236
21000788
20998472
21050556
21021964
21020144
21009716
21017136
21001076
21046572
20968788
21054224
21071916
21015972
21035312
21054184
21041656
21038952
21058732
20980292
21009212
21051672
20987168
20978204
21006704
20979688
21065848
21082256
20983988
20968076
21030900
20993948
21469460
21071920
21039968
21041244
21055616
21032144
21016900
21061396
21063752
21029408
21016612
20951148
21052128
22409400
21316044
21017552
21006872
21024016
21017712
21036372
20980188
21040288
21062548
21032184
21034220
21034756
21037572
21033980
21055236
20984664
21030972
21017100
21028152
20987772
21059432
21024128
21018580
21055980
20993636
21076900
21107100
21021016
20986776
21044680
21030976
21038984
21093324
20994448
21070928
21156168
21008820
20995376
21025284
21004360
20979480
21033400
21013120
20964596
21091040
21006608
20975844
21031172
21028036
21001136
21647992
20967180
21065100
21069796
20993212
21002304
21078316
21036256
21007168
21122828
21049920
21029480
21143464
20986252
21028952
21100812
21032092
21000432
21087092
21026004
21026460
21115416
20978432
21023776
21090820
21061764
20998444
21074372
21044200
21017092
21146616
20992904
20986156
21089816
21038772
20998456
21612360
21006380
21100152
21060456
20977696
20964628
21030240
20999728
20975384
21048868
20959236
20990968
21074108
23185804
20955144
21060868
20928436
20983080
21166660
20963380
21015080
21065560
20977860
21004224
21108740
20973760
21091580
21014964
21006068
21034096
21073428
20986404
21032324
21065748
20969908
20984228
21081856
21015660
20993048
21093972
21017620
20991572
21031364
21010808
21657468
21019964
 
20944396
20995828
21048560
20956576
21060960
21060936
20974800
21007808
21105828
20976556
20992748
21092732
21026092
21960880
21110216
21005072
21020680
21169956
20977684
21018576
21091688
20989992
20979188
21094012
21014704
21014360
21079948
20993004
21025372
21066700
20985388
21063416
21062784
21012308
21019824
21062868
21019928
20968260
21941552
20999448
20988432
21047740
21008032
21007960
21044352
20986772
21123036
21107932
21008260
20992568
21107160
21040244
21349976
21124620
20983960
21013532
21050504
20973532
21001824
21040224
21018996
20980356
21066028
21012016
21014084
21033328
20960208
21020068
21014380
21018604
21025024
21050264
20984044
21021000
21099732
21006276
21039024
21040332
20990508
21008056
21069824
22266796
20983220
21063840
20967552
21030948
21082604
21005328
21010464
21029108
21033540
20961012
21060656
20999804
20972200
21054892
21013040
20952024
21034440
21994188
21013844
21056344
21019260
21017348
21049632
20978772
20973860
21080060
21020928
20956832
21026828
20978172
21002208
21101076
20986064
20986260
21094548
20965032
21048628
21076000
21004508
20996796
21075144
21017648
20998524
21053772
21044256
21017008
21076448
20969892
21027180
21123092
21017272
21611904
21055368
20976156
21018296
21058780
21017760
21010564
21129684
21029784
20994584
21070692
21005308
21310932
21089056
20977792
20970676
21085792
20964576
21425280
21171816
21044988
21037688
21047028
20961184
20995444
21112548
20988160
20953744
21046424
21030768
21014000
21086332
20972052
20973156
21083184
21031600
21030576
21095072
20960844
21036140
21110956
20957632
20959044
21130980
20947060
21020292
21021712
20977836
21023768
21383584
21204068
20989136
21073384
20976524
21012412
21049568
20965480
20960560
21125244
20983776
21009312
21045492
20986692
21027104
21106564
20988812
20980028
21074872
20997352
21005880
21048792
21010264
21010940
21078416
21015832
20947380
21066116
21007984
20968692
21104580
21001792
20997336
21077284
21017132
21073052
21099856
20997516
21016648
21023212
21003244
20990932
21089364
21007636
22219284
21059260
20962608
20983256
21108328
20985388
21006828
21101328
21049368
21025052
21130280
20964372
20967016
21099492
20990636
20980904
21123648
21024048
21014864
21455796
21024532
21054628
21105308
20976432
20972400
21089964
21013836
21012204
21114104
20991240
20994652
21090656
21022344
21010100
21036704
20968880
20973020
21097864
20992224
20961128
21093500
20991664
21010792
21086684
21014928
21019720
21079916
21000340
21050912
21137164
21371612
21010192
21079900
21037716
20980612
21114488
20982920
21005092
21059756
21032372
21030804
21105504
21005500
20958208
21083988
21012768
20960424
21058024
20968044
21008888
21610000
21041808
21017080
21098616
20985216
20975208
21057324
21019356
21024640
21069284
20960440
20970368
21078220
20985872
20988696
21093964
21020300
20996464
21080100
21028176
21021744
21076360
20985432
21046880
21108264
21022528
20956840
21052368
21635360
20978052
21095728
20990296
21006652
21083228
20991164
20964156
21042680
21017856
21016036
21047272
20972160
21037756
21101508
21006724
20990608
21445804
21017004
20976368
21048780
20965560
21010860
21962328
21015804
21009468
21127180
21015268
20993856
21073476
21018636
21022904
21067484
20970892
20991836
21040608
20983484
21042072
21099352
21035780
20971852
21023144
20962076
20982656
21118620
21005460
21022332
21089836
21596840
20944812
21152044
21020900
21038676
21101100
20994692
21019516
21106608
21018036
21030204
21132552
21015244
21060964
21116824
21027688
21039872
21108508
21005968
20983504
21116024
21021728
21009544
22276692
21090420
21034084
21034164
20984656
20965728
21050416
21030040
21064192
21042420
20944248
20987960
21105304
21011328
21049548
21112140
21028516
21020808
21121228
21046272
20996344
21041548
21022620
21023352
21100284
20976780
21005560
21078124
21020064
21990000
21173468
20968368
21022056
21076384
20977928
20964160
21109000
21030784
20995176
21109656
20996364
21017488
21128848
21033312
21004320
21048892
20982544
20996240
21099064
20966372
21003536
21101936
20966888
21041056
21118176
20979204
21008264
21122804
20973740
21012460
21049096
20952724
20998360
21112764
20969452
21268632
21140164
20980604
20981016
21075276
20965780
22290992
21091780
20984784
20997000
21050048
21026680
21010840
21108760
20979436
21006052
21154348
21054856
20996708
21093936
21034248
21054728
21089968
21007336
21038252
21077832
21014792
21009244
21050876
21043876
21030692
21065724
20961432
20997464
21125464
21049504
21024412
21086408
20980032
21014620
21064484
20989136
23499264
21070992
20969312
20987424
21135532
21026652
20999264
21089300
21217488
21028676
21072816
22019904
20998956
21109452
21054436
21033916
21096244
20968112
21024732
21099776
21005248
21016688
21048880
20985460
21024828
21037692
21029940
20977208
21104160
21007372
21034696
21045636
21038640
21006820
21065680
20981748
21005168
21059816
21212076
21027972
21050524
21080140
21876068
22332456
20998104
21016132
21089632
21008508
20962540
21093404
21009000
20964104
21653372
21041536
20989480
21113260
20963140
21015756
21125464
21014300
21029768
21126248
21026924
21005896
21085492
21035316
21031580
21117048
20956852
21049272
21163012
21037756
21008304
21119016
21043132
21028432
21088860
20990704
21041580
21149188
21016700
21025880
21138956
21023336
21058476
21251508
20965612
21034232
21073316
20985176
21117488
21458884
20994744
21017372
21060740
20951464
20940952
21135596
20986652
20978184
21127768
20983568
21235236
21092636
20963368
20988552
21061464
21003240
21022776
21143908
20964028
21103700
21110748
21020116
21010824
21113016
21030052
21017304
21093012
20971972
21009212
21107788
21016192
20993088
21089840
20964236
21041140
21107176
21001500
20976672
21114236
20982408
20966912
21064996
20995220
21013640
21102584
20985216
20996604
21056172
20985588
22052544
21130588
21012356
20995200
21172316
21052216
21015336
21064904
20972020
21015384
21111520
21362684
21521104
21074436
20995568
20964800
21053128
20969728
20984648
21068104
21009296
20968608
21087644
20968076
21011524
21108680
20941600
21017816
21071180
21009244
21023980
21111664
20972688
21085836
21082684
20977172
21006476
21112760
21017140
21040440
21084328
20997656
20963380
21140896
21257380
21618396
21097240
21023156
20978272
21101792
21282644
20975132
21084820
20972660
21028860
21138604
21411284
20990840
21074816
21021068
20998980
21060068
21011336
20989312
21059200
21008648
20992080
21126244
21002848
21024000
21093024
21008228
20982948
21104120
21019096
20999216
21114000
21064820
20984148
21089748
21042516
20973688
21084952
21029276
21013964
21113572
21036072
21002548
21112320
21017260
21536340
21073912
20994356
21022328
21117256
20980988
21151868
21148632
20977480
21034356
22384532
21410768
20972416
21070160
20988092
21068852
21070860
21025100
20989240
21039500
20993844
21038340
21118596
21015008
20965904
21109396
21013924
21009436
21043900
20998796
21015040
21119344
20998688
20972408
21036808
21014408
21021856
21079940
21022608
21023460
21113344
21035928
20970036
21199876
21021732
21014160
21022792
21007816
21001592
21674376
20988096
21002668
21153088
20988212
20999640
21050468
21003524
21040648
21089556
21024688
20964616
21141404
21006932
21016792
21122360
20964308
21015856
21096604
21007604
20969488
21153348
21020208
20997428
21121148
20993928
20993508
21117500
20987616
20964820
21143964
21029896
20987928
21090356
21046952
20952372
21135672
20979032
21007220
22198652
21543768
21019528
21111104
20979204
20991432
21084900
20980180
21046924
22407640
20962348
21025292
21132768
21035632
21057296
21135664
21019460
20991948
21111232
21018388
21006908
21080080
20977728
20993352
21120576
20997240
20967508
21101972
20995624
21000472
21144656
21018868
21023728
21164476
20979400
21010416
21144336
21004780
20972484
21136332
21011768
20998832
21164132
20962208
20971920
21155868
21016112
20998648
21133284
20982460
20959984
21120236
20958288
21880320
21121920
21029108
20989248
21111424
21026996
21811328
21058648
20952216
21023320
21111180
20985172
21021360
21172404
21035916
20985912
21135808
21030456
21021652
21152920
20965640
20971464
21127640
21037000
21019360
21181472
20970144
20983144
21145704
20989064
21024676
21135356
20970388
21211116
21121908
20971588
21011412
21082452
21021372
20980416
21076220
22200620
20989112
21111728
20985168
20996360
21074892
21823432
21008676
21146696
20978724
20997640
21108112
21029564
20988392
21155892
21036644
21025168
21081832
21041952
20959400
21151912
20994076
20961504
21105192
20986444
20959996
21158464
20962640
20961788
21159720
20984736
20986076
21130804
21046552
21017768
21132212
20991348
21023032
21126696
21005928
20999936
21174760
23501328
21217324
21072016
20976180
21046300
21124012
22270980
21029264
21081852
21033708
21015804
21094660
21045092
21027172
21081468
21020660
20967060
21107916
21032964
20956964
21110996
20984508
21005912
21104920
20977644
21033536
21104484
21020244
20976168
21113632
21010772
21029624
21143768
20984820
21002020
21092968
20990476
20999628
21069476
21022680
21026748
21080844
21007024
 
21018276
21094892
20993448
20984328
21070496
20952028
21903772
21068092
20968352
20986328
21123952
21021284
20977808
21109580
21004692
21013328
21109260
20992652
21005728
21174196
20989332
20997632
21079652
20995272
21019088
21160652
20999680
20992996
21104788
20978676
21016428
21121404
20979056
21010264
21120864
20981032
20984316
21124424
20947584
21025124
21156696
20988292
20978340
21164172
20989184
20955364
21115284
21016760
20996424
21132576
20992192
21043988
21160848
21021036
21026416
21135660
21010428
21617316
21161660
21022456
21015380
21156828
21015284
21005240
21090588
20972036
21010320
21179000
20978712
20978976
21084068
21047300
20978248
21112944
20975224
21018840
21119932
20992480
20989936
21127028
20963456
21011616
21124212
20982100
20980352
21136356
20988520
20984052
21138508
21010536
21014368
21102608
20983936
21022976
21125152
21013328
21022036
21159800
20975504
21021872
21129136
21033304
20962388
21122240
20989876
20981024
21083296
20978376
21010856
22011152
20977112
21027556
21129664
20978720
21002044
21175200
20990300
21000624
21169708
21023584
20989668
21130632
20979960
20972232
21165232
20995572
21018228
21139172
20999072
21023076
21155484
20997508
21008044
21171124
20969196
21005736
21103724
21007872
21026060
21099380
21040632
21024160
21097248
21023540
20967112
21131320
21039268
21101620
21161260
20942056
20968276
22168628
21025876
21059040
21178020
21075124
21027648
21117736
20995156
21025540
21143784
20990808
21022324
21146560
21034884
20984268
21159020
21040732
21034624
21116864
21036184
21019408
21154772
21012000
21024428
21134188
20977360
21027460
21152892
21004760
21005156
21138988
21023792
21043904
21134892
20961308
20992348
21103620
21044200
21009236
21120848
21005112
20971672
21134832
21023884
21044784
21107780
20952088
20998560
21115732
21152052
21435564
20953116
21062712
20965888
20991908
20965168
21014904
21158684
20980024
21012776
21075648
21038400
20983936
20944960
21014328
20999424
20956284
20993468
21018780
21127208
21009152
21033312
21007972
21031196
20967660
20959452
21014168
21025136
21149564
21020088
21016616
21090780
21015184
21032000
21041848
21002580
21033928
21079240
20998776
21009772
20992796
21023376
20982020
20974236
20962600
20996064
21077828
21015332
20972896
21080016
21034528
20995940
21098908
21287944
21047608
21122624
20995564
20987796
21112696
21018516
20963064
20920816
21019044
20975224
20947776
21016252
20981080
21155068
20973512
21037216
21103924
20983176
20957472
20948040
20978440
20978816
21027164
21044652
21021560
21130304
21015116
21026364
21135248
21007024
20955476
21110904
21006320
20996600
21152396
21021108
21004956
21065876
20977232
21005960
21190048
21009700
21013172
21096176
21358916
21358292
21147568
20994700
20936384
21133256
21015284
20978712
21164372
20966564
20991072
21122240
20975992
20957296
21098044
21023528
20988136
21102396
20976660
20976932
21113220
21025712
21011444
21115144
20972104
21003688
21140820
21016300
20974928
21066440
21016884
21018028
21078240
20978772
20997396
21088120
21010264
20979312
20922456
21004384
21018096
21028052
21005976
21265820
21040424
20971936
20969604
21027248
23862792
21178016
20997164
20983216
21016912
21033032
21014468
21046020
21044364
20998436
21053348
20977660
20955624
21001324
21036676
21012820
20997956
21029068
21016784
21018380
21015512
20946060
21027732
21088988
20987680
21013436
21010156
20995920
21022020
21010348
21033308
21032692
21045148
21035328
21011648
21068012
21010164
21022908
21020536
21046408
21008332
21075804
21014240
20994524
22583232
21056148
21076820
20997192
20967688
20999264
22425664
20942180
20985712
20953468
21004808
21074824
20995344
20998120
20975832
21038800
21037964
20976924
20989268
20979156
21011372
21041108
20992772
20979532
20987144
21002964
21010672
21053900
20988036
21040532
20968664
20980796
21023188
21010764
21011724
21020272
21002480
20983588
21011916
22037860
20995876
20978592
20977328
21036648
21055600
21377676
21066624
20984944
21013312
21065732
20969808
21040080
21062048
20964172
20981120
21026200
21000956
21033396
21031084
20991676
20977984
21081836
20985024
21004808
21034776
21013200
21006424
21077036
20986560
21012776
21093660
20971488
21011704
21144160
21048208
20991632
21059240
21013360
21051744
21089172
21042624
21028352
21026848
21469936
20992424
21048420
20978244
20974020
21076332
21003660
21044352
21027016
20958492
21027348
21076280
20976188
21002548
21071124
21026816
21023080
21105756
20979932
21005012
21138828
21112600
21236744
21320768
21311144
21314448
21394208
21329300
21256264
21320488
21279924
21044340
21097644
21031160
21009536
21107624
21000712
20965936
21050260
21030604
21012480
21087600
21006908
20955516
21080544
21002096
21027692
21109784
21009180
20994452
21049128
22315148
20974292
21062836
20989780
20966892
21056856
20983960
20969048
21109600
22330888
20943292
21096752
21037732
21038576
21118400
21023604
21065108
21140628
20988176
21033840
21159968
21041292
20990268
21170304
21028984
21043320
21093680
21002208
21035460
21160844
21024072
21043448
21154424
21031152
21038032
21177268
20976596
21052048
21185160
21010656
21013700
21155548
21003756
20999744
21160544
21040984
21046104
21125044
20965764
20988488
21046668
22162544
21039160
21074672
21003612
21000224
21099720
21006812
21030968
21053392
21011440
22151328
21064680
20941424
21028252
21098540
20965532
20989920
21100052
21037848
21008536
21114052
20992776
21016812
21063264
21018332
21024860
21080368
21038300
21014712
21084880
21025380
20952604
21092740
20991904
21012860
21103536
21017300
21016948
21106528
21040164
21011396
21055748
20959816
21038336
21891864
20993840
20988396
21052580
20983860
20991508
21041288
20994612
21016292
21082432
20993600
22081328
21069240
20954464
21060360
21075764
21043492
21016772
21090364
20974364
20984712
21111972
21038456
21002172
21085424
20972664
21013124
21083248
20980344
20989252
21130080
21028108
21019316
21115044
21027828
20991896
21084708
21017552
21057620
21112748
20982708
21024080
21125524
21032652
21097404
21134168
21005260
21003088
21105436
20971956
21583036
21087956
20974424
20993984
21124716
20953948
21128772
21076944
21006820
21080644
21136916
21041208
21578632
21124688
20989000
20987464
21132684
21045244
21025672
21077436
21023824
20983500
21076980
21034112
20991028
21118760
20994676
21022452
21190176
21002072
21040048
21097940
20992708
21027448
21093884
20999316
20997420
21110484
21035324
20999284
21115424
21001960
21013824
21083836
21039044
20959588
21127640
21014704
20990068
21105108
21038132
21745548
21062216
21031076
21032804
21124624
20998056
20955984
21168632
21028184
21052356
21074188
20995308
21011696
21913240
21031020
20968864
21063872
21026160
21013692
21064884
20988548
21007996
21136676
20991220
21007644
21127156
21018068
21012228
21138264
21027776
21003016
21130484
21018128
21009388
21114096
21015812
20961504
21163316
21032736
21025552
21095824
20970868
21024980
21146816
20984096
20963080
21122124
20970864
20980768
21028892
20974876
21584412
21170264
20985992
20981316
21144704
20952984
21023428
21060536
20984876
21023604
21102212
20987624
21990376
21067900
21021672
20986116
21101040
20998420
20978980
21118332
21028476
20993884
21125536
21012844
21019592
21145204
21012940
20969432
21148992
21015040
21013652
21089792
21022528
21015616
21149336
20980680
20949116
21118728
20997940
20954196
21083112
20963960
21029680
21165220
20980632
20983312
21134916
21036716
20985880
21083352
21198196
21167336
21121708
20990964
20985744
21089464
21015604
21012640
21137564
20977088
20980916
21066984
20959744
21013204
22821348
21045912
20961776
21095060
20956556
21017524
21107268
21021396
21017524
21090804
20989432
20998400
21124432
20981248
21000868
21078892
20994844
21014420
21074880
21027908
21022580
21070752
21028684
20948520
21109472
21056380
21010568
21075256
21038180
21009268
21138016
21431100
21012108
21071548
21009100
20968112
21128556
21030400
20989704
21144396
21041764
20994296
21110176
21005084
21004396
21713312
20957616
20989036
21159164
21013960
21021300
21104204
21007272
21012680
21111356
21009044
21017368
21147400
21005692
21033772
21095500
21021268
21023388
21102772
20974600
20988784
21138216
21006384
20971244
21085000
20964980
21022716
21155764
21008756
20991788
21139956
21067224
21018488
21161488
20988688
20967848
22444452
21006076
20984108
21115732
21045716
21015604
21152204
21062888
21034712
21151676
21031064
21030220
21083800
21012000
21019080
21964624
21517648
21034072
21191464
21048932
21021280
21078344
21033868
21033816
21127476
20995756
20965912
21087216
21035800
21009976
21065508
20972832
20964252
21140860
20953872
21014984
21114476
20985764
20971756
21189352
21049920
20961660
21117452
21000488
20968332
21158172
21042008
21027380
21165484
20962156
20992900
21118300
21528692
21017868
21134316
21040876
20984744
21136052
21015648
20985628
21073920
21040484
21013324
21149520
20985124
21020284
21161832
21593856
21630100
21101676
21015732
21014704
21108184
20945120
20970080
21122124
20972072
21033664
21146764
20982664
20981864
21147348
21009772
 
21010900
21132640
21002872
21014468
21156300
21015468
20968176
21110144
21011964
21006076
21163444
20990068
21029464
21129008
21012160
20978400
21102664
20992416
21021384
21150648
22301296
21000224
21143492
21025452
21003716
21149880
21044492
21001232
21115208
21034892
21014956
21173436
21039888
20955380
21165284
21015352
22551420
21087476
20993072
20988912
21111560
21011984
21009836
21122748
20978884
21003048
21139036
20990576
20985412
21167152
20972640
20986688
21140944
20972224
21025628
21161088
20976320
20986564
21179288
21008672
21006716
21137448
20997968
21014252
21170032
21022756
21013248
21076396
21005996
21001272
21116720
22164168
20985008
21174948
20991252
21026548
21169412
21027856
21013748
21136624
21035100
21025176
21206864
20960896
21028032
21114304
20990892
22176204
21182392
21017596
21017580
21163860
20985940
21030672
21157184
20990004
21002708
21144688
20965092
21021708
21081808
20984748
21020864
21110184
21015536
20989028
20955484
21019832
20996864
21029516
21015220
21019744
21022096
21006468
21684384
21003772
20990752
20994152
21032628
21021740
20972532
20993292
21014840
20990316
21061360
20958376
21040684
21117012
21020380
20973920
21041752
22127740
20952212
21086060
20977148
21014016
21097032
21010796
21016900
21101248
20981100
21005996
21048436
20973000
21010000
21046812
21011916
21002240
20976424
21016620
21039240
21006144
20940564
21047496
21028112
20977176
21023512
21035496
21019432
20940052
20948804
20991532
21036072
22424588
20953832
20976116
21034248
21011336
20986048
20984248
21020620
21020004
20989648
20976364
21016708
21041168
21224744
21006024
20994492
21009536
20979760
21012892
22140812
20960052
21017820
20988800
20990340
20995996
21012324
20995844
21006360
20976532
21040736
21039036
21047104
20967220
21038116
20976768
21011332
21037288
20992796
21008672
21056860
21013448
20979988
21010092
21010876
21003952
21044820
20966328
20952148
21071780
21014832
21022884
22309540
20972764
21017968
20983600
20996460
20979636
21068928
21037492
20986508
21022220
20982304
21040116
21080768
20978460
20969756
21072608
21055400
21002140
24803796
20958588
21000792
21019612
21236304
21240940
21344960
21289952
21227892
21244312
21251620
20991976
21050864
21031988
20980532
20997332
20976180
20998036
20991560
21037836
21029960
21003656
20977832
20977776
20999384
20986688
20984284
21168840
20968884
20983720
21064520
21041832
22411220
21107296
21033992
20952524
21020236
21007272
21023424
21035212
21000584
20995212
21020280
20971316
20953440
20970752
21038808
20982348
21030848
20989648
21006440
21040180
20957272
22090668
21135352
20983004
21011220
21021696
21021840
20975068
20993248
21011064
21019692
21029436
20954552
21018000
21015944
21021452
20956952
20980188
21021268
21004012
21037884
21003876
20950276
21027280
21019616
20992636
21018380
21011008
21036700
21032068
22239812
20969524
20987088
21037576
21025076
21021252
21033612
21027372
21029476
20965988
21012368
20987304
20957364
20973440
21022984
21014604
21027892
21009416
20969548
20936804
21006376
21058236
20957596
20968832
20994128
20982028
20996184
21016988
20990848
21005424
20990352
20976884
21060396
20967072
21009720
20988464
20977272
20977480
21007944
20965044
20966964
20992912
20986968
21062564
21569504
20985008
20993084
21080864
20971004
20986036
21055216
21005792
21018196
21038764
21012416
20988108
20984008
20976856
21027180
20997164
21029140
21023428
20993032
21049856
21028548
21038400
20993360
20977168
21945564
21028244
21029836
20993244
21038924
21019372
21035168
20976484
21000572
20998448
21002884
21011604
21011104
20953912
20969140
21048924
20960440
20964612
20986872
20985260
21032732
21058928
20985996
20983456
21028880
22606964
21018112
21029840
20942256
21019040
21022672
20984152
21008688
20971484
20995256
21007920
20969456
20947152
21002144
21016620
20978668
20941888
21051764
21003140
21026308
20970668
20953564
21017508
21027176
20971344
21784680
21259948
20979208
20985956
20985504
20953548
21031268
20977404
20953680
20967908
20969408
21001512
20974044
20987744
20944332
21001332
21016860
21000424
21015536
20998232
20967236
20949356
21013552
21005148
20966668
21012800
21736588
20998172
20963600
21014488
20962300
20999788
20967500
20979620
20955252
20961980
21006580
20966724
20937884
20996748
20987696
21012108
21014420
21009444
20999148
20980252
20978380
21001592
21014988
20957884
20941224
21002408
21884988
21399504
21008800
21022124
20994332
20968668
20946868
20968816
20950496
21008068
21005112
21000788
21047688
20957624
20997712
20968164
20987272
21000852
21008444
21026540
20969148
20954336
21000628
20990912
20976192
21023560
21291564
20937996
20993292
20990288
20973764
21017328
21017052
20984644
21004084
20971268
20960440
21015916
21002948
21020676
21046608
20996692
20994564
21003240
20974904
21016476
21020436
21166772
21001188
21025924
21005192
21023032
21004216
21451444
20998856
21014472
20976860
20974796
20976420
21016520
21002960
20999528
21007200
20997436
21075960
21015720
21007220
21007540
20981964
20983260
21053952
20997116
20941192
21005468
20979904
20969288
21318108
21398660
20970176
21008320
21021592
20974052
20979952
20954736
20997532
21010200
21008568
20995876
21033720
20970116
20989536
20976172
20981848
21001104
21011184
20978636
20967044
21035820
21020204
20992848
21025392
20972752
20971796
20968056
20975392
20993592
21001772
21002948
20989256
21001056
21001244
20984168
21024536
20999180
20965300
21018056
20995476
20982628
22024628
21050660
20963320
20995712
20987480
20961824
21020560
20990396
20962812
21042468
21019088
20992136
20986772
21025516
20942456
21041424
20970560
21014244
20994084
21014468
20976284
21052168
20975156
20999072
21052704
21020880
21014800
20983172
20950076
20975996
21008368
20969960
21012144
21044192
21014760
20985628
21002440
20976444
21027676
20982272
22057756
21076520
21049296
21017164
20978132
21037708
20979672
20959024
20979728
22107016
20967524
21033940
20997880
21021640
21019340
21024376
20998568
21035124
20985576
20980652
21052304
21030712
21009900
21020584
21008264
21034328
20995696
20994656
20956168
21013112
21015152
21040964
21019952
20964504
20976500
21063460
21706712
20974208
21035768
21009404
21042536
21073180
20965692
20978316
21063420
20990340
20962208
21002732
20944000
21072408
21005164
20970528
20981176
22195484
20986816
21042976
21034832
21003124
20973564
21017608
22203744
20963100
20965960
20953368
20964572
21056300
21015836
20988144
20967688
21024924
20971876
21064132
20966184
21010528
21048076
21012200
20993420
21026732
20943144
21044240
21039940
20968648
20987832
21030080
20994136
21011856
20995992
21001304
21010912
21044528
21012724
21007620
21037120
20978732
20963200
21026312
21006240
21033820
21042708
20971072
21012040
21052852
20989032
21002576
22232880
21110548
21000344
21029600
21018940
20994148
21020136
22218296
20993540
21024344
21020848
21036856
21038352
21015164
21008252
21055216
21016780
20990496
21037420
20963676
20997588
21044024
21017360
20964696
21013488
21017396
21003540
21086232
21044088
21008720
21051140
20993976
21009168
21079108
21008496
20993104
21016620
21030180
20981948
21039204
20972920
20964248
21078412
21032640
20951924
21051228
21018168
20999392
21082196
21011188
20970528
21068244
20987724
22194132
21080244
21021092
20996080
21064136
21389648
21295964
21081252
21005624
21032828
21087772
20991248
20991648
21002948
21023048
20983340
21059548
21029656
21006236
21055352
20992476
20993968
21077760
21005524
21009728
21067708
21033316
20966592
21043336
20990380
21015700
21042392
21016588
21015056
21011036
20993324
21096852
21058328
21021456
20981004
21065700
20946232
20997996
21050688
21939208
20961372
21071472
21014256
21015776
20973624
22261852
20971744
21071480
21029096
21019276
21048192
21024248
20981188
21029932
21033404
21012620
21072932
20992160
20951120
21011924
20976048
21015508
21080780
21027808
21014796
20994716
20979832
21025112
21057504
20979996
20965184
21050304
21020052
20972192
21060908
20967052
21033160
21042704
21004368
20964952
21088380
21051732
20974536
21044744
21013932
21046676
21057588
20988036
21035240
21108136
21499368
21002608
21023000
20965864
21029028
21078812
21022420
21000388
21067676
21033936
20993028
21058448
20986680
21002708
21057660
21014532
21028908
21039004
20947484
21011636
21010808
20976432
20973312
21080856
20991384
21011460
21078408
20988040
20987192
21045308
20985600
21010128
21106476
21032856
20996384
21079528
21083200
21009532
21055020
21069648
20984228
21112900
20984960
21005064
21077136
21018360
20986036
21039448
21039704
21778580
21142508
21011780
21025756
21026480
21028188
21017504
21049692
21034692
21024600
21100360
21036248
21036600
21095944
20989156
21062924
20994136
20947468
21024800
21118012
21014160
20933080
21060724
21029108
20968996
21084712
20963016
20980884
21111764
20982480
20962944
21154192
21025804
21009256
21088548
20991652
21017316
21145940
20982232
21028472
21045204
21025544
21006872
21081524
21031580
21036896
21168284
21022668
21035972
21065652
20984828
21037480
21485424
21000824
20984928
21082736
21001428
 
