Procesando...
  Filtro             : sierpinski
  Implementación     : ASM
  Archivo de entrada : lena.512x512.bmp
4123592
4270420
3997588
5009832
4104636
4221144
4285088
4066908
4078016
4175336
4225112
4017788
4128300
4773616
4139056
4103676
4115744
4106344
3999884
4088928
4115688
4130652
4077984
3932952
4203748
4100448
4026940
3990620
3957316
4132616
4018884
4014804
3990708
3970032
4042268
4064368
4016164
3968316
4079252
4202092
4051756
4020496
4074832
4064100
4066844
4124444
4135276
4019404
4017316
4106884
4115228
4023228
3967644
4068320
4167376
4103564
4007076
4040532
4046456
3998948
4121560
4001408
4018652
4098956
4126452
4054688
4051576
4036188
4045312
4115560
3929928
3920292
3968628
4086856
4077720
4104016
4028888
4060228
4116084
4070868
4061836
4071212
4098108
4076836
4110896
4035604
3956688
4059332
4054240
4026152
4107432
4001024
4096352
3991600
4094476
4091188
4023808
4046688
4014348
4103980
4097256
4005316
4063532
4114052
4092120
3981632
4112056
4022128
3999392
4039156
3939728
4093140
4039676
4049548
4053644
3999592
6665484
7153480
6660076
3988124
3924688
4980068
4686428
4072124
4248432
3979712
4057484
6470116
6950716
4023484
3937248
3951884
4029916
4018960
3985860
3947828
4090968
4034648
4050492
4010852
4026020
4103788
4049944
4034376
4073612
4060736
4095448
4013064
4084280
4002148
4038436
4063540
3999252
4074992
3972008
4072468
4017748
4048188
3986140
4025364
3988608
4133468
4027184
4020420
4033824
4016724
4083260
4062512
4068268
4017812
4056620
4054084
4061168
4037416
4012524
4060496
4044176
4118924
4046604
4101664
4029416
4070960
4045048
4004536
4066968
4052580
3993428
4078440
4049564
4012936
4063128
4086712
4071424
4104628
4062440
4060956
3964708
4057292
4051568
4032324
4170904
6729500
3998336
3965792
4019840
3990992
4085936
4014136
4012000
4075072
4024808
4002508
4126584
4033100
4099008
4038304
4006496
4018604
4043924
4106984
4071176
4049988
3998268
4111192
4129276
3999284
4031632
4058760
4058520
4059776
3986344
3998532
3977132
4054360
4051944
4040284
4049140
4108432
4029616
4039900
4065956
3991384
3975132
4149228
4011984
4059992
4014852
3993964
4064432
4051708
4056368
4052832
4100040
4032492
3996416
4027700
4035156
4087056
4054152
4039788
4037376
4030704
4091724
4062688
4091016
4035556
4039708
4068360
4066988
4011840
4000436
4042352
3990940
4009924
4055988
4048644
4025300
4111844
4004632
4028580
4083200
4078688
4153216
4005796
4091528
3984572
3987760
4005480
5445792
3962036
3949104
4192180
4200228
3941632
4025008
3944300
4059408
4024416
4110864
4053904
3942388
4127640
4013508
4014580
3956972
3896556
4062756
3928116
4091936
3992832
4020228
4014684
4018952
4016636
4017396
3990068
3950876
4011080
4003704
4010660
3979576
3969700
3915700
3963652
4051040
4044552
3961700
4027336
4019772
3943728
4009092
4018132
3955680
4008712
4006412
4010872
4038568
3998520
4010364
4036992
4116136
4005096
3970336
4096604
4074040
4078112
4089428
4037392
4064432
3992820
4081024
4058988
4085960
4061668
4051360
3970364
3999244
4031436
3946432
3933008
3976188
3961652
4007840
3911688
3998832
3984452
3984568
4022204
3906676
4045960
3953384
4010196
4006556
4057684
4104008
4097264
4054068
4001972
3961200
4132952
4005572
4007716
6525608
6479252
3996928
3943804
4049972
3925540
3979956
4012076
3950852
3961224
3974416
4024944
3994364
3951056
4049240
3918024
3988440
4056808
3971280
3986244
3927304
4041288
3944004
3973008
4015132
3983924
4082992
4047680
4094464
3996960
4090224
4064880
4050852
3998148
4053228
4099896
4044200
3991304
4093040
3966732
4110652
4048464
4025980
4027400
4008308
4023372
4050412
4038112
4030724
4034116
4123684
4009300
4073772
4005208
4061636
4055548
4020324
4061336
3951776
4001100
4010556
3989932
3912988
3882832
4000080
3962788
3977872
4014796
3972508
4078832
4086904
4120804
3982664
3948212
4022372
4088324
4005728
4037056
4063836
4023580
4013960
4062084
4096128
4037432
4050632
4007568
4028760
4092964
4071640
4145104
4133368
4142012
4068068
4105552
4197200
4209580
4114524
4054432
4119476
3970592
4151428
4083784
4044280
4092432
4090660
3989364
4073116
4099360
4063076
4005056
4078372
4466812
3916020
4063052
4028332
3940272
4061708
3953200
4040852
4024176
3966508
3982872
4010200
4036220
4009132
3940388
3901108
4103944
3963828
4015176
4062576
3920024
3992092
4072248
3967584
4020912
3900012
3990336
4002412
3963880
4001732
3935068
4093924
3951460
4021484
3996240
3982940
4000576
3958912
4026712
3933048
4002444
4068332
4081060
4097572
3964184
4079788
4090484
4044044
4011824
3968716
4104300
4181308
4095224
4038564
4072288
4089932
5056800
4056364
4011208
4020960
6446204
7096872
3969256
4005692
3939144
4011632
3947052
3977516
3977172
4025408
4088768
3963712
4007052
3927928
4040912
3992884
3989076
3949348
3921488
4006024
4149260
4045832
4090452
3987400
4033792
4026216
4086620
4057156
4371688
4144016
4501820
4035536
3975416
4043136
4050028
4012356
4032696
4023960
3987960
4068996
4011596
4094544
4014448
4106240
4044112
4054776
4046112
3977076
4087188
4073376
4062380
4036200
4010316
4064648
4035740
4006856
4012712
4056480
4032812
4083660
4011932
4042932
4037500
4090852
4051844
4036000
4202484
4079192
4054772
4068744
4145776
3995980
3990724
4103084
4022948
4189860
4103556
4001296
4121540
4076824
4078108
4119832
4111696
4086500
4105008
4051716
4130424
4150204
4010624
5258312
4168680
3913384
4051452
4015224
4081536
4045060
3943324
4097412
4060836
4068928
4022784
3989160
4091544
4070804
4067552
4035060
3998052
4021816
4015644
4097312
4052756
4025440
4034772
4045120
4091744
3964940
4039796
4106516
4113244
4614528
4104876
4033024
4010064
4028316
4068340
4059156
3979704
4099028
4033268
4074720
4056612
4066680
4060436
4117956
4050616
4032420
4062496
3999416
4064452
3993276
4082292
4112624
4058628
4001972
4069920
4018916
4064676
4012976
4025896
4001228
4021628
4021400
4035156
4044556
3951392
4064428
4052612
4071520
4037044
3972796
4209504
4028068
4054144
4031872
4014820
4085092
4062516
4076076
4059080
4015308
4108300
3997548
4035200
3868084
4019688
4076632
3979248
3999216
4044796
4041244
4021516
4029412
3987456
6532808
6454812
3924304
3982540
3963440
3977516
4037088
3921396
4048100
4011528
3888464
3994912
3959796
4028724
3986308
4132780
4176964
4022500
4081744
3919960
4061804
4053252
3988336
4037404
4036512
4020424
4123236
4002680
4834732
6538556
3959728
4034116
3925540
4045580
4020360
3999644
4144260
3998124
4035852
3956368
4100848
4010856
4007968
4024980
3978084
4036104
4055848
4001704
4085820
4018440
4103460
4061652
4013028
4051124
4032580
4059728
4093872
4049476
4063480
4050064
3980136
4113100
4072732
4033500
4095952
4013564
4053864
4068340
3993428
4006840
4054952
4058096
4072092
4041964
4015952
4033908
4082280
4051284
3976056
4078708
4052704
4138196
4360012
4012140
4116300
4083704
4003272
4123324
3986152
4001564
4041700
4133668
4079988
4018676
4027316
4058560
4127268
3988760
4108652
4059988
4029752
3990276
3990884
3981016
4055120
4065292
4125136
4055124
4025348
4090272
4049608
4047516
4110708
4071032
4038788
3995432
4042696
4068692
4030732
4048232
4043944
4080388
4014812
6508716
6837740
3968120
3901032
3924616
4005188
3995312
4047484
3934184
3984724
4050824
4036120
4054416
4001212
4063928
3991216
4015840
3953652
4027864
4068696
4005452
4236532
4092460
3952596
4065224
3987104
3998532
4058776
3967320
4072928
4046064
4074484
4037548
4012088
4123820
4067904
4090508
4036208
4031084
4085864
4017084
4024244
4046440
4062944
4077920
4045872
4029180
4051436
4059656
4017212
4030832
4020556
3970716
3966532
4073508
4160152
4125684
4102472
4085872
4190672
4146196
4130036
5256268
4142128
4181684
4116832
4006712
4004476
4077784
4092836
4088052
4062824
4049744
4118356
4166340
4057504
4027216
3993924
4121936
6406012
4171552
4213584
4011572
4038580
4013292
4063912
4035408
4035680
4055552
4041176
4100636
4026244
4076176
3993396
3978568
4098716
4019064
4110360
4103784
4094404
4092580
3990092
4078900
4049424
4311996
3995560
4076444
4144544
4029344
4059368
4046104
4087396
4057344
4019876
4032364
4113556
3985132
4081192
4187356
4035724
4023912
4115412
3998548
4026916
4117232
3975844
4040800
3990248
4050020
4051324
4019096
4035124
4109308
3994104
4150468
4015272
3990444
6562708
6462720
5405740
4025108
 
4030956
3938016
3944684
3908260
3962012
4033656
4007712
3954396
4018192
3904072
4043796
4024388
4046220
4015836
3932768
3998644
3998368
3997080
3972488
3990600
4051348
4104932
3993996
3958956
4018820
4061104
3928604
4050300
3994916
4036000
3906852
5194220
4282428
3963924
4070892
4017768
4022784
4058412
4034164
4062800
4009516
4047068
4001784
4036592
4061340
4111192
4012092
4059244
3952648
4078416
4022220
4047732
4031132
4012832
4047480
4045308
4106712
3992824
4018928
4019396
3973648
4048364
4011436
4103836
4022196
4005128
3995236
4053600
4083292
4050108
4023688
4057428
4022448
4021100
4036908
4047936
4071264
4026052
4063600
4010700
3967044
4021568
4008532
3976908
4030804
4041100
3970848
3985272
3998956
4115388
4223604
3982788
3961084
4098020
4047488
4091552
4091004
4022820
4081312
4118436
4014352
4045816
4135932
4095164
4026292
4036712
3975124
4092692
4087300
4037788
4046488
4042004
4022340
4053120
4101328
5077740
4021612
4011800
3971900
4026012
3894360
3991324
4040816
3967684
4019992
4131784
4167904
4245108
4000612
4073344
4023668
4037008
4045180
4020552
4044996
4030796
4089932
4127320
4038128
4036080
4059872
4078360
4066888
4076620
4090332
4098856
4013476
4114692
4046672
3963472
4063356
4059472
4034916
4025524
3928764
4019872
3997316
4022556
3955812
3990484
3972240
3959028
3932588
3935964
3985648
4046728
4018988
4052644
3924192
3961340
3990796
4070184
4023188
3986456
4072216
4138496
4065692
4063116
3936480
4061420
4215112
4186648
4085092
4077168
4014724
4083116
4059856
4057880
4066428
4070844
4024516
4066212
4122936
3940008
3954276
4068632
4100048
4035484
4018476
4028252
4123152
4109124
4059628
4094952
4001296
4076772
4041428
3997056
3971860
4053160
4073484
4058640
4102516
3943272
4342840
4166668
3983676
3965636
3980020
4028508
4004372
4123568
4025040
4009840
4077260
4067060
4023144
4039588
4064808
4079996
4039372
4058776
4051624
4059280
4069220
3990732
4087512
4071188
4071140
4046792
4044360
3988608
3968820
4059460
4049588
4096024
4118048
4014760
4094012
4084604
3987884
4034296
4003396
4114744
4003004
4012008
4012508
4050216
4118060
4041868
4029676
4066856
4077276
4003368
3918504
3921528
3926616
3971100
3914804
3992900
6739876
4401780
4393608
4031140
4039604
4056212
3979696
4116124
3993828
3992612
4032864
4028024
4064220
4059348
4087384
4032000
4049960
4131612
3994984
4058548
4006980
4026736
4069556
3987168
4025272
4015640
4033512
4009500
4073164
4070496
4024316
4053980
4017100
3997592
3996300
3958976
4038320
4102292
10375548
4233028
4076020
4083892
4008564
4049924
4047176
3948632
4061360
4055752
4061872
4057088
3999232
4030416
4067248
4040588
4025284
4016032
4068260
3985408
4061864
3998116
4024084
4058720
4058928
4053604
4011796
4095240
4091372
4059000
4048168
4002352
4096936
4067500
4066668
4068820
4019608
4024120
4001912
4068228
4044704
4057056
4093120
4016804
4009444
3968484
4065756
4087348
4043076
4118132
4072132
4107776
4119432
4047664
4114020
4082252
4132908
4191832
4115912
4113412
4036976
4148896
4192176
4167564
3998432
3956184
4151508
4092344
4136076
3997208
4105392
4031444
4090872
4034804
3988912
4031316
4029068
4072456
4081204
3908272
6565028
6465632
3974928
3966792
3940916
3951816
4003772
3987776
3963312
3975416
3921332
3930628
3924452
4051108
3931352
4054088
3905888
3946212
3922152
3995268
3941044
3927544
3966340
3945272
3947680
3984048
4004628
4065688
3900368
4011472
3943684
3961900
3899636
3930540
3908916
3948804
3965796
3964180
3985480
3964660
4001120
4006672
4023672
3924092
3961820
3910580
4067276
4083056
4016512
4092332
4018708
6566048
6461756
6839480
4040972
3937880
3963848
4000840
3967408
4025568
4012492
4005464
4014908
3931520
4045044
3963388
3928100
3963248
3951296
3998612
3966700
3945560
3960668
4024592
4003652
4097496
4061388
3986712
4102784
4006832
4057372
4007784
3958424
4086700
4011132
4095052
4070256
3988664
4049092
4085452
4140844
3961100
6500000
7004208
4087568
3972796
3942608
3936892
4121508
3967280
4030400
4007420
4007484
4075936
4043064
4022320
3944260
3989488
4002424
4016916
4023528
3975520
4040748
4002860
3935400
4009792
3917692
4007528
4046840
4033216
3968148
4006068
4081100
3957840
3968384
3883224
4020984
3954140
4009036
4037664
3962428
4023612
3919952
4020328
4016080
3969684
3993788
3988872
3964756
4021172
3978016
4790368
6932548
7054372
4076448
3933684
3989788
4045672
4023624
3931240
3954880
4015436
3986812
3982068
3923408
3971208
4042036
3917644
3986532
3974636
4033760
4035472
4058808
4071724
3989960
4031660
3978812
4109672
3982228
3991572
4022088
4035076
4106944
4003900
3990564
4041300
4087636
4098556
4050848
3969048
4027868
4063976
6644488
6478484
5175272
3976892
3923320
3982568
3990472
4009420
4092188
4048480
4032364
4029788
4097588
4000424
4017264
4052192
3989208
4060840
4065680
4061796
4112864
4004816
4072404
4109640
4073036
4007448
3987036
4091536
4032568
4020032
3991320
4064052
4079892
4036136
4079260
4027996
4121448
4055228
4065172
4038964
4082004
4081516
4073896
4101832
4054292
4037864
4077876
4051232
4076468
4106288
5957528
6478852
3925324
3940240
3950772
3893164
4039976
3953892
3973924
4029840
4075388
4052596
4066156
4060292
4015492
4096944
4001700
4055844
4011976
3988148
4063336
4065456
3978608
4098460
4048472
4080492
3995692
4016332
4055540
3983580
4082268
4028368
4078320
4061848
4034460
4101540
4186108
4055188
4021572
4026204
3949304
6494988
6851256
3919876
3963572
4050204
4004632
4029660
4056080
4008588
4055220
4063856
4148056
3968968
4022420
4130704
4110340
4105900
4001544
4029904
3992924
4029336
4057596
4047516
4118868
4013192
4082956
4010196
3963512
4088408
4022316
4064484
4001888
4012252
4035380
4050836
4076164
3990388
3959560
4070140
4103536
4027540
4056724
3983600
4112380
4012568
4050180
3975204
4044312
4061100
4055072
6491780
6639160
3891912
3991856
3965616
4040596
3965512
3920168
3949288
3948388
3977616
3951136
3975464
3951836
3971172
4025256
3929132
3982248
3975128
3918668
3908236
3965388
4013972
3939916
3928960
4002204
3948024
4027760
3916568
3919840
3922480
3932856
3951280
6306052
3965076
3923532
3995624
4072968
4050380
4011976
4034292
6484436
6458324
6514872
3912588
3925336
3993776
3930856
3963684
3947672
4054072
4046592
3902048
4016972
3957556
3939620
3949128
3976152
4064580
4040560
4013444
4088152
4006724
4046568
3980248
4034872
4073556
4085892
4074080
4020228
4056828
4060460
4042520
4017156
3982524
3938636
4104804
4045332
4018420
3937512
4100684
4077124
4025196
3995284
4031904
4084584
4058844
4118964
3992224
4082956
4207524
4157076
4194636
4150112
4143816
4047712
4153560
3989168
4041308
4070660
4185612
4224328
4150696
4066980
4042224
4007288
4152704
4156360
4076280
4040600
4223884
4089992
4052332
4017056
4006400
4216768
4074304
4020928
4087156
4152384
4054408
4202604
4069788
3887212
4176384
4183712
4010124
4064940
4022884
4088044
4083300
4114136
4127172
3984704
4041844
4047904
4012576
4056640
4068772
4092616
4036536
4066160
4026144
3965600
4109564
4013728
4063160
3983040
4010628
4094684
4078844
4011952
4005596
4100400
4049048
4011688
4034804
4005376
4029380
4053064
3989296
4014484
3980240
4064044
4133448
4056144
4024904
4019816
4128228
4047932
4102280
4081048
4009572
3963152
4066472
4015560
4066164
4001676
4061096
4017528
4082780
4005464
4004444
4084420
4012352
4049372
4076000
3984512
4063364
4066864
4018528
4132664
3983616
4063648
4051456
4046976
3985980
4103664
4065260
4036104
4032304
3970436
4020260
4060360
4007380
4011816
5233960
3928932
4076112
3914532
4009012
3871996
3954152
4033672
3901376
4008140
6342984
4182400
6604960
4068584
4075408
4101428
4017088
4047268
4070828
4003688
4055228
4049280
4003968
4071716
3938096
4049248
3997524
4005516
4068948
4047244
4040816
4145632
4103540
4141668
3966324
4095052
4044308
4043212
4016136
4029244
4077816
4053420
4116572
4001348
4005476
4049428
4050356
4062968
3993680
4082056
4111024
4006552
4045140
4018976
4112688
4008240
5570860
4336212
4366544
4011156
4077348
4125376
4062208
3994896
4093428
4100164
4000460
4016544
4048300
4074172
4069628
4012376
4055884
4013256
4070612
4039856
4096716
3985376
4017560
4018372
4071464
4034424
4021236
 
4038812
4074152
4018116
4017772
4076420
4285932
4058348
4063356
4039332
4045304
3995112
4197676
3954836
4029412
3986784
4032976
4049144
4019056
4048028
3949168
4583256
4375684
4074292
4020420
4080572
4034568
4098976
4116792
3987804
4083592
4004728
4107812
4074760
4049292
4050172
4053048
4058196
4009588
3959724
4023976
4011512
4050524
4058356
3977056
4044480
4041400
4052444
4016524
4034352
4071252
4068776
4060556
4035724
4042408
4148140
4019112
4045168
3978468
4077312
4128620
4025980
4033768
4059336
4101428
4112280
4099556
4065144
3998356
4096688
4074180
4006988
4090464
4020340
4108436
4016560
4093736
4045844
3993764
4012076
4019424
4078188
3976596
4061684
4032884
4044356
4046908
4021220
4128856
3998132
4091380
4036184
4014820
4059764
4043540
4049948
4011856
4031856
4044252
4075960
4093956
4055156
3980748
4029692
4084128
4014656
4094280
3978148
4041216
4008916
4058300
4001548
4071364
4017736
6745220
6706740
7068244
3961772
4100836
4072672
4017628
3857132
4016600
3964308
3954972
3919660
3909856
3971388
3978544
3928688
3962492
4003656
4043988
3927088
3965192
4013140
3989924
4071892
4057508
4102124
4033340
4069592
4080040
4042888
4070680
4004608
4181420
4053112
4006616
4051884
4036896
4091368
4000616
4013664
4076608
6514524
6473056
7086508
3941420
3925408
4037660
4086528
4051096
4008832
4123376
4023664
4080848
4046136
4046316
4069336
4117528
4038268
4004808
4053092
4052796
4086472
3989872
3987132
4034396
3965372
4069592
4063824
4079728
4007264
4010456
4033120
4117172
4011236
4072420
4044756
4089364
3963412
3957972
3917532
3975060
4046240
3916720
3962276
3984452
3887880
3955600
4042120
3955108
4024372
3860176
3977588
4031060
4087252
6588724
6488044
5870412
4016104
4004712
3916800
3972732
4007000
3950004
3942168
3896676
3966188
3940440
3932172
3962096
3883500
4039756
3943364
3929360
4034792
3950636
3995764
3954980
4027024
3998300
3908040
4059676
3952500
3905364
3965892
4048552
4095784
4034652
4046580
4056804
4026824
4076520
3981776
4038012
4057816
4170680
4067888
4077496
4112348
4035772
4114716
4124512
4098184
4141764
4109536
4052868
4136944
4140248
4107256
4014276
4121712
3968880
4034120
4005708
3963104
3992212
4042572
4071444
3987560
4001608
4072864
4038572
6574628
6416100
3955104
3966496
3955056
3956864
3959192
4057696
4011204
4085928
3998976
4029924
4047088
4062984
4030028
4009088
4018700
4106096
4041396
4019372
4033608
3982692
4109328
4027488
4045900
4034924
3944692
4092728
4130744
4100392
4209776
3987252
4031724
4068816
4098676
4013096
4070036
4010452
4093776
4052948
6520240
4685512
4028208
3916728
4066772
4074848
4049596
4041812
4085984
4028292
4029096
4097836
4098944
4040436
4109476
3968496
4151904
4018260
4077756
4052188
3996496
4074896
4066156
4038068
4016164
4180928
4077992
4059544
4105832
4027464
4125072
4025192
4081740
4082024
3989252
4047248
4001588
4111904
4057756
3968680
4085524
4014096
3993684
4074568
4060740
4061288
4062864
4066836
4082728
4013628
4035680
4054532
4051668
4158052
6545208
4105216
4155436
3982748
3978032
4041304
4012652
4030728
4062196
3992152
4041112
4049016
4048600
4004872
4079380
4100448
4095304
4019700
4087588
4000680
4075624
4065248
4024924
4088916
3969440
4091396
4101420
4038272
3994456
3946620
4026388
4058316
4029608
4016292
4023020
4053748
4055944
3997704
3948064
4111512
4421680
3958908
4074188
4036552
4083848
4111748
4027184
4015912
3997412
4098080
4001076
4055268
4053212
3982804
4079296
3984052
4018244
4019376
3956216
4091772
4060216
4032456
3999116
4034292
4005728
3974384
4024220
4108936
4017256
4080596
4036160
4033432
4035220
4013632
4082740
4049904
4038532
4030256
4065944
4069420
4079780
4157488
3991620
4007444
4018348
4084756
4059500
4026632
4046160
3981472
4035724
4053280
4028940
4095896
4114372
4236364
4417112
3996440
4001680
4073912
4095392
4032536
4089692
4061220
4029208
4011396
4045376
4036516
4056464
3999272
4063936
4021832
4071396
4036612
3992396
4056552
3941676
4040348
4007180
4097592
4028288
3988168
4079568
4059184
4059352
4040928
3994224
4091984
3990864
4098536
4002712
6797252
4414876
4144356
4038404
3994828
4059236
4023468
4055132
4083228
3957040
4110332
4085132
3994748
4025032
4017160
4073052
4046084
4036316
4055256
4010708
4064948
3976004
4069460
4020300
4013924
4087288
4060204
4085524
4086316
4009788
4081284
4076972
4052840
3978624
4044964
4046868
4055544
4033012
3976092
4022776
4132924
3989580
4098408
4061428
4006696
4122652
4044284
4102556
4015280
4077536
4054456
4045452
4073536
4024484
4078916
4040324
4018840
4160012
6572828
6456204
4188688
3968956
3962752
4031356
4025016
3978648
4015200
4002880
4058072
3962064
3993204
3993060
3959888
3917396
3969464
3972516
4016116
4012744
4060428
4016404
3964396
4004028
3921992
3946560
4023576
3999640
3992444
3970952
4037348
3970232
3948308
4789636
4470512
4047836
4072968
4078124
4029464
4041684
4010736
4077840
4020264
3968732
4086724
4080900
4021316
4072540
3966116
4052664
4082832
4106512
4099764
4014764
4100032
4004220
4074196
4025520
4062872
4025616
3999244
4035172
3967312
4034436
4054372
4121816
4052928
4074708
4046632
3980200
4003872
4030536
4034992
4100732
4009772
4055968
4068888
3982120
4114188
4120052
4058652
4100360
4047540
4093620
4068992
4086528
4089076
4032836
4071632
4063336
4019960
4045496
4083000
6395448
4126672
4171056
3912984
3966324
3964400
4007644
3904696
3951580
4075252
3990720
3976304
3919912
3900576
4065364
4017836
4090128
4090288
4077656
4120088
4067376
4172584
4086508
3985252
4086676
3987776
4051736
4025308
4153792
4063568
3948408
4060552
4096480
4161256
4091088
4144912
4131464
4002268
4053664
4093988
3966624
4155836
4036740
4020412
4007880
4039772
4118424
3972744
4102920
4134700
4126984
4142404
3963736
4137388
4095364
4017416
4015312
4022504
4033788
4027844
4056352
4012260
4030608
4107400
4040940
3984912
4087948
4081752
4102980
4014460
4069844
4083144
4159932
3962632
4030492
4073372
4008876
6650844
4517136
4077916
3973216
3901520
3981456
4021756
3955172
3888632
3987372
4016516
4000080
3938856
3888736
4039260
3980940
4002256
3974420
3919072
3969172
4042148
3955208
3989984
3991824
4328728
4031012
4022616
4007144
3983420
4089852
3983428
4049932
4042988
4162908
4272920
4025248
4023992
3998236
4059636
4043044
4046284
4014800
4041528
3981460
4076148
4099444
4040448
3995904
4023736
4083608
4043076
4018904
4029140
4058624
4041280
4044656
4057204
4016844
4040504
4061152
4017572
4037860
4029960
4088736
4008520
4036532
4047304
3980324
4042924
4017684
4149024
4059224
3945044
4126936
4054548
4069896
4039484
4007720
4087684
4049388
4015280
3992688
3998988
4051892
4054344
4125188
3998920
4052388
4098184
4021472
4026420
4032836
4021712
4055584
4957740
4123808
4154568
4012536
4088260
4045812
4033876
4012848
4028192
4055512
4010800
4062828
4010864
4042308
4088908
4031684
4053944
3997128
4067320
4030692
4054120
4038148
4086132
4166020
4056628
4090380
4105820
4005552
4060020
4082680
4093992
4114072
4036232
4107380
4084916
4006544
3970464
4032712
4048032
4019804
4029776
4057152
4087464
4051888
4107032
4007204
4126632
3986456
4154068
4014748
4012268
3991672
4037108
4073560
4019332
4067196
4094252
3985196
4095056
4029140
4062496
4035964
4041052
4118740
4047440
4035644
4025368
4118284
4111196
4037592
4076452
4016488
4062924
4031904
4052416
4024484
3971732
3993236
4041256
4072500
4011512
4060660
4012616
4068456
4010364
4053860
4251732
4063592
4038580
4213036
4022980
3970024
4024056
4145236
4286620
4025688
3977140
4108660
4136612
3994428
3997384
4203448
4037540
4109516
4057800
3969008
4019656
3983236
4035592
4064096
3923036
4181748
4009912
4003212
4038568
4019512
4080852
4068368
4093628
4068768
3970500
4048984
4039500
6755888
4396732
4314136
4155956
4022412
4115376
3967356
4044060
4071044
3994684
4001532
3977000
4054896
4047252
4075920
4204296
3988076
4045740
4066788
4055748
4037656
3963816
4028680
4040088
4031416
4046860
3990276
4028148
4050932
4067812
4027640
3967408
4008512
4123784
4002172
4051016
3994228
4168344
4060332
4060200
3995504
3996148
4015272
4092020
4026816
4094636
3950508
4082520
4044076
3947580
3973044
3956120
4047540
3930076
5034036
3976700
 
3916412
4080636
3979784
3962744
3977152
3943364
3909112
4004252
5653904
4159736
3906064
4085608
4047292
4007464
4018040
4106052
4072496
4064740
4019456
3963292
4076268
4169908
4063968
4057700
4056420
4080308
4494968
4077860
4048172
3999376
4092984
4003388
3993668
4053424
4090752
4139500
4282948
4305140
4062344
4043916
4065084
4094396
4010580
3964844
4139424
4016820
4007792
4076236
4083044
4082384
4006544
4101908
4006308
3979412
4046328
3995300
4055520
4004628
4058528
4052336
4087576
4001704
4033496
4030904
4088752
4045720
4032308
4084064
4016152
4070332
4112616
4038244
4095328
4097200
4016008
4051348
4066084
3958196
4041528
4037928
4070644
4124592
3996132
4082992
4144764
4053440
4030792
4019904
4125332
4051256
4039472
4043900
4115184
4066236
4075512
4051748
4099964
3998148
4085416
4090524
6477116
4130468
4272968
4022724
3958116
3993184
3969100
3933456
3966664
3992860
3939644
3957624
3928276
4021192
3954324
4009396
3901344
4074204
4003540
4000808
4086616
4026384
4074280
4047880
4041640
4178732
4129092
4150276
4134220
4088900
3972420
3966700
4082992
4106068
4146060
4033240
3957224
4035040
4155480
4112484
3962172
4067020
4037228
3988656
3943064
3940420
4066884
3979616
4043248
3918252
4015972
4110828
4074992
4047488
4119140
4048708
3967016
4053420
4002044
4040060
3990256
4032688
4071760
3998088
4075020
4016736
4129064
4004988
4039972
4022216
4088740
4087292
3973148
4013300
4027556
3972584
4100472
4014124
4043284
3978972
4157804
4110680
4031292
4067268
4039408
3985176
4046348
3942968
3981076
4047260
3996652
4003696
3927692
4003948
3996656
4040844
4080056
3963568
3962612
3955440
3962820
3927276
3975344
4029912
3956140
3952540
4215376
6537888
3934080
3956324
3956708
3917596
3920588
3942652
3898536
3938164
4010276
3901388
3958752
4032444
3894992
4001664
3873392
3981568
3948920
3939116
3967224
4004088
4013156
4057172
4050428
4028932
4044544
3958844
4024308
4021276
4089032
3994328
3995880
4094280
4035232
4100176
4027804
3997196
4094144
4063176
4053620
3993944
4032652
4031964
4089676
4019292
3949080
4180256
4009044
4005396
3954428
3961052
3960976
4018440
3939748
3950348
6250984
4003240
3961848
4041084
3948532
3921872
4008220
3988076
3985172
6596780
4135172
4114312
4014740
3915832
3936868
3929580
4013708
3934272
3947812
3865400
3928512
4014648
4000784
3907260
3950664
4021856
4004016
3985836
4028880
4056864
3975152
4048456
4032236
4067628
3984252
4014616
6468564
6440568
3994500
3944920
4013176
3935104
3913616
3881172
4075868
4064216
3914696
4006028
4005296
3883068
4068944
3989968
4013020
3915520
3893784
3930192
4036344
3983504
3994632
3996024
4068312
3945952
3941052
3966228
4070500
4060388
3948304
3937928
3912196
4074708
3937376
4020708
3935612
3920176
4055284
3963652
4045668
3960432
4045448
4035188
3910836
4096372
4051356
3974700
4062408
4111992
4024188
4058740
4029856
4047704
4027940
4050352
4102740
4095488
4070020
4005144
4082896
4065492
4105408
4024180
4074912
4066644
6534604
4313264
4092428
4085432
4017496
3966620
4032508
4096680
4044760
4045652
4025276
4072060
4011040
4029152
4055880
4049172
4136396
4087620
3996204
4032220
4114472
4028264
4021456
3977072
6505772
6660796
3907288
4034780
3952616
3937932
4048920
3972980
3949976
4011060
3944620
3996456
4075492
3955116
3924732
4002612
3989664
4023564
3974368
4058888
4052140
4076820
3984168
4043124
3996744
4021168
4067788
4056004
4033732
3982064
4027276
4080836
4044984
4053204
3983792
4071740
4009340
4040540
4090708
3997584
4064244
4091056
3985696
4003000
3956388
4109456
4054376
3998632
4000852
4023720
4117244
4000568
4005600
3986168
4060652
4073868
4028524
4008448
3991652
4024232
4046892
4057356
4091720
4000952
4049504
4067632
4053996
7069524
6874996
6849584
4031516
3934448
3937080
3884916
4038324
3992328
4010076
3957484
4042504
3995820
3969544
3926236
3950504
4043040
4042656
3993580
3992472
4080096
4094672
4029056
4075996
6493160
7093972
4026472
3926356
3919088
3936244
3964496
4091164
4069424
4001764
4060244
3982056
4098764
4008844
4001956
4053952
4014624
4056172
4033664
4007604
4056352
4039624
4063728
4007120
4066928
4031728
4127108
4018320
4071276
4012660
3957716
4052752
3989584
4078984
4100588
4011716
4074748
3985596
4001032
4090520
3992272
4075776
4064556
3993584
4087392
3968988
4065268
4028868
4055768
4009476
4011368
4049408
4092452
4009240
4028268
4052908
4073532
4052508
3994476
3986216
4192000
4001000
4091200
4016188
4087904
4049368
4004240
3994684
4006248
4370264
4439760
3935168
4074848
4038180
4025924
4066120
3994376
4023128
4002284
3980624
4095404
4036920
4018896
3993576
4026568
4115804
4116320
4037768
4012832
4053020
4086816
4086820
4132856
4116860
4112284
4120348
4089144
4008684
4012308
4146816
3930120
4052480
3942208
3970652
3936836
4007732
3920332
4107848
4076600
4111036
3982900
4118984
4018648
3898020
3967400
3990260
3906468
4035828
4020600
4089220
4049496
4066016
4015184
3947740
4071176
3997468
4045772
4020600
4038740
3992416
4013144
3944192
4012444
4015100
3959728
4056360
3993356
4010684
4037308
4034884
4053060
4004880
3984532
4056368
4015900
4046440
4053844
6342856
4160888
4249452
4038608
4010776
4007576
4035728
4039088
4044976
4099592
4044500
4093328
4077076
3997040
4393300
4048764
4067076
4043528
4008872
3999496
3998484
4106512
4046524
6727120
4324600
4059792
4075808
3997704
4030204
3966824
4084188
4049468
4058892
4071968
4048288
4072536
4039428
4028464
4015120
4062660
4038972
4028884
4031792
3972432
4023928
4054972
3994584
3998368
4001944
4070152
3966712
4071084
4088172
4065332
4006688
3973828
4058868
4020076
4025848
4021028
4057732
3977136
4029572
3995688
4067428
4040620
3997052
4014640
4075968
4026464
4050420
4063224
4001212
4020072
4073020
3995588
4000124
3960636
4131624
4034088
4035652
3991184
3894980
4010216
4029100
4041564
4038716
4056584
3995472
4129708
3926868
3915552
4006224
6496984
6883688
3978876
3999676
4060908
3970384
3984176
4016260
3980244
4036064
4046800
4045224
3904976
3987336
3994424
4019116
3986696
4021712
3981840
4017360
4009496
4009276
4126032
4074632
4080704
4011300
4102320
3969848
4092572
3959404
4006336
4033888
3999396
4121236
4052896
3994944
4007544
3974864
3993660
4104460
4018028
3990692
4030404
4059788
4059912
3973984
4001116
4103624
4036804
4082876
4072748
4096876
4088068
4026008
4043128
4015844
4061180
3896676
3893120
4033440
3917896
3971136
3968784
3986772
3997132
4013920
3989760
4036056
3935832
4006876
3999236
3998708
3920660
4107080
4016988
4035168
4017984
4042856
3969264
4052284
4052112
3979860
4068908
4156528
3994920
6119008
3911616
4016844
3962504
3884156
3935220
4033156
3933140
4146688
4279672
4047972
4028632
3990244
4029932
4020468
3982588
4085092
4029620
3991020
4115376
4437432
4077368
4007704
4028928
4003572
4098364
4130560
4039268
4033500
4032412
4168428
4112560
4013288
3982492
3998940
4020992
4078768
3982712
4093236
4029252
4064060
4077516
4086248
4094060
3948820
4081664
4040492
4106080
4001804
3971528
4091568
4125080
4025332
3998124
3959000
4074524
4004548
4101920
3979104
3987104
4021788
4108048
3966888
3968228
4100320
3991932
4031572
3970188
4121924
4033224
3996060
4012392
4099656
4044744
4025424
4043720
4069932
4061896
4028280
4105980
4141192
3992468
4006108
4060044
4113900
4057116
4026232
4041364
4088384
4073692
4007964
4014876
4027156
4064444
4072744
4052596
4053008
4055492
4080660
4055656
4049124
3985200
4008304
6449156
6407748
3933416
3973124
3944064
3904616
3979616
4010288
3909536
3919364
4038460
4035956
4058516
4050648
4012044
4059336
3995068
4017780
4034072
4198128
6556852
4057820
3899124
4036448
3943424
3944928
3939736
3977032
3904656
3901572
3948828
4000408
3937440
3900048
3896396
3939260
3910000
3885072
3923072
3979640
4097400
3923128
3875428
3883552
3919816
3970184
3949456
3990840
3937676
3898408
3932740
4029288
3901836
3906176
3974996
3944088
3990896
3985108
3925304
3979992
3943408
3917096
3960796
3910128
3982700
3929452
3995104
3936552
3960856
3939840
3997148
4009872
4043160
3983548
4021236
4116384
3976420
4017900
4067912
3978920
3955408
4025228
4044692
4039052
4001624
4051308
3986788
3985872
4047104
4024012
3976196
4049952
3995868
 
3955744
4036896
6797736
6450956
3925544
3918416
3893376
3970588
3872788
3970268
4043056
3936444
3936540
3949908
3924468
3907540
3981204
3906216
3982192
4072488
4083848
4131668
4009996
3907684
4049656
4105408
4055884
4017256
3857516
3953740
4058512
4029432
3990916
4125816
4049364
4087016
4050364
3941304
3998200
4050204
4013420
4038616
3998420
4060592
3983396
4039672
4006756
4033200
3978556
3992784
3996164
4058796
4061344
4065516
4028236
4000112
3994724
3986440
4036200
4113092
3992540
3986388
3997072
4001232
4088596
4050940
4049404
4002348
4001036
4046220
4051920
4084208
4033128
3979224
4061160
3983716
4107564
3983100
4023924
4055996
4036540
4195956
6516516
3964428
3919920
4029248
3953052
3913808
3946272
3918636
3986724
3988464
3979496
3975636
3986060
3960368
3974972
5660680
6900636
6960664
3950248
4018024
3944924
3980084
3935156
3937888
3947716
3902940
3947640
3925112
3942008
4030476
3986720
3936552
3910596
3917040
3922488
4041588
3912004
3958308
3920320
4053264
3985008
3974152
3990764
3944388
3946972
4002624
3939376
3993204
3932140
3885972
3987732
3947916
3896400
3962772
4025576
4013200
3954228
3933632
3875492
4023388
3939344
3907748
3917724
3917724
3968492
3935388
3993784
4000512
3952952
3974636
3909384
4076064
3966416
4020224
3950992
3891068
3965464
3934036
3955564
3942508
5696608
3937256
3935900
3939988
3935792
3945764
3907776
3887528
4037800
3897612
4194348
4315384
3951952
3998064
4104128
4064680
4006392
4006700
4038504
3961940
3997032
3973088
3991864
4109284
3972020
3991764
4472448
3990032
4053400
3992752
4020884
4012084
3998048
3986684
4036012
3994420
4028116
3950084
4073712
4035944
4001572
3951440
3954764
4114608
4040856
4012528
3982840
4032100
4094584
3974404
4061668
3980404
4015104
4069280
3991756
4085456
3976008
4039628
4011052
3990224
4014448
4020464
4023212
4066988
4110488
4028548
4011148
4053548
4001128
4063384
3996528
4004132
4067196
4020444
4050076
4075076
3957916
4088864
3979056
4040224
3999476
3984412
4064700
4038288
4000032
4038352
4038664
3994828
4002576
3987588
3993920
3966788
4018928
4030832
4007044
3982292
4041852
4060164
4044864
4002332
4014336
4058264
4073392
4200728
3999548
3942452
4043788
4014212
3988068
3993012
3989980
4102124
4108500
4046356
3973008
4033656
4122980
4052372
4101744
4206604
4066456
4074668
3984416
3990892
4037156
4099592
3973800
4078336
3965268
3998028
4148708
3997080
4002512
4068116
3958836
4028428
3976320
3993588
3991920
4017508
4075200
4048096
3985464
4035360
4048596
4044536
4173456
4033680
4006960
3986328
4056708
3993264
3999032
4019552
4088784
4067420
4027676
3996600
4027596
3990520
4045620
3999328
3982100
4079380
4073712
4002520
4051284
4086868
3997652
4098688
3994248
4024692
4035784
4073376
4039444
4011160
4095848
4026276
3969100
4068632
4006956
4069212
3962328
3971980
4038440
3981608
4000892
4061792
4088608
3988296
3995272
4013416
4308592
4440192
3982988
4052844
4006940
4048920
4117488
4014820
4060560
3974796
3931784
4009552
4017404
4041220
3981488
4048160
6522588
6572628
6750236
3925428
3948976
3914492
3994680
3981168
3905032
4029776
3912188
3950076
3917080
3971380
4009060
3940472
3992128
3939772
3928048
3942488
3988720
3958740
3970296
3961316
4064768
3923048
3917576
3948220
3999368
3871672
3951364
3960276
3913880
3910748
3868412
3998072
3971100
3926308
3945276
3888776
3974664
3890800
3994756
3998048
3935708
3905188
3868016
3919632
3959600
3969124
3913212
3961768
3963664
4061200
3898948
3986708
3988656
4004532
3882052
3992488
3933816
4008928
3904840
3895716
3971008
3893456
3974876
4045120
3975484
3955140
3950356
4003888
3907424
3961164
3892040
4026684
3852420
3999960
3915040
3950312
6557204
6394364
3925696
4022784
3912376
4021584
3897432
3939644
3962980
3916040
4052040
4068264
4068556
4054980
3966092
3979884
4139636
3963020
3909316
4062536
3990828
4172392
4097232
3892960
4042560
4082380
4092072
3960748
4002540
3996620
3944960
3932540
3989028
3915852
3947108
3938940
3990888
3922536
4032112
3996768
3993656
3893904
4008000
3937736
3992080
4066936
4012176
3989552
4037952
4001880
4056444
4049872
4046656
4037208
4027168
4030316
4023380
4002176
4005812
3983732
4095684
4047320
4036088
4057576
4029308
4154528
4074120
4003156
4018812
4025900
3987868
4016068
4055004
4037228
4137804
3964624
4009816
4161540
6544340
4019452
3967616
3985652
4060024
4040544
4017780
4077488
3998960
3968920
6497940
6492216
3903948
3916960
3899996
3901600
3990832
3937928
3905284
3940572
3951456
3975548
3910496
3907920
4003208
3935576
3883812
3946912
4000220
3966860
3972268
3913504
4007440
3936948
3913580
3997888
3981664
3978124
3879652
3865348
3969604
3999336
3960568
4011848
3927616
3941060
3938304
3922328
3944600
3990396
3979628
3979936
3963956
3916264
3972924
3936756
4004056
3873028
3870976
3890368
3992512
3948192
3882032
3984692
3991008
3895832
3946068
3918232
3906896
3966620
4037948
4078548
3973520
3973080
4017176
3996140
4098528
3975176
3979888
4032488
4082580
4016372
4040444
3923080
4144868
4023032
4051388
4041040
3993416
4036720
4015872
6705836
4319676
4191020
3987332
4026104
4014912
4023116
4037988
3955636
4006104
4053596
4010464
4524160
4239672
3976556
4023364
4022236
4037736
4065788
4030596
3992296
4001404
3965128
4034692
4006212
3967840
4013336
3997392
4051260
4068364
4008464
3991016
3973316
3985004
3958004
3986664
4062232
4084620
4006260
4033248
3988408
4098448
4021336
4073868
4022604
3959728
4091592
4003596
4095052
3999616
3877956
4037560
3951300
3960880
3993480
3916696
4082636
4062340
3995440
4000248
4021384
4010864
3946224
3904140
3994256
3987420
3994908
3931620
3979096
3962232
3952248
3945588
3978292
3971704
3918224
3938624
3988388
4029224
4004956
3984132
3979832
3995556
4100432
4017656
5142444
4094220
4006084
3988176
4060916
4063112
3973380
4034452
4026912
3958884
6380148
4130360
4245012
3905900
3918616
3974212
3999484
3881980
4052168
4009624
4018660
4189132
4156188
4025868
4019888
3958008
4110692
3992348
4081192
4059584
4034092
4094136
4067480
4007312
3961704
3950164
4101360
3973588
4044464
4022808
3954664
4101584
4037044
4009940
4078944
4020248
4045680
4030204
3955360
3953200
4044580
4111020
4068304
4090604
3970600
4130216
4107720
4105692
4034868
4043484
3990528
4084064
4020560
4070796
4033476
4030084
4085984
3992620
3949208
4085404
4007228
4096384
4026528
4086040
3979628
4116428
3985924
4109180
3978492
3982820
4030264
4063380
3991792
4090952
3992120
4047640
4034060
4006760
3967432
3979708
4054068
3987260
3942928
3990440
3997544
3967012
4042168
4013840
4001984
4023492
4113712
3996952
9003700
6830900
3975632
3892412
3905364
3937916
3954584
3930220
3952532
3938040
4195708
4099388
4006672
4003800
3935404
4000756
3986224
4033108
4047016
4011728
4055860
4057460
3995304
3972892
3961236
4009736
4026976
4047264
4032208
4076368
3982980
4143004
4043748
4006832
4085828
3960908
4059836
4180976
4033312
4094648
4030696
4047460
4159728
4114888
3985584
4042400
4062060
3997732
4015936
4010264
4033812
3857348
3945176
3928132
3926868
3984692
3967612
3951500
3992868
3904644
3893060
3949312
3954860
3910756
3954876
3892828
3995556
4004176
4083788
4064300
4041800
4059112
4057004
4019552
4040492
4032248
4105040
3958264
4049208
4008484
4003452
4017676
3971388
4037212
4048336
4004504
4029936
4048472
3951072
4072644
4031368
4002628
4045944
4045936
4023400
4016228
4002656
6419360
4206700
4195924
3931172
4026548
3922072
3949936
4020724
4058312
4013432
4063296
4103640
4033136
3947548
4050620
3927876
3975948
3885404
3988580
3888492
3897212
3961760
4013048
3969152
4149444
3989224
4194108
3959660
3986080
3944500
3946108
4028424
3974468
3991400
3964844
4053592
3980948
4060612
3983004
4043540
4017116
3997912
4005908
3996252
4053352
4013256
4016704
3997336
4023648
4027488
4049772
3972084
4004452
4070092
4031388
4037476
3973988
4059584
3987072
4041004
4016796
3925044
3965892
4041180
3965660
4037016
3964616
3988368
3977336
4015684
3986560
4032952
4134024
3958516
3971876
4005444
4049996
4044060
4046484
4024424
4000260
4057596
4029904
4202984
6490012
5991864
4035596
3893708
3922836
4074864
3970112
4058376
3986780
3926456
3954180
3951800
3979456
3899848
 
3938436
3987844
3942988
3955600
4003792
3916744
4026140
4069292
3942356
3904176
3940404
3992436
4003088
3975760
3906336
4064888
3984772
3956724
3966948
3969568
4040884
3896476
3936336
3991824
3978332
4003636
3995236
4074784
3987540
4105856
3944492
3940984
3954216
3979976
3940756
3965244
3992096
3972888
3992944
4061768
4012220
4006460
3972236
4118308
4031716
3984724
3975064
3957080
4081780
4027764
4027580
4046320
4008768
4019400
4033692
4074124
4045280
4045656
4066856
4036112
4022496
4059872
4009100
3999740
4053240
4032488
4011232
4883864
3999584
4080780
4185612
3990920
4075728
3976540
4115456
4004536
4032008
6655508
6486572
5661044
4033032
3936432
3941060
3972656
3924864
4044872
3924680
4032224
3997356
4006104
4040604
3927324
4015284
4081728
4008272
4051880
4010644
4012928
4048060
4019924
4088468
3999780
3982768
4083120
4009460
4002036
4018984
4010660
4075496
3988524
4047400
4035632
3965808
4115148
4048436
3995304
4056736
4125084
3996172
4090660
3981444
3979556
4031816
4107564
4032532
4058456
3965196
4073892
3965636
3973012
4053404
4004008
4057280
4089900
4030048
4036416
3939164
4186704
3997652
4061516
4029536
4060484
4024968
4001784
4013384
3995188
4002308
4039280
4027480
3992472
4006276
4064396
3966892
4018932
4027824
4009452
4052340
4025236
3994708
3947680
4007884
3917904
4049160
4025668
4050504
4061944
4057300
4001192
3969956
6560516
6431000
3907472
4060072
3877516
3931088
3923944
3903068
3980532
3869216
3980264
4021584
3902072
3976888
3974844
3879320
4026964
3936908
3985608
3904628
3962308
3952740
3914084
3946316
3953036
3873768
4061208
3959532
3985740
3964528
3986316
3909796
3938024
3904840
3931664
3955632
3955840
4036308
3941000
3974312
4092008
3936320
3996744
3963632
3946592
4069520
4030988
4071960
3994688
4023528
4011928
4044648
4032128
4096292
3968672
4031952
4050704
3986884
4043240
4017800
4040344
4025808
4030684
4079392
4019964
3960824
4095816
3988056
4027556
4054948
3954140
4048448
4060540
3984672
4053016
4045892
3994984
4017100
4007928
4088632
4069252
3970500
4011224
4083684
4016084
3965784
4008692
4037252
4017888
4003396
3996440
4019100
6645792
6462768
5749248
3951840
3860112
3964688
3982364
3962684
3992744
3929632
3916860
4087188
4016208
3991840
4032704
4000476
4066872
4038712
4034240
3968948
3967380
4085116
4050808
3982008
4046464
4049868
4114752
3999444
4072848
3974216
4022684
3925552
4028748
3956408
3963268
4036376
3973356
4066008
3970404
3939364
3944352
4086848
4024924
4040824
4022576
4066252
4048520
4069684
4049008
3963644
4010736
3991860
3965296
4056952
3926292
3994972
4020256
4031932
4054552
3981012
4016256
4120020
4027036
3996552
3992516
4058336
4051324
4046312
3988236
3963840
4084880
4032308
4022288
4012816
3995308
4054056
4120260
3993524
4035884
3976820
4016864
4080588
4039236
4013148
4065696
3993224
4027348
4000000
4038680
4000472
4052460
4111696
4107856
3960092
4108096
4020236
4018468
3996632
4116984
4099604
4125976
4112780
4054536
3945140
3982156
4126008
4042288
4134860
4057376
4146120
4178048
4160040
4153724
4121504
3960344
4206868
4158492
4160320
4124560
4125988
4133644
4097484
3988604
4073344
4049992
4087420
3990428
3955760
4014164
4106332
4129588
4012048
4081636
4077496
4191196
4151572
4119616
3940388
4035664
4075524
4165752
4100704
3968792
4042164
4102500
4025936
4156748
4086708
4109412
4057700
4013920
4085660
3983700
4038348
4088552
4111672
4080440
4113136
4117008
4076512
4146888
4032876
4005668
4093236
4052892
4112480
4043664
6499096
6455004
6870164
4043168
4009316
4027716
4027632
4005672
4040328
3893524
4070256
3982984
4067112
3995524
3896408
4036480
3992100
3993320
3855192
4081248
4014860
3893248
4046420
3988680
3969224
4064080
3926172
4031552
3972616
4063784
4107384
4100776
4074632
4120588
4157720
4081900
4114388
4126404
4060392
3987952
4052992
4147080
4032092
4031808
4159304
4052236
4045000
4015180
4121212
4015752
4124928
4122332
4072172
3980512
4193580
4092080
3970680
4082548
4031180
4109768
3993012
4021368
3937064
3916712
4121092
3970176
4002036
4013556
4032324
4084288
3873120
3919700
3960568
3983564
4089792
3932352
3962084
4015948
4142292
4034544
4097364
4058024
4119668
4113452
4011676
4067060
4103052
4028488
4143956
4151372
4116188
3998324
4147896
4392504
4242328
4042932
4071948
4131132
4085704
4005796
4106044
4119860
3972540
4073108
4199420
4086376
4090316
4061292
4046788
4141180
3991168
4088020
4154600
4069848
4005784
4070828
4148476
3975956
3981148
4131164
3971876
3975260
4012240
4109536
4035284
4103924
4134500
4028348
3991044
3980212
4068744
4141532
4044020
4141284
4059296
4060812
4042252
4047444
4027620
3961480
4161644
4146064
4057496
4126588
4170624
4027132
4046584
4028296
4072828
4024372
4080680
4180536
3998508
4030208
4126232
4117516
4144276
4102168
4102824
4052048
3930232
4060652
4088376
3919728
3995408
4023988
4134432
4245396
4060188
4063700
4051592
4018968
4070468
4048328
4054680
4094824
4157688
4095868
4078300
4051596
4031152
4140736
4568168
6680924
6840676
4109072
4068024
3951696
4098444
4026244
3948112
3932576
4025940
4092612
4223160
3999396
3976108
3885416
4040812
4078672
4057396
4052096
3942744
3972928
4004556
4049712
4040148
3964124
3990492
3965336
4030196
3870548
4068748
3930012
4074160
4061956
3971028
4002992
4036384
3912292
3943860
3969312
4134808
4023712
4054256
4043872
3941344
4057476
4026424
3995224
3991332
4063920
4076820
4108448
4076156
3973488
3927124
4112756
4142848
3941576
4178556
4098992
4015880
4216536
4041456
4002084
4038544
4049328
4176152
4136812
4055644
4056976
4010496
4046976
4030380
3993684
4106864
4115912
4048076
4026840
4111548
4058164
4050548
4121748
4146180
3967348
4028588
4110844
4178768
4115396
4128168
4068080
4104236
4265004
4236028
4054044
4071984
4020848
4120644
4114844
4026804
4088500
4092028
4128968
4091744
4064544
4091744
3989768
4133884
4112332
4052000
4017156
4116252
4124572
4078704
4070996
4150056
3924064
3975976
4134316
4054284
4199972
4079216
4131032
4083276
4059260
4106232
4066904
4023960
4022048
4080264
4075756
4120304
4077448
4161120
4033804
4055272
4093112
4128760
4153348
4091588
4068444
4167888
4072176
4156444
4065120
3977812
4117512
4142928
4012824
4047932
4041832
4139428
4045192
4149200
4133720
4137544
4109468
4169360
4036824
4073944
4022576
4112832
4096524
4158924
4143112
4090696
4115560
4091728
4088800
4071068
4035324
4084264
4143504
4070744
3985168
3987240
4165000
4063604
4082760
4082860
3962644
4081672
4022380
4016588
4113768
4067552
4111744
4113344
4078384
4079460
4049196
4109592
4085132
3952760
4090808
4074804
4057840
4118796
4049172
4156172
4178204
4098220
4101912
4100676
4072168
4161292
4074776
4096496
3982044
4090644
4109716
4013804
4000320
3985944
4046492
4004972
4032652
4016748
4004204
4042080
4092412
3988308
4051524
4046476
4060220
4119168
4064572
4035580
3996648
3972260
4154596
4050932
4008728
4000640
3974692
4123768
4056544
4076240
3981156
4030904
4027504
4112568
4049140
3975640
4015284
4048528
3993992
4053544
4034420
4035472
4085196
4011360
4024120
4009628
4041468
4099940
4039796
4008988
3923952
4133140
4079588
3982104
4016288
4006360
3999148
4037128
4001488
4058344
4019508
4045480
4057228
4025768
3978848
4046612
4074860
4066952
4028800
3962672
4000820
3967976
4067960
4065020
3959092
4022220
4067276
4077444
4038208
4041460
4097296
4095336
3965860
4039548
4016308
3987808
3965800
4066688
4016492
4009808
3971760
4034112
4075748
3994360
4050668
3932480
4018056
4017664
4041808
4005376
4000904
4026364
4011960
4063580
3974140
4033276
4001916
4004772
4018192
4023704
4007872
4027180
4013620
4026732
4047776
4164660
4027976
3966632
4043864
4061960
4115652
4046212
4001324
4056596
3989220
3981752
3996740
4030764
3978672
4039840
4030040
4015916
3965556
4018144
4111480
4081568
3965600
4013068
4147520
3912368
4136484
4080044
3924448
3919344
4075056
4296560
4029544
3991280
3942020
3986096
4031272
3894980
3942476
3896756
3997088
4006992
4008200
3992280
4031848
3959200
3951436
4060552
3991056
3978436
4005584
4010120
3989132
3950724
4010516
4084708
4033144
4041264
3956352
4097932
4020080
4018772
4047696
4009964
4100392
4088268
3953504
3996348
3995296
 
4044068
4091304
4002536
4012896
4014768
4035416
4055436
4018720
4021908
3968524
4104760
3988928
3966904
3967064
4082560
4129292
4078600
4008588
3996948
4112120
3937492
4120532
4018696
4028232
3998520
4122676
4019052
4006660
4035092
3998192
4030720
4151064
4065884
4040688
4005472
3994852
4120220
4024068
3976572
4057204
3991760
4012072
4048216
4024800
3961208
4078000
3922604
4002308
4017476
4117288
4135048
4013980
3988332
3988140
4324616
4194788
4233692
4044976
3989432
3981340
4012188
4020112
3998448
3949552
4041516
6428268
6181108
3885776
3960032
3959436
3952636
3993128
3928312
3936180
3999708
4002612
3924380
3829256
4057780
3982032
3956256
3883388
3994652
3979724
4060140
3969144
3930664
3927008
4095052
3963312
3923624
3912500
3879116
3979668
4024468
3977184
4009660
3869916
4000756
3930452
3977432
3849512
3918456
3941148
3976616
3928564
3890148
3891372
4026500
3922764
4014608
3911060
3880492
3947320
3991632
3878380
3944624
3966868
4005004
3879296
3922400
3909204
3897436
4038228
3988664
3976768
3986552
4076528
4069612
4112948
4026960
4028984
3937008
4082540
3990832
4098076
4004252
4070336
4058120
3998036
4038732
4080560
4028432
4074172
6586400
6897688
6870068
3934536
3929800
4003244
3994028
3966116
4050300
4041892
4046144
3869760
6543200
6884184
4014540
4003140
3929368
3998972
4076044
3905472
4005216
3948156
3886912
4074956
4016584
3993552
3943716
3995040
3966120
3910800
3948416
4040968
3941516
3901960
4004084
3901428
3939144
4009212
3910524
3991444
3980352
3896312
4007724
3989740
4082240
3979004
3990540
4088760
4044324
4054876
4060096
3981712
4075952
4033280
3974456
4011548
4074256
4037520
4013860
3987484
4030868
4011068
3911416
4064304
3998580
4006784
4078916
3999272
4001700
3943684
4032712
4023688
4070144
4009800
4001528
4039136
4121772
3955500
4068600
3998692
4082164
4024692
4024184
4013188
4005876
4016968
3977804
4038008
4010964
4007972
4038368
4386088
4160656
4086988
4100784
4027336
4083548
4076348
4042368
4096984
4152940
4090984
4054472
4013884
4053268
4045468
4227212
4093648
3992644
4105480
4127812
4131888
3986740
4129324
3965308
4084912
4039348
4016248
4051056
3985480
4001868
4020592
3998972
3967016
4047148
3965132
4030988
3968292
4028720
4051752
4025176
4080040
3992292
3946220
4012652
4067764
4015692
3972416
4018188
4094588
4045468
3985592
3958216
4004320
4092176
4052248
3988136
4023856
4071132
4041396
3970644
4082340
4013012
4098420
3958524
4066608
4012036
3999956
4009244
4047148
3982240
3967292
4017768
4087668
4057404
4043576
4003112
3999124
4058412
4035136
4052700
4929916
6517568
6919624
4012976
4028724
3995632
3971648
3936224
4020560
3970800
3987712
4127520
4116524
4057312
4000092
3995652
4004604
4030756
4019616
3985096
4071472
4065424
4087136
3973660
4030820
3975988
4083208
4017704
4069600
3995472
4013264
4056908
4001120
3969568
4043156
4530336
4149716
3994076
3984020
4049660
4027240
4019772
3967188
3962416
4029776
4037792
4033592
3975940
4071940
4032608
4071172
4033068
4005704
3990316
3942068
3974276
4043596
3972732
3991964
3964612
3972284
3996960
4017600
4007540
3999188
3933776
3978548
4012100
3954616
4026044
3993624
4041384
3987044
4008496
4055564
3994360
4009404
3952616
3994044
3966176
3989460
4026688
3972932
3985712
4037544
4005172
4037016
3968420
3984800
4050624
4020176
6157776
4379304
4018556
4024808
3992652
4022364
4014936
4014220
4056208
4025888
4051868
4072324
3959916
3974880
4013812
4014064
3984044
3983864
3958572
4001868
3947924
4090704
4047328
3932292
3957200
4014948
4006428
3976504
4128156
3974884
4043636
3958544
4047640
4037620
3990836
4130880
4056488
4084508
4063280
4018772
4032356
4013204
4014740
4060260
3965144
3986664
4004216
4031052
4041492
3975716
4022232
3998720
3942660
4031684
3980812
4007660
4103252
3998520
4020484
3967932
4006052
4081540
3965188
3978640
3984348
3984108
4050780
3990948
3991464
3988924
3987108
4027752
3990672
3983436
4033020
4026520
3924692
4059096
3963476
4005744
4063616
4115984
4099888
4054500
3991604
3959912
3968852
4059544
3967544
6454204
4192460
4033616
3957784
4084780
4010284
3918980
4007528
3953596
3901484
3926028
3852880
4012172
3925964
3992604
3955848
3929904
3942624
3891384
3976920
4009788
3910696
3983876
4012916
4006908
4026176
4055236
4074008
4026300
3975112
4045300
4035212
3967888
3987548
5868168
4192412
4063976
3917044
3874108
3925764
3935700
3995444
3909100
3968720
3937684
3920024
3944620
3885928
3870220
3927984
3874380
3934848
3863520
3933524
3948788
3911700
3955028
3961304
3885964
3967868
3939400
3926240
3951572
3942368
3978016
3921012
3998872
3899768
3926124
3962700
4017792
3956224
3895552
3961488
3857140
3962572
3843392
3966732
4035544
3992876
3936172
3938536
3922976
3948012
3870012
3917004
3898408
3910536
4314932
4200736
4071244
3978948
3961344
4077496
3958528
4033588
3970792
3960280
3962416
3999876
4017580
4008800
3953352
3951968
3845000
3915516
3963544
3889188
4006496
3984920
3994196
3883596
3923096
3998452
3956808
3927780
3921980
3869760
3928488
3907084
3949076
3956344
3914180
3942788
3911496
6577640
6474540
3972060
4162400
4025348
3987196
4041876
3993456
3995540
4017920
4005408
4076112
3993532
3990808
4060940
3950100
3963148
4030828
4006004
4001228
4093692
4080192
4048352
4035820
4004432
4056864
4020924
4041496
4026572
4071400
4052652
3956176
4049588
4106060
3958276
3977980
4016488
3947428
4001688
4038500
4025332
4072768
3938640
3991672
4007948
4004636
4036752
3991356
4081508
4040272
4072524
6802324
3983012
3970632
3998632
3966064
3963492
3885584
4055812
4036104
3968268
4075912
3997108
4002064
3996536
3972352
4069292
4043392
3933652
3976476
3981104
3910844
3943420
3904064
3983384
4067976
4049372
3950020
4104444
4565632
4173792
4019772
4088812
4049736
3990992
4021200
4017788
4048304
3996132
3937776
4096440
4006896
4068908
4016124
4030420
3991532
4012252
3947940
4030644
4031348
4012032
4072724
3952068
4021688
4052476
3972020
3990776
4029832
4038484
4045680
4040432
4044140
4030808
4038288
4009724
4026488
4043960
3986624
3990868
4003472
3997532
3982184
3997792
4029020
4031200
4060760
3953128
3978460
4054924
3958572
6505280
6427584
6220308
3970512
3894004
3936584
4051552
3983468
4041224
4021356
3982296
3930084
3934436
3998328
3988048
4002588
3991348
3971416
4026824
3927984
3919652
3942348
4005348
3907480
3939128
3954832
3976644
3956260
3944540
3964236
3981384
3987068
4024388
3935140
3944876
3975772
3985920
3964540
4015912
6500140
7063848
3920872
4039428
3944652
3918928
4013244
4045884
4027532
4088468
4088920
3996956
4053396
4022612
3949568
3989664
3997780
3990660
4013428
4058804
4062468
4052860
3958460
3964312
3999136
3957004
4001472
4023632
3930488
4057924
3969504
4081656
3996740
3936900
3991432
3979192
4000340
4148332
3985464
4055544
4036388
3926156
3989300
3952844
3954796
3979564
4053968
4007320
4164152
4037076
3967324
4033180
3940408
4024868
3995336
4065224
3969752
3980924
4041916
3993620
4044764
3966936
3987724
3979012
4013180
4042684
4088652
3961224
4067180
3983112
4020420
4004820
4057236
4091132
4009088
4014752
3965108
4040420
4060840
3978844
4010924
4043340
4038204
4016460
3918712
6552712
7115984
3913184
3872168
3953088
3942500
3897660
3995708
3959200
3910812
4082456
3966660
3947260
3976212
3962592
3985968
3930132
3988648
3919620
3999104
3965900
3886940
4018900
3945972
4014032
4019252
3920316
3915556
4008476
4032412
4012360
4007896
3991712
4023632
4013976
4047520
4035164
4029732
4047648
4088328
4014576
4075276
4041184
4014012
4209032
4060964
3995848
3980536
4076324
4002192
5222052
4112484
3895976
4025380
3977536
3993040
3902896
3892996
3967164
4038752
4026324
4060796
4017064
3980780
4070352
4033360
3985000
4002108
4000928
4069364
4033032
4072172
4003352
4007624
4027132
4045264
4010340
4090988
4017400
3981980
3994616
3941504
4049096
4054192
4000008
4107472
3959784
4010940
4028832
4012352
4003864
4023228
4157960
4067932
4141296
3962408
3954056
4025192
3962420
4072636
3970340
3969644
3955320
4002524
4016664
3941224
4007316
3958240
3988856
4004872
3986340
4063236
4052916
3982248
3966856
4004352
4041324
4057136
3973304
4068372
4025196
4010020
4063284
4050372
3967280
4075456
 
3992432
3999316
4097264
3951720
4104500
3998128
4001692
4043228
4023948
3997044
4030172
3989520
3987000
6581868
7146860
4023368
4019280
4093676
3874180
3940392
4015348
3955692
3942588
4033776
3999432
4013316
4021520
4025352
4003744
3985772
3968652
4009556
4022224
4008760
3992452
3965904
3997684
3980204
4020800
3993788
4054984
3996948
3880468
3999728
4006384
3942600
3997464
3962124
3976120
4002952
3977084
4063724
3999488
4029440
4040752
3976132
3980456
4078888
6371832
4428152
4124372
3991504
3987440
3982464
3979604
3985064
4010432
4026520
4104440
3956896
4033848
3977604
3984328
4029028
3946600
4002708
3970056
4053632
4049604
4045868
4023276
3993892
3970192
3969444
4050128
4004832
4096228
4014572
3995464
4031856
3968772
4086864
4014540
3999620
4036068
3982020
4052312
4027928
3997600
3989568
3972428
4040584
4078028
4045012
4146044
3975072
4052212
4151128
4136260
4187536
4146424
4048392
3978828
4117920
3997480
4222120
4063732
4049688
4065636
4069772
3988596
3957260
4069512
4077996
4012620
4197548
3965784
4771004
3882324
4070024
3865124
3904512
3895236
3902596
3930420
3853608
3876632
6610044
6443472
3936636
3997108
3959660
3962632
3918752
3917024
3931368
3877884
3948096
4005252
3885836
3896168
3888176
3952200
3903720
3975540
4012388
3926620
3991648
3972372
4011976
4052368
3965868
4048160
4011252
3937112
4074616
4102716
3990188
4000572
3959748
4017388
4043764
4060628
4039880
4031112
3992896
3980868
4000920
4004464
3911428
6643388
6556976
6872536
3973000
4005544
3986004
3997880
4057020
3993216
4055096
4093212
3966028
4048512
4004392
4006684
4064040
3983368
3984296
3956984
4004764
3995340
3952732
4072568
3997428
4044192
4025576
3989824
4058648
3927896
4034360
4106904
3958400
3995220
3953984
4016164
4065680
4058844
4069148
4096484
3988704
3902420
3988024
4033728
3966504
4016988
4059816
4035752
3957800
3925712
4131992
4109976
4080088
4001772
3997372
3971740
4046044
4003128
4017164
3932416
4021580
3924236
3979172
3956960
4021460
4056256
4016680
3996184
3935424
3970336
4005292
3963220
4053296
4023500
3969020
3991272
3936192
3975192
4036628
3939040
4040804
4049852
4021284
4037232
3969708
4009420
4080100
3890776
4036248
3981836
4031152
3991760
6373204
6509152
6874008
4020988
3923820
4025900
3944768
3970112
4009816
3940372
3931404
4001056
3978052
3980640
3973720
3959972
4012868
3967756
4035172
3967988
3942396
3910244
3848860
3988628
3926176
3878836
4003068
3934640
4073548
3979784
3933516
3950548
4044928
4005616
4044692
3988244
3953276
4009924
3987704
3989232
4014804
3971816
4016552
3966044
3971676
3993460
3970388
4048108
3961632
6923616
6554880
6920044
3910728
3937840
3959004
4045116
3980304
3945232
3928144
3840568
3898532
4066712
3892436
3932788
3908972
3987660
4040876
4008960
3980032
3978092
3941296
3952052
3884364
3923708
3905644
3942664
3994140
3961264
3939808
3915232
3917452
3967932
3981092
3955428
3933192
3917300
3900256
3995812
3971120
3968856
4002368
6592652
6554428
4258388
3930212
3857172
3930332
3921864
3854164
3899304
3946776
3852852
4020324
4022844
4078580
4038788
3949736
4004452
3925948
4022056
4079772
4017504
4016184
4022616
4051972
4034228
4002208
3993736
4037324
3944012
3970468
4082440
4055272
4045820
3956028
3992988
4071764
4021396
4033540
4042652
4024836
3994928
4007720
4060184
3997448
3947840
3962688
3919948
3982360
6500856
4310356
4025636
4000224
3945480
4058872
4042996
3949372
4077060
4013752
3955428
4112928
3953532
3973452
4027216
4036928
4019180
4064416
3991068
4111264
3939584
4003080
4035156
4022520
3982804
3966592
4026800
4022140
3933332
4058824
3970416
4038640
4012276
3979192
4009284
4043264
4018276
3981740
3956036
4070860
4043872
3981588
6649532
6594020
7094704
3911780
3938156
3951540
3984804
3926912
4000532
3880840
3967656
4001064
3880220
3897140
3893124
3916868
3990364
3944664
4003480
3976684
3968232
4025820
3971452
3977096
3962732
3951532
3947248
4001888
4000628
3974544
4034796
3995180
3975800
4014464
3949408
3977172
3983900
4003808
3975544
3955244
4002976
4006560
4037488
3963904
4029160
4083988
3982700
4055416
3930756
4012708
6499244
6407472
3914128
3892720
3913468
3922104
3938420
4021704
3966136
3995156
4044488
3950880
4008376
3957656
4080392
4065144
3980880
4010608
4016520
4000440
4016612
4009140
4026932
3997888
3989984
3996124
4070496
4055044
3987136
4042336
4052884
4067380
3982268
4051320
4013228
3946180
4017928
3956932
6440472
3961684
3998492
4059796
4034604
3968312
3958888
4032600
3961136
3903112
4039708
4122092
4016676
4022268
4045400
3937744
3996256
4093416
4071092
4078500
3990788
4067324
4161520
3959756
4083240
3988500
4010752
4062340
3987412
3989536
3982668
3991432
4013732
4023328
4025960
4053008
3991180
4043968
4071968
3960612
6640788
4153664
3962796
3950044
3955916
3988244
3977784
3945124
3961196
4006772
4052900
3981652
3986376
4003180
3982324
4045304
4023468
4011076
4096600
4048408
4043184
4014684
3986244
3978332
3982360
4018044
3970380
4028704
3996568
3991688
4021408
3993016
3997160
3981276
4036348
3941404
4094548
4143020
6448420
3955304
3919188
3947088
3896984
3984440
3977440
4044248
3907216
3998764
3999112
3883580
3963580
3933548
4037724
3939292
3966812
3952032
3900956
3954264
3956480
3950448
3950692
3887948
3958284
4026548
3992900
3933684
3913920
4022944
3931832
3878864
4012772
3935100
3971752
4027412
4004456
4015004
3897280
3874048
3992980
4009580
3929192
3847940
3983840
3989040
3996388
4039712
3974384
3939664
3995152
3949928
3926712
6410812
7008428
3968644
3964980
3847052
3910992
3957204
3900024
3961928
3956960
3925600
4050288
3931416
4025976
3988040
4027476
3994328
4003172
4081088
4032372
4024500
4036356
3979744
4017644
4043424
3957884
4040656
4023336
4005128
3970924
3994712
4056664
4039676
4018508
3994628
4010552
6486328
7072940
3992032
3935840
3985608
3921528
4006008
3896360
3926556
4013948
4013416
3932652
4017212
3976592
3953664
3975144
3973112
4023604
4061700
4003404
4046880
4048172
4015336
4025632
4002168
4019704
3939996
4048596
4087752
3991512
3968416
3984588
4029388
4085688
3983852
4020028
4045436
3975944
4070332
4073772
3980208
4046960
3962264
4036348
4066468
4067244
4089504
4012036
4028632
4081520
3968024
4067616
4009080
3996912
4027768
6434404
6473068
4013508
3948616
4025184
3961952
3971712
4029516
4005844
4052292
3969136
4061364
4078012
4016264
3946456
3968516
3994808
4004904
4105008
4075484
4015916
4026808
4010132
4011904
4211488
4044016
4026656
4000496
4059216
3940336
4106776
4032064
3956796
7449056
4206916
3996792
4036144
4007428
3970492
4031724
3970788
4067508
4005392
3981196
3962108
3947596
4054624
4027332
4019052
4004320
4067436
3981884
4058172
3973336
4018896
3949708
3959128
4035304
3962336
4081852
3999800
3937536
4001136
3921740
4007304
4008932
3989808
4090968
3961388
4038232
3985588
3980776
4039632
3995892
4035424
4100060
4084620
4002292
3989436
4457524
3906496
3934964
3912248
3906180
3945140
3989592
4021060
3993956
3951324
4113252
4037876
3953936
3841848
3979384
4035412
3882524
4040676
3907980
3930236
3970360
3945156
3971048
3997236
3957224
3992720
4001652
3965328
4123560
4000412
4001548
4092812
3943776
4044984
3967832
3953924
4043384
3969592
4030212
3977708
3989156
4035284
4091596
4062388
4162348
4138264
4034012
4004184
4078332
4141668
4025180
4004956
4039416
3958148
3998948
4033364
3980932
4061676
4054520
3962176
4046868
3957460
3994788
3934400
3893332
3960224
3861764
3896808
3905792
3903800
3886180
3941268
3896032
3937844
3928360
3956380
4004512
4025988
4076104
4054984
4064320
3999268
3966320
3976976
4019928
3964668
4078720
4018980
4014384
4020024
3960572
4063272
4008476
3961960
4059304
3934816
4048700
3976684
4054100
6378300
4168028
4216672
4040232
3961720
4016020
3975796
3989420
3999140
4099468
4019876
4070764
4022752
4033452
3975528
4009432
4054840
4024816
4066356
4069360
4031028
3980240
3958892
4012880
4059896
3930848
4066280
4006744
3950348
4036516
3968100
4055576
4042724
3994276
4623652
6984652
3960248
4267860
4028564
4010512
4015464
4035160
3989444
4052704
4083224
4118392
4120208
4183596
4147140
4033664
4069696
3947008
4050284
4008268
4018788
4055248
4060984
3995620
4080956
3967104
 
3967680
4010772
3988528
4044032
3947028
3976172
4040756
4029444
3955084
3988524
3977864
4025808
3979172
3953424
4015600
3991796
3987652
4193664
4115436
4049856
3975340
3953584
4030436
4031472
3988756
4015876
3996664
3977740
3939200
4010656
4058384
4015340
3998300
3953960
3991960
3980828
3964624
3968544
4028012
4048520
3919240
3994484
4014160
4005936
4013764
4062564
4075200
4053324
3993256
4027620
4033424
4330260
3994992
4046404
4032768
4027488
4024924
3945644
3958464
3993164
3998104
4037788
3947728
3990352
3985396
3970316
3971012
3962816
3919940
3942292
3984564
4033612
4010840
4035992
4002680
3993024
3997804
3928452
3949084
4015324
3955432
4002304
3996256
3959300
3944480
3984884
3951844
3991204
4054212
3983632
3955844
3991840
3993980
4009180
3988936
4010928
3958416
3918676
3896112
4014528
4011416
4010444
3997000
4030056
4049756
4005464
6522780
6824136
6890004
3902396
3915732
3913976
3962428
3936832
3853948
3942844
3944128
4012752
3950916
4060596
4044820
3997324
3936192
4024660
3942536
3983112
3982056
3960960
4015744
3982196
4039360
4006420
4012844
4029280
4015512
3997188
4019140
3965076
4099940
6529380
7024996
4071316
3869100
3916064
3894676
4006072
4051876
3921284
4022428
4004724
3913320
3919804
3962104
3960696
3947008
3988752
3911552
4019172
3855132
3995872
3901420
3924792
3959504
3905820
3975836
4026324
3994044
3945436
3942660
4019108
3935344
3921420
3961276
4002972
3984944
3925736
3996736
3986680
3889888
3973812
3890240
3900624
3960536
3939724
3924684
3905840
3990748
3925896
4219812
4054116
3999096
4030260
3893324
4022124
3927028
3918800
6731400
6405580
3913140
3924328
3895300
3968984
3884228
3880180
4003132
3916252
3944624
3934836
3916412
3994152
3937808
3960796
3928460
4034220
3979568
4004072
3914640
3978848
3938256
3957632
3945648
4008188
3937312
3921544
3926940
6561968
6435096
3915848
3939228
3866848
3998612
3936092
3890308
3977804
3919860
3920532
3908716
3993060
4026540
3939864
3903880
3997320
3911064
3924760
4004808
3959180
3966000
3893096
3929080
3912420
3904976
3968996
3872476
3929292
3976868
3904200
3949468
3894968
3995408
3876648
4025336
3905524
3974048
3838180
3917024
3978272
4046332
4051712
3937464
3995104
3949764
3993960
4046396
4005876
4035796
4037508
3941400
4001616
3982536
3963680
4022384
4029364
4170072
4023472
6501904
6643868
5479812
3894744
3976748
3993232
3970196
4029904
3969916
4021272
3934976
4034848
3976588
4017576
4019636
4014572
3941100
4017020
3991516
3918004
4086128
3986808
3981596
4097056
4007284
4021320
3999364
3939948
6567000
6760576
3926468
3918832
3880792
3941412
3961724
3934260
3955932
3944484
3920488
3857648
3895416
4012252
3868744
3967532
3935976
3959824
3989032
3964440
3899640
4039088
4020820
3956876
4023028
4021112
3973568
3963044
3971604
3987056
3991144
3991060
4006460
3940308
4029536
3960428
3895748
4004712
3961800
4004248
3964012
4039708
3971228
3976768
3975796
3994156
4017904
3964376
4008396
4001156
3974612
3984088
3973516
3989304
3990708
3989100
4032304
3961984
4072164
3922012
6444192
4175124
3960708
3991468
3991420
4051632
3983072
3929112
4001640
3962056
3993632
4008656
4008852
3990224
3991988
3965040
4032924
3976896
3954672
4023244
3995020
3943324
3938792
3930724
3965864
3971456
4010448
4018080
4017308
4043116
4097956
4033392
4123404
4103764
4096236
4025084
4070232
4043544
4044456
4035288
4055800
4090836
4062692
4105500
4037412
3964932
4007896
4085592
4041140
4069424
3976972
3992396
4200840
4062808
4068036
4012620
3980728
4096712
3988404
4069440
3998148
3961684
3997920
4007492
3961884
3990284
3936168
4032448
3963756
4015784
4056588
4110412
4066324
3897040
3962312
3966392
4034640
4025100
4054980
4009232
3940360
4001732
3998620
4063348
3950360
3969700
4026128
3959820
4017796
4037600
3966244
4009772
3981076
4030288
3970228
3983584
4013556
4015236
6412196
6490592
4946480
3888224
3887340
3967548
3949988
3933008
3854768
3984768
3952632
3904356
4056104
4021968
4026316
4001192
4018216
3982272
4040168
4019364
4070924
4005024
3965796
4016768
4068288
4056184
3948368
4005172
3972208
3992856
3965820
3953716
3982188
3981280
3979296
4018700
4065948
4006292
3977804
3960128
4010756
3984768
4005540
3936468
3973836
3997284
3979588
3992624
3956504
3974076
3969644
3959296
4002872
6131640
3977588
3930204
3939612
3943020
3980964
3924588
3956012
3989368
6323016
4181028
4175408
3982848
3964404
3949696
4031940
3948820
3990856
3929988
4061972
3919420
3980116
3996928
3944180
4147224
4139056
3993112
3940188
3971520
3946068
4028288
3977040
3998280
3985340
4064568
4022912
6675948
4040512
3992956
3890564
3914200
3872544
3944820
4023724
4031196
3997056
4073708
4030840
4046288
3978936
3997280
4012004
4059572
3984936
4046364
4013092
4020096
3946664
3971888
3937088
4008384
3983672
4014224
3980796
4054468
4048852
4033560
4067140
3925944
3982348
4048060
3906952
4019788
3927760
4004600
4080292
3985668
4056948
3998948
4029412
3983408
4001636
3951848
4108376
3963276
3958684
4033232
4024252
4055188
3996308
4112364
4102852
3994576
4000116
4040160
4047916
4006408
4022088
3981992
4049512
4029388
4404928
3949444
3960172
4044184
3994940
3965428
4027100
4016692
4064704
3994544
3986080
3933108
3971460
3987576
4024484
4017688
4042800
3986868
4046440
3996140
3943452
4004604
3977364
6458076
6757596
3843748
3910676
4063780
3928092
3928772
3905724
4018008
3951976
3983540
3990644
4059772
3980120
4093672
4015972
3970036
3944564
3933900
3954304
4055428
3983708
3925232
3930836
3992720
3998392
4109716
4012964
3963900
4059040
4012736
3944428
4046536
3967016
3926852
3981392
3993492
4045736
3974960
4002932
4080840
3930324
4102392
3982116
3911672
4034632
4008932
4021184
4069012
3932112
3981100
3920600
4014948
3994512
3978748
3966704
3952160
4025252
3949332
4100624
3996788
4047532
3974552
4044136
4001868
3994304
4149972
6537156
3888164
3933488
3934268
4004316
3955992
3901580
3957792
3885464
3998500
3876564
3976856
4020704
3936560
3902732
3934256
3849100
3985868
3841928
3871180
3920144
3893020
3986572
4282392
4115256
4135004
3982980
3970796
4001404
4021312
3996276
3932956
4077316
3965744
3972188
3982064
3984924
3972580
3994008
4009584
3962552
4013984
3986700
4001092
3989360
4018808
3978080
4034892
4046544
4078652
3975316
3946788
3939108
3970092
3955512
4019496
3978512
3941148
4001168
3970664
3947560
4023976
3926296
3970608
3964652
4015044
4037700
3989108
3995276
3975476
4023168
3923228
4021408
4007972
3952516
4067880
3972268
4080600
3950560
4008204
4102164
3917332
4038868
4008852
4001312
4028464
4005288
3961764
4027504
3933132
4022484
3978504
6523416
4109104
3937944
3886080
3930244
3887112
3858536
3948924
3866440
3996520
4041520
3893420
3922260
3921500
3952000
3955808
3941772
3958540
3912804
3880560
3985332
3848172
4142680
3871072
3958240
4109772
4032740
4053900
4245660
4028796
4123896
4014604
3956000
4045176
3936492
4099792
4079124
4050104
4011416
4097872
4149120
4035268
4029368
4011916
3946444
4061072
4059076
4029876
4005192
3940444
4006388
3990444
4004668
4037728
3961872
4017192
4006208
3991720
4105756
3976452
3947500
4102248
3924700
4037936
3982096
4901480
4017812
4004756
4023772
4040184
4052676
3990488
4005716
4018756
4031132
6457212
6462724
3911308
3970104
3963436
3945260
3948184
4014112
3935628
3913284
4025056
3907516
3948176
4009856
3934964
3990388
3948832
3963788
3983348
4021148
3957500
3887580
3843352
3944876
6626000
6942664
3930720
4010488
4060192
3906900
3972112
3940344
4003640
3944388
3931288
3856012
3952260
4007544
3908116
3945484
3865240
3950252
3900036
3955928
3903044
3893584
3939816
4055360
3898240
3948344
3941704
3915600
4038280
3942368
3922420
3944860
3951876
3989476
3981952
4009840
4044228
3907440
4038400
4040184
4068948
3982716
4007600
3938248
3965476
4139200
3939412
4052896
3962464
4057956
4002112
3941784
3944748
3942696
3946324
3952612
3996748
4076940
3997184
3993680
3996316
3981332
3957576
4044404
4017848
4017548
4011656
4012600
6486536
6421500
4054072
4036664
3969100
3988164
4005408
3992548
3967708
3979044
4066252
4062612
3972996
4017004
3986328
3948384
4038628
3947472
4034448
3988672
6375876
6863448
3943308
3929080
4003656
3952220
3970948
 
3915552
3919760
3916528
3906136
3961084
3881940
3990660
3934700
3909152
3844296
3969124
3912928
4051180
3954296
4035380
4043472
3961016
3953388
4012332
4008124
3925360
4002528
4001924
3967196
3940056
3951972
4010756
4049996
3974260
4019368
3997024
4019368
4036996
3954476
3983268
3979556
3981052
4037180
3993640
4004588
4073144
4012288
4075500
3971660
4028252
3961172
3976628
4040780
3953896
3970168
3980052
4038712
3976952
4007604
4063256
3955916
3905504
3965936
3922196
4007016
3866888
3900664
3947784
6454828
4057912
4140616
4000864
3921152
3928512
3992180
3950540
3993184
3918672
4004904
3959104
3978432
3984356
4023400
3982636
4026608
3923056
3977732
3972344
6529360
4301620
4451976
3969652
4051780
4016968
3962652
4031780
3968392
3985940
4049612
4008156
4032184
3990188
4039392
3935648
4035988
3965080
3938576
4019924
3983340
3999936
3990080
3952840
4058188
3962068
3977428
3960516
4008516
3945504
3979064
4022304
3974196
3953716
3992624
3996528
4011748
3968136
4016968
4027184
3958044
4019208
3947048
3989392
3999548
4025040
4046324
3947368
4045184
4003568
4028928
4017940
3915416
3980972
4006964
3994804
3989164
3953368
3859628
3932332
3905300
3886052
5884092
4045984
3953520
3897336
3868032
3874876
3882940
3955828
3889828
3857276
3867560
6399620
6929360
3936360
3927068
3898920
3868272
3839028
3919232
3982376
4011940
4023496
3887532
3884292
3895764
3945800
3939724
3889688
3954196
6539904
6464900
6796788
3869268
3984956
3937584
3989944
3935568
3892036
3899176
3918672
4024116
3965508
3900908
4044848
4003860
4046816
4008168
3987312
3978252
4002824
3958168
3913948
3957336
4006304
3979128
4024488
4044064
4010572
3989020
4003560
4032640
3990852
3984264
4061628
3901128
4091888
3958832
3998572
3937756
3961616
4033656
4004260
4003856
3997356
3965428
4012336
3979552
4020104
4024624
3999148
4006220
4022200
3988848
4041320
4011080
3956404
3972328
4009948
3963324
3991328
4012684
3987252
3999796
4010008
3932532
3981876
4054268
3968156
3864660
4089316
6458288
7001728
3913560
3946492
3954780
4069376
3891620
3874704
3945428
3971372
4016836
3975452
3916652
3889228
3927328
3853500
3954968
5602092
4068120
4004580
4084580
4076840
3999932
4058352
4036588
3933904
4135704
4014168
4100604
4038896
4112968
4121736
4106168
4060116
4128776
3941568
4071264
4055836
4099916
4145672
4061460
3949704
3946568
3982544
3972988
3861852
3965992
3946140
3873736
3922192
3938848
3927940
3937820
4020140
4069148
3940116
3995220
3976248
4079668
3970968
3939404
3987684
3919796
4027660
3967712
4025232
3948420
3980824
3873048
4034672
3943420
3995372
3908324
3991708
3933236
4026420
4017840
4013864
4324964
6571380
3917980
4000160
3957868
3913284
3910244
3914892
3951292
3963088
3915480
3966692
3938948
3888088
3965952
3892068
3927568
3992232
6495276
6893620
3984124
3953888
3935716
3908936
3997592
3866396
3926216
3954112
3946024
3982944
3900076
3917548
4019092
4037168
4021440
3954604
3976012
3976580
3998452
3997596
4020880
4076044
4089840
4002908
4052096
3978356
4024404
3956884
4086908
3977880
3908020
3965988
3927388
4020240
4020852
4045592
3980844
3985360
3920948
3925956
3979624
3904264
3982144
4005316
3899024
3935088
3914140
3939396
3877976
3987436
3941488
3908636
3968980
3993888
3892096
3979336
3892848
3960872
3931552
3954588
3847380
3931724
3897804
3983480
3985700
3988376
3999764
4004808
6583444
6376412
6766036
3826620
3831320
3966452
3943572
3962904
3960836
3946196
4063056
3934592
3973756
3938452
3893956
3872432
3997000
3989056
4127368
4065040
4338876
4032624
3931224
3997052
4008036
3989092
4041464
3945876
4027316
3963824
3993668
3967300
3993736
4014136
3969108
4042180
3995904
3971236
3983388
4025188
3984316
3908188
3961360
4068392
3944360
4046300
3994128
4011756
3920296
4084060
3992708
4004252
4010408
3964356
4003368
4053700
3969968
4000284
3971272
3957776
4036552
4025004
3987632
4028072
4003864
4048348
3989616
3992828
4004780
4010600
3982960
4098988
4037988
3937324
4025232
4045036
4018576
4043392
4009404
4040076
4012172
4044840
3974152
4065380
4033404
4062392
4050212
4021936
3900376
3956324
4020196
4034448
6352552
4014328
4359516
3911604
3899444
4029252
3884736
3981860
3981660
4021044
4008380
4002988
3961304
3967028
3987340
3972404
3924388
4314588
4015452
4065688
3972796
3978524
3954124
3933380
3967216
4017336
4015096
3936232
3967972
3949832
3970976
4004888
3918164
3993632
3930988
3850596
4067724
3958164
4011836
4048116
4076940
3969104
3954428
3970124
3930436
3976496
4004124
4018628
4025280
3967032
4036852
3954152
3983768
4044684
4000164
4008424
4049172
4100892
3982148
3937452
3928108
3944568
4117568
4073628
4021672
4013332
4039360
4035664
3941000
4044072
4010700
4061464
4015664
3957300
4085660
3994752
4094984
4010664
3958940
3970308
4010344
4069668
3975796
3973368
3992376
3983216
3994592
3946908
3937736
3924488
3917972
5428676
4201156
3894340
4013372
3943160
4018332
3969784
4033160
3979184
3936800
4042780
3999936
4078340
3983736
4018600
4018180
6406904
6930796
3855968
3961560
3919272
3874588
3956816
3934884
3888428
3944116
3854024
3908772
3910340
3952692
3917248
3884084
3970740
3850564
3917468
3885496
3898692
3952548
4002404
3924308
3853016
3929412
3949996
3869836
3923976
4040112
4013052
4002668
3984880
3951408
3933068
3998528
3942624
4006872
3933480
4041956
4007024
3927744
3982844
4030400
3946920
3951112
3962444
3952728
3959532
3989684
3979796
4058748
3993420
3945176
3964040
3947416
4098876
3996532
3962556
4005312
4022932
3974128
3993972
3908936
4023376
4025952
4010316
3974532
3974716
4025696
3986636
4055264
3976560
3979736
6974060
4010280
3916084
3856848
3975612
3845128
3932884
3925724
3856680
3921004
3853216
3887904
3893984
3913728
4253204
4100676
4025776
4034680
4067860
4003448
4017300
4154744
4142240
3986612
4013232
4001376
4023956
4017576
4034836
3926224
4083720
4140900
4132760
3976728
3944136
4140760
4109876
3963448
4125852
3956248
4045200
4058712
3942548
3950788
3933340
4019500
4007264
3964460
3994920
4005020
3904556
4008032
4013088
3992840
3996080
4017436
4036108
3954708
3956204
3925452
3923628
3920484
3976144
3972972
4020860
3907112
3849688
3957812
3898320
3950804
3978916
3886024
3960672
3865740
3959756
4044192
3983924
4088560
6729964
4142024
4017672
3987244
3989152
3994364
3958800
3959012
3981096
4028108
4008856
3988216
3997692
3995004
6513712
6741236
7088720
3876736
4026440
3996540
3939384
3900244
3948280
3955076
3961904
3957248
3937072
3955540
4002404
3997096
3962468
3983688
3974100
3982444
3914848
3980696
3976216
3937124
3988988
3987300
4053372
3964032
3995000
3977740
4013340
4012848
4013268
3971672
3944876
3981284
3930452
3958760
4003288
3948292
4004312
4052188
3946104
4024188
3963180
4023576
3968320
3952508
4015344
3919680
4017720
4073036
3899796
3943860
3936968
4028392
3968012
3949628
3970036
3975452
3946472
4018724
3932108
3980320
3936048
3944076
4007172
3995512
3995300
3995972
3960988
4040716
3948700
3948300
3895988
3935772
3878124
6984744
3953804
3977944
3925452
3858924
3867276
3835776
3916104
4010292
3991332
3901032
3869056
6373652
7011752
3924216
3885536
3995128
3957932
3913248
3968884
3906172
3966244
4005448
3911736
3965420
3938696
3954672
3907824
3937016
3957156
3948100
3935668
4012532
3977196
3952700
4007388
3978212
3991636
3996980
3984376
4006700
3969964
3993812
4020704
3959384
4093400
3993784
3978044
3958720
4036984
4024196
3936196
3950180
4088520
4000360
4007836
3997752
3940424
4015184
3940508
3943540
3980928
3992260
4021032
3933192
4006672
3928752
4038992
3929572
4025012
4016876
4052200
3976340
3960540
4018484
4003880
4017400
4005276
4061180
3997104
4006940
4037420
3997020
3889024
3930672
3988504
3935732
6501068
6438764
3947156
3897100
3914940
3962612
4035240
3918204
3904196
3919436
3908832
3916332
3872832
3835452
6608176
6385568
3895768
3972368
3995528
3871080
3868852
3887916
3914708
4009516
4090804
3957624
4003816
4037088
3995620
4050184
4007664
3969132
4003112
4019544
4027516
4045496
3967888
4019904
3928536
3946220
4019564
4012684
4013940
4051620
3969552
4044344
4069676
4004872
3997592
3941644
4001540
4096032
4021832
4065464
4029068
4059360
3979008
3963632
3977504
3947844
 
