Procesando...
  Filtro             : sierpinski
  Implementación     : C
  Archivo de entrada : lena.816x512.bmp
49834552
49659276
49634252
49545696
49734972
49534116
49573352
49730164
49591920
49584008
49719976
49595172
49583612
49743588
49570668
49569260
49723724
49598216
49571468
49746508
49562388
49591248
49695016
49591768
49531112
49726648
49535972
49610956
49746844
49586532
49569464
49736464
49704424
49648260
49746648
49595080
49583996
49748680
49590980
49589068
49856548
49565528
49583156
49771212
49577948
49557468
49790980
49618908
49598400
49713152
49566292
49557348
49737840
49595392
49604228
50049996
49581556
49589420
49720732
49594848
49602492
54468868
55058516
49628692
50638300
49635900
49688580
56448168
52241416
49605920
49762836
49581120
49598348
49714640
49580252
49590948
49747628
49629644
49564304
49725716
49581288
49584340
49718624
49619968
49627240
49605404
49647952
49633084
49655692
49669624
49664728
49782516
49714984
49713752
49713316
49615028
49685144
49772360
49592272
49832644
49649228
49591604
49645780
49751600
49604752
49682552
49705336
49611024
49663516
49733332
49656908
49707900
49758788
49598816
49622232
49686740
55565732
49660140
49671576
49584368
49652580
49658416
49558228
49608876
49641384
49596492
49558184
49658860
49631360
49671244
49670832
49734944
49554092
49662736
49673508
49768416
53800000
49664240
49574156
49670392
49694180
49580260
49645212
49759456
49533192
49659636
49713756
49580984
49612492
49723984
49608920
49637676
49732524
49571772
49641336
49753064
49586820
49623148
49739084
49536620
49692948
49671288
49632756
49652448
49719036
49548152
49616640
49723576
49586408
55760212
52881548
49547464
49566468
49673044
49697500
49634908
49747804
49583468
49643656
49684808
49593052
49595696
49759636
49556964
49755176
49754492
49608712
49603200
49750348
49603436
49640792
49747340
49623036
49606128
49733272
49585124
49607456
49684724
49589568
49571284
49730088
49608720
49561636
49708360
49583120
49584512
49686660
49582824
49604684
49998796
49617624
49615944
49707688
49582208
49605652
51124668
50059476
49909792
49691608
49626348
49565092
49703396
49622428
49564880
49689172
49584100
49626240
49666720
49615664
49576736
49710624
49545020
49610288
49749672
49581480
49572016
49687888
49641320
49657472
49718076
49588364
49615964
49677380
49575404
49571040
49710312
49561576
49591484
49685276
49619100
49546100
49718684
49571060
49582292
49722032
49574396
49596124
49695632
49547156
49554232
49692044
49569892
49579340
49704560
49614816
49563360
49729500
49551644
50663044
50883708
49551816
49612652
49686492
49578000
49622108
49725248
49584184
49580368
49723448
49578568
49622876
49716580
49917152
49634380
49758176
49561948
49601392
49725160
49601396
49584400
49706796
49556060
49598756
49698768
49583968
49548336
49728832
49534084
49575240
49703264
49581472
49569500
49718200
49540256
49592980
49573124
49629892
49611752
49667672
49568860
49625724
49684916
49584936
49650200
49722928
49634764
49609096
49715500
49586296
49644308
49684796
49586204
51162004
49950056
49580264
49648572
49701708
49605052
49654872
49666804
49591368
49650180
49678528
49584800
49640036
49691164
49585520
49644936
49653956
49589712
49672068
49711756
49609636
49674156
49689620
49621308
49948704
49714988
49586480
49657772
49671708
49648316
49626612
49685648
49645788
49696808
49684560
49693708
49688440
49686092
49735532
49704608
49702792
49624060
49640688
49661008
49631072
49585748
49662716
49689144
49637976
49683852
49635256
49706088
49635668
56199692
52496544
49705292
49665824
49567280
49602404
49593116
49588972
49596280
49619972
49566728
49611284
49760696
49552292
49627684
49626796
49637084
49613016
49670656
49654124
49646976
49716480
49629960
49649192
49714424
49629664
49646876
49703736
49572592
49642752
49690676
49623060
49626072
49777072
49593148
50033212
49768396
49585900
49608936
49765516
49563264
49654724
49712412
49589852
49603236
49680268
49579924
49609220
49847472
49554992
49630824
49767724
49570880
50057336
50886656
49525072
49725296
49738304
49597420
49639584
49725240
49575404
49644960
49717616
49582368
49636136
49736892
49550824
49646264
49715288
49575108
49600708
49740896
49526272
49628344
49682372
49598520
49634488
49742104
49591664
49612292
49756324
49614252
49600236
49723456
49595992
49599588
49735640
49600956
49656528
49710304
49620396
49599232
49692152
49559184
49600580
49660024
51670048
49792372
49738592
49592280
49589532
50282616
50957724
49833684
49801164
49606996
49579964
49726524
49576904
49578400
49722996
49584500
49588712
49655908
49597424
49586076
49696888
49566196
49594872
49635016
49578308
49838492
49713852
49561084
49579012
49671224
49584324
49554772
49705620
49578160
49582696
49698844
49600460
49589464
49708416
49592832
49597064
49680640
49564444
49591544
49711856
49587748
49580720
49716988
49569964
49631424
49697908
49591820
49564092
49711724
49542040
50711252
50405356
49575748
49730204
49731684
49650816
49598212
51594160
50213420
49588500
49730312
49590800
49611204
49711940
49580620
49574076
49707620
49561408
49645480
49678228
49610988
49552420
49745860
49531336
49583136
49721548
49575800
49597112
49705336
49595000
49587820
49709276
49559636
49582844
49716992
49570448
49632724
49727760
49570024
49570380
49749616
49544996
49606000
49691200
49565844
49612388
49726560
49577508
49590076
49747080
49575732
49599968
49680900
49557912
51244512
50099892
49591036
49554584
49752220
51596972
50204164
49728116
49560508
49602816
49723896
49594312
49635488
49735972
49607372
49611240
49731456
49547204
49577340
49708716
49539520
49615052
49720780
49582884
49618456
49570980
49624216
49641260
49636804
49573132
49616340
49647596
49573552
49631472
49662084
49572092
49651916
49650712
49598252
49622012
49664868
49610064
49625428
49691820
49590280
49653308
49695244
49573200
49671860
49667516
49557212
49670396
52102224
49623532
49716260
49666468
49564456
49622016
49675076
49575120
52210904
50710576
49545240
49640668
49633708
49579112
49628452
49666152
49592652
49641892
51225000
53807856
53800884
53833868
53765588
53762788
53810312
53805172
53745312
49611408
49616140
49613652
49665620
49595892
49621292
49644704
49608596
49632780
49639600
49658008
49636348
49652484
49610024
49620636
49720024
49568316
49610188
49663236
49647140
49624692
49636868
49642544
49602992
49639272
49702508
51428804
55771508
49614812
49608940
49626340
49663644
49570736
49642444
49656648
49655052
49629060
49674132
49594884
49632568
49689512
49622204
49657076
49678372
49656336
49629336
49687112
49607148
49655732
49685292
49617404
49631372
49700892
49599940
49663092
49673604
49628688
49623340
49699900
49585144
49644764
49678600
49635944
49580224
49699784
49583944
49648548
49704508
49602356
49996920
50894896
49604472
49645520
49715352
49581628
49612028
49707392
49565500
49628212
49694020
49582960
49598052
49714484
49574932
49667048
49695732
49591576
49612056
49747068
50122208
50914204
49784148
49529404
49656284
49670940
49579820
49638936
49730204
49590264
49639904
49710824
49580180
49615388
49728520
49596892
49635220
49668972
49594396
49602852
49678944
49536536
49594448
49685580
49576120
49587360
49727840
49547224
49610328
49705972
49695948
49614804
49707464
49604816
49572384
50909796
50854196
49550520
49666900
49582908
49517516
49706296
49583648
49598184
49700796
49584916
49592252
49692192
49588292
49572532
49695456
49596020
49611776
49699944
51351828
50170204
49670408
49583040
49571044
49684676
49522940
49611748
49727268
49547684
49602612
49689004
49599012
49550688
49700740
49550120
49616416
49681544
49547600
49612644
49683932
49583280
49557932
49709216
49521748
49612804
49691316
49625956
49631704
49690148
49574000
49564484
50719992
50164212
49621176
49710224
49606820
49576484
49723012
49590488
49568088
49709492
49595456
49594932
49722896
49571100
49586384
49734208
49585040
49576840
49719292
49577036
49585684
52095164
49777020
49649320
49704076
49598384
49587008
49683288
49581660
49584004
49717208
49543592
49590048
49728612
49591240
49608616
49721272
49598788
49640240
49739936
49586244
49608636
49742632
49566104
49610384
49743808
49582960
49617376
49826304
49516624
49602576
49689312
49591164
51542000
50553152
49606744
49628180
49716240
49551328
49622348
49733284
49583252
49596568
49748220
49595700
49617916
49702952
49582448
49603524
49720688
49585404
49634652
49734552
49608396
50715168
49898672
49598816
49588864
49692112
49571692
49553464
49726024
49577660
49598292
49623368
49588076
49618200
49588020
49573612
49524868
49649964
49603140
49628568
49592668
49623968
49627844
49721672
49500232
49564828
49622968
49613648
49583572
49598900
49592176
49575252
50694340
49612676
49578720
49702520
49581364
49943884
49716284
49580128
49594720
49750124
49598936
52472452
49966780
49535764
49588856
49684680
49594332
49624756
49708744
49563000
49594208
49728976
49604156
49576608
49734652
49575004
49591544
49770504
49582788
49567928
49715564
49557456
49562672
49752352
49594968
49569188
49713980
49701804
49571364
49706180
49540284
49569552
49720064
52627208
49809176
49730148
49572460
49587060
49695504
49581344
49576832
49712500
49541484
49583936
49673632
49563556
49544448
49590120
49768552
49607768
 
49661676
49734964
49637000
49605896
49736580
51249684
50427976
49673920
49553636
49616908
49694588
49584380
49588960
49709488
49579820
49569176
49727344
49579380
49606256
49702768
49585084
49569788
49715024
49568204
49591000
49653540
49608440
49570284
49664620
49580116
49593316
49631740
49616520
49662988
49669096
49566700
49571508
49659372
50580308
50753156
49620240
49585820
49541492
49694696
49587696
49572800
49670708
49590656
49568096
49721280
49600924
49597520
49677800
49583804
49576448
49711764
49600304
49592420
49677424
49589888
49567652
49694944
49578680
50672524
50430988
49538232
49591588
49730080
49559300
49601044
49687744
49601188
49585336
49748348
49589844
49593164
49733916
49590552
49563568
49742176
49559356
49585956
49735780
49601660
49574156
49735548
49572220
49605396
49710812
49591728
49570536
50743228
50378012
49594780
49729236
49588652
49600548
49734696
49615652
49568360
49714356
49585124
49605256
49732392
49581332
49590856
49693600
49608256
49584716
49748508
49582900
49559724
49739924
49580464
49584984
49703632
49592260
50774864
50399004
49579948
49600192
49717312
49591652
49583500
49578896
49550716
49588012
49573520
49598044
49549496
49641576
49546268
49623956
49618880
49633644
49606616
49707824
49572048
49574264
49721844
49688424
49605760
49573900
49698436
49577352
51127128
49734188
49585652
49611300
49686024
49584984
49578620
49663644
49578612
49578348
49678352
49580964
49572756
49641160
49589564
49561316
49700368
49550040
49581036
49645088
49592048
49778376
49722904
49596608
49543176
49671880
51238572
50553736
49736092
49584528
49589992
49678012
49585200
49581352
49716724
49556900
49579964
49693312
49593764
49553956
49712608
49569528
49578824
49717316
49576296
49590324
49703884
49582960
49659656
49759492
49545336
49602380
49646744
50324400
50790816
49660824
49547528
49558260
49702848
49577668
49561016
49717012
49537160
49579004
49749580
49581832
49573980
49726412
49630008
49584480
52043896
49842032
49587732
49710776
49558252
49585876
49669528
49571104
49588672
49729016
49598900
49595272
49736760
49571276
49591868
49727676
49611092
49601824
49726444
49577324
49616108
49723552
49628856
49595456
49733224
49587888
50818164
50403568
49597940
49575916
49734184
49561184
49630192
49712812
49587336
49568408
49707680
49559560
49590392
49683676
49599104
49557156
49728944
49578624
49580572
49733160
49576856
49585780
49712612
49596692
49604688
49731388
49578548
49605148
49693364
49569620
50785420
50867008
49588004
49601868
49703628
49597472
49611816
49729100
49592088
49617444
49702316
49578796
49564496
49669716
49571096
49580628
49565448
49600556
49584740
49575408
49636208
49640624
49616716
49611176
49642948
49618860
50850992
49877036
49640296
49604784
49615712
49620484
49628856
49608920
49602400
49620228
49604972
49626620
49687520
49621624
49644804
49643340
49624196
49621620
49651212
49611156
49623252
49654476
49620828
49601532
49675704
49600976
49620988
49637824
49607044
49626756
50929280
49715148
49606804
49665472
49594992
49593376
49645248
49607012
49606428
49668476
49597708
49597636
49692176
49573200
49606896
49648892
49586636
49614520
49717888
49581040
49599168
49675868
49598488
49613140
51107964
49650968
49620748
49676324
49595080
49603188
49672048
49575012
49588872
49643884
49586000
49595100
49697164
49612900
49599684
49702844
49577556
49623884
49670252
49604792
49587644
49682992
49562844
49578936
49763716
49575204
49618700
49727472
49566936
50072152
50861832
49525000
49642460
49673240
49587808
49620872
49717288
49585900
49645616
49745640
49581032
49630744
49724644
49614128
49601056
49745764
49585244
49664284
49737824
49560308
49645652
49706732
49588500
51171800
49826372
49587404
49592444
49709144
49586036
49599204
49665644
49591260
49607724
49731312
49560420
49609948
49673432
49569088
49602748
49692280
49577600
49577096
49683560
49584796
49572760
49713448
49538208
49580532
49716600
49583436
49602564
49689896
49607044
49574484
51127420
50204056
49540736
49709880
49586500
49565512
49710544
49566204
49564300
49701576
49570468
49572084
49653004
49577996
49579160
49694900
49628012
49567788
49728508
49512424
49583596
50096992
50780836
49589164
49682160
49546188
49554156
49718980
49549388
49570352
49682128
49573664
49584324
49738568
49595896
49558616
49706256
49631964
49601768
49705468
49601372
49689476
51180104
49585492
49580120
49719708
49590644
49590392
49735676
49608784
49606964
49731740
49582532
49577660
49709540
49589472
49568532
49754868
49567076
49583820
49809228
49608492
49548292
49724584
49573136
49796920
51195352
49635000
49601652
49741272
49559548
49606584
49683500
49591552
49600784
49719344
49555652
49593424
49674896
49574852
49571680
49706256
49555964
49595976
49566680
49584800
49608300
49610544
49591488
49605784
49666692
49574828
49601424
49630912
49620328
49610252
49658312
49570676
49594744
49619948
50294948
50516492
49651192
49562548
49630512
49618004
49606908
49594732
49640968
49557140
49598384
49613580
49577312
49572936
49633568
49579064
49616628
49614852
49592020
49606904
49618796
50586592
50708032
49581080
49599364
49564176
49603368
49574784
49566368
49566844
49614320
49585864
49656420
49610776
49576632
49600568
49600996
49599324
49585684
49600596
49600264
49609040
49590336
49606116
49542760
49658980
49579052
49595916
49548588
49567796
49578976
49694944
49595876
49592384
49615372
49614136
50595372
50472524
49590416
49667736
49589232
49614720
49614100
49553704
49596536
49661088
49564056
49618948
49643608
49605032
49599276
49678484
49587676
49618632
49759148
50782800
49700096
49686016
49558108
49619656
49614428
49588648
49609972
49661648
49556240
49619312
49591948
49590948
49632752
49651688
49573512
49584332
49578776
49562972
49600496
49617760
49595656
49588428
49584200
49598280
49632244
49638044
49567292
49626236
49605964
49636408
49604216
49647336
49621212
49582824
50127032
50610336
49612456
49612460
49599048
49552852
49594844
49547368
49555836
49621076
49629348
49594460
49628180
49631340
49618544
49597352
49624208
49689688
50780544
49593612
49604800
49559252
49600268
49575872
49591304
49616800
49596764
49595680
49637044
49596028
49612420
49634928
49563036
49648160
49642040
49620280
49585644
49663456
49584972
49601928
49627384
49598640
49593976
49664624
49606088
49589480
49667672
49581872
49615040
49642272
49601628
49575772
49677236
50484520
50576608
49647528
49589340
49615260
49645688
49579364
49623352
49652588
49594140
49567016
49688000
49553800
49603352
49650084
49596260
49575240
50348788
49583636
49620876
49665712
49595964
49610648
49684628
49586288
49630400
49681868
49604776
49602224
49663208
49611380
49563372
49694472
49575748
49585272
49671004
49572256
49593820
49976136
49561408
49606700
49715584
49574400
49622440
56643844
49897556
49594928
49700268
49571084
49602368
49707752
49593988
49617904
49639144
49645040
49578668
49689116
49590656
49608036
49693292
56741440
50925724
49700892
49555212
49605108
49652880
49562436
49562324
49698012
49558248
49612264
49718192
49575524
49578900
49726220
49575484
49617836
49723188
49574676
49649180
49745452
49659344
49604344
49710168
49582176
49608648
49700104
49572732
49562280
49686692
49542632
49619544
49713600
49576408
49622972
49715880
49624008
49577488
49684164
49573856
49592956
51923768
49705708
49601996
49693996
49568060
49595912
49714928
49569292
49621944
49664508
49580404
49594760
49723680
50884412
49943928
49712800
49516916
49599016
49715696
49581444
49584360
49694040
49578952
49578972
49673040
49555476
49587792
49709800
49588872
49586528
49716624
49564424
49589636
49677504
49566072
49600008
49711932
49574956
49582052
49703980
49553224
49541308
49697364
49590684
49599656
49716628
49578148
49621872
49739036
49584268
49629128
49724044
49590988
50801760
50243548
49549380
49606228
49685564
49580080
49579548
49727828
49594880
49575424
49725936
49592600
50799768
49810128
49576780
49605184
49696888
49535476
49570640
49646528
49570320
49591364
49723408
49595616
49580356
49750556
49567096
49604384
49747080
49599196
49582648
49718272
49571160
49577416
49712264
49570392
49581608
49713544
49596164
49583464
49735472
49572488
49590248
49688704
49592080
49569900
49720132
49554740
49644032
49667788
49573984
49600584
49675716
50014676
50713932
49568116
49593040
49596692
49630008
49586292
49577108
49715292
49599004
49599964
51900416
49800568
49630240
49577708
49617232
49600628
49660564
49568600
49607704
49574220
49592728
49558340
49716620
49559896
49586656
49714700
49568140
49603808
49731008
49609844
49580776
49739000
49573452
49602280
49709140
49594232
49587964
49686620
49594552
49603620
49701604
49577244
49582268
49690536
49631864
49628136
49723740
49655800
49590432
49574168
50843432
49704416
49613716
49603076
49596020
49750772
49595424
49612340
49583584
49613288
49555592
49614684
50973968
49624804
49637516
49568696
49556612
49629240
49579088
49587916
49656168
49568012
49602256
49686812
49562848
49630964
49640900
49604640
49598908
49676408
49565012
49631412
49613560
49586760
49594620
49680224
49562512
49608124
49594620
49623756
49586164
49641212
49581764
49629476
 
49859220
50911564
49631820
49658856
49589036
49604608
49593312
49621012
50110228
50590196
49613676
49586244
49610452
49610728
49578464
49597936
49585564
49564180
49594588
49631204
49578240
49639228
49624768
49629628
49616424
49631264
49597772
49638116
49626844
49593016
49582668
49636972
49568280
49627840
49603880
49599184
49601244
49647132
49563384
49617676
49633340
49586104
49602212
49623928
49566112
49605572
49664820
49619020
49588296
49653536
49580812
50103616
49691184
49594404
49570084
49606380
49580360
52442200
50860020
49619484
49604024
49654876
49580364
49598364
51687204
50171084
49554184
49641184
49556560
49578168
49655872
49579004
49594424
49656340
49569652
49603000
49677708
49580592
49595672
49667308
49590840
49551036
49668940
49594264
49548868
49686808
49538860
49601072
49713552
49567700
49618324
49668228
49533676
49581420
49622104
49584964
49607904
49641812
49600684
49578508
49695224
49580404
49619712
49697012
49581940
50126260
49701268
49589232
49585588
49709800
49582236
52877924
50406148
49596912
49612120
49669072
49584636
51188160
49959480
49552396
49536424
49679420
49557704
49586004
49651680
49593968
49589444
49683088
49597084
49578972
49690140
49586448
49601652
49686384
49585020
49580320
49664008
49562736
49584052
49659880
49572488
49623276
49697000
49602804
49593436
49698504
49582388
49579020
49697332
49595764
49579896
49658808
49577460
49538532
49687252
49556772
49619692
49688356
49574796
49581108
49854676
49641940
49586224
49701832
49581808
49608880
52171644
50732128
49635032
49669116
49599836
49578972
49675512
49577600
49594804
49682492
49599408
49561088
49662336
49552328
49568528
49675040
49576052
49585128
49676744
49586448
49585960
49712964
49587380
49595596
49706384
49607356
49585700
49685740
49581336
49587904
49679820
49591784
49553252
49718128
49562720
49582464
49679600
49585052
49544804
49708460
49545600
49599176
49715352
49576792
49583128
49738852
49566424
49570160
49713424
49597884
49628024
49754412
49591552
49600632
49693568
49601244
51140056
49809072
49592572
49558508
49719316
49552980
49558664
49708728
49554292
49537744
49559968
49590592
49586748
49582708
49596152
49598788
49717624
49579056
49579140
49731196
49564436
49597304
49692452
49579036
49558756
49586732
49551516
49577320
49583808
49593596
49603028
49741344
49597240
49605908
49729952
49604028
49627600
49712228
49581228
49592328
49574988
49591008
51476080
50405772
49586464
49563348
49667540
49596144
49598728
49605148
49600824
49570444
49639480
49566740
49596604
49610400
49584996
49556472
49626408
49533408
49574132
49610844
49588720
49579640
49635208
49620256
49570592
49625268
49600024
49597388
49598968
49606016
49566412
49597528
49564152
49574140
49580552
49606780
49561348
49598140
49567024
49593576
49604724
49598708
49583940
49602408
49630628
49591588
49586376
49622604
49578296
49580864
49636668
49568568
49610472
49590380
49604704
49595228
49630948
50184164
50869756
49591792
49603116
49663864
49603432
49588160
49657624
49559232
49621012
49652348
49627060
49589592
49672824
49575096
49579572
49630200
49579980
49594424
49643408
49573248
49584532
49588584
49579216
49570952
49632756
49542528
49612288
49566760
49579612
49603500
49622260
49589372
49568484
49644248
49586848
49593180
49593804
49597708
49538140
49595076
49592132
49561720
49585104
49546956
49581200
49604444
49594620
49633444
49596212
49624744
49562732
49612260
49586848
50744264
49631776
49601672
49565512
49620072
49623048
49541968
49600248
49624996
49592128
49587564
49596984
49574600
49557364
49599620
49550756
49578628
49597380
49572288
49678520
49611272
49598424
49599964
49651708
49612320
49583416
49668700
49580360
49579448
49668716
49564296
49587980
49645112
49589008
49571200
49643364
49563864
49579632
49640460
49588688
49554292
49677564
49597876
49576992
49654336
49589528
49587424
49659952
49627040
50077636
49692432
49606696
49604252
51799596
50770596
49580924
49652492
49559796
49570864
49665724
49547848
49594380
49631864
49578272
49608792
49705728
49589436
49579232
49705864
49584788
49596360
49681200
49562828
49576732
49714612
49575372
49611456
49676744
49603936
49613628
49700156
49596804
49577508
49696012
49584616
49578232
49675336
49581704
49604872
49703432
49567908
49608196
49685012
49614208
49572252
49689380
49566612
49567612
49640800
49582228
49544688
49669276
50056648
49530228
49636764
49536132
49603688
49608880
53263864
49792984
49640668
49593188
49566452
49709016
49566880
49586180
49695008
49592664
49559524
49703584
49538036
49579544
49718516
49578780
49610540
49707484
49596488
49591460
49747888
49582200
49620760
49716372
49605300
49611236
49731248
49611948
49581280
49664124
49597880
49575468
49738072
49563136
49617476
49639840
49596628
49654492
49729900
49591720
49595784
49744592
50623184
56610644
49784388
49568636
49583664
49653012
49587128
49562268
49699180
49555348
49587632
49676580
49583936
49613900
49729440
49588260
49577920
49721912
49594788
49601368
49727312
49585980
49587476
49724288
49582168
49578116
49718600
49592224
49573624
49698844
49567016
49607912
49685148
49584380
49537892
49705756
49638692
49581016
49696192
49584604
49585796
49686084
49602908
49589324
49663396
49557888
49597352
49657284
49606872
49568952
49750252
49582884
49641808
49673740
49591392
49596984
56207912
52320908
49574400
49695928
49561724
49588100
49668408
49561124
49597672
49561164
49589128
49579276
49611284
49574192
49608736
49719140
49597296
49610272
49724184
49578200
49603924
49521736
49599444
49574544
49598720
49625048
49578988
49682264
49621640
49574556
49704072
49599640
49620040
49684408
49564840
49617012
49668364
49576368
49572008
49596224
49603592
49579372
49587124
49605192
49580260
49638132
49614600
49606816
49592072
49604328
49554256
49622252
49614468
49583168
53556008
55030960
49588772
49616460
49613908
49580232
49607344
49572288
49552960
49597596
49587208
49584148
49609764
49516432
49564332
49607116
49543824
49582616
49541552
49564148
49566400
49626832
49598724
49577640
49546968
49596480
49583596
49591960
49624140
49565540
49566248
49584184
49570332
49550500
49611700
49557420
49571500
49574252
49576144
49609700
49586452
49575704
49585772
49633448
49569552
49557552
49614284
49587424
49575656
49589480
49626368
49603456
49624004
55858032
52838628
49665536
49603304
49616980
49605384
49579044
49607244
49603516
49566704
49580916
49607572
49588680
49560592
49640672
49499148
49631364
49672892
49581936
49603036
49657048
49556928
49579996
49657452
49516492
49578024
49633304
49588576
49553888
49668700
49548972
49594624
49673592
49601996
49607032
49671532
49588404
49587644
49691864
49583088
49588604
49683264
49579916
49598768
49686980
49584868
49595700
49710756
49576120
49598816
50141584
49605168
51907572
52107100
49598892
49563400
49659452
49504232
49569596
49672232
49565112
49575452
49739384
49554216
49570708
49667876
49567272
49576448
49710336
49565176
49578768
49680428
49552128
49601728
49668856
49581520
49572808
49724604
49549480
49594892
49688264
49561816
49529204
49681512
49539124
49597948
49723296
49612840
49577304
49711264
49614720
49626804
49670964
49597940
49589136
49913868
50843544
49652548
49638284
49574968
49555152
49652244
49637424
49634460
49646000
49587468
49574992
49677904
49586240
49571416
49664964
49568584
49636116
49679740
49586452
49570060
49683980
49572772
49651044
49783032
49633344
49627652
49764232
49692428
49619940
49786304
49629264
49571680
49760592
49643160
49534540
49683176
49646628
49516760
49710032
49536964
49561452
49710940
49583684
49600428
49708244
49578404
49575536
49709648
49573336
49611104
49714780
49578400
49574200
49773632
49566416
50702204
50496112
49598020
49583056
49719864
49555876
50482784
50902892
49617292
49582000
49695336
49592772
49571688
49717412
49538108
49593708
49723576
49588376
49610052
49727424
49582796
49577984
49705644
49576436
49583696
49734412
49592032
49584036
49680724
49596912
49609200
49724476
49641096
49600944
49788804
49659044
49602492
49733820
49634788
49621580
49647164
49549724
49572408
49606252
49586196
49594584
49634376
49576652
49586564
49624016
49576220
49597240
49673296
49585020
51036400
50656104
49602492
49554068
49634816
49573052
49584664
51252840
49671440
49566468
49610224
49566448
49591052
49585084
49535148
49596776
49619212
49583608
49590508
49567944
49593608
49541716
49569488
49596820
49626848
49584708
49591376
49561588
49618832
49536780
49565640
49594052
49536656
49586524
49606408
49578608
49603412
49567232
49594676
49602896
49617236
49567968
49579972
49633776
49594472
49591784
49623568
49597628
49592516
49586296
49581604
49576096
51091980
56613628
49532024
49611544
49578816
49559296
49534304
49609172
50466256
50304384
49586972
49604824
49561796
49617552
49568252
49581196
49581180
49589744
49533036
49562336
49578676
49549280
49633940
49540008
49596184
49651332
49541576
49591868
49609464
49591012
49589980
49599940
49555764
49574048
49637468
49592408
49543508
49676516
49569208
49599044
49636824
49598612
49556096
49678172
49564812
49597496
49631584
49630500
49527176
49650644
49572076
49593568
50967864
50281920
49571764
 
49645312
49534000
49566368
49613292
49577452
49577800
49645772
49584912
49601572
49666780
49589924
49587452
49653980
49581976
49588560
49666948
49575856
49582964
49688372
49581904
49580016
49647032
49578828
49594204
49675496
49568012
49609520
49709900
49603276
49593892
49686044
49575912
49599064
49670684
49577700
49595376
49684160
49585884
49579320
49675436
49574596
54755188
54517340
49607692
49553632
49745532
49578204
49592656
49692628
49575052
49518768
52768524
54414068
49576452
49765700
49579664
49599016
49648784
49597616
49584236
49705600
49564964
49589452
49686740
49568948
49605924
49707304
49574152
49573828
49644428
49583956
49547032
49685368
49540244
49604660
49635164
49577868
49583260
49690788
49586768
49606352
49718012
49567392
49596656
49692932
49578256
49591996
49672844
49581056
49574624
49692892
49585188
49558660
49683724
49563720
49578564
49994928
50822560
49602040
49721828
49586316
49624160
49712960
49592320
49569100
49694924
49583796
50618952
50694792
49613872
49601472
49697792
49571824
49581704
49691204
49602540
49610500
49716384
49574512
49591220
49689804
49583440
49540364
49686664
49552568
49563492
49719824
49579532
49582712
49689920
49591112
49582756
49731688
49560916
49609796
49685672
49595444
49573968
49739620
49556472
49592012
49675324
49591612
49571228
49708784
49538636
49607656
49706412
49581472
49616952
49678044
49619376
50766440
50504848
49612160
49554412
49707768
49580644
49616600
49713548
49581288
49599432
49671060
49612120
51608660
49777628
49621208
49593760
49702116
49576016
49592016
49659760
49582976
49571240
49721832
49559120
49602552
49640792
49592208
49603056
49709188
49578972
49585196
49691956
49588780
49607220
49701272
49588444
49588976
49692260
49588860
49592052
49528368
49576484
49521208
49579216
49603696
49569600
49715520
49582808
49599060
49553644
49642756
49542544
49555248
51497428
49540616
49741868
49591408
49587224
49709340
49646852
49601312
49728924
49574324
64942354
50439912
49568124
49591676
49704884
49566884
49558256
49713956
49569712
49531572
49709408
49574728
49565868
49649404
49583596
49568860
49729956
49581404
49564060
49682280
49563496
49598640
49669216
49577676
49554516
49698500
49592356
49634252
49739500
49617376
49589952
49734260
49571176
49612076
49679784
49545792
49603636
49743992
49596712
49602696
49696940
49556772
55939160
52763300
49582980
49606644
49565832
49549980
49552916
49588180
49575836
49591672
49727124
49587692
49555712
49705336
49613428
49594264
49718296
49593524
49587724
49730764
49576880
49578612
49702916
49587296
49600612
49710872
49594944
49584656
49692532
49601944
49589708
49675464
49586756
49559976
49691456
49549600
49577436
49713280
49610568
49605996
49653732
49543100
49533612
53111416
55924800
49552644
49691064
49553824
49540272
49659756
49528332
49556764
49639564
49537960
49531960
50074592
50670676
49500112
49650952
49546572
49575092
49557240
49658800
49545144
49520224
49667652
50418036
50458892
49672844
49500992
49536736
49641308
49520256
49487212
49686240
49540776
49532308
49665756
49539624
49556860
49651724
49541212
49531228
49697744
49532252
49536520
49615672
49554500
49517956
49660472
49531264
49540968
49586576
49579656
49548348
49648704
49554476
49535832
49643300
50698896
49534488
49644544
49531300
49526680
49611740
49562936
49511304
49637500
49503740
49543268
49567776
49545160
49615916
49724940
49633948
49566576
49717180
49603840
49618504
49709196
49632264
50826096
56548600
49591064
49556868
49737352
49606324
49585344
49688092
49583976
49594844
49719024
49588456
49557532
49711392
49571328
49588724
49683388
49595500
49569736
49693964
49576620
49603600
49683972
49597376
49566316
49694192
49587252
49563588
49722268
51537284
56359896
49700324
49606360
49589808
49714224
49567320
49592200
49694860
49587340
49565564
49723144
49547852
49610972
49727332
49601220
49601244
49725636
49592148
49581588
49761656
49586512
49609448
49729152
49615784
52832840
55911796
49604200
49590480
49717188
49564332
49583880
49695304
49587116
49585300
49722256
49568268
49607012
49669708
49728212
49572568
49726232
49567120
49598560
49667688
49554856
49596576
49723940
49611112
49610484
49681792
49624164
49595200
51003520
49628188
49587624
49700724
49587092
49587684
49692652
49607676
49573540
49585884
49562520
49561156
49613220
49598408
49602428
49614920
49610684
49575004
49606804
49609532
49612788
49632552
49596088
49593608
53141608
55458828
49601040
49636096
49594792
49587256
49643408
49570676
49598592
49596416
49624660
49567304
49652436
49549364
49605336
49586368
49600576
49657552
49668388
49627432
49626000
49628468
49623420
49634100
49632692
49612108
49607832
49610876
49599356
50180720
50695180
49613012
49578632
49601232
49544244
49568008
49633444
49581124
49624784
51424240
53261052
53206352
53226632
53258636
53085316
49795440
49592116
49598248
49622608
49562976
49590608
49574656
49628072
49577892
49606476
49609776
49595584
49655628
49706712
49541628
49607756
49583320
49626384
49594564
49612612
49558044
49648032
49584432
49597548
49590852
49611072
49591376
50945852
49820856
49599696
49591104
49635444
49578728
49969308
49959944
49605928
49606720
49624168
49578392
49594820
49623960
49575956
49620916
49655352
49580472
49592740
49634420
49587756
49549172
49695216
49554268
49583804
49649256
49586828
49752592
57601988
49918372
49603228
49661104
49590084
49590744
49708688
49603368
49609124
49663024
49592916
49594184
49671328
49614980
49601828
49659584
49587396
49575496
49729708
49574304
49601836
49668072
49593864
49556736
49690256
49599696
49586804
52020316
49690544
49555324
49691756
49577712
49603988
49671728
49592196
49574532
49711504
49567712
49791980
49617888
49598412
49559032
49655584
49606140
49584356
49736816
49580532
49570440
49726592
49614504
49615316
49719300
49591576
49607736
66203988
50038476
49586352
49705800
49599152
49562160
49680528
49606532
49579208
49700080
49607224
49621412
49697216
49614348
49579032
49698856
49553320
49597952
49717428
49548256
49600532
49710228
49590544
49622260
49637336
54411848
54337188
49729384
49587108
49598832
49621212
49631272
49550580
49720528
49556024
49617932
49701712
49618456
49570112
49712000
49616792
49591332
49705716
49599892
49620756
49711568
49596724
49586088
49726164
49586336
49586856
49673348
49622128
56592604
50696988
49598296
49546028
49674028
49571208
49602552
49726972
49604176
49605532
49706528
49614808
49588596
49705516
49589820
49564872
49690268
49581220
49585304
49778224
49613328
49587860
49712260
49606020
49598744
57063208
51621668
49579328
49723704
49554484
49618028
49670288
49633896
49562256
49728696
49589108
49617124
49715856
49591124
49615408
49728748
49621588
49588584
49723748
49579792
49595056
49699480
49662776
49594692
49726900
49578876
49654184
49664796
51377732
50132408
49708696
49599940
49623412
49709468
49614560
49583992
49710348
49652744
49594112
49712772
49613824
49592112
49711556
49632520
49614992
49734972
49589424
49631348
49723368
49652408
49551400
49714680
49586848
49628512
56589408
49959628
49618296
49659460
49591680
49512684
49707660
49565360
49598168
49683972
49625024
49620040
49724896
49601712
49598788
52327640
56237976
49605120
49720392
49621140
49585172
49709796
49577900
49613652
49600988
49609348
49570308
49617932
49541372
49598064
49757424
49597892
49549304
49706960
49582212
49589168
49735460
49606692
49604076
49626968
49559032
49557628
50743952
50054304
49550916
49529668
49685428
49541128
49548036
49648284
49534848
49517168
49668816
49496128
49533560
49623896
49547224
49543432
49656228
49554304
49540828
49676160
49510400
49571288
49646096
49561080
49518824
49702776
49523568
49541836
49619152
50331792
50591472
49684504
49506636
49545456
49656380
49544008
49514572
49657364
49502444
49555952
49642452
49554936
49581224
49669396
49533460
49531228
49637600
49536112
49563792
49652072
49572240
49536256
49666364
49510496
49525092
49640336
51142608
49636216
49594680
49554516
49509972
49635504
49490564
49543696
49618712
49537260
49541288
49611976
49524112
49531496
49635348
49539656
49546808
49621288
49538060
49529756
49658088
49546324
49565052
49609648
49568048
49527744
49652524
49510764
49547920
50125216
50657232
49544720
49638268
49554044
49558392
49622004
49531896
49577128
49638608
49540524
49541292
49638000
49558264
49520524
49647900
49556948
49545344
49573348
49544928
49589132
49659048
49564900
49540484
49665688
49553500
51241384
56745092
49553920
49542168
49666964
49524184
49566704
49636728
49547768
49496500
49675328
49511264
49572976
49648600
49611084
49560012
49767140
49612304
49609856
49722452
49620280
49623048
49745940
49612540
49932264
49744912
49610824
49608324
49723860
49608960
50980924
49838152
49633812
49596784
49717344
49582852
49609072
49662632
49607904
49569192
49668876
49579216
49567484
49678464
49554296
49615736
49715276
49590288
49662796
49745448
49623488
49593512
49597128
49605216
49598732
50785464
49570936
49613792
49618988
49631064
49587344
49650008
49565560
49611304
49608756
49620328
49536620
49618904
49607980
49580952
49598720
49561936
49578048
49684300
49566592
49605228
49611524
 
49621804
49922888
49657692
49603196
49585152
49622388
50366964
50832520
49638868
49613656
49605172
49633452
49576776
49617604
49603060
49632696
49576848
49632052
49608724
49587104
49626584
49619780
49598028
49604564
49599632
49646636
49585704
49623012
49587872
49603224
50376308
50487640
49677796
49552328
49604584
49555204
49585796
49527972
49634968
49581568
49612060
49586860
49623332
49568532
49631684
49923272
49633500
49567624
49625740
49552872
49624572
51099432
50109812
49586784
49672472
49599616
49619564
49650160
49653856
49574836
49664528
49553528
49619988
49637420
49625200
49606712
49719328
49610480
49666724
49668384
49610020
49595644
49678444
49585696
51224816
49793784
49617760
49613880
49673316
49585300
49590008
49678108
49586972
49563788
49667920
49561480
49597960
49725560
49595592
49607816
49670616
49627300
49591144
49700812
49580724
49598644
49679460
49614072
49598832
49712684
49606468
49626668
50001156
49629536
49573200
49725896
49579196
49599376
51355168
50587932
49592044
49732648
49594180
49605596
49704804
49619956
49585848
49725712
49574336
49626424
49640800
49623860
49579936
49736536
49590960
49615052
49642516
49609016
49548332
51637360
50570480
49615160
49668160
49629908
49587064
49677648
49578348
49628372
49651560
49626196
49568240
49701920
49575608
49628504
49635368
49606952
49533988
49719088
49630728
49629368
49632736
49632452
49602744
49691292
49593044
49587212
49696800
49607424
49601000
50017384
49618188
49568304
49666508
49590924
50473828
50809452
49613796
49590592
49691520
49577064
49618552
49634900
49605192
49583140
49733600
49567092
49619524
49654156
49626832
49563424
49692448
49602840
49759040
51094116
49791780
49612708
49717024
49567076
49611352
49684080
49617500
49578644
49719308
49598872
49635280
49661040
49619808
49584520
49721648
49624916
49594040
49729336
49565944
49595120
49709152
49615320
49561456
49719940
49609664
49602196
49713484
49580300
49614368
49730512
49949840
49603916
49938408
50841400
49623384
49744816
49627948
49584228
49736296
49584268
49610912
49695436
49639916
49613364
49711204
49578768
49614156
49669240
49624312
49610528
49728364
49590348
49615940
50011604
50852376
49568948
49703324
49574032
49617768
49537496
49612168
49573036
49598736
49542092
49609816
49639832
49596788
49594328
49630152
49609280
49586068
49620504
49580804
49552172
49613052
49555260
49594448
49639696
49591056
49597668
49611280
49583724
49571148
49632204
49592940
49590880
49629000
49584552
49608116
49608796
51208012
50793128
49633984
49597280
49573380
49662624
49541104
49594212
49613632
49623396
49585348
49730184
49614008
49593180
49636560
49591648
49600416
51209692
49663792
49518524
49585316
49591836
49517124
49521680
49611992
49580000
49618464
49582776
49598204
49569516
49602488
49558320
49617108
49554560
49590672
49563788
49598028
49585760
49576912
49649708
49628768
49612444
49615016
49582480
49590084
51429788
49985900
49580200
49626736
49576488
49606488
49575776
49640096
49546660
49631264
49540688
49591240
49534052
49528772
49596808
56714648
50627128
49556732
49563460
49519420
49538608
49577560
49544364
49566868
49564456
49534224
49532384
49590964
49495272
49530704
49581404
49555272
49544356
49569408
49530884
49547112
49572768
49546600
49536204
49584780
49549964
49546624
49586936
49538740
49559324
49569312
49542404
49528540
49594484
49520972
49555716
49585140
49541868
49544004
49621556
49536268
49548696
54832208
54033616
49573560
49585976
49556464
49523948
49591296
49531544
49554284
49597244
49545780
49520352
49608296
55745344
53099996
49580400
49523852
49631408
49668148
49598452
49607980
49652344
49607788
49591428
49653496
49603708
49633816
49667212
49597940
49588736
49706548
49562816
49585916
49656752
49604044
49565588
49712204
49616596
49602040
49675404
49610248
49581492
49716704
49625984
49597684
49683068
49594404
49580984
49670508
49676500
49552224
49711500
49565844
49622328
51395520
50909416
49642432
49683596
49691764
49530816
49718532
49589072
49594248
49709784
49562180
50372860
49716044
49631784
49594316
49723448
49584324
49614236
49680756
49623980
49552680
49746056
49658716
49778128
49690588
49618016
49594068
49720892
49606428
49593168
49744840
49597032
49617708
49647616
49603616
49536216
49722840
49604464
49583996
49730028
49607272
49593776
49679892
49606492
49569420
49766348
49646224
49625832
49715372
49626668
49534824
49713400
56297960
52817300
49738440
49546176
49606252
49754444
49610236
49604748
49757488
49582212
51776432
56516396
49587016
49582880
49746264
49625912
49578800
49739824
49566480
49612856
49728384
49592888
49591760
49722228
49598228
49569964
49735900
49546680
49595584
49700324
49606772
49609008
49733084
49588424
49604316
49730932
49593044
49591300
49703140
49593648
49601596
49675752
49595368
49591336
49699028
49584436
49587896
49707640
49555984
49625640
49652820
49610644
49590576
49562832
52009696
56244396
49612484
49608456
49610444
49666364
49568544
49595096
49689476
50796268
56451896
49643240
49597476
49593916
49736524
49619104
49562868
49636688
49589980
49606880
49703204
49593504
49615244
49724140
49599504
49598352
49765236
49592884
49614280
49734928
49617052
49595600
49720556
49581048
49621664
49713940
49614000
49629388
49731264
49602516
49629452
49719240
49617632
49589180
51503664
56355384
49612568
49725484
49612164
49575180
49724208
49585596
50648036
56554300
49618872
49615904
49707632
49586536
49608164
49707120
49601940
49605548
49713152
49592536
49595508
49707964
49609880
49583032
49714120
49578844
49623888
49681668
49601820
49554892
49724328
49586772
49574924
49683312
49597964
49598988
49695292
49614968
49588912
49701160
49586872
49602216
49677332
49595668
49597516
49684696
49551168
49580108
49585112
49581680
49640968
49579128
49585260
49624036
49781596
49618864
52006744
50088880
49617564
49598148
49729568
49596868
49594520
49777420
50927200
49798692
49579972
49597976
49622384
49617040
49590760
49565596
49721540
49570740
49600512
49587608
49628888
49586364
49609940
49559472
49584812
49664728
49604260
49594524
49704540
49614788
49598320
49584208
49572460
49551972
49582452
49610464
49582916
49649932
49573920
49594272
49571060
49588448
49595252
49714152
49638168
49598588
49591900
49631336
49686388
49589108
49616112
49583028
49629368
51351736
50562068
49599180
49584772
49603608
49615712
49590216
49890100
51010540
49634604
49588168
49628960
49568216
49587884
49595424
49620036
49574072
49583024
49577848
49570308
49578200
49592332
49571184
49631760
49552992
49608216
49597228
49611356
49564088
49604052
49607804
49581100
49624188
49587352
49609120
49578812
49638772
49575560
49597096
49577360
49616008
49564028
49640660
49555504
49601952
49594320
49612504
49610292
49597636
49638748
49587404
49625264
49570020
50689836
51764164
49612200
49599696
49620848
49588628
49523784
51436332
49664128
49574932
49637116
49581164
49583548
49645008
49589332
49593376
49646916
49600616
49603216
49674728
49566444
49598712
49650752
49591088
49524112
49702556
49542704
49586252
49668772
49600736
49592636
49667680
49617164
49566800
49672076
49555876
49589616
49648480
49569296
49590024
49655292
49621340
49524776
49668836
49566556
49601868
49661252
49577628
49603392
49683936
49637236
49620696
52319544
53229228
53225488
51393796
50591428
49579480
49713660
49550260
49602100
49673460
49615440
49629908
49710748
49608768
49602888
49663836
49557168
49603092
49707524
49580392
49598088
49687076
49581832
49593684
49680668
49588104
49602748
49637632
49597508
49559820
49709564
49539928
49604080
49691756
49587056
49586296
49719196
49629040
49599680
49700708
49636236
49692156
49714380
49600600
49571052
49759052
51010308
49903976
49663536
49562812
49522036
49645292
49542216
49543992
49634616
49557796
49538428
49684268
49512216
49552340
49627788
49553108
49579396
49653344
49540696
49570840
49668504
49540532
49537904
49666188
49544480
49546940
49654748
49534372
49546192
49625564
49554956
49516760
49705592
49497220
49556772
49668336
49550056
49532784
49674712
49564684
49546360
49686848
49613192
49578064
49767404
49620992
49596100
49726504
49619068
49617800
49581812
49690400
49623816
49612764
49724620
49603708
54233508
50273600
49629780
49699120
49643304
49606848
49731752
49587540
49616212
49671180
49608920
49575204
49760500
49579200
49588400
49662144
49603912
49586444
49713816
49614244
49590024
49717420
49608736
49628048
49587508
49621428
49595608
49634168
49583332
49614892
49698856
49620304
49601200
49688432
49552676
49593568
49719348
49611700
49618312
49685116
49606588
49644380
49623700
49607180
49621144
49623176
49622572
49611052
49653980
50041348
49632032
49725416
49640184
49584880
49656664
52939768
49653464
49638392
49618916
49592760
49646764
49559552
49614860
49615452
49626424
49599340
49639200
49574856
49591500
49553848
49590332
49620784
49569628
49602452
49554440
49626256
49549816
49595848
49613496
49571340
49586332
49520960
49615084
49610476
49609932
49586340
49585712
49602760
49581640
49583776
49554540
49603088
49566868
49564748
49604020
49582108
49622932
49580552
49609252
49610424
49580736
49612464
49592732
50034716
 
49690644
49613628
49648132
49589868
49620772
52715068
50007300
49593928
49633256
49597404
49613816
49618400
49614540
49572724
49591140
49577620
49622144
49585572
49639312
49579868
49638108
49556648
49590084
49590580
49600340
49565448
49638252
49591660
49602932
49647124
49592408
49588576
49625424
49597328
49594304
49645220
49596640
49593356
49668252
49587796
49591980
49664476
49579692
49595232
49642184
49595048
49554656
49655972
49524824
49602008
49676744
49619016
49571700
49708652
49557256
49558608
49684152
49585916
49632324
50946176
49730268
49618736
49630848
49603196
49544100
49657092
49536468
49552992
49678996
49604096
49601264
49676876
49605456
49618784
49686460
49585952
49580652
49660136
49591868
49588744
49677460
49577772
49580704
49674048
49576472
49574096
49667848
49595120
49606480
49670484
49589376
49598104
49696572
49593780
49590400
49745128
49689604
49580928
49705004
49594168
49607716
51311980
50278328
49574032
49718248
49609140
49595728
49696848
49620312
49571336
49724724
49591504
49619876
49711092
49611512
49565008
49734100
49586400
49606364
49686096
49614112
49549388
49703296
49543708
49583700
49679136
49603128
49595644
49707184
49604108
49597740
49690728
49597256
49596548
49685664
49602908
49605956
49708656
49588496
49614112
49700028
49629380
49595504
49724928
49583008
49587028
49693168
49596460
49602892
49725824
49661380
49613716
49702204
49599148
49621508
49703228
54881200
53916616
49732300
49582416
49587324
49713280
49589992
49601844
49702328
49590560
49584504
49728548
49570076
49593904
49646152
49592932
49550052
49740448
49593008
49579996
49704284
49607948
49576416
49714496
49562444
49592520
49550628
49596736
49609452
49639432
49585256
49607752
49615784
49594516
49567864
49634108
49571232
49612860
49634276
49590720
49569664
49618748
49558376
49674760
49640540
49598460
49574348
49611668
49578852
49578964
49610532
49592240
52639532
50628952
49635832
49584548
49646744
49563856
49590272
49593288
49608880
49577600
49615880
49541552
49615100
49552720
49587020
49589560
49605696
49576064
49615668
49593184
49590680
49606736
49622752
49577116
49596372
49601668
49584484
49564524
49636260
49596176
49571180
49597156
49684872
49581588
49613712
49568388
49584540
49566408
49624884
49554164
49607536
49548956
49599852
49627644
49567412
49607492
49601072
49726764
49576636
49638216
49585976
49748436
49631336
52756728
50610328
49620936
49627116
49580120
49606128
49601992
49605012
49604164
49597724
49562980
49600036
49586600
49610924
49589424
49615600
49607132
49623524
49600072
49592776
49597992
49623768
49555920
49622228
49583172
49563460
49602616
49639936
49591904
49609264
49629276
49579020
49604680
49630336
49584488
49578020
49616376
49601372
49587044
49664308
49576544
49586132
49618320
49606912
49569056
49679396
49548756
49606676
49766104
49621332
49580756
49632072
49588920
49998536
52291500
50367712
49616076
49640040
49588604
49600184
49659832
49615132
49578204
49623364
49613640
49573944
49675252
49563040
49623372
49679360
49615704
49602348
49682452
49594908
49597152
49668968
49608612
49588304
49671292
49630980
49588852
49674740
49629876
49599116
49652548
49588548
49596416
49676800
49578044
49606056
49667012
49615416
49576796
49733496
49620624
49586044
49737164
50213840
51082952
49722796
49612608
49615832
49709476
49611176
49608648
49705632
49590292
49621704
49701428
49612256
49607880
49720092
49558568
49601440
49658868
49616876
49568108
49715436
49577432
49611504
49672348
49610496
49605924
49717904
49598768
49612196
49699784
49633704
49602384
49702736
49586748
49609984
49717920
49601520
49600248
49676956
49603884
49573068
49696556
49621308
49597276
49653444
49631352
49664880
49701208
49546836
49608300
49725044
49596012
49591720
49681540
49593984
49594792
51870388
50212280
49622412
49649292
49603940
49565508
50352932
49946404
49606204
49707948
49577700
49618392
49661132
49644456
49583428
49680704
49604280
49587592
49705092
49592008
49612980
49710776
49607512
49575492
49703444
49543016
49631372
49756844
49584160
49586576
49680048
49579972
49594992
49701844
49605540
49561116
49726824
49549644
49655280
49662264
49588408
49610404
49716284
49593132
49609716
49713656
49592364
49591140
49821652
49591164
49588140
49704120
49598324
49592444
56844400
51115332
49599232
49691832
49602848
49551112
49708036
49598416
51313908
56589392
49594700
49577672
49669024
49589900
49595316
49640820
49590384
49567384
49686248
49572552
49594976
49653216
49610168
49561240
49705040
49560724
49545148
49636524
49601960
49542108
49701208
49608824
49594664
49704036
49587904
49595192
49705296
49635356
49568540
49739380
49582296
49594972
49682160
49595420
49585172
49717992
49528504
49589688
49681180
49610184
49577088
49710980
49598192
49586880
51205896
56447832
49584224
49724788
49574180
49601304
49665556
49599032
49552948
56888092
50676000
49593544
49720440
49591492
49590716
49710632
49606168
49564608
51063620
53237604
53218408
53310016
53210764
53232692
53381984
53201916
53223020
53338996
53243484
52837796
49689144
49609972
49597560
49697060
49584276
49554764
49684928
49542616
49615864
49700672
49594464
49598268
49699768
49595976
49602500
49546212
49716660
49703908
49586360
49686260
49532204
49596032
49593648
50882268
49588048
49699968
49622272
49619388
49719872
49589808
49637088
49638260
49569132
49594216
49663124
49613384
49611068
49723928
49585808
49588068
49656224
49575888
49582668
49665032
49608124
49587068
49681032
49581692
49616528
49671760
49594328
49560872
49679700
49554260
49592776
49686448
49606424
49606328
49665424
49620320
49610800
49701612
49565220
49610104
49673816
54679936
54119364
49724300
49587380
49592232
49693452
49595512
49547956
49691004
49549608
49605068
50608232
50466640
49585984
49683308
49542508
49599712
49651448
49597512
49602500
49705868
49542824
49607244
49700676
49596056
49592060
49688032
49612152
49574716
49694980
49603352
49608404
49685888
49584948
49561900
49688252
49582044
49769348
49667496
49597852
49555488
49709284
49631964
49605192
49705204
49585448
49604260
49739320
49618528
49567064
49778752
49604456
49595432
49668436
49600352
49595628
51217512
49652932
49545176
49715412
49602124
49584360
49723352
49612168
49594536
49699712
49570280
49579872
51259232
50748496
49584932
49713944
49572700
49599988
49679536
49597644
49560852
49688656
49576596
49616596
49713936
49590396
49596276
49726952
49596648
49584208
49682896
49599896
49607248
49706788
49582548
49606916
49695060
49593380
49603724
49732152
49596796
49578104
49710636
49562740
49604660
49630780
49646276
49612308
49696556
49711184
49587416
49604408
49630000
50188204
50809620
49685812
49534184
49573572
49697984
49598876
49599152
49723512
49591592
49602888
49667460
49599332
49554560
50025684
49592180
49592784
49677832
49617328
49579548
49677984
49587052
49610572
49666684
49588704
49591836
49690696
49577784
49619236
49646476
49616156
49552928
49676028
49536212
49597432
49657860
49600972
49543980
49712432
49582604
49571948
49689072
49594020
49545168
49678804
49600860
49583640
49711920
49637388
49595508
49693732
49579216
49569204
50770992
49797876
49598948
49833992
49611252
49592744
49690432
49624244
49648912
49738996
49594928
49578116
49720228
50180688
50184888
49698468
49596564
49577792
49719576
49575024
49595488
49715104
49596048
49580940
49703940
49585212
49581796
49725720
49583664
49597820
49717080
49591452
49577012
49735744
49611412
49590168
49693544
49623880
49593672
49713500
49574376
49596684
49732520
49614016
49594352
49683564
49604320
49649828
49669932
49563452
49614588
51282728
50246484
49540136
49723524
49552732
49596936
49698516
49590700
49595180
49724440
49556860
49588384
49706512
49566732
49587508
49677412
49610284
49609704
49682412
49641536
49612100
49705420
49597536
49621536
49582536
49612368
49580096
49657852
49569244
49596036
49724760
49616932
49586480
49712496
49550792
49611668
49551224
49613812
49609864
49608896
49635352
49581852
49593248
49556804
50903152
56546768
49529468
49557808
49576580
49545640
49534860
49560200
49513724
49550452
49630120
49555892
49567156
49570388
49561516
49532740
55829748
52698360
49538820
49572556
49561708
49517556
49575808
49532212
49557560
49548456
49576236
49508860
49596900
49499628
49534064
49502304
49533780
49544308
49564736
49544292
49547376
49523308
49529144
49538752
49553368
49540820
49540524
49547480
49550908
49536900
49558644
49550140
49541072
49544968
49527000
49533028
49541564
52777312
53301056
53736796
56701988
49601248
49559236
49554872
49533532
49568372
49533856
49545856
49632964
49750836
49613340
49606380
49621616
49598632
49555060
51065352
50629236
49641284
49644604
49596536
49611988
49604808
49598000
49591076
49598436
49603412
49573640
49633616
49592876
49595596
49587924
49594944
49613252
49623588
49615644
49596332
49625168
49622044
49609784
49672012
49582712
49602304
49630724
49593900
49568028
49602136
49604004
49564864
49728092
49563632
49611540
49648112
49606372
49986260
51001640
49645716
49611884
49638648
49599372
49594284
49688972
49558180
49625308
49654852
49595284
49667964
49664656
49586888
49610004
49649868
 
49610328
51509136
49749224
49558176
49628056
49661760
49611160
49593824
49697696
49580800
49603944
49683960
49638196
49615880
49667704
49611284
49599084
49690524
49549636
49574104
49685252
49580784
49615224
49681572
49626780
49610144
49653792
49607996
49593288
49702176
49547268
49704228
49679052
49593428
49575552
49659696
51489756
50096412
49657240
49570732
49606984
49701324
49597068
49599908
49691236
49720588
49759312
49700432
49591884
49544036
49692460
51681632
49956184
49685208
49564004
49581528
49708548
49577536
49599556
49670724
49607076
49528656
49720972
49562848
49628436
49678420
49599536
49561228
49737912
49565436
49600652
49662944
49613220
49588788
49743064
49611656
49586628
49700404
49620044
49593064
49664104
49574272
49626592
49685964
49616600
49583836
49691132
50272884
50726672
49704980
49566628
49592792
49647284
49604160
49598072
49695644
49571672
49541104
49716632
49580584
49588300
49695936
49594508
49566828
49706056
49561204
49601756
49698688
49582260
49629048
49716920
49594528
49598476
49726256
49575624
49611180
49694948
49613708
49566752
49680220
49587588
49602024
49684700
49603000
49557796
49766100
49550180
49597580
49658244
49595728
51195504
56484360
49594276
49607028
49690588
49600012
49566828
49679808
49580336
49599240
49637236
49592416
49551468
49680132
49543508
49589244
49685312
49582260
49610740
49667976
49594304
49588344
49872292
49582936
49608460
49679204
49620548
49591968
54246016
54699480
49618600
49679916
49597228
49578084
49679556
49572684
49589864
49681664
49595264
49561868
49712928
49569588
49573144
49643268
49598572
49548120
49689392
49607876
49590292
49740328
49698584
49601332
49664032
49582728
49576220
49690988
56354292
49561188
49702196
49531108
49596956
49719664
49583056
49611488
49696984
49593912
49582316
49691780
49570372
49630756
49668024
49586572
49571228
49693928
49561044
49594364
49671740
49569832
49640204
49723892
49604920
49583500
49732304
51266548
49996076
49644628
49640300
49548844
49727708
49601048
49633628
49687400
49578484
49613204
49633068
49638280
49546600
49715176
49586516
49614632
49691412
49658292
49584200
49739048
49590132
49571652
49690092
49585772
49888356
51376816
49666272
49610360
49720452
49593208
49625688
49683832
49593712
49547884
49721116
49550980
49612228
49678576
49605416
49603884
49694932
49578920
49608792
49700076
49592124
49567796
49715212
49592288
49743828
49646312
49607524
49576528
49713756
52945040
50200568
49689620
49613328
49578976
49678204
49594480
49611456
49641356
49634956
49581724
49680124
49573856
49605520
49734732
49593064
49622492
49623152
49592172
49698304
49679816
49593016
49563060
49637280
52037604
50202116
49678708
49586244
49622248
49580444
49615664
49566564
49680068
49533876
49601528
49663936
49553168
49588616
49665804
49604068
49562976
49677176
49603280
49557132
49720336
49624756
49562416
49708748
49598792
49604456
49659268
49586888
49558576
50549036
49608168
49637684
49647604
49622632
49603072
49673076
49581024
49667152
49651224
49631140
49595388
49724276
49625016
49566936
49604184
49581444
49674708
49520288
49594724
49598248
49617276
52353144
56304900
49603320
49587692
49579668
49569200
49614528
49611624
49614680
49580692
49553324
49607516
49624512
49620384
49595360
49594020
49588968
49632892
49594640
52410088
56173324
49597612
49586064
49610448
49588568
49614152
49577008
49631696
49566952
49594096
49599512
49611532
49546500
49619844
49548356
49606560
49632048
49617492
49626644
49602624
49542268
49535624
49554176
50880144
49719552
49581572
49516660
49548364
49514168
49531620
49497396
49562276
49532908
49520916
49581992
49533444
49549908
49566864
49545192
49524908
49579488
49512100
49549720
49510892
49543532
49548400
49585076
49542312
49555148
49660480
49545940
49586604
49651344
49599760
49562616
50819256
49523572
49535472
49624672
49582924
49525168
49632008
49546076
49575164
49591044
49575320
49507972
49664112
49629208
49588428
49657108
49604300
49557800
49681104
49589032
49590440
56858848
49631304
49566536
49691120
49551312
49584888
49637348
49590816
49606216
49682580
49597492
49598524
49723564
49586840
49573496
49701404
49595076
49603964
49689924
49598340
49558716
49681616
49574368
49600872
49665704
49583116
49689848
49711784
49604468
49589852
51529948
56445956
49559100
49657756
49609252
49615624
49702836
49580660
49560108
49711364
49599376
49606544
49713636
49583888
49668172
49703696
49601320
49593564
49692760
49718924
56542132
50351920
49581192
49578596
49690428
49599560
49585316
49713952
49540560
49574932
49662552
49599420
49554740
49712616
49596176
49572272
49682920
49565980
49589304
49698424
49577856
49558268
49728780
49536520
49628992
49829816
49624684
49601416
49712084
49555384
49754100
52466788
49859980
49567512
49743788
49544008
49605304
49757804
49590180
49564580
49668164
49589196
49612708
49738584
49598888
49675520
49698368
49586904
49612580
49707472
49596072
51929340
50493588
49596348
49556468
49702496
49578720
49593636
49671128
49588408
49570960
49666040
49540300
49605728
49693764
49600524
49594564
49665488
49602480
49586336
49704436
49533792
49594916
49674916
49594060
49556580
49586244
49564160
49607524
49569988
49609160
49538368
49646256
49613976
49582676
49603316
49573232
49547984
51717508
49803108
49605688
49641328
49615616
49582428
49743664
49588320
49626528
49671044
49609864
49614832
49688764
49609064
49597592
54965720
53973844
49609228
49701484
49577100
49611020
49693312
49593308
49578784
49719136
49526360
49577620
49728200
49575580
49589260
49696404
49618620
49620964
49690888
49591440
49625324
49697636
49601444
49586268
49622188
51668636
56389604
49595452
49578964
49584544
49722080
49592824
49592692
49579148
49609440
49587164
49610796
49583180
49600784
49646708
49600792
53434460
55007140
49610276
49612232
49609616
49601500
49649572
49685324
49648632
49640248
49641744
49605808
49608772
49639960
49617744
49594456
49630344
49585252
49577204
49639148
49605048
49562688
49611496
49572876
49593064
49632008
49598880
49551948
49584752
49599756
49582856
49622700
49597840
49578616
49608448
49611996
49597100
49626120
49601360
49612328
51265156
56453484
49595916
49624748
49600940
49588800
49590836
49573740
49650836
49630564
49591724
52245140
53216892
53270100
56441076
49647364
49584520
49592572
49591128
49609036
49590628
49611272
49558448
49553592
49593560
49597528
49588976
49632156
49604228
49582008
49575204
49592244
49573988
49621244
49588676
49560720
49591632
49581392
49613716
49595548
49630288
49575988
49570324
49569376
49595836
49662616
49688116
49566964
49598272
49609552
49594932
50908464
56394420
49541572
49602932
49596392
49587052
49613080
49606300
49611248
49702888
49537860
49620376
49547664
49598932
53243640
55306616
49592436
49537056
49625852
49564904
49605152
49571020
49611148
49553260
49595056
49618928
49594460
49554492
49636312
49569492
49596184
49605648
49595344
49591428
49555356
49614376
49579316
49611684
49576424
49582864
49619348
49631596
49569300
49608944
49565136
49600116
49646516
49577208
49652188
49622916
49612328
49617112
49639712
49540580
55881516
49593756
49576092
49611044
49571188
49577020
49610896
49606048
49569872
49557624
49596512
56970364
51542836
49558424
49590032
49651680
49604812
49655484
49593680
49591428
49594660
49575160
49585888
49581944
49604752
49588692
49555548
49612032
49680452
49605320
49637556
49564704
49650412
49657592
49641920
49608492
49678592
49597236
49656620
49583396
49564288
49611660
49590852
49600916
49582284
49616936
49572448
49613556
49603728
49616672
49559952
49587436
54088060
54465904
49596904
49618896
49574716
49650836
49592652
49594844
49590784
49639812
49562136
56556760
49546840
49612180
49548288
49597280
49600784
49606288
49626768
49568068
49557524
49584364
53154588
49571332
49635728
49546960
49605732
49633084
49591216
49587768
49616836
49591516
49586160
49634636
49584236
49603520
49599648
49636696
49585472
49663904
49571928
49591944
49618880
52875828
49788172
49670464
49594168
49734320
49634720
49632048
49525432
49589864
49519516
52149332
49803664
49518480
49530756
49587752
49517188
49563056
49626036
49536096
49531204
49647232
49534416
49549180
49614528
49544696
49531108
49651856
49518232
49555740
52466812
49535320
49529620
49654348
49550352
49555824
49587896
49558200
49513332
49635764
49491940
49556304
49660240
49553492
49538008
49733276
49601764
49615152
49908136
49651396
49573124
49718928
49616088
49606432
56864804
51519016
49628132
49659464
49646020
49610900
49692604
49592176
49594668
49678228
49940048
50215152
49681428
49581716
49599308
49664080
49597708
49540720
49722256
49580520
49602500
49691608
49598560
49598864
49728504
49580628
49610416
49657224
49621944
49593084
49714832
49606632
49603836
49698272
49586628
49605148
49696908
49587096
49609960
49677716
49598968
49569492
49730544
49570548
49568336
49701964
49560804
49607744
49742200
50038988
49599424
49697984
49604192
49598148
49707096
52129412
49961820
49724660
49574556
49590692
49701728
52226976
50219804
49736236
49587280
49625784
49683276
49635744
49579808
49701948
49563200
49606612
49692528
49629748
49580248
 
49737172
49552776
49611864
49661284
49590096
49612636
49697568
49604636
49605444
49681876
49601036
49578740
49692876
49606736
49599344
49692488
49600980
49586684
49712916
49569720
49623380
49632840
49610064
49546628
49721596
49626344
50044296
49694004
49594976
49583580
49707248
51655032
50881172
49706432
49584092
49610252
49651324
49604024
51594624
49918328
49606464
49605620
49689352
49601136
49578940
49679096
49568316
49602700
49634048
49606116
49555828
49563608
49686164
49575908
49587540
49625368
49611700
49563400
49721848
49587212
49599760
49643188
49620612
49604596
49624180
49618936
49579984
49663844
49551144
49599052
49677024
49728100
49572040
49689680
49605560
49591880
49735808
49604672
49669792
49651384
49609804
49594024
49601428
50734540
50449480
49667652
49586872
49607428
49649560
50997000
50754008
49751968
49593916
49581220
49705960
49612188
49592804
49641680
49571208
49583272
49652844
49564500
49563504
49659944
49628632
49579908
49675772
49583396
49600532
49666780
49584384
49596040
49699804
49595640
49589784
49696228
49611940
49587240
49698168
49565040
49603264
49654208
49616124
49608060
49696404
49598752
49943500
50923844
49641344
49582516
49702984
49561932
49607536
49668388
49595368
49596316
49709104
49591564
49586696
49719404
49607792
49582948
49684564
49587404
49576836
49717184
49583976
49576568
49658496
49587452
49558808
49699692
49592096
49578912
49709932
49598728
49607592
49706176
49600184
49575852
49736680
49579760
49565468
49770132
49595700
49621064
49664344
49546732
49584492
49710380
49598568
49591212
49590916
49537764
49632840
49630820
49603408
49579448
49720372
49576156
49638684
51321608
50080092
49616572
49705708
49587332
49609800
49555036
49597580
49534596
49605172
49584892
49573916
49646084
49577728
49594768
49595404
49601140
49526728
49652124
49504464
49537756
49529052
49536328
49565476
49605336
49543116
49579784
49660584
49576452
49588704
49638012
49576676
49583076
49629824
49588564
49588668
49615496
49555144
49533284
49605668
49601744
49552840
49620992
49620224
49619932
49612572
49551284
49619924
49597652
49774128
49588940
49634128
49700340
49634184
50995092
51003680
49671376
49621448
49602500
49645180
49609992
49602736
49562160
49646132
49585084
49602492
49600112
49605940
49594500
49635224
49592908
49541076
49615792
49570400
49611964
49590388
49592904
49546204
49614576
49602368
49583948
49580952
49572288
49585444
49586736
49595728
49560768
49603652
49562144
49595368
49611120
49604924
49594600
49601680
49605268
49580360
49561336
49622580
49595380
49606380
49596276
49618788
49612360
49637072
49583784
49609068
49602832
49590980
51939272
49753848
49593264
49595472
49623716
49665196
49593200
49621968
49566940
49612784
49603572
49560844
49601568
49595608
49595860
49625624
49586060
49574700
49592740
49536460
49626932
49614620
49639568
49602776
49625268
49620152
49568712
49594316
49657264
49590652
49615132
49620184
49600128
49574832
49601836
49601960
49592632
49652504
49568832
49635068
49624236
49622328
49597248
49607856
49637416
49569932
49845560
49707588
49558216
49688248
49590320
53331804
50317840
49619440
49600564
49629380
49589932
49518420
49652316
49605076
49556420
49642976
49582024
49561828
49665836
49585112
49604924
49633432
49609780
49587856
49681340
49598584
49604900
49679836
49604484
49606920
49656360
49612748
49608940
49690156
49592772
49611956
49669744
49849464
49593100
49703764
49696668
49731516
49641360
52440344
50648420
49702332
49597272
49589604
49687032
49587708
49612692
49685280
49586188
49598264
49675968
49579020
49580740
49699324
49593612
49587968
49665028
49602072
49572644
49665500
49604696
49616572
49693744
49582752
49609632
49681828
49604652
49587164
49707912
49577876
49609576
49686508
49614944
49561120
49703524
49568152
49596448
49638092
49598304
49597820
49712792
49594044
49621628
49692444
49581696
49609804
49700268
49586664
49587880
49700376
49570464
49609396
49753720
49588396
49609480
49667524
50665328
50727248
49748660
49609252
49586052
49684452
49606260
49598908
49686624
49548036
49582956
49682164
49573424
49598208
49657556
49562840
49608120
49670564
49617320
49579856
49705700
49581180
49574572
49656216
49603384
49544492
49668088
49560724
49592716
49657340
49597796
49598292
49714424
49590108
49586624
49556248
49617708
49590948
49590456
49575460
49598772
49576244
49615160
49573904
49637384
49621100
49608136
49605204
49621756
49580764
49594800
51873116
49752592
49585092
49609956
49588296
49568776
49582116
49591264
49586604
49614600
49556804
49577620
49608968
49592852
49617368
49596084
49605792
49588624
49565924
49597632
49620316
49590668
49582716
49540876
49582836
49606480
49585852
49586316
49563132
49584828
49567584
49566392
49596572
49591784
49575752
49606212
49553580
49628072
49600204
49612168
49595484
49586872
49612464
49584656
49617316
49619144
49593576
49590300
49582636
49663828
49596692
51491364
55617804
49569980
49597440
49537316
49604664
49605184
49666176
49674240
49642456
49670684
49603364
49668536
49605392
49604832
49630352
49599336
49649868
49566084
49632596
49557208
49602124
49555512
49588680
49538376
49582708
49586864
49625144
49579812
49557704
49633600
49589144
49555232
49655472
49542712
49608508
49591624
49595988
49535124
49669948
49575608
49624564
49596308
49624772
49572556
49658212
49682696
49595812
49585100
49600792
49555628
50974192
51267740
49674592
49637820
49566420
49605088
49641640
49573260
49594584
49620760
49599340
49553872
49636396
49517240
49585912
49651664
49586240
49593480
49659280
49596904
49558492
49684456
49532444
49653260
49624112
49582028
49605332
49648400
49608800
49613292
49673548
49574764
49616672
49664944
49617940
49583916
49667268
49578580
49634588
49637464
49607384
49553660
49695124
50994300
50225624
49711296
49601588
49563148
49685324
51516352
50507796
49634152
49596368
49598460
49615412
49585500
49593732
49587592
49591640
49567968
49621364
49587732
49599608
49585844
49607376
49548460
49698208
49544324
49619040
49621376
49618484
49587716
49692192
49592920
49584972
49651052
49551360
49622168
49627204
49605164
49531032
49651800
49568052
49561992
49623424
49612924
49547044
49664320
49555044
49588976
49638472
49606732
49604748
49679580
49570104
50592456
50616068
49651200
49582688
49654992
49593060
49607040
50406932
54391536
49582200
49691428
49591932
49579760
49686688
49622468
49570344
49692616
49558736
49575288
49694744
49567316
50851936
53322884
53198428
53190820
53337720
53224352
53212940
53334544
53231448
53215412
53279048
53210136
53187256
53287024
53236460
53227412
53336344
53235180
53235964
53307500
53187920
53216096
51677988
49598616
49592164
49735672
49639060
49601224
49722200
49602500
49563876
56161300
49563108
49614512
49635184
49634064
49567084
49678032
49741396
56547228
50159672
49602208
49595884
49683240
49612292
49590176
49682720
49590332
49605820
49709612
49558288
49563944
49716092
49550928
49577428
49693880
49596576
49621844
49680128
49585364
49586396
49682380
49590944
49620248
49653844
49586200
49534832
49685724
49599668
49617132
49716956
49605784
49584240
49716440
49608972
49611320
49696548
49595552
49595232
49732140
49609704
49603932
49705812
49578900
50331616
49663796
49657668
49561748
49704132
49556488
49578960
49711040
57317024
51407300
49701896
49592120
49592832
49710436
49555924
49602072
49604708
49737044
49611312
49710900
49606296
49579392
49692496
49612576
49575964
49699952
49583904
49765544
49675940
49608156
49584748
49701908
49592804
49577364
49657736
49545520
49598768
49553812
49599988
49603024
49628152
49565544
49614080
49579616
49597600
49578248
49698508
49606620
49567216
49605504
50377700
50526928
49637508
49602204
49538156
49643764
49554392
49630716
50372824
49679312
49609284
49614384
49543660
49529228
49676828
49586000
49611256
49661212
49600572
49592764
49653372
49587084
49603356
49635580
49593152
49587356
49644976
49574256
49617096
49628804
49601824
49558800
49677656
49606252
49620924
49656896
49593408
49614040
49653308
49605520
49528488
49604340
49566276
50875280
49731452
49525508
49571492
49576132
49560260
49512368
49613268
49542932
49552652
49648644
50758980
49672948
49632028
49550536
49532496
49591640
49536764
49536124
49592624
49540540
49548872
49600740
49536900
49506488
49636728
49541404
49545696
49649112
49572512
49629356
49669680
49557484
49622868
49656208
49612804
49581196
49697584
49582044
49618744
49655476
49629156
49608432
49711252
49618088
49618024
49748316
49635860
49573832
49718284
49619172
54096036
54868284
49600752
49591884
49678148
49597016
49587660
49736768
49566008
49610564
49658384
49581936
55490440
49661220
49603636
49572380
49707556
49608800
51678392
53375132
53209916
53253124
53336696
49538144
49584612
49720176
49603584
49585276
49701264
49551972
49586412
49745088
49584240
49598104
49686752
49658888
49606880
49744288
49591936
49539164
49724592
49581564
49611744
49712404
49576384
49598360
49725236
49619504
49548344
49705952
49618408
51789140
56428396
49582888
49596048
49710960
49616256
49540988
49719500
49577452
49571492
49705988
49658752
49602672
50999152
49925952
49551340
49713092
 
49597356
49608532
49708268
49613568
49564864
49697176
49556276
49594136
49631088
49573516
49578872
49698908
49590484
49606112
49707772
49601868
49571748
49602680
49558416
49571008
49618980
49580476
49593196
49618480
49605188
49576528
49596004
49558904
49599608
49733596
49619132
49605588
49611404
49608900
51147008
49710708
49600644
49606612
49651992
49572576
49630424
49641408
49938292
49643036
49662072
49542888
49584140
51327788
49900440
49610008
49635784
49639244
49591300
49629380
49584660
49625264
49589756
49625948
49573184
49647156
49611828
49616880
49615884
49573920
49604016
49628756
49583948
49618492
49600572
49720492
49701116
49774320
49599136
49583040
49739592
49623716
49614912
49707660
49623148
49643812
49663572
49589488
49633048
49701944
49683964
51594900
49651080
49599968
49572688
49624256
49551692
49678952
49672600
49688228
49935196
49657228
49632124
49569604
49580492
49654912
49597948
49592432
49610880
49586656
49603648
49584156
49592616
49596684
49569456
49578404
49612208
49574460
49587684
49559156
49566468
49600964
49590992
49598568
49595028
49629416
49572300
49624372
49595892
49605560
49608412
49616052
49615024
51510020
49595496
49551520
49605692
49536600
49599288
49547260
49610872
49598332
49597596
49611688
49608628
49646756
49590112
49594236
49616544
49600920
49600068
51629280
50179356
49607040
49593352
49587136
49637064
49585488
49585172
49622176
49598676
49582856
49608376
49583868
49575900
49643524
49568032
49598572
49608448
49573976
49555268
49635384
49595888
49588496
49660376
49599520
49569872
49677688
49602176
49585428
49611752
49564228
49616120
49567796
49594512
49578032
49653972
50937708
50604300
49638780
49583680
49599856
49661312
49583716
49552508
49708248
49587956
49584872
49699280
49588704
49608332
49685508
49591232
49597316
49692320
49918604
50926388
49640484
49596492
49603272
49681712
49588468
49583680
49668356
49565572
49599236
49657220
49581680
49628992
49676568
49605164
49558428
49652328
49589240
49615716
49671628
49562728
49602740
49721028
49629408
49598548
49699064
49596264
49630148
49715388
49597084
49605676
49642792
49570292
51942140
49816164
49622440
49593428
49651936
49569624
49590492
49677680
49582272
49621996
49621560
49629668
49581364
49753232
49633212
49617380
49653016
49608280
49584708
52226540
49739572
49584692
49726144
49570488
49611788
49689432
49673188
49573964
49675020
49576132
49616304
49766736
49606760
49588928
49734404
49595592
49604228
49762396
49616964
49588272
49689800
49601740
49604864
49729120
49573056
49608576
49766676
49595684
49584660
49700100
49625400
52463892
49975468
49591488
49619120
49632216
49624564
49600908
49687252
49630328
49600236
49723320
49581812
49590560
50094364
49592084
49611396
49639236
49640824
50907848
50350316
49590744
49626712
49629268
49629816
49566260
49664700
49606676
49579456
49687800
49562240
49606860
49612112
49569540
49603940
49678540
49601864
49617096
49668752
49596920
49550820
49669772
49578588
49575408
49702544
49561160
49618732
49783740
49615976
49606488
49718524
49814584
51039064
49688368
49569812
49616120
49690484
49605076
49585120
49727224
49601620
49593064
49669884
49572416
49570720
49636832
49624008
49621384
49750816
49587692
49594912
49705928
49599176
49596136
49724960
49663008
49605232
49687180
49611424
49618940
49726240
49614728
49620120
49694680
49629908
49584644
49733812
49584896
49615384
49716108
49655688
49544284
49661112
49543456
51440968
50660396
49565264
49547760
49658660
49530720
49549128
49629400
49554532
49526056
49667960
49501376
49543108
49633132
49535428
49571492
49645976
49557496
49558312
49693796
49547052
49545496
49623608
49553448
49546644
49671316
49586968
49594300
49741080
49558420
49588116
53540352
49589364
49620204
49681372
49602444
49586452
49692708
49552640
49634752
49729076
49621108
49579404
49706276
49590976
49592872
49707040
49639268
49604876
49704304
49595852
49578760
51984224
51387872
49578748
49583300
49605744
49558816
49589380
49592092
49552324
49714728
49542320
49616248
49609128
49580436
49595820
49589120
49601448
49567400
49694344
49645532
49626256
49696040
49602896
49608740
50072056
49621188
49587228
49721208
49571572
49601496
52371672
49527620
49608112
49527588
49619540
49546592
49730164
49538308
49622312
49693896
49604292
49557536
49691900
49591672
49594368
49712564
49633668
49586552
49607372
49611132
49651208
50414992
49620836
49604880
49546152
49617052
49571256
49605248
49605816
49605712
49733880
49597788
49589616
49715704
49595084
49599120
49674672
49636500
49593492
49710304
49727128
49617992
49691772
49554592
49602268
49645912
49619520
49613780
49588624
49599928
49560552
49592080
49540020
57954296
52085516
49622300
49552048
49631208
49632960
49571372
49581112
49591744
49568104
49589972
49575612
49568316
49609492
49597700
49521356
49592012
49606384
49935308
50831776
49621912
49570924
49596980
49554720
49597292
49606248
49565748
49566056
49608924
49559956
49588268
49574396
49563408
49602848
49601424
49601440
49577396
49581316
49612424
49573972
49606476
49559016
49607868
49590584
49594452
49584084
49563912
49613036
49581528
49591900
49572432
49970392
50852312
49597316
49599200
49569460
49602644
49569700
49594124
49576692
49561180
49618312
49597336
49572092
49683672
49577212
49544772
49603048
49566912
49873956
50818676
49785692
49610052
49576844
49611884
49610128
49618896
49572992
49613904
49587352
49614144
49596300
49599824
49604320
49555984
49598660
49802848
49572860
49599520
49583988
49612184
49600780
51918512
49965000
49599472
49607220
49601624
49588160
49619456
49567492
49592660
49602776
49604516
49565256
49593532
49614220
49647956
49671784
49587616
49602392
49629480
51042340
50887672
49675976
49590348
49586728
49604396
49614328
49585976
49581724
49587384
49572300
49662452
49609848
49611580
49658488
49585064
49600548
49616232
49606740
49578424
49655384
49580092
49592404
49665444
49613492
49579672
49642828
49577440
49608940
49637580
49594416
49586312
50081952
49603672
49612212
49649440
49565916
52204220
50764384
49633784
49612012
49663336
49569024
49611796
49619604
49577060
49599556
49668460
49586116
49716848
49643684
49607752
49554472
49648680
51877668
49778324
49665256
49580476
49562072
49700804
49614656
49597680
49659068
49603548
49601880
49643932
49594968
49605588
49654964
49589636
49568292
49749156
49556944
49587996
49677412
49603804
49554204
49679632
49523916
49603144
49631708
49592464
49644220
49698732
49611920
49594804
49730888
49575604
50773448
50693212
49624532
49613648
49724064
49599164
49593248
49687512
49589204
49606384
49717580
49610036
49606988
49715392
49586124
49555904
49693368
56235268
49587448
49707172
49597440
49561884
49730248
49562944
49588704
49686368
49601748
49522724
49712464
49588104
49586120
49683316
49583284
49604796
49713756
49598624
49560824
49709016
49586692
49585556
49727388
49555292
49583052
49721948
49568152
49644256
49724476
49583456
49570188
49712844
49921624
50965092
49706260
49590524
49608632
49694748
49588240
49590448
49695468
49588132
49590020
49693196
49593700
49580888
49653800
49557992
49592004
49668920
50965892
49621792
49655596
49596208
49565248
49668020
49602252
49580828
49682232
49572432
49586288
49687428
49586416
49556140
49732456
49573272
49589600
49682016
49616240
49576356
49684700
51438628
51224640
49704452
49609376
49575908
49605596
49593328
49595220
49565328
49606052
49585076
49655780
49559240
49598784
49589500
56640508
51706752
49590936
49608796
49506988
49680256
49604012
49601172
49632808
49597944
49595556
49577420
49627268
49576224
49635560
56880140
51535432
49593372
49611136
49607724
49610032
49588636
49576824
49615180
49573148
49552640
49636884
49562788
49564640
49550452
49558572
49595372
49608008
49620944
49563824
49574952
49626556
49585340
49648012
50855448
49584632
49596080
49583064
49591332
49589908
49585816
49584392
49596376
49562012
49640980
49560460
49600004
49499672
49557696
49516692
51187016
49670828
49529016
49545784
49569860
49538688
49556608
49563788
49559828
49527624
49546476
49542128
49543256
49505636
49530592
49540612
49544572
49530704
49539468
49499124
49565552
49537572
49539288
49568088
49517516
49537552
49537248
49538152
49513020
49642880
49582548
49614536
49676692
49720540
49577504
49620408
49595212
49609692
51893540
52583680
49625544
49595680
49557048
49630412
49590184
49591364
49587832
49627940
49558480
49543600
49573072
49586476
52977404
54480452
49574360
49598412
49537768
49614976
49563548
49594040
49567160
49581388
49550328
49591176
49589636
49586584
49582680
49551172
49600136
49575120
49605164
49587520
49551880
49611900
49583940
49590992
49589776
49577132
49600136
49570828
49610708
49568972
49574236
49530196
49604168
49557168
49605200
49537012
49554812
49595068
50420140
49568876
49552696
49590376
49605132
49604056
49600108
49592352
49626740
49600084
49602536
49549564
49587620
50326332
50606600
49608060
49550500
49596668
49576972
49594324
49580680
49590484
49594272
49590384
49523232
49591380
49583460
49591196
49603136
49602156
49533752
49609972
49621268
49556192
49607264
49558768
49582428
49554236
49622408
49623440
 
49587836
49638260
49583564
49600468
49570120
49601400
49607268
49608504
49577796
49542444
49667124
51741892
49596776
49621064
49612772
49538132
49662144
49564156
49753424
49598352
49577068
49614420
49632620
51810004
50411964
49598560
49560180
49587264
49646484
49574752
49608624
49635160
49593184
49576972
49648240
49542548
49588692
49603496
49594096
49599820
49620680
49621872
49598856
49623412
49591516
49607888
49649660
49590144
49548556
49670760
49567496
49608468
49687212
49559820
49614748
49664772
49612552
49567588
49672544
49525160
52082224
49738620
49580188
49614860
49709920
49626644
49578944
49677500
49633432
49624144
49656892
49630412
49602944
49676016
56763740
51410176
49682444
49591152
49605608
49673736
49610208
49576196
49718336
49580044
49578616
49644624
49596480
49624388
49698104
49565636
49570456
49695088
49595432
49590388
49661736
49642720
49626576
49646812
49590328
49611408
49686976
54755640
53936976
49653928
49589880
49597800
49681704
49584744
49617776
49666672
49601064
49577196
49679256
49563632
54207400
54489348
49614276
49557564
49666624
49551112
49594740
49635136
49805152
49597704
49676072
49592316
49606644
49684044
49603144
49604640
49681132
49593172
49579164
49704652
49610096
49591364
49653936
49603864
49577476
49691032
49609784
49579688
49616940
49592144
49541316
49706984
49588736
49608992
49654716
49600088
49557468
49774440
49629864
49605256
49700824
49613676
50343452
56654528
49896828
49559156
49736412
49587164
49612172
49724080
49571724
49616336
49687128
56763292
50327220
49725664
49600804
49593572
49720468
49577864
49604776
49653632
49579780
49643076
49688680
49595768
49599076
49680008
49582080
49563932
49690772
49547760
49575344
49703664
49556304
49552992
49703340
49618124
49605848
49692176
49578848
49588900
49671284
49569820
49589068
49569736
49550964
49611112
49579276
49586100
49557576
56219648
52538596
49604336
49551608
49606968
49583144
49549424
49613864
49562632
49637820
49549188
49564200
56389800
49864636
49591268
49619836
49562676
49617552
49607552
49597664
49583516
49621932
49607116
49599116
49609276
49597008
49599548
49615092
49584480
49569836
49592888
49536788
49588544
49554016
49596500
49604260
49588360
49616380
49591368
49592244
49600708
49593908
49554544
49598588
49590480
49599436
49609944
49706884
49613744
49618368
49542152
49613344
50635012
51372444
49607932
49583664
49609136
49570900
49662652
49560360
49633840
49547532
49618396
49870684
50918320
49603952
49578476
49625028
49598832
49596688
49599048
49561576
49598428
49610576
49600868
49601952
49584228
49551796
49613208
49599572
49617568
49596604
49574520
49643352
49580844
49623756
49587892
49606448
49559644
49620024
49545784
49592536
49606092
49588884
49633040
49607132
49580208
49655172
49952676
49689620
49604996
49605312
49624464
49592804
51792536
49848564
49645152
49583152
49555076
49650816
49590524
49597892
49664280
49541116
50824128
49639224
49604612
49592512
49618464
49603440
49594916
49669144
49581148
49602480
49669956
49598956
49594780
49628900
49552340
49580344
49676412
49607932
49608524
49697128
49607656
49597360
49700000
49601176
49610456
49688172
49584260
49585728
49653624
49589392
49587684
49675140
49584584
57214276
51218808
49587616
49612188
49687424
49571860
49540780
49660020
49538308
51163492
49803956
49549648
49509620
49620032
49511068
49534488
49580672
49538632
49495088
49645364
49554656
49542896
49649716
49531080
49527428
49596000
49553712
49539120
49649168
49526224
49537744
49596260
49554972
49492716
49621648
49548200
49528084
49611756
49533368
49551012
49636968
49539080
49540736
49605892
49535512
49540872
49618704
49545116
49520940
49760792
49982352
49644852
49714808
49636524
49616124
49715584
50981548
50608136
49696488
49604640
49635308
49704048
49615728
51059620
49830508
49610608
49600636
49714968
49617320
49617420
49712332
49636276
49593320
49687180
49609228
49590092
49733380
49604988
49591072
49708588
49581044
49611236
49765960
49606108
49635064
49711488
49619196
49633668
49728248
49616724
49607600
49711420
49634308
49606624
49731728
49601428
49617256
49718956
49579004
49584816
49748372
49600860
49982428
49684192
49631032
49596924
49739388
50978456
50743592
49700508
49618460
49555192
49896836
50962768
49607832
49707348
49583136
49607008
49659336
49611952
49610996
49684552
49608060
49601488
49713108
49604272
49585988
49704696
49582100
49596304
49731912
49624724
49603444
49598572
49595208
49604388
49602092
49596240
49597360
49682660
49578124
49605668
49682868
49621152
49575560
49609620
49562388
49578580
49615084
49558384
49631832
49690420
49628224
49587380
49704932
49625712
49604672
49655936
49700392
51228228
50517120
49591604
49583752
49690564
49605872
49589076
49628360
49619180
49596180
49652788
49613464
49607892
49618716
49619420
49616428
49641112
49604968
49626624
49656120
49573348
49626384
49641304
49600576
49622812
49596352
49600836
49604352
49644912
49590720
49599636
49629428
49594448
49605840
49598540
49603100
49561160
49606064
49567600
49631096
49637264
49618812
49601888
49614960
49625760
49643716
49621836
49635980
49548952
49801532
49640524
49616884
49627124
49680464
49632456
56052456
52754268
49597968
49623920
49599120
49620272
49655444
49599128
49586340
49675896
49554144
49553888
49607792
49639216
49601684
49658076
49581436
49592848
49597352
49566868
49587628
49624532
49598864
49541396
49617620
49558820
49594340
49643668
49605056
49590620
49625200
49611316
49593644
49633004
49585716
49583148
49603780
49951892
49572704
49617176
49688136
49602048
50129336
51365392
49668272
49648912
49620364
49780660
49605308
49604720
49585592
49635484
49934440
49603200
49616856
49588724
49593564
49596980
49584544
49555216
49597848
49577644
49584404
49554196
49617540
49601616
49589496
49582336
49613224
49564852
49591056
49600168
49555556
49582244
49584956
49571784
49597604
49560476
49610268
49592608
49608368
49577284
49598496
49562492
49566580
49594104
49535928
49596424
49554276
49649448
49614376
49596204
49562136
49579760
53911488
54833100
49614276
49591088
49579560
49578864
49611160
49582364
49587568
49566832
49598008
49562356
49611656
49565900
49581016
49526536
49617268
49609584
49616124
49605332
49558444
49659748
49601088
49610932
49619812
49588324
49603252
49622652
49579824
49587048
49652904
49585020
49607472
49613668
49615744
49542936
49652896
49567276
49598748
49583840
49558764
49588276
49672116
49557020
49586044
49644796
49567312
49548468
49624932
49622404
49591324
49640252
49594392
49580532
53138912
55701864
49590628
49638416
49579132
49571380
49650520
49532540
49627872
49679316
49612756
49606496
49682144
49586544
49602220
49650476
49605212
49540560
49678756
49595920
49588200
49667348
49604680
49583368
49689552
49590992
49589072
49702980
49602880
49588624
49614332
49576556
49597256
49655496
49556064
49531176
49693424
49599184
49650748
49680316
49584752
49631892
49696256
49631332
49581552
49685536
49611260
49637932
49681824
49594432
49589392
49687996
49600872
56153796
52709224
49625208
49598616
49667628
49600884
49572604
49703160
49552480
49595284
49640076
49599048
49596784
49683812
49562440
49608624
49690944
49580008
49567844
49713728
49581128
49605288
49664292
49583132
49610780
49701452
49596516
49573056
49720480
49560616
49595196
49670760
49560852
49603548
49701956
49614796
49565560
49726128
49561464
49603768
49676356
49585072
49597452
49690864
49597436
49594228
49727404
49610840
49605604
49709280
49568532
56894664
52207012
49601924
49554500
49724260
49558888
49595548
49725884
49588964
49631384
49720580
49604304
49569056
49638284
49558512
49577564
49717156
49593504
49594344
49698112
49600544
49584592
49700432
49580812
49600492
49655128
49658736
49599644
49594412
49617816
49578556
49601812
49605192
49602096
49629836
49717152
49588164
50136068
49602576
49597840
49597548
54196036
55671616
49670516
49563136
49588332
49649500
49604372
49579548
49613060
49569752
49595536
49567304
49597724
49553548
49625044
49618188
49584384
49604520
49603292
49604688
49618752
49599412
49599540
53229884
53226952
53224592
53259152
53218628
53232320
53234980
53185452
49606228
49596716
49593284
49566840
49565780
49624240
49562652
49572844
49515024
49625660
49602112
49621728
49610944
49578784
49587364
49598768
49611980
49569116
49599272
49621832
49552520
50689064
50157096
49561964
49597656
49588360
49606000
49588952
49541860
49602724
49603412
49591720
49598144
49585696
49591308
49558792
49558188
49593268
49611692
49590160
49613912
49586440
49604072
49565972
49593192
49609628
49570712
49644204
49563268
49585952
49614308
49603800
49597672
49597008
49581748
49584916
49598820
49611888
49587244
49608016
49579328
49558532
49597196
49602144
49604264
49633012
49602204
49574328
49667272
49603996
49715128
51267120
49625884
49527636
49620312
49549460
49582084
49587028
49641496
49600180
49626628
49565628
49610548
49636424
49602776
49559904
49617328
49549156
49589628
49570144
49587192
49619948
49606596
49608724
49594216
49647320
49582320
49602280
49629456
49582472
49593892
49629388
49612604
49577944
49664060
49583832
49610680
49589192
49624656
49604756
 
