Procesando...
  Filtro             : sierpinski
  Implementación     : C
  Archivo de entrada : lena.512x512.bmp
10682060
10839492
10886788
10996532
10878744
10812812
10792804
10812228
10909588
10794032
10820100
10873628
11098412
10839176
10833636
10818168
10792940
10911724
10778424
10805004
10853000
10878552
10926848
10850124
10860232
10839872
10807412
10923028
10849556
10872720
10806800
10862696
10903868
10862104
10813592
10825784
10856888
10866384
10859272
10858652
10835456
10922296
10797552
10864164
10832732
10831292
10946140
10789980
10843768
10874856
10795332
10941356
10824216
10808412
10846612
10839868
10924368
10918880
10809872
10869360
10810584
10884184
10863808
10835268
10821340
10953292
10803508
10848400
10829660
10875876
10928048
10851816
10850708
10847476
10785324
10947060
10842228
10841832
10862492
10803216
10932816
10846820
10860616
10857156
10790380
10892468
10849484
10860716
10857880
10861036
10876832
10783940
10812608
10875744
10880872
11200504
10865336
10848140
10836012
10867028
10823548
10849540
10797280
10844196
10909160
12922556
12193412
10936700
11080488
10897928
11020684
10944280
10914236
10924888
10836324
11793704
11908784
10813548
10847872
10850560
10853500
10808372
10862344
10878388
10849960
10779000
10835956
10852416
10947896
10847360
10836304
10851216
10801228
10927880
10852060
10854280
10836888
10844820
10863724
10805944
10848084
10788844
10870340
10873444
10841048
10827512
10820680
10947564
10831160
10847464
10803536
10840004
10885084
10931204
10806120
10826728
10831192
10883820
10865700
10847876
10804604
10832288
10929728
10833940
10785768
10826384
10878304
10928868
10864132
10855904
10847128
10855824
10931668
10800432
10864244
10794852
10846572
10929140
10790776
10864812
10850828
10830564
10872548
10777964
10795940
10865460
10849260
10890472
10825676
10830152
10831120
10926992
10842596
10813068
11519608
11651456
10918588
10844620
10878900
10827760
10838632
10922608
10849512
10852220
10828812
10864252
10859632
10782632
10822840
10803308
10870368
10863428
10857920
10830904
10807704
10878960
10857004
10796768
10844104
10862516
10917976
10844316
10858140
10826740
10768692
10938168
10837476
10841268
10832672
10845532
10908352
10866712
10820052
10860088
10827568
10857720
10858036
10856524
10850332
10842808
10825028
10862992
10787812
10806448
10857788
10869456
10802816
10802256
10860444
10887068
10870828
10882412
10843752
10806048
10872924
12086572
11057388
10870624
10842772
10887832
10878796
10837068
10767376
10818416
10931744
10856576
10864492
10768180
10849748
10887940
10786060
10840656
10825628
10859384
10917300
10757876
10772948
10845836
10772756
10927660
10852508
10809024
10852400
10862648
10885504
10862252
10845148
10790852
10855804
10851944
10850376
10833968
10880472
10907376
10854332
10866416
10839508
10851276
10886772
10901016
10848152
10817208
10799988
10872220
10874448
10851860
10817104
10862364
10956284
10832680
11059652
10855188
10847676
10859696
10831936
10820812
10834380
10811180
10894060
14043360
11772108
10897596
10857836
10963152
10854440
10843088
10771516
10865948
10869268
10871480
10901540
10798176
10917236
10871656
10860044
10829940
10805204
10917016
11146384
10867136
10810848
10795892
10954260
10893616
10842736
10808964
10813676
10956932
10792544
10842024
10767968
10849148
10873248
10905260
10864324
10798952
10909848
10885536
10864096
10823836
10777804
10826952
10908120
10801548
10851992
10806100
10869804
10945584
10840712
10808984
10840688
10848172
10865760
10835564
10861484
10842268
10827988
10940960
10838280
10832980
10837432
10868184
10916940
10834044
10865040
10836520
10864124
10889640
10796852
10831148
10850572
10885296
10870008
10781772
10778668
11000884
10913544
10838360
11049316
10828596
10832004
10916176
10826752
10834540
10823652
10828352
10947672
10779212
11556788
10827576
10849256
10872632
10805824
10794672
10849868
10878940
10846264
10813356
10909396
10832016
10897684
10826264
10934112
10827048
10872004
10908408
10870620
10863964
10838716
10812172
10918580
10848176
10822456
10839184
10908724
10927332
10768500
10998456
10869032
10837984
10888136
10801304
10827648
10834244
10853292
10873172
10839496
10764248
10867752
10940308
10845596
10862624
10882792
10835728
10937896
10841824
10785628
10851400
10862240
10877500
10843664
10835748
10791388
10841472
10844244
10833012
10826860
10838068
10877676
10837744
10817384
10832488
10873904
10925892
10834264
10845520
10817772
10853916
10945400
10764796
10863688
10817608
10850344
10934272
10750484
10792352
12366060
11426080
10843488
10887380
10846628
10868340
10964300
10887580
10834856
10827364
10852952
10934928
10790568
10801832
10809880
10864908
10929712
10851524
10840372
10831352
10818952
10945792
10878584
10895544
10874628
10862164
10918588
10814832
10871100
10881648
10860744
10850932
10787820
10793760
10829740
10914724
10857764
10846360
11597532
10824712
10915892
10861252
10835620
10835492
10831308
10877596
10818752
10817876
10819480
10812132
10916672
10832028
10826912
10793552
10836296
10834280
10854116
10802872
10897496
10871004
10922920
10806496
10824140
10840800
10920672
10833648
10871796
10895500
10863164
10902120
10798940
10855828
10834664
10815260
10933596
10836396
10851100
10827964
10876120
10918020
10843200
10861632
10792800
10845896
10858928
10853088
10833760
10791012
14426480
11524520
10874092
10782572
10890956
10899272
10841284
10847752
10765556
10824796
10927112
10755528
10852572
10763360
10851332
10917928
10832360
10831648
10811904
10796056
10931392
10788920
10825960
10849348
10996204
10847592
10882096
10837788
10761644
10911156
10859660
10861048
10807792
10856072
10912708
10876180
10853348
10731336
10844292
11226284
11243452
10871292
10818928
10826672
10891400
10780188
10789116
10831244
10861108
10904584
10832884
10845496
10839072
10853368
10907708
10822456
10781604
10855452
10796080
10880168
10837120
10794492
10846224
10845192
10925416
10786612
10798992
10832220
10871040
10802420
10851428
10855596
10854416
10914452
10827264
10830920
10795384
10839492
10874292
10896648
10867320
10770876
10828940
10878376
10860464
10842136
10779988
10829296
11294800
10897056
10862564
10893192
10843656
10888212
10845592
10838132
10829616
10825632
10932252
10840324
10858944
10792896
10857384
10927376
10781744
10835752
10799208
10847076
10906416
10814500
10869300
10821584
10844680
10817036
10835092
10838388
10858572
10925812
11010420
10907508
10798860
10835652
10886920
10785640
10868068
13158300
11417768
10941320
10843000
10873220
10770360
10853296
10916020
10842280
10844404
10828320
10863916
10838460
10862220
10830780
10820620
10913656
10832744
10821352
10816296
10854036
10923648
10842064
10784516
10793404
10854668
10929956
10850528
10778228
10831980
10853936
10874304
10779224
10832148
10825156
10803960
10909436
10835004
10814436
10853036
10853024
10849328
10817116
10829216
10802824
10955204
10863312
10851824
10846032
10832204
11283232
11425920
10901212
10861080
10788932
10857388
10839480
10861704
10874136
10830148
10904596
10805136
10812292
10855492
10859532
10881412
10805184
10831764
10833444
10908276
10859536
10831204
10825128
10829920
10924032
10853204
10855368
10869600
10862656
10921172
10841028
10777496
10860292
10854112
10908612
10851072
10889152
10848728
10843148
10879292
10789736
10776280
10830296
10860416
10940372
11155456
11033436
10826508
10855728
10833864
10856016
10762036
10809836
10888008
10854332
10840360
10772716
10851480
10884004
10831712
10877816
10847860
10822128
10901368
10849532
10846812
10812792
10846752
10905324
10847600
10830052
10795540
10833832
10939508
10846808
10860368
10839796
10844912
10896424
10837300
10795636
10890284
10876584
10864696
10815276
10868360
10855056
10855612
10860172
10784592
11703272
11080812
10915724
10859788
10904420
10831588
10785996
10840984
10909460
10847276
10774488
10886080
10861912
10794332
10846384
10856276
10897048
11126204
10900004
10867224
10862996
10839524
10928284
10780740
10866676
10870456
10819208
10909416
10846168
10784748
10864540
10831664
10932228
11854952
11817640
10818724
10869440
10864092
10850924
10762992
10803380
10936544
10803696
10843488
10840408
10857852
10809036
10904760
10870352
10827424
10782960
10862444
10865620
10889848
10759868
10755332
10910068
10827532
10856484
10812664
10910648
10914676
10791780
10860996
10845988
10846856
10896616
10898608
10820400
10880256
10884608
10838336
10783312
10794804
10845328
10864340
10833344
10873612
10813204
11369220
11190648
10844828
10904456
10814012
10847992
10790928
10880364
10875536
10839060
10797332
10852932
10842080
10787264
10844344
10869228
10911484
10842288
10814644
10804236
10839320
10866596
10846592
10812436
10815876
10904656
10824536
10845324
10813048
10874908
10888692
10833576
10859004
10840608
10818288
10927032
10815788
10916988
10837408
10797200
10907556
10825348
10837356
10833700
10852356
10843568
10921380
11352544
11136804
10886764
10884540
10786296
10792052
10840908
10920700
10811844
10823548
10800952
10837284
10754860
10901128
10852452
10839648
10829160
10833804
10850948
10858608
10834760
10826944
10842684
10942028
10847344
10767376
10778984
10807044
10885692
10779440
10806968
10848680
10859172
10815824
10843320
 
10803064
10893272
10913704
10898428
10808536
10898080
10842944
10865024
10832428
10803588
10880304
10862452
10930216
10788024
10844376
10850736
10850124
10913308
10794096
10856072
10848564
10875536
10865296
10864952
10740996
10855904
10910256
10844044
10780224
10782344
10885780
10859944
10789436
10856276
10853224
10847244
10821932
10803596
10850604
10810868
10808608
10944224
10875612
10778104
10877528
10845364
10890496
10842080
10871224
10831040
10832980
10860584
10890156
10838220
10764076
10813652
10795368
10840332
10765748
10840288
10870552
10831052
10858864
10828252
10797720
10811516
10862788
10870176
10753364
10832544
10835592
10855504
10868604
10891040
10872700
10902256
10837696
10849236
10838680
10854768
10925300
12073744
11751884
10873928
10896540
10941684
10857652
10852196
10786912
10865980
10794524
10872436
10814332
10851412
10808644
10853372
10844280
10752624
10906408
10884468
10840716
10860436
10822988
10810908
10897044
10821792
10859440
10814572
10868904
10905972
10790444
10836268
10773388
10827564
10914392
10778064
10837424
10841464
10973148
11279040
10839140
10837172
10858256
10890980
10842752
10847328
10829760
12418552
11940084
11063280
10916904
10875552
10829304
10947760
10853032
10850976
10836832
10858744
10877416
10833956
10849648
10797360
10854472
10904672
10843152
10838980
10823200
10832248
10848860
10822088
10734712
10868952
10910532
10846104
10846188
10848620
10788976
10824156
10776740
10841368
10895184
10866228
10855784
10840888
10821232
10843776
10803784
10874948
10846656
11889748
11121428
10864240
10871180
10851580
10825388
10777260
10912152
10843888
10782928
10830128
10802380
10865868
10838780
10828716
10777456
10811300
10890960
10792924
10815420
10791800
10874924
10896656
10816880
10802948
10858892
10854956
10897912
10827144
10864044
10836500
10867384
10857276
10829460
10802500
10872272
10919540
10829100
10852280
10862920
10842984
10903376
10852556
10781728
10856956
10801172
10925928
10836180
11204592
10869036
10880904
10891288
10830632
10876844
10822992
10860732
10806516
10862276
10792432
10835312
10921796
10843708
10845356
10767040
10877632
10911256
10867628
10856216
10857452
10847924
10873828
10843816
10864296
10804456
10850984
10804900
10839868
10794148
10799348
10846952
10817228
10797820
10757340
10846572
10863972
10842960
10847216
10802968
11676532
11940800
10857536
10869684
10808220
10876584
10772552
10847732
10824984
10809328
10825980
10900224
10822292
10822832
10857320
10865740
10893432
10844188
10817084
10779784
10872240
10878820
10860852
10809416
10822124
10876232
10838852
10882908
10836028
10826496
10885744
10856400
10792476
10819568
10872260
10922624
10835376
10787264
11650580
11562464
10896836
10871864
10880068
10822624
10864408
10858768
10866564
10813720
10829124
10888404
10871304
10794016
10792940
10816748
10950368
10864324
10788916
10826112
10881260
10929376
10837920
10831464
10779432
10857228
10913564
10823828
10849584
10838896
10847320
10902940
10865988
10803940
10769164
10852264
10844436
10877712
10802408
10783884
10896520
11360720
11040156
10851932
10829728
10889072
10869168
10844200
10840204
10847860
10830128
10879988
10847064
10812128
10849388
10806184
10831024
10800048
10831704
10861024
10800972
10837404
10788280
10840960
10862744
10801660
10855548
10791600
10787648
10824272
10807140
10843876
10796276
10856200
10919784
10836876
10838580
10809696
10856128
10840560
10853272
10819472
10759988
10911048
10876464
10857144
10842780
10829332
10887872
10897220
10851928
10849692
10865576
11158344
10850500
10831904
10840428
10843632
10850044
10854316
10841028
10840108
10841504
10819292
10861024
10871144
10860632
10847540
10870380
10845764
10838620
10737424
10840192
10890200
10832396
10856268
10825612
10812576
10902424
10799580
10789240
10824940
10816324
10897892
10806468
10803084
10826764
10828992
10918680
10858304
11268948
11949460
10856240
10813204
10907076
10791448
10826412
10898744
10843088
10786372
10811012
10885796
10889084
10845608
10827960
10836920
10768308
10930400
10834652
10823320
10831232
10857632
10955624
10800876
10841228
10822676
10827344
10895584
10836884
10840752
10811572
10851932
10843764
10874596
10755808
10843760
10895692
10860484
10836116
10816832
10880948
10883680
10858236
10902300
10811500
10795912
10739896
10814912
10789604
10830340
10852460
10844680
11996776
11212784
10888636
10875944
10874416
10823856
10806172
10776204
10902864
10864044
10854724
10828148
10870104
10931676
10841588
10832232
10830028
10853304
10869504
10832956
10839852
10836312
10829848
10909360
10834380
10819576
10849356
10902896
10914152
10842832
10823088
10831528
10846948
10859108
10872632
10751800
11568316
11077944
10752544
10862824
10764404
10810736
10839388
10845168
10853164
10795416
10811544
10877140
10867844
10828840
10797992
10797060
10882588
10769124
10824132
10804984
10887136
10917592
10853108
10851148
10833468
10868448
10879812
10796720
10832984
10863440
10845592
10932676
10843664
10831360
10812676
10786656
10854204
10824412
10832740
10822764
10869552
10833728
10859280
10806400
10964116
10939416
10849596
10845444
10805944
10861904
10877408
11848324
12111692
10807796
10796540
10942096
10828652
10838016
10845304
10834668
10859472
10836868
10828324
10815384
10795976
10870412
10840700
10814020
10819228
10877748
10849432
10767392
10787932
10855248
10925996
10824960
10845028
10825448
10848040
10882584
10859396
10873268
10869332
10870524
10865124
10794888
10837444
10779156
10824940
10891468
12167156
11755576
10872476
10879528
10803776
10827092
10753652
10859128
10904304
10844820
10829352
10833912
10864968
10863236
10849416
10848332
10834812
10852488
10904324
10821148
10788532
10847548
10847100
10865188
10831188
10842132
10866904
10846980
10863528
10846820
10815448
10837476
10824292
10846272
10822836
10799484
10872076
10934556
10847700
10835304
10827728
10795500
11001180
10896388
10847768
10780360
10850920
10834872
10837236
10841128
10771544
10838560
11348060
14082412
10974916
10870236
10892452
10800856
10810328
10750264
10821892
10854144
10849452
10785064
10817840
10854712
10916288
10787720
10835320
10818432
10789736
10874136
10868300
10856392
10792488
10818040
10738464
10833960
10801140
10944844
10784440
10805516
10829044
10786836
10847636
10840344
10819976
10813596
11803624
11979464
10918236
10861204
10791172
10829616
10820312
10765892
10844892
10800880
10846428
10834172
10865104
10855660
10808080
10845276
10839192
10841988
10918420
10786388
10788876
10862024
10909144
10786448
10791444
10848924
10916856
10835952
10834464
10734156
10841964
10899124
10854760
10988800
10806640
10841796
10903404
10853236
10844836
10823132
10847592
10931124
10849952
14605500
11300672
10864228
10843948
10854768
10762888
10803764
10860720
10803136
10857012
10771728
10854420
10905808
10866860
10833136
10766392
10856084
10909196
10831268
10860772
10821248
10851048
10859664
10817864
10839756
10844248
10849228
10768904
10819716
10813800
10790172
10800128
10820172
10860736
11455016
11244152
10825084
10840096
10801036
10795664
10813124
10869616
10818008
10856264
10832960
10833688
10907248
10801552
10844524
10859040
10833248
10909800
10855584
10780296
10832268
10823632
10886808
10858752
10865760
10850008
10854144
10868068
10843072
10772856
10786908
10856792
10853484
10823884
10820052
10857020
10929236
10805552
10836496
10838284
10838072
10890900
10877008
10833812
10812296
10784436
10869292
10855804
10876792
10738824
10897404
10945400
10852044
10860384
10854148
10848468
10880184
11141432
11159412
10867756
10840724
10834916
10789064
10813060
10823780
10842056
10896936
10824596
10849468
10855968
10814516
10843788
10841196
10829268
10780140
10929772
10868832
10781088
10820564
10895188
10941112
10829412
10864304
10813920
10825784
10860876
10855016
10825464
10876584
10784852
11479792
11178308
10813320
10844360
10851532
10887828
10801188
10791332
10791932
10863204
10843212
10798896
10918196
10824680
10920088
10868912
10836112
10818032
10863424
10864796
10852820
10833708
10794964
10814524
10850252
10843680
10850664
10842552
10851068
10842196
10857676
10828176
10833720
10846596
10899900
10848112
10830636
10837036
10894848
10784612
10851468
10790868
10793824
10892008
10868320
10799608
10817780
10878628
10850448
10832700
10816004
10848876
10775592
10816432
10861936
10832080
10798016
10837628
11877712
11102548
10802800
10887440
10834892
10859108
10842196
10775324
10828216
10865464
10834224
10784620
10811952
10864212
10925520
10863724
10842776
10783296
10791200
10904360
10823880
10846016
10762792
10819164
10921712
10816116
10852476
10835372
10829744
10869108
10834284
10805368
10820868
12071824
11770268
10856124
10857172
10822188
10916812
10859516
10825716
10799728
10880924
10865016
10857380
10768860
10836164
10810024
10876956
10818372
10826176
10833728
10879176
10811360
10826892
10807032
10837524
10856172
10827508
10831212
10782072
10779340
10833364
10779472
10842184
10804700
10778348
10912892
10846788
10831880
10808784
10852976
10851776
10840832
10816224
10843668
10863604
10877088
10857076
11223616
10859904
10854436
10885016
10841320
 
10749048
10835804
11366404
13919308
11064064
10817388
10870820
10863196
10800648
10823856
10736364
10766476
10868800
10831536
10820892
10760068
10845980
10938016
10851128
10853748
10770008
10804160
10794212
10842092
10847072
10834412
10929700
10912196
10775020
10834100
10827456
10831552
10912552
10831828
10844248
10823068
13687736
10818268
10868788
10760820
10791700
10877508
10787680
10839340
10826948
10825828
10875024
10833484
10864504
10788464
10806500
10853860
10848000
10816564
10758028
10808720
10910980
10810736
10827128
10775064
10854096
10877032
10856480
10773680
10813232
10853568
10920508
10827344
10837176
10855620
10871272
10921192
10832984
10835080
10817248
10850640
10920036
10836144
10871332
10820684
10845940
10857676
10824596
10764404
10827736
10855868
10853836
10866216
10788376
10876648
10838912
10854736
10832224
10748144
10814236
11292320
11187512
10916292
10791836
10853448
10858404
10821208
10788092
10789188
10820508
10846348
10835332
10787056
10805080
10804960
10853292
10814028
10800892
10819240
10797568
10841196
10834212
10844524
10816856
10876456
10847968
10825292
12913752
11542504
10870292
10772400
10837968
10779872
10843932
10860980
10833204
10804016
10865036
10844868
10902016
10791192
10826836
10836300
10813952
10890720
10862372
10854864
10830404
10871852
10786168
10848384
10819832
10853968
10861016
10946980
10839236
10734192
10849772
10882152
10847284
10863412
10827660
10863144
10805688
10860432
10862332
10867756
10848556
10904260
10841660
10768084
10849740
10805072
10837360
11946668
11671464
10828776
10835612
10851900
10850968
10732252
10840568
10921268
10870060
10847244
10817848
10886904
10870860
10866060
10822684
10850908
10859160
10864648
10825288
10742680
10806420
10802116
10879056
10855076
10866460
11569584
11061384
10838428
10861200
10781808
10862292
10867944
10848772
10839460
10793680
10889336
10845140
10860224
10829264
10841768
10842196
10834248
10843716
10823028
10818968
10849468
10825172
10862744
10834504
10755396
10772968
10882064
10849164
10836732
10828316
10834516
10850560
10858292
10836176
10830596
10837808
10910164
10816028
10839980
10826628
10812436
10979816
10829128
10766688
10792152
10863744
10840028
10845104
12272352
12667668
11657468
10871824
10818140
10751360
10884800
10812144
10857876
10813360
10835088
10850068
10841788
10868328
10811668
10827800
10861968
10870808
10846700
11217456
11071076
10919332
10840904
10853712
10803592
10833056
10862744
10859996
10836916
10814740
10881140
10909980
10859872
10787728
10797128
10848272
10886764
10845528
10831200
10741092
10825820
10883428
10806272
10842560
10773240
10764620
10904656
10844876
10840008
10828180
10794456
10862684
10810848
10826216
10824352
10837236
10829752
10826176
10732852
10789984
10857060
10901492
10861816
10835992
10844884
10822016
10856540
11522308
11834288
11789576
10837780
10880420
10842656
10748240
10867008
10882012
10854080
10825732
10843688
10841648
10826916
10867004
10783452
10873924
10863776
10905960
10828748
10829896
10772188
10862928
10869984
10834512
12058648
10798640
10917728
10854708
10836576
10757124
10830696
10843088
10857108
10854672
10810156
10864120
10868472
10864868
10839368
10764748
10818844
10758600
10810668
10802268
10802480
10845308
10857216
10831732
10796828
10770348
10835712
10824180
10815328
10792276
10824628
10793608
10792092
10833876
10798640
10843800
10871560
10856888
10847024
10827856
10910684
10813308
10866072
10797352
10787068
10817820
10863368
10840092
10817208
13708772
11348964
10886732
10841540
10751104
10844024
10869532
10864740
10843496
10783340
10835820
10838180
10833952
10821688
10844456
10867268
10861300
10846356
10767668
10858244
10848960
10900376
14354312
11404964
10865376
10805668
10853508
10792232
10794648
10840512
10871644
10827368
10845432
10805348
10828792
10882816
10823208
10821316
10771256
10844084
10903880
10842244
10837976
10823188
10849952
10875664
10843888
10808536
10847228
10842832
10891668
10837764
10818644
10798552
10860864
10855552
10829112
10807884
10807524
10857040
10749784
10851068
10785892
10822516
10812812
10861532
10836184
10788824
10828552
10842132
10795192
10928688
10788660
10846408
10913632
10825700
10780648
10792388
10824384
10877016
11899364
10867168
10860908
10853220
10858408
10833024
10840088
10829548
10861464
10860656
10847424
10813220
10845524
10801276
10937580
10801564
10805696
10824836
10825328
10895664
10831052
10793688
11932172
11236264
10816320
10819120
10789236
10837568
10899576
10794908
10849968
10824932
10866584
10879884
10977716
10800064
10849996
10872304
10884376
10856712
10820684
10778852
10814504
10787968
10796008
10851728
10768920
10832796
10835868
10816248
10788440
10831872
10954120
10786388
10823788
10805180
10830164
10912360
10827776
10849368
10832888
10864084
10771632
10846172
10835284
11204984
10856624
10904844
10772580
10820008
10770816
10840272
10898944
12353760
12013808
10855112
10813708
10835392
10791708
10736524
10788760
10837252
10811908
10831144
10787264
10859920
10838500
10856012
10806316
10850400
10850332
10855436
10855472
10802836
13913424
10803532
10834292
10855204
10788816
10833284
10867412
10847640
10845280
10796668
10857124
10908332
10848108
10772828
10730356
10813720
10891928
10805536
10822372
10835632
10851024
10823408
10824988
10758900
10843484
10862112
10863008
10842488
10813932
10752636
10832060
10895028
10841728
10753916
10830600
10860872
10840532
10843868
10801328
10838696
10881456
10860756
10794092
10789732
10842872
10914188
10788644
10878992
10755452
10832112
10900572
10770396
10846668
10768368
10840992
11171564
10859816
10747732
10790144
10787084
10833032
10841020
10841440
10834268
10840716
10846980
10853772
10733576
10834848
10849736
10861252
10833796
10836828
10820008
10877016
10856956
10831876
10721648
10840812
10776200
10839624
10843388
10730552
10820788
10874212
10783624
10831452
10735784
10818324
10809968
10811876
10835488
10834236
10839192
10863252
10850208
10765556
10779956
10805144
10791288
10755420
10779788
10799224
10823900
10850652
10780460
10895652
10809336
10819220
10849000
10824780
10777604
10847744
10888528
10870836
10850420
11392488
10880680
10897420
10831452
10823668
10816020
10825856
11334004
11324020
11303876
10797848
10877452
10845400
10793728
10811016
10780588
10801448
10749280
10848480
10802524
10835824
10861116
10854012
10825856
10806512
11823892
10884424
10851320
10834964
10814580
10791220
10869660
10836048
10854724
10783876
10833332
10891832
10843172
10839816
10832892
10875244
10870228
10838668
10853428
10823152
10864580
10862340
10837996
10827652
10839884
10839424
10889380
10808748
10789884
10826464
10843716
10912888
10820340
10833264
10755104
10855352
10857916
10844200
10737504
10782640
10821304
10810608
11200332
10792812
10848004
10903892
10859116
10821320
10826580
10842416
10895136
11231572
11837536
10774440
10839404
10902020
10843020
10830744
10821376
10859544
10847704
10829064
10788256
10843984
10834348
10791268
10843224
10805740
11832028
11173380
10877280
10838516
10839452
10843112
10814160
10847912
10770756
10797496
10813728
10811752
10807344
10774144
10736772
10877740
10900016
10863688
10834616
10824764
10879636
10825012
10868476
10810136
10793788
10845196
10861472
10858112
10816076
10789560
10799564
10817952
10813848
10808512
10771912
10800616
10780364
10800064
10817132
10820764
10831484
10846044
10854812
10797320
10835952
10894660
10863076
10849800
10814964
10902452
10806832
10864104
10848172
10811820
10827468
10831764
10842928
11302052
10789940
10857724
10849648
10805820
10828596
10810844
10845780
10852108
11728188
11192152
10784292
10811212
10797832
10760064
10788316
10786212
10769764
10845764
10804224
10816696
10836512
10854260
10825624
11653292
11077560
10813564
10911704
10796160
10845348
10824704
10816556
10881568
10854460
10827676
10855712
10835064
10893472
10816288
10814460
10770840
10854244
10919120
10900208
10835240
10800428
10831972
10839212
10850852
10817620
10822192
10944260
10859628
10786156
10790920
10817300
10892236
10863792
10833380
10812376
10871372
10866264
10852892
10858624
10797764
10806500
10763952
10830932
10768648
10805480
10875892
10897292
11296312
10878324
10776136
10841700
10832028
10830376
10780428
11691688
10981268
10860896
10844488
10813768
10860344
10855492
10841272
11009564
10804276
10847256
10794248
10864488
10862612
10799804
10825676
10805744
12271484
10972488
10832796
10835812
10854388
10830000
10806104
10808396
10860264
10830804
10789956
10812452
10782768
10820708
10830828
10779120
10800448
10815956
10830012
10837036
10815532
10783752
10801264
10836576
10815144
10782520
10816432
10846328
10877060
10856936
10770272
10840988
10815120
10773288
10931248
10861600
10825916
10744908
10844384
10863740
10787496
10821968
10782396
10829692
10853708
10810808
10833196
10780264
10798108
10814124
10847572
10821944
10839668
10839000
10909592
10831388
10811224
10833928
10866192
10927336
10833408
10795136
10830044
10849604
10874116
10828596
16446956
10831468
10890084
10850352
10853320
10832136
10852348
10836524
10842168
10836544
10766072
10780528
10848812
10836628
 
10791716
10785328
10847616
10870776
10840216
10755000
10850596
10870000
10837064
10830864
10810308
10834720
10841756
10786116
10776908
10805896
10850528
10884436
10848120
10816728
10814216
10865980
10848576
10860136
10775344
10785228
10751008
10797788
10796000
10808976
10784896
10844080
10792240
10797144
10822044
10822172
10803144
10834088
10821012
10835876
10842964
10817736
10851176
10770840
10725256
11374808
10792932
10822184
10798660
10818860
10857660
10824808
12007464
11689972
11235912
10816436
10866576
10828892
10835792
10840568
10867816
10817688
10852704
10747132
10838380
10875656
12115668
11079920
10866936
10866704
10804840
10855324
10828680
10817708
10855252
10824440
10851112
10819812
10830172
10837736
10868924
10846436
10791460
10853688
10844352
10841976
10834480
10814420
10823920
10846976
10793960
10826704
10778700
10831408
10884360
10831372
10805212
10803580
10876376
10807036
10864744
10805340
10828728
10814308
10793888
10844808
10804568
10826020
10860260
10843216
10825760
10798632
10849936
10808744
10841816
10848412
10805428
10827436
10852700
10872248
10832772
10830956
10909348
10893484
10858968
10842464
10805100
10925372
11845576
10829440
10846196
10825096
10789940
10865592
10822408
10850160
10767488
10785460
10902048
10962572
11904376
10847360
10836576
10822476
10878756
10824572
10794060
10770276
10735640
10804756
10741840
10798712
10809852
10832724
10820480
10808680
10803004
10760612
10782340
10802964
10802832
10791532
10852016
10786504
10831628
10726168
10848884
10886264
10842184
10855116
10813776
10879972
10829196
10862172
10818352
10768068
10828920
10876796
10847228
10801388
10842080
10853540
10862320
10843660
10808160
10777284
10843908
10837676
10838184
10751904
10846440
10875956
10848568
10839448
10796084
10824088
10870284
10868672
10840492
10827092
10878440
10885640
11130924
10808768
10796096
10821420
10796772
10805492
10778512
10795708
10770204
11865768
10818120
10848568
10760024
10864464
10805788
10794668
10814184
10874768
10796376
11303192
11751440
10803772
10872880
10817624
10869628
10729256
10832188
10885792
10853048
10846380
10786548
10843556
10858476
10780844
10827968
10784876
10817140
10869392
10840068
10908612
10802372
10842184
10836728
10841776
10827240
10710704
10833664
10977132
10798860
10817512
10793348
10876756
10780328
10912588
10858684
10843064
10817364
10830056
10801496
10854664
10788120
10840276
10863440
10841476
10835584
10763136
10786884
10848128
10848308
10832796
10911336
10889588
10850276
10833288
10824656
10786764
10854656
10858648
10816708
12294336
11581928
10821364
10842132
10854676
10803428
10849372
10823416
10846572
10840404
13648992
11242932
10855636
10874856
10842052
10830008
10813668
10870860
10894264
10850564
10815168
10777084
10802880
10856432
10835564
10818264
10773352
10848284
10887412
10846752
10838116
10802024
10856804
10896524
10838680
10800632
10761600
10816648
10771616
10787564
10728792
10723544
10815492
10859692
10802100
10795640
10794092
10814032
10828284
10826896
10780576
10786572
10823172
10839448
10820168
10727976
10853552
10884156
10794152
10781776
10776032
10834764
10895456
10852168
10823500
10799764
10791020
10814408
10824620
10826880
10780260
10855908
10869480
10854656
10797680
10802924
10850572
10867692
10853868
10758416
10798076
10816736
11334968
11713856
11200064
10856564
10836172
10810616
10838744
10808748
10839896
10883916
11344736
11793252
10786928
10818076
10886924
10856208
10857972
10747924
10870336
10861348
10797632
10801616
10834028
10849268
10880000
10784984
10802752
10821428
10830336
10873180
10826588
10823600
10823764
10791120
10854884
10848468
10800624
10823088
10864452
10832556
10834740
10785360
10836020
10870228
10852280
10821276
10795448
10877976
10871680
10856032
10806780
10833320
10841324
10873552
10844060
10812148
10812356
10808488
10873344
10795240
10829388
10807968
10882160
10821328
10817552
10753096
10804628
10871984
10893064
10870892
10770776
10797204
10743360
10744696
10740508
10820452
10827596
10826148
10835400
10778160
10820036
10830272
10778696
11095840
11324252
11179592
10840588
10892948
10865584
10847976
10841980
10846640
10822636
10838600
10793004
10825380
10773232
10855788
10836044
10816548
10786568
10874244
10736268
10796024
10820524
10778588
10816612
10848220
10810776
10777528
10813372
10828776
10787864
10797496
10792748
10873628
10844016
10872700
10818804
10830104
10853264
10812016
10860644
10808960
10847208
10822180
10850736
10787088
10807096
10840904
10864620
10814780
10837312
10800212
10845840
10842164
10789904
10842952
10739096
10825080
10825156
10801552
10805756
10740356
10884280
10915408
10837256
10850440
10812848
10867692
10835416
10802656
10810668
10784784
10792864
10887248
10771928
10759232
10842664
10868224
10852424
10851752
10774272
10821216
10865884
10830064
11343856
11996980
10875400
10823940
10836640
10833448
10790984
10851640
10856816
10831420
10831428
10795160
10826844
10877744
10830020
10838228
10773364
10790624
10877312
10851892
10831996
10781276
10862272
10802972
10859172
10728916
10785036
10844708
10807940
10841500
10797180
10843696
10793372
10860844
10826224
10727232
10828576
10846772
10833632
10847644
10780180
10839264
10868416
10793508
10838144
10786220
10821280
10877564
10843312
10812844
10779144
10852180
10787192
10796924
10756636
10840064
10807372
10844948
10822888
10747756
10833740
10825612
10884688
10857300
10814812
10839220
10841668
10836464
10804444
10819264
10802712
10875864
10848692
10861592
10815796
10888484
10862976
10896548
10812404
10830356
10827408
10813164
10824440
10842044
10855072
11135132
10829736
10842980
10810624
10854228
10844332
10796416
10807332
10812740
10825168
10816328
10793808
10791228
10757800
10858724
10849016
10793924
10806044
10783428
10819456
10755924
10816476
10820380
10774300
10846680
10850060
10823564
10800492
10825464
10799576
10864412
10822144
10730432
10882736
10866544
10837468
10832704
10801484
10806676
10868160
10848712
10813140
10795716
10824568
10825444
10820188
10821132
10818708
10871576
10782788
10858396
10751324
10835348
10846056
10853204
10827104
10817552
10821692
10846928
10870572
10821948
10779876
10830828
10941128
10846004
11089884
10835536
10837680
10870252
10858840
10812996
10799044
10878260
10824584
11904508
11821364
10858212
10815348
10872280
10834456
10821940
10854888
10869648
10823488
10845136
10768408
10769476
10841840
10831016
10792876
10804840
10860052
10853292
10832428
10840720
10724344
10762328
10885740
10854152
10769488
10811000
10882676
10800924
10861932
10822852
10810996
10845916
10841620
10844152
10783664
10862456
10843260
10833988
10835924
10791228
10815976
10868896
10788036
10807084
10777644
10842932
10887416
10844348
10852628
10786812
10834568
10863168
10850888
10811424
10815096
10848276
10820692
10819096
10804428
10822620
10871880
10853292
10828088
10820580
10821296
10849876
10857952
10836888
10811768
10808144
10870780
10843472
10824860
10799572
10831128
10811640
10835984
10781740
10838912
10861628
10837828
10837136
10810364
11644928
11701656
10855092
10841204
10804860
10837288
10840592
10829528
10834384
10788032
10812800
10811172
10845520
10830368
10784444
10822632
10862204
10853144
10809688
10788708
10822512
10835468
10874264
10789304
10790260
10782572
10816192
10841704
10813808
10841144
10830352
10860192
10823396
10796912
10849132
10817304
10796516
10838448
10770740
10823844
10842624
10840272
10854420
10729128
10799340
10825780
10831380
10828540
10754652
10879984
10823288
10851560
10816616
10832148
10840176
10832020
10835352
10755736
10798676
10852380
10791668
10767244
10777304
10779892
10832492
10832424
10851468
10776224
10806932
10851164
10826852
10769752
10786728
10833184
10883184
10831516
10811396
10894372
10854864
10866272
10820704
11669368
11052176
10812796
10843140
10839368
10770204
10821628
10835580
10857912
10829944
10790012
10830088
10796016
10853504
10792108
10790056
10839440
10899688
10851020
10836276
10803792
10867620
10849016
10850980
10812692
10863768
10798160
10833496
10857480
10812780
10842888
10846080
10872300
10864052
10741416
10837352
10857324
10855852
10826356
10757944
10840812
10865448
10844528
10781488
10799660
10869748
10878564
10865500
10838580
10826340
10884152
10840768
10859360
10816760
10861504
10860940
10812728
10789100
10751700
10837124
10834028
10870100
10849372
10820448
10753596
10863728
10795908
10851144
10805004
10843736
10847876
10811984
10793220
10822880
10868300
10847272
10896432
10858376
10806096
10838084
10874908
10787328
10842128
12055484
10799136
10894948
10843200
10847564
10813436
10801688
10848944
10850060
10811668
10833548
10859120
10765264
10845572
10826632
10840544
10830800
10864120
10778560
10809600
10821476
10854360
10854532
10833072
10810716
10840772
10807412
10840244
10850076
10792056
10837972
10837492
10843976
10802560
10794736
10835532
10849024
10861632
10820064
10839748
10853924
10766060
10860340
10771872
10828396
10823900
10828112
10801736
10733248
10796772
10776176
10842052
10831316
10757420
10799824
10821840
10858256
10810720
10802512
10839004
10826248
10792940
10771184
10746428
 
10863128
10782408
10843776
10800024
10853348
10862880
10874292
10854068
10864340
10794984
10855608
10850752
10800372
10777948
10770376
10905960
10789968
11674552
10765540
10854372
10868604
10832704
10869436
10778764
10792664
10834232
10834360
10841424
10779000
10808760
10897748
10829388
10861064
10804024
10839732
10809952
10820456
10849408
10895628
10850576
10882688
10785516
10934792
10830032
10777328
10853600
10916476
10850092
10791032
10880724
10873852
10843376
10828608
10797628
10772512
10825348
10845316
10896392
10792608
10884188
10764684
10809004
10757288
10835088
10789116
10863628
10858144
10810780
10792984
10793276
10821744
10786932
10790632
10778204
10797880
10823480
10795796
10785620
10797640
10831220
10846496
10818780
10816448
10874156
10829216
10804724
10816960
10835248
10855308
10869756
11207304
10810544
10850456
10843548
10851096
10815644
10816236
10748672
10814836
10836784
10827924
10833328
10810484
10862168
10808608
10862300
10804024
10840984
10820208
10802400
10818868
10809284
10865140
10872024
10840468
10850676
10743320
10839264
10855124
10819712
10855488
10785664
10802332
10858796
10800416
10836108
10741008
10883300
10773380
10859524
10808252
10821040
10846020
10837100
10860340
10756784
10776328
10837344
10858264
10813644
10852784
10830468
10831284
10869072
10832144
10800328
10846468
10790564
10841588
10771200
10794364
10776368
10864164
10844680
10834316
10793668
10821764
10805504
10843904
10798224
10836260
10838392
10809132
10853472
10849760
10791168
10777916
10791228
10799580
10796992
10782764
11854508
11675672
10778248
10803300
10793572
10844876
10833248
10765856
10739012
10879980
10859812
10799608
10812372
10841624
10868284
10759116
10851880
10777080
10811924
10815712
10825364
10780912
10785440
10837100
10850280
10892408
10836564
10816940
10776592
10841308
10847008
10832328
10806504
10850968
10819660
10845116
10787468
10737092
10840348
10802176
10860540
10817220
10826204
10856540
10896596
10847504
10819396
10791212
10803400
10814684
10801816
10829600
10777948
10810380
10886736
10826880
10842428
10758696
10872412
10786516
10915820
10798280
10792408
10822188
10867472
10833484
10797544
10825868
10873176
10831988
10857980
10750940
10773312
10832024
10858132
10872272
10811328
10848984
10866128
10839048
10824900
10783976
10846696
11229564
11633612
10830216
10843780
10814772
10808656
10842928
10789360
10836996
10792488
10873636
10788372
10805488
10794744
10876340
10827664
10817560
10793824
10826596
10788164
10830656
10835392
10760256
10833752
10878748
10845392
10792924
10799840
10864988
10862440
10856352
10817380
10832388
10805808
10864704
10865188
10778368
10784976
10778168
10779964
10781128
10775172
10787344
10807504
10861584
10783352
10782616
10765528
10778040
10844696
10822748
10780320
10828800
10859016
10836360
10807344
10739352
10884280
10760744
10868396
10799296
10875920
10847608
10773212
10847552
10778300
10841776
10813444
10838320
10847552
10769108
10793680
10961980
10870472
10834708
10814752
10790636
10834272
10785904
10869824
10741972
11914320
10957600
10801968
10813156
10787564
10802556
10800900
10791576
10853020
10751556
10839744
10859800
10860536
10838684
10727720
10813380
10846272
10822684
10796748
10794624
10864700
10782304
10843004
10814888
10826704
10869540
10903684
10860984
10825236
10736352
10791940
10838260
10847764
10825952
10761060
10868524
10769988
10821492
10808188
10848632
10855648
10789564
10882700
10870632
10761736
10828236
10860520
10793532
10829012
10828736
10826604
10867956
10847480
10784316
10791376
10822076
10819088
10843148
10822364
10802312
10781252
10832156
10847556
10835996
10782120
10830628
10877508
10787676
10819568
10801784
10869136
10790576
10866928
10757568
10788472
11254808
10809308
10830828
10770932
10795440
10787804
10802124
10763768
10743652
11762616
11765860
10802484
10835708
10750592
10853148
10773244
10838620
10781016
10777616
10842352
10822776
10820804
10742312
10823532
10822880
10848968
10837984
10839472
10840716
10816780
10837788
10812020
10808392
10828476
10807124
10865344
10843320
10731584
10895404
10842280
10854452
10748668
10775168
10847800
10815692
10807300
10868116
10846652
10791468
10801088
10783312
10737492
10870844
10842108
10872664
10785164
10793696
10831520
10846684
10843760
10825372
10791340
10796308
10880708
10833832
10789476
10756244
10855376
10893124
10849444
10808632
10784820
10775936
10839824
10782296
10723924
10769736
10807264
10854056
10775704
10792592
10792096
11372580
10790488
10820784
10773764
10786876
10897344
10843584
10736652
10741824
10881868
10752056
10832496
10801856
10842916
10835584
10865300
10866020
10775172
10797192
10820828
10818728
10807232
10798668
10828052
10834940
10833920
10813276
10794716
10799288
10827260
10834684
10804276
10792004
10816588
10904824
10817568
10828948
10736016
10878920
10904496
10869256
10829756
10788480
10798400
10787228
10822984
10792992
10794772
10793888
10872448
10733108
10792124
10790924
10827508
10793512
10837692
10713844
10726596
10765312
10849732
10771544
10780164
10835988
10853392
10838264
10758812
10828484
10868124
10842340
10880080
10762324
10828992
10867024
10786576
10837304
10736748
10838668
10794932
10796636
10773432
10829104
10835628
10848984
10851456
10813372
10803432
10821444
10830348
10858156
10826940
10823020
10864040
10787660
10839036
10822036
10835464
10799584
10831472
10847068
10810232
10781228
10857300
10872692
10838940
10819080
10834828
10850712
10858240
10808948
10800372
10780456
10868416
10849604
10793900
10784120
10816304
10864332
10854012
10840004
10787596
10874956
10882008
10860984
10833356
10789352
10794944
10798296
10797500
10790548
10808492
10805504
10834608
10734440
10804292
10779484
10833516
10844612
10820420
15911912
11217460
10829172
10760824
10843448
10798928
10858080
10869220
10805636
10776300
10827880
10873944
10823920
10788076
10821960
10835324
10813304
10820876
10864816
10792360
10785624
10776084
10804880
10779716
10790420
10777676
10755236
10843936
10800412
10765820
10787808
10890012
10808304
10819024
10813904
10816248
10838612
10795296
10795764
10828256
10834732
10805076
10864804
10749732
10835592
10788168
10818640
10768528
10808476
10760808
10768244
10875248
10823628
10801384
10847908
10846596
10845648
10787064
10803776
10848736
10858624
10843872
10821176
10796628
10836560
10883588
10809576
10805504
10770260
10746916
10808432
10817684
10792012
10796368
10868380
10834172
12029008
11063568
10756004
10782060
10826228
10819024
10759328
10823552
10835816
10814992
10791580
10790724
10803904
10856608
10804860
10827496
10817212
10787744
10844756
10857016
10817544
10791436
10836076
10865100
10851180
10832472
10786324
10859824
10839160
10814248
10751800
10842096
10841216
10796172
10862736
10805688
10780540
10847436
10844996
10846896
10784152
10828560
10823132
10835768
10823112
10763348
10800012
10852384
10834504
10821728
10775496
10846084
10830652
10825684
10822884
10828200
10875028
10790584
10853696
10794704
10822580
10827956
10856076
10843620
10803556
10801984
10870368
10854464
10792004
10815080
10778524
10874208
10821760
10842024
10776276
10793792
10815732
10836980
10847764
10788976
10780116
10860348
10988576
10870872
10780648
10817544
10886636
11103600
10875556
10869248
10806908
10851936
10869068
10779368
10801280
10837696
10850556
10865960
10813072
10806128
10763572
10830228
10861464
10776016
10853160
10843924
10889464
10863628
10854472
10799132
10882304
10747268
10869384
10819800
10845668
10858924
10768448
10842804
10797060
10831436
10864004
10871260
10817116
10781604
10754824
10758884
10875144
10808096
10746940
10813820
10790352
10867988
10834936
10818544
10836908
10890124
10826080
10776504
10811560
10871192
10802380
10873848
10845276
10792916
10786904
10825048
10849224
10800216
10756832
10821516
10804576
10789836
10817020
10794740
10818488
10731796
10826532
11172012
11043372
10732768
10867080
10844488
10833324
10819048
10867892
10808760
10852368
10798440
10841316
10844088
10815232
10857760
10749900
10810404
10869960
10857224
10846668
10784344
10854548
10894804
10848344
10769768
10817428
10820368
10781980
10863800
10731976
10833820
10829704
10857992
10783896
10805828
10831076
10875592
10826512
10830452
10746188
10765164
10833284
10847076
10758624
10800480
10768456
10823032
10838076
10780964
10792732
10835052
10867676
10832228
10762376
10815712
10844900
10779044
10868844
10786044
10832824
10828396
10851156
10785500
10740848
10871168
10872016
10873456
10839960
10784188
10821596
10826096
10832328
10814952
11125988
11739380
10811996
10824432
10789140
10779648
10860912
10770884
10852348
10809936
10818028
10853236
10845856
10822804
10800672
10817492
10846428
10810508
10804624
10755776
10824364
10808920
10790664
10818884
10747284
10816940
10880828
10849672
10831260
10726844
10807096
10887992
10834828
10829096
10741704
10824720
10869896
10804408
10769076
10737196
10712888
10786244
10841140
10823116
10773176
10797612
10877268
10845996
10763996
10796388
10881192
10784644
10847608
10783272
10895788
10856364
10850924
10816424
10784276
10811512
11209560
11380216
10831252
10833168
 
10834480
10785120
10858220
10819964
10791876
10823288
10831616
10844460
10841412
10795376
10868176
10782100
10848956
10792028
10780564
10850708
10820760
10833628
10827684
10775072
10803220
10827508
10830456
10806368
10826752
10809488
10833300
10801332
10739976
10786200
10846584
10860356
10820588
10800316
10819200
10845556
10810896
10824796
10777464
10907180
10777644
10856568
10793664
10835652
10862840
10826340
10821052
10815664
10845480
10871876
10865820
10787448
10814136
10760900
10830788
10852984
10836136
10884600
10798144
10846504
10857636
10822352
10807488
10880964
10788768
10865760
10819932
10772012
11366960
10813924
10851168
10813012
10839372
10873772
10875412
10820704
10804628
10768536
10827384
11175700
10958428
10813384
10840648
10831484
10843172
10790932
10800576
10853812
10868092
10830904
10834584
10772776
10905064
10852084
10820560
10827968
10771720
10843792
10877196
10851764
10826984
10735888
10738220
10745388
10790952
10791088
10807296
10806908
10846340
10775368
10737300
10774516
10826764
10853512
10785732
10785728
10833616
10905936
10813544
10833144
10848072
10899336
10797108
10868160
10776848
10816436
10833708
10846252
10770672
10851972
11986904
11865876
10850392
10794076
10793364
11085248
10838152
10860004
10762616
10801656
10828024
10882908
10815472
10775640
10775260
10845636
10737384
10827296
10793896
10792036
10835544
10830756
10840616
10789900
10813708
10871968
10777772
10819000
10787604
10817012
10833972
10772900
10772944
10791272
10771952
10858888
10835336
10760808
10771660
10804036
10835428
10772360
10823100
10731224
10881856
10879728
10860200
10807692
10718560
10744904
10789160
10783424
10768504
10741640
10864524
10854868
10795968
10780116
10807708
10802468
10841924
10730800
10737024
10783720
10812464
10818284
10795776
10761108
10860376
10826752
10834052
11237112
12071936
10753828
10791564
10878360
10796288
10804988
10859028
10820004
10792088
10830896
10792132
10830776
10871136
10842256
10738860
11219788
11070612
10837336
10821528
10842540
10806656
10863448
10794748
10781208
10804856
10881492
10792308
10785104
10809800
11131960
10799792
10852260
10820320
10801208
10815804
10851556
10874232
10830876
10806316
10832184
10846752
10853640
10827876
10820752
10805892
10837680
10844192
10768152
10787428
10803956
10808296
10857704
10849828
10815068
10871792
10740264
10833392
10815360
10813080
10812460
10842064
10797740
10748036
10780800
10852292
10874568
10843636
10788044
10812900
10825948
10853404
11074160
10758916
10838580
10843272
10802572
10820872
11251812
10830408
10775684
10830212
10815324
10809032
11321636
10782864
10780916
10766764
10803992
10816960
10774056
10762284
10790504
10764196
10828644
10843732
10822904
10824268
10792920
10841952
10843540
10808952
10722712
10793176
10802520
10845364
10799212
10812052
10862668
10775636
10840160
10804336
10815528
10847788
10824328
10776412
10798724
10780160
10795252
10842632
10730308
10733184
10775160
10809452
10802708
10780652
10782792
10783104
10898504
10846304
10826284
10776652
10824088
10732772
10838604
10814116
10850068
10860300
10848160
10760828
10829648
13406960
11062760
10814624
10792352
10840460
10828248
10845348
10847596
10823980
10831076
10740696
10854948
10785804
10825464
10798796
10887416
11621948
11832920
10758652
10815024
10863108
10774616
10815336
10799388
10790784
10831080
10844192
10774132
10735096
10756732
10849748
10842792
10829824
10814120
10821848
10849624
10836408
10838524
10795300
10783992
10871724
10862308
10820848
10780584
10830596
10877264
10833464
10809544
10792244
10839428
10773412
10842892
10739536
10780364
10845348
10829896
10821176
10804500
10813308
10821000
10792720
10759312
10804928
10829108
10848172
10844176
10832096
10788648
10830488
10884856
10824420
10863908
10838136
10843280
10863524
10861400
10813396
10733856
10807604
10852260
11734988
11732568
10824816
10799532
10827864
10831676
10818180
10803180
10875248
10836432
10807360
10803360
10815720
10863104
10860380
10817768
10751512
11116640
11257672
10812448
10871108
10807936
10832704
10849992
10793048
10810048
10749436
10755148
10808588
10795368
10791012
10786104
10879160
10801016
10869232
10797284
10771892
10857120
10902392
10855652
10818216
10808804
10792720
10805016
10807436
10792384
10791448
10871448
10848700
10816196
10804380
10791032
10826100
10838588
10813936
10793252
10811844
10843864
10848716
10773264
10786324
10891712
10793804
10850328
10763204
10780212
10791100
10809620
10843704
10825860
10843028
10859816
10797520
10833124
10841304
10794312
10777444
10820764
10800136
10808184
10857228
11929468
11165616
10835692
10797104
10791244
10782808
10822560
10804224
10794112
10800224
10799428
10955928
10820108
10765672
10877036
10835576
10795924
10733644
10802212
10814656
10774632
10827088
10794796
10790952
10787720
10864544
10796872
10748184
10806228
10878480
10818924
10757096
10770368
10878484
10856760
10847844
10791308
10750056
10777012
10814164
10849780
10796444
10805648
10787604
10855452
10782308
10810504
10784208
10848568
10868684
10844396
10824620
10783560
10877360
10867456
10859664
10826084
10780588
10780388
10815852
10789944
10824040
10747804
10850880
10784892
10822868
10790712
10790356
10793916
10875668
10856772
11823716
10819460
10803392
10817936
10815616
10803284
10789368
10855532
10796904
10811620
10783956
10790220
10845092
10835772
10798860
10798704
10763572
10862680
10789220
10749740
10807128
10761572
10890112
10796796
10740180
10783120
10835572
10855404
10811892
10794684
10804560
10842816
10782264
10824016
10795980
10868532
10808628
10869628
10753828
10821904
10822728
10741952
10826664
10758708
10824220
10844676
10831768
10823528
10755936
10807016
10832756
10858556
10818080
10798440
10792852
10782660
10844800
10788320
10800500
10826508
10867864
10840920
10814892
10767852
10874508
10728728
10803632
10839588
10804220
11750996
10849448
10850340
10763820
10842948
10835200
10833284
10841284
10819680
10811208
10840028
10845344
11078292
10834460
10826548
10895680
10848436
11774292
11709760
10835788
10806876
10856524
10776892
10820224
10821072
10798912
10803672
10794660
10819712
10841900
10856436
10808724
10802556
10771656
10839476
10843556
10831972
10780524
10777844
10780176
10858524
10831912
10780252
10808272
10851920
10819840
10826812
10783800
10859176
10817956
10853164
10737592
10803032
10892420
10905132
10864000
10805160
10741524
10794256
10844764
10856924
10765472
10791468
11058760
10785772
10820896
10751624
10780296
10798296
10761732
10821520
11452652
11005784
10842004
10835036
10781272
10828104
10790944
10877164
10850844
10830512
10793224
10778308
10869324
10835660
10828492
10802840
10871896
10799348
10807808
10803804
10813700
10871344
10796100
10865372
10796488
10838532
10769768
10864640
10838076
10789424
10818684
10757792
10870436
10828616
10846860
10834512
10790416
10844680
10818328
10728496
10750980
10864996
10831648
10836712
10862792
10859728
10723388
10790604
10799848
10827084
10850592
10796592
10830188
10785304
10783008
10844380
10840352
10809256
10806116
10778728
10791936
10737732
10812268
10829944
10722916
10832784
10849336
10726196
10789424
10819592
10837524
10788372
10850204
10815832
10849924
10812828
10873720
10829972
10788540
10791052
10895072
10824280
10838188
11253584
11087916
10853432
10800492
10790688
10788196
10807872
10821612
10817216
10741316
10772468
10785280
10827992
10818300
10794388
10887184
10750668
10762000
10750700
10736852
10769500
10762156
10816524
10720060
10783784
10835068
10821872
10734916
10747464
10782048
10785596
10844584
10779452
10740552
10724720
10818780
10826680
10759392
10774524
10818656
10868852
10836972
10802232
10780052
10864048
10804736
10768444
10796476
10783572
10860176
10819624
10852512
10802448
10816168
10845352
10857844
10835464
10795868
10807344
11204032
10827636
10789216
10833044
10835400
10867224
10853612
10827760
10745920
10822996
10815484
10813644
10824412
10787620
10823420
10753092
10779884
10760696
10780864
10806212
10843952
10831204
10727764
10820124
11043360
10850908
10729572
10799336
10795772
10774528
10861108
10792316
10839120
10791148
10877928
10826672
10813776
10734300
10881140
10725664
10827844
10818348
10808048
10783616
10834916
10825136
10795696
10828412
10837832
10859360
10822096
10822800
10814964
10828292
10847260
10816180
10741628
10774636
10775912
10797712
10753104
10772128
10860096
10851856
10837784
10760504
10788824
10884872
10878476
10849472
12038940
11072584
10789912
10774536
10790052
10808348
10779576
10755728
10861232
10790276
10810020
10771656
10815936
10775076
10814636
10779060
10796708
10841964
10789120
10809568
10789996
10872708
10835980
10772712
10776144
11262312
10776216
10836004
10797608
10801612
10829492
10853764
10831932
10784852
11101108
11867440
10800544
10837644
10765844
10764992
10783984
10815648
10823784
10793416
10763484
10832788
10894784
10789616
10825900
10786660
10861536
10859464
10850484
10832612
10718952
10789336
10833384
10850908
10776860
10739296
10850536
10851964
10810196
10818488
10739296
10865348
10837784
10811544
10809920
12232244
11778196
10820960
10788048
10763996
 
10776400
10795592
10824780
10769652
10798472
10764672
10798900
10822732
10779556
10776644
10745532
10867116
10837236
10812608
10796428
10850908
10855368
10768580
10819712
10736116
10891044
10717388
10840996
10771660
10792212
10831988
10851648
10824936
11954816
10794040
10829176
10839104
10778968
10763968
10800668
10754012
10766444
10857680
10816160
10753324
10805008
10849136
10862032
10836456
10781120
10905844
10717328
10788280
10826676
10835848
10868660
10873156
10801388
10818760
10793596
10792760
10839164
10852676
10832992
10851572
10847100
10795956
10866404
12171776
11402040
10772068
10786564
10817508
10810492
10853904
10862560
10838276
10820780
10802584
10804460
10824556
10786172
10814100
10804160
10816448
10834744
10798352
10823096
10715856
10828808
10889388
10841904
10771004
10788640
10816448
10736064
10834080
10815196
10812252
10853524
10839424
10851956
10791448
10815420
10828096
10815776
13942468
11828172
10774968
10840816
10787044
10845364
10825688
10830964
10879400
10794916
10749024
10721476
10842160
10851216
10845424
10822812
10795880
10833248
10785632
10842084
10791532
10818428
10870652
10820480
10801816
10799332
10837772
10834108
10840156
10808384
10795220
10785940
10770956
10843756
10847632
10797608
10833980
10904784
10839496
10833776
10796988
11320052
10933112
10845496
10770496
10795844
10853836
10757820
10824720
10809700
10828464
10850604
10870092
10868328
10851480
10806184
10756444
10752224
10811136
10751024
10827440
10826020
10840476
10797592
10787972
10829276
10847116
10832176
10814088
10794064
10835576
10784632
10780248
10799664
10751556
10824004
10836876
10826232
10807368
10748356
10819496
10853908
10798600
10764716
10773728
12433180
10796932
10850588
10752384
10804608
10855284
10847648
10803244
10734976
10824752
10806244
10767120
10763312
10797376
10908300
10770652
10770560
10744680
10807200
10848520
10853404
10807588
10827152
10754384
10819508
10851780
10819500
10787436
11215076
10834132
10792136
10765924
10785440
10885152
10804732
10813084
11325636
11649116
10812644
10742012
10877916
10786104
10814444
10869740
10856888
10859916
10759588
10769596
10779048
10773136
10800524
10782144
10812304
10849044
10855988
10787412
10717592
10798484
10859428
10835044
10801192
10794400
10879236
10717492
10822476
10801852
10808960
10866672
11225124
11217620
10861792
10855444
10878928
10751932
10810692
10807040
10747080
10794800
10807840
10763860
10792868
10790216
10832652
10873712
10794292
10768268
10843316
10803624
10846608
10812024
10785216
10824076
10732456
10785532
10792620
10776236
10845136
10839340
10758548
10754904
10793148
10804144
10799540
10805672
11675112
11089480
10863708
10831144
10752768
10793452
10795988
10868652
10787544
10816212
10793356
10865764
10735084
10823312
10799740
10829532
10825408
10826664
10827588
10756808
10753588
10829800
10825068
10804424
10789524
10801112
10829884
10797508
10762688
10812252
10756272
10787936
10851252
10763768
10771860
10784124
10796948
10829576
10765208
10866332
10864208
10795208
10830112
10792528
10768416
10844716
10836232
11786456
11416692
10825704
10788288
10840076
10803776
10804868
10792792
10840440
10795804
10752148
10768032
10802168
10879504
10840984
10760048
10777848
10868440
10755976
10842200
10754028
10814456
10854404
10787228
10829520
10806236
10795504
10816852
10783468
10794820
10776132
10860760
10831736
10845968
10799212
10782448
12281824
10841960
10814724
10799256
10787156
10829676
10848712
10798572
10804064
10736296
10896512
10785264
10819032
10794240
10840948
10824528
10767320
10810484
10783036
10816156
10841408
10818640
10830288
10789808
10775532
10813276
10827588
10730436
10780336
10742516
10797520
10850380
10786880
10777556
10776324
10883404
10784948
10810876
10772488
10864144
10784012
10838916
10794620
10823436
10778528
10866080
10815436
10794876
10729608
10833568
10789640
10810532
11792940
10816352
10840244
10802176
10763708
10816108
10742860
10860804
10873368
10797436
10798488
10886824
10747380
10887108
10795564
10826012
10854368
10808524
10832752
10741524
10849116
10782528
10804484
10840744
10788708
10794372
10802672
10890440
10792992
10796412
10787004
11277888
11708556
10791784
10793548
10801844
10886004
10833836
10809672
10806724
10894804
10792668
10841192
10725316
10811524
10850128
10800812
10831084
10744640
10822872
10840856
10844876
10816116
10829584
10782920
10808016
10844456
10756372
10731392
10816772
10856432
10860336
10797444
10790352
10799056
10894240
10834868
10819660
10802708
10860180
10726660
10864104
10721864
10919584
10816064
10811548
10791328
10782392
10776892
10823664
10811016
10841104
11833312
11255556
10781268
10821080
10813900
10798920
10802068
10809444
10838816
10764004
10785444
10793212
10814464
10836876
10759620
10759160
10883644
10817696
10849304
10804420
10772100
10809504
10930448
10815888
10812420
10788844
10819796
10769908
10832384
10766216
10811380
11226180
11822488
10758612
10750524
10789008
10764228
10789368
10744680
10763480
10796116
10826468
10869788
10740172
10794528
10799648
10866912
10855360
10808464
10806772
10888332
10725460
10822428
10791756
10814076
10853076
10820776
10817784
10743252
10763956
10821868
10788172
10759456
10760324
10787704
10803704
10863772
10809112
10803240
10795548
10858892
10842160
10791324
10798984
10828396
10871832
10844364
10838504
10782368
10821360
10993300
12427072
10863408
10814628
10769880
10803252
10762116
10751248
10766912
10817652
10777012
10806948
10806948
10780120
10812804
10864548
10807136
10785520
10817560
10864328
10845568
10793776
10793604
10794564
10788640
10845848
10774816
10842604
10850228
10820976
10863456
10820124
10811016
10807744
10828348
12443704
10756224
10789356
10817076
10921740
10843612
10795080
10778356
10801916
10842260
10833408
10808880
10838584
10779528
10846520
10896280
10766692
10879392
10814664
10796504
10767992
10811448
10841716
10794596
10817384
10825996
10811992
10839520
10874612
10831216
10744756
10895824
10830056
10891396
10808896
10806204
10842636
10813452
10834336
10827664
10798124
10886932
10744944
10807588
13915944
10810724
10798772
10782056
10799180
10764336
10837016
10855164
10840944
10824296
10815392
10806632
10813128
10807576
10732496
10800200
10739108
10822532
10856348
10809048
10842052
10838312
10835428
10827080
10806612
10809528
10896536
10778368
11443544
10836640
10822856
10869788
10850032
10836304
10799516
10824772
10855904
10854996
10760284
10821860
10802944
10824904
10832176
10830304
10789776
10766648
10857736
10857588
10809868
10794140
10863136
10854676
10824064
10811396
10790480
10864168
10787696
10837740
10807224
10807052
10856196
10844652
10804696
10818476
10789376
10804844
10737984
10722812
10786620
10794972
10758588
10843744
10815712
10819888
10730708
10880828
10864224
10793232
10746532
10839728
10804760
10824316
10819960
10780720
10865704
10839712
10859528
10785284
10842320
10824180
10825032
10811576
10813064
10805904
10816172
10850012
10786992
10769932
10777672
10868164
10787836
10746900
10765384
10824064
10774188
10816604
10764884
10775724
10853056
10830248
10847888
10811268
10792944
10787508
10774524
10781196
10794164
10797204
10758480
10859740
10716788
10795684
10788976
10797528
10852616
10777920
10772596
10792584
10835112
10826008
10802072
10837808
10875664
10734300
10818348
10722820
10762932
10798752
10811392
10816600
10779748
10784548
10797780
10833172
10781272
10796432
10830484
10819744
10782484
10808052
10770624
10799656
10840436
10834092
10795260
10783476
10845880
10789868
10843980
10762348
10741400
10884420
10736796
10810012
11634660
11819780
10824828
10867356
10742064
10814716
10790740
10821620
10846416
10821524
10820108
10786320
10841020
10832608
10819196
10792308
10794864
10839300
10830520
10834492
10779704
10872652
10744564
10784328
10748608
10815976
10851296
10837580
10851192
10805180
10727632
10758328
10848448
10856148
10798296
10806592
10837932
10759352
10841552
10830184
10798016
10888684
10808172
10790920
10810544
10805680
10790148
10788196
10810980
10842292
10808252
10812972
10878744
10772920
10814784
10790456
10846000
11157364
11257944
10859320
10828280
10820412
10792944
10796956
10798452
10865832
10873864
10840544
10818584
10730084
10730640
10855892
10842380
10940876
10750296
10833404
10824996
10823244
10796908
10787020
10867308
10883656
12154268
11003104
10752036
10754600
10812220
10803516
10791776
10799532
10819836
10804160
10787688
10749388
10737696
10833528
10841816
10804232
10793440
10758096
10863636
10810868
10808092
10796736
10879996
10797712
10836148
10800648
10765468
10850732
10812276
10807664
10737380
10774088
10790868
10774400
10800588
10791488
10779160
10814176
10824236
10784376
10756788
10786096
10813700
10817700
10796908
10741324
10815156
10818488
10825112
10911296
10823696
10884072
10858388
10814896
10814840
10759820
10781644
10776856
11529944
11096112
10854144
10762248
10833932
10752996
10787848
10728760
10820320
10827720
10788060
10785216
10805960
10851120
10812168
10846124
10809740
10888740
10788580
10783916
10781080
10771220
10836200
10763556
11525540
11091832
10830032
10829640
10840632
10812556
 
10807160
10820760
10812272
10857988
10842704
10812444
10750076
10835028
10815980
10858772
10810228
10814344
10749256
10812920
10838780
10792692
10776760
10813588
10865776
10839308
10821856
10737264
10878152
10828284
10858808
10746676
10767236
10856080
10815648
10827916
10838696
10810904
10791124
10827040
10789920
10793580
11043772
10839980
10840344
10794912
10767320
10815952
10830140
10842372
11470508
11118012
10834084
10972136
10830028
10849576
10806664
10803400
10836376
10861120
10755984
10768516
10793068
10731976
10793096
11062392
10790488
10791920
10847364
10811228
10780028
10727204
10844100
11769916
10902256
10875300
10805728
10863320
10830768
10822428
10831888
10861524
10804184
10794108
10725096
10825632
10828056
10815416
10823944
10800180
10794716
10783996
10764740
10788156
10778780
10718260
10797416
10792700
10817700
10795764
10784408
10832500
10845360
10826200
10793676
10813048
10823376
10845552
10822784
10763528
10783644
10808616
10825012
10732996
10837444
10818392
10832136
10847088
10739240
10821928
10803704
10800400
10791252
10806056
10782120
11246248
10758136
10819112
10753860
10804384
10868552
10851380
10818532
10797424
10848352
10893096
10857380
10726804
10796220
10861512
10857208
10867072
10766800
10728696
11575012
11097520
10803520
10794888
10797836
10782736
10777404
10782792
10796048
10786816
10820072
10787592
10796496
10803948
10815424
10826928
10832580
10742180
10790476
10812588
10803716
10854396
10790636
10811412
10794792
10811772
10801972
10785528
10783556
10797876
10829528
10819032
10815920
10782224
10873200
10783052
10813348
10746236
10786544
10838688
10848568
10826696
10808528
10802060
10837700
10862992
10774348
10791632
10773340
10813284
10811180
10740404
10771988
10752196
12118292
11725624
11028796
10774332
10886496
10849948
10808208
10776828
10757696
10793428
10845588
10795968
10781664
10762628
10791984
10818528
10804560
12211516
10922444
10772720
10836520
10780196
10771244
10804580
10839428
10823944
10810280
10738840
10856580
10742372
10829708
10796588
10804060
10812288
10803692
10862816
10780048
10791464
10845692
10818408
10795600
10790764
10790984
10821864
10845216
10738136
10781368
10800644
10822152
10852196
10795204
10742808
10819152
10883120
10847080
10799088
10777040
10879324
10818040
10806188
10780880
11191044
10814236
10781284
10799628
10796516
10811092
10858944
10838392
10805780
13905884
11538312
10845052
10823808
10747300
10799440
10759660
10819108
10852316
10841692
10807728
10831064
10799920
10806788
10795184
10749248
10743304
10817288
10821504
10741904
10802328
10798284
10850008
10795712
10752496
10786232
10825824
10823360
10753900
10791832
10807148
10800020
10850024
10824964
10782272
10806912
10774676
10836128
10815668
10800972
10849528
10784236
10780820
10802032
10786408
10861600
10798188
10818764
10807344
10792068
10849012
10844644
10828960
10754404
10795696
10826108
10864736
10889796
10766728
10807740
10844052
10844652
10796244
11766016
11066764
10963500
10790048
10853240
10814316
10817400
10786172
10805180
10813984
10800980
10804060
10805364
15150120
10839964
10797448
10777016
10803820
10795128
10808628
10837164
10769764
10781468
10767628
10758392
10827676
10850912
10865196
10794096
10717632
10817864
10845264
10780176
10866152
10796012
10822244
10812364
10836308
10722316
10789116
10845088
10931616
10834792
10814388
10823388
10844944
10853992
10746884
10739116
10737308
10806840
10823376
10794540
10777456
10805088
10819908
10791244
10788884
10795860
10872580
10854084
10868456
13158876
10939140
10748044
10849128
10773832
10822424
10898584
10802488
10892804
10810064
10798720
10800564
10883512
10812456
10835912
10734088
14702324
10765400
10806828
10822616
10770004
10837472
10782864
10851060
10839512
10801864
10783100
10831008
10851700
10814372
10795432
10777608
10842180
10790064
10785912
10798284
10805540
10834484
10800180
10756480
10810412
10849532
10821424
10838372
10776792
10798648
10833336
10827432
10831828
10820660
10791864
10849976
10795880
10818896
10762552
10743520
10822740
10818296
10823596
10801060
10800544
10753944
10845840
10800388
10795744
10842832
10784584
10836576
10829352
10828360
10833016
10791004
10848736
10789272
10757912
10822732
10877008
10866604
10756092
10718948
10799300
10872820
11802544
10777952
10798188
10866604
10800224
10765560
10805460
10798780
10824412
10814260
10816852
10784248
10794028
10859508
10803496
10814532
10802328
10783968
10813876
10791120
10797508
10783340
10792716
10839536
10848976
10810596
10714328
10823364
10849844
10862360
10817720
10765148
10889652
10795152
10838188
10783460
10800316
10841720
10820168
10807916
10800844
10785760
10848808
10829472
10827880
10806552
10814804
10830632
10850712
10753796
10794740
10802964
10835836
10847640
11083540
10744288
10856404
10712084
10833020
10790308
10790876
10839548
12003392
11695372
10806520
10779148
10785164
10814688
10837612
10775764
10788872
10821676
10731372
10817900
13712556
11137268
10806684
10815684
10775944
10720360
10770636
10786208
10879064
10802252
10814096
10762220
10756428
10780848
10759576
10776176
10738204
10840548
10811896
10784424
10780296
10810364
10806276
10826852
10794048
10774252
10877648
10871960
10841968
10806596
10772532
10796856
10819344
10840600
10781276
10781716
10718000
10788488
10791036
10795032
10768896
10816100
10784816
10755508
10769216
10777032
10853200
10883024
10863164
10801976
10775276
10772368
10813528
10806344
10734876
10748308
10735868
10798876
10765344
10797708
10737024
10880692
10851080
10821200
10785532
10778000
10820252
10853288
10790596
10795984
10777564
11868088
12031392
10990628
10806308
10756468
10786616
10841140
10808840
10798320
10791604
11636812
11060752
10835828
10815256
10831412
10818168
10836804
10801828
10826952
10835104
10827044
10830536
10794004
10816396
10864704
10840832
10842960
10779900
10796952
10785356
10755692
10806768
10751172
10730000
10840388
10850764
10796812
10721260
10790328
10898924
10840432
10741216
10774040
10879496
10806620
10776860
10807964
10805188
10843000
10767948
10824912
10798468
10798992
10792384
10841232
10717716
10799744
10795676
10796656
10847104
10715892
10737744
10719268
10783832
10805672
10808716
10728324
10808360
10871332
10790296
10818684
10806416
10876060
10836780
10940956
10826372
10727624
10826896
10777240
10787732
10778960
10797312
10826160
15510564
11000176
11087796
10801392
10781380
10759560
10774588
10786608
13066556
11029200
10783320
10803204
10753204
10798032
10749188
10780632
10807264
10752280
10779496
10815856
10814932
10786708
10810328
10761008
10811680
10815568
10786392
10737476
10806748
10806856
10760456
10815944
10799884
10863704
10828684
10831320
10807452
10749256
10816008
10812564
10783712
10828568
10824116
10815268
10835076
10821764
10807792
10795620
10875740
10817544
10808484
10801800
10761020
10809288
10790276
10820768
10829120
10813188
10821052
10840260
10809804
10797316
10743504
10782884
10798440
10807660
10810320
10825980
10759560
10820644
11749264
10811308
10855024
10900032
10782648
10822168
10839428
10814352
10800520
11110644
10750468
10806612
10869480
10827332
10815996
10755716
10800132
10836760
10838340
10819660
10819232
10808508
10774468
10762392
10837720
10796356
10818680
10817544
10836620
10754384
10831148
10801100
10800344
10814996
10809688
10742352
10788088
10822040
10816864
10738568
10743332
10832556
10835312
10802520
10806056
10790808
10840224
10826088
10831780
10808900
10788060
10851300
10811080
10823200
10817596
10812276
10839012
10817856
10825240
10800428
10806000
10779296
10826396
10817904
10797964
10793496
10849588
10808416
10867172
10738996
10847144
10747360
10802188
10798748
10804656
10816560
10759024
10815836
10798636
10824920
10787240
11959092
11372136
10797852
10813980
10844184
10810652
10811772
10785660
10810760
10849880
10807588
10752780
10807788
10790552
10803464
10769676
10814148
10804604
10814088
10818428
10812868
10802320
10797908
10798500
10832168
10737452
10791752
10795284
10835936
10815084
10750460
10807176
10736468
10857064
11015424
10977744
10987744
10982208
10741412
10821880
10768484
10818064
10739000
10814968
10840040
10810848
10831888
10817056
10756920
10749132
10816888
10820216
10772500
10845616
10827764
10808340
10815672
10849688
10826292
10825156
10754376
10835772
10831016
10828148
10807192
11431052
11755196
10818532
10828576
10803768
10756116
10729840
10821316
10802836
11041616
10831928
10806168
10783524
10744540
10796524
10800496
10819396
10823216
10813260
10733908
10766080
10879808
10823260
10830068
10812756
10867868
10778012
10803796
10781440
10782648
10852648
10798800
10787692
10776396
10780248
10819740
10833520
10795944
10774480
10773472
10763704
10805896
10739772
10741240
10740172
10838600
10841240
10787884
10772496
10799844
10844840
10828388
10789352
10779960
10872364
10819436
10812188
10790904
10778348
10858072
10813432
10755664
10787500
10790612
10838720
10769392
10772368
10763240
10773772
10789588
10844820
10789508
10793880
10781128
10767016
10796080
10728536
10723232
10762592
10933148
10838016
10807592
10813696
10772712
10816228
10808940
10787676
 
10767280
11056500
11071636
10755680
10829096
10826008
10870308
10852952
10794084
10783820
10790004
10855156
10850888
10761932
10797776
10849616
10750912
10835968
10752164
10825456
10739452
10807732
10824072
10803500
10823416
10724392
10782964
10762332
10750960
10816496
10797980
10775460
10790412
10793040
10768620
10789760
10856756
10773724
10812592
10808812
10782856
10830440
10820448
10802256
10818612
10837312
10810024
10803048
10803332
10808500
10811540
10849288
10812872
10843308
10797880
10821340
10753424
10813428
10811508
10818316
10831900
10746176
10752752
10807276
10828584
10828536
10813752
10810484
10811428
10831824
10822040
10805996
10810524
10838868
10747132
10843628
10795216
10818416
10756848
10793484
10805752
10773880
10801524
10797516
10800224
10770312
15422964
10781592
10841768
10798104
10749948
10779592
10747676
10854160
10813460
10813276
10810608
10767256
10808588
10779212
10774568
10802816
10835448
10843736
10839104
10803836
10806492
10747364
10862644
10828892
10743840
10795344
10898084
10766568
10847196
10796520
10789276
10853952
10808228
10826996
10793052
10811496
10839700
10818148
10816700
10812108
10768356
10753156
10815728
10797012
10808880
10806800
10830020
10817392
10807088
10813880
10801560
10861040
10824796
10754560
10801592
10819320
10788272
10824296
10818364
10799620
10826572
10759816
10814892
11041800
10932608
10748032
10794408
10812840
10778636
10811144
10837380
10767896
11584116
10996348
10784452
10841112
10759820
10794980
10774184
10770432
10835092
10810168
10814116
10806316
10764604
10744344
10777936
10814800
10813396
10792164
10749312
10824312
10812252
10804492
10814332
10827404
10750500
10811748
10755260
10840404
10827004
10812536
10799904
10806136
10840564
10820716
10801016
10743460
10899380
10991912
10974464
10972948
10967104
10997780
10985624
10974052
10963240
10977472
10971692
10985620
10977184
10982104
10979252
10983160
10990960
10991180
10965180
10984868
11013720
10931980
10787200
10801668
10806128
10845412
10808660
10777020
10782920
10805720
10854644
10829208
10824772
10803872
10822788
10817652
10816576
10808784
10810632
10799340
10805600
10817680
10751788
10803888
10821812
10819376
10830424
10798436
10835380
11090392
10770292
10761012
10809516
10826568
10836244
10821548
10833504
10806416
10804568
10814024
10828072
10817460
10802248
10795300
10817076
10821532
10815664
10810316
10840572
10822224
10816212
10737288
10805972
10835952
10814160
10835608
10803092
10806932
10837876
10818548
10829324
10813560
10800956
10779488
10814460
10768100
10819528
10813328
10759460
10771792
10746876
10804348
10788120
10829464
10768004
10807324
10758484
10822616
10826352
10807568
10744612
10809404
10838144
10818380
10746236
10804460
10816872
10785292
10752544
10819208
10818008
10839564
10818428
10837436
10805212
10817396
10823880
10815996
10825264
10817412
10828972
10830016
10813520
10831804
10815292
10808996
10820508
10842116
10741184
10838804
11128224
10851900
10813508
10789344
10780764
10779416
10821692
10794476
10797208
10774660
10768036
10826784
10842476
10739968
10829428
10737720
10823644
10790464
10849496
10839052
10747972
10772324
10757400
10844396
10819968
10801376
10815508
10759500
10832524
10744228
10811472
10879208
10840268
10822556
10744076
10826624
10849928
10836192
10818712
10829276
10815720
10822092
10824832
10748884
10759860
10759504
10815072
10754308
10829980
10821348
10815684
10785056
10823360
10814428
10820764
10741444
10858424
10821428
10750764
10813208
10834696
10834052
10834088
10824828
10842592
10791404
10829256
10833028
10743832
10746928
10798228
10808800
10757952
10791584
10793296
10809056
10828976
10746528
10811440
10818816
16892796
11373812
10803664
10812752
10870852
10804724
10820140
10812988
10779072
10800208
10771524
10822944
10867444
10809332
10747964
10827248
10825164
10807680
10816932
10841336
10840848
10826964
10748424
10731004
10785280
10818380
10816728
10818784
10801940
10876304
10818444
10834176
10750380
10812304
10793076
10828160
10792840
10820016
10785956
10809488
10810996
10811164
10819292
10837948
10812724
10765612
10744768
10735960
10772356
10812984
10817468
10752560
10828208
10870256
10826548
10810912
10808244
10783564
10850940
10807908
10820856
10802080
10761976
10822180
10805596
10801440
10813580
10787492
10821344
10812996
10817040
10802460
10808700
10825224
10815548
10810028
10799852
10853740
10805560
10816268
10790448
10779880
10867588
10746824
10764812
10744584
11792580
10812376
10837948
10821708
10835188
11076700
10774528
10763232
10821764
10812808
10783936
10810800
10743764
10805456
10808528
10845424
10758008
10834224
10809464
10776404
10839572
10845436
10803248
10750044
10811576
10806016
10800504
10744212
10828676
10811160
10753324
10824096
10812980
10756916
10791688
10858120
10821932
10742744
10812136
10740016
10798824
10794296
10738800
10761224
10846100
10758148
10797944
10802076
10807136
10797524
10763076
10836348
10819576
10806824
10807384
10824032
10811044
10795988
10810688
10819176
10836708
10793856
10810700
10787712
10745688
11150756
10812720
10775840
10810096
10823496
11751316
11159200
10800092
10885392
10817812
10822392
10804376
10824696
10799832
10817296
10806284
10806144
10729096
10808084
10767660
10729372
10802228
10743312
10803388
10801796
10791132
10757184
10799204
10837212
10799688
10795372
10805780
10840004
10814452
10813696
10794368
10750160
10783664
10811424
10746904
10727684
10820168
10793168
10826200
10807896
10804576
10727132
10802200
10832796
10803696
10828784
10826932
10815948
10749000
10733644
10748768
10815108
10838092
10769772
10830656
10769496
10840776
10840952
10789852
10791984
10797080
10829232
10843208
10797956
10772728
10861980
10792448
10795756
10769432
10791948
10800324
10779628
10810444
10812776
10796752
10757652
10801332
10797824
10816212
10810284
10842856
10752656
10797028
11918700
10737732
10851812
10807988
10767380
10738284
10820168
10807040
10798032
10795108
10791248
10790960
10828272
10831440
10804468
10798940
10829312
10773532
10751548
10767148
10741696
10801732
10796624
10804400
10801280
10811572
10832344
10794740
10807992
10801728
10824200
10825592
10816400
10820744
10754836
10803068
10814936
10826792
10810052
10827660
10794892
10769132
10823084
10825420
10822156
10815376
10805056
10808928
10804884
10742532
10811608
10784132
10809012
10821780
10803924
10797000
10757408
10773648
10816704
10810256
10813488
10835600
10744036
10825816
10808088
10818788
10835556
10808616
10756968
10835856
10828636
10822436
10804696
10807896
10823948
10803988
10752060
10800816
10777396
11093844
10819908
10803004
10794536
10784612
10772064
10788872
10781448
10776340
10907492
10807312
10802912
10751232
10737960
10819828
10850964
10828856
10821388
10809020
10807072
10786352
10815872
10758368
10742756
10825232
10818524
10830904
10800356
10734612
10792644
10816672
10823100
10812224
10808068
10822268
10841780
10813388
10813716
10815984
10765256
10830312
10828704
10749468
10743800
10845704
10837680
10833976
10817532
10732452
10829664
10812260
10754832
10796740
10821044
10853424
10833948
10737244
10747376
10804348
10811012
10803292
10803532
10814084
10794192
10832564
10754464
10819532
10794896
10838772
10764996
10812136
10796960
10810312
10854152
10822504
10838828
10747180
10739348
10817520
10763248
10799848
10801412
10794460
10813308
10824124
10811572
14124324
11441948
10762628
10796540
10803428
10821568
10807660
10830528
10805436
10750040
10811728
10845096
10821984
10823628
10801028
10740744
10834664
10802144
10812964
10806480
10821876
10817832
10811908
10802176
10809268
10795428
10828584
10816796
10744288
10800880
10778764
10762896
10830052
10813464
10818136
10835880
10839832
10744084
10807624
10811868
10767328
10827292
10780968
10803848
10809180
10811204
10832600
10811036
10805800
10826384
10803664
10827732
10741268
10755112
10790876
10848392
10828996
10829616
10823028
10769280
10812480
10835384
10745812
10805064
10813972
10751052
10830692
10798580
10815516
10762356
10759716
10837576
10745392
10757344
10728412
10768276
10827536
10805840
10813772
10829920
10840108
10817580
10806048
10814960
10838348
10814860
10818080
11660912
10778120
10782976
10778536
10766664
10775240
10773956
10850048
10826976
10740828
10808768
10806616
10797220
10738396
10815480
10799752
10819272
10817260
10808576
10735936
10812144
10860376
10763412
10803480
10734564
10797488
10863728
10815252
10746620
10772416
10830540
10744728
10816832
10813960
10793900
10788464
10819032
10741428
10822924
10812944
10851240
10812348
10817208
10793204
10735424
10832116
10764740
10753876
10802168
10749584
10834064
10826880
10800312
10806328
10854156
10863932
10818056
10817708
10819968
10817672
10796404
10833608
10772456
10815604
10795048
10827088
10815208
10810324
10747476
10756892
10819552
11628412
11031480
10863864
10813224
10758160
10850952
10814628
10817092
10843000
10832976
10822528
10805212
10807804
10839140
10815824
10809320
10809616
10815156
10854884
10832988
10750184
10735100
10804436
10803064
10816404
10808524
10806544
10813460
10821532
10814068
10812420
10812284
10817660
10753088
 
10848576
10802616
10803296
10834548
10832720
10742640
10747772
10812320
10814984
10813184
10742572
10746828
10824748
10747296
10825440
10810560
10812848
10810436
10849976
10828512
10808320
10749816
10742272
10768792
10822920
10802668
10809932
10827108
10814704
10806428
10806224
10818080
10840108
10828872
10750080
10741840
10762456
10756172
10822528
10801676
10806228
10755920
10789904
10802312
10769212
10801416
10771804
10789712
10794712
10818364
11675812
11059280
10822412
10824992
10804544
11091996
10734076
10820656
10807904
10807812
10801064
10810996
10761196
10803120
10837236
10745800
10829236
10822268
10735796
10793220
10744192
10757776
10812324
10733044
10812952
10837904
10822260
10814384
10727788
10737852
10883360
10812636
10821032
10812088
10829840
10815900
10758648
10819560
10816944
10803524
10817860
10814148
10824188
10735288
10808784
10827880
10832428
10810628
10791568
10817468
10825616
10814772
10812708
10806688
10852456
10815412
10806036
10829496
10866324
10798832
10755596
10802096
10807192
10819148
10805208
10809860
10739932
10808808
10798804
10824924
10814220
10786260
10797972
10733032
10820264
10790172
10812008
10806048
10766076
10767012
10734004
10798268
10950548
11593260
10987340
10831632
10815836
10740680
10822576
10760916
10815916
10741524
10814908
10824804
10819732
10800984
10813108
10721620
10838428
10828664
10826540
10767084
10753532
10741624
10787612
10816820
10817864
10839688
10830908
10814580
10810364
10807368
10839576
10768372
10766940
10817248
10761624
10734492
10764592
10802640
10816024
10818032
10814824
10842332
10826016
10758176
10795356
10771020
10827712
10804068
10820328
10809136
10792664
10820216
10807056
10819484
10798336
10807532
10829240
10808924
10808840
10800128
10845440
10835596
10745636
11020728
10810040
10787196
10813272
10810800
10810032
10822964
10752392
11735884
10803008
10788408
10736684
10810936
10821376
10799140
10825092
10839796
10829352
11675536
10897260
10766900
10832892
10830716
10805780
10806484
10737744
10858192
10816584
10768100
10800948
10829452
10818820
10826640
10743164
10801972
10715712
10812228
10810948
10796172
10816692
10822648
10820132
10751304
10808220
10735724
10832488
10823124
10821768
10811244
10813700
10836312
10834504
10808196
10803528
10880312
10842504
10823612
10759508
10810324
10833744
10809496
10831484
10748436
10807788
10802892
10822068
10857596
10734364
10814020
10791880
10843972
10824544
10810900
10803816
10815408
10845968
10796960
10813512
10801196
10726212
10831064
10768568
10816496
10799640
10806504
10797500
10797580
10780404
10807224
11723864
11617956
10829932
10812364
10810204
10821172
10815500
10809940
10770960
10813436
10791748
11558736
10738916
10763416
10780948
10788228
10786208
10799444
10743192
10811224
10824896
10816148
10797656
10836088
10834028
10768436
10804108
10808240
10802936
10833804
10837652
10883520
10745844
10809456
10849228
10833664
10818172
10812464
10836372
10757152
10815572
10745296
10809656
10808884
10770412
10831676
10812504
10818820
10808464
10826028
10826976
10807356
10829720
10793976
10825432
10802072
10819068
10745676
10834996
10760780
10753624
10787268
10751976
10841144
10806128
10801572
10816136
10758276
10747288
10751724
10803560
10816412
10799792
11052792
10758748
10817552
10851572
10790016
10794588
10777516
10778756
10767384
10803072
10790888
12310176
11231180
10771720
10838624
10807072
10822696
10733108
10766172
10808548
10818584
10808612
10805436
10797976
10748856
10819912
10799992
10800480
10794860
10819932
10809372
10820792
10807468
10811972
10822368
10998480
10807776
10808216
10835976
10818524
10815108
10789912
10805220
10859616
10846688
10822256
10740016
10824744
10730164
10828028
10742656
10784648
10789260
10815296
10826480
10783732
10809896
10749680
10754212
10789800
10755192
10807264
10823424
10819968
10814668
10747008
10734552
10765172
10821464
10749600
10811436
10809184
10841352
10817868
10811528
10833536
10832116
10787980
10809680
10811544
10770160
10794676
10811268
13845584
10777716
10746536
10818484
10862348
10771916
10741424
10800532
10846240
10818960
10807744
10798668
10773596
14314540
10806100
10842928
10752900
10772220
10824644
10830096
10815616
10781600
10764700
10785664
10807136
10790220
10816228
10784428
10824564
10746476
10815308
10801312
10784572
10763428
10829444
10803512
10811392
10781624
10811716
10747420
10804824
10739112
10831628
10823648
10818336
10799216
10804240
10805228
10823744
10798816
10811052
10778076
10809992
10812864
10819344
10812812
10807724
10816100
10822428
10802440
10815048
10820396
10818692
10745944
10751004
10813976
10834028
10818592
10807724
10789600
10818928
10742492
10840924
10825260
10938096
10847404
10754384
10801860
10742404
10815572
10788692
10823416
11237472
11020300
10817032
10811720
10828116
10821980
10865124
10826072
10773796
10822956
10811716
10803140
10816292
10833012
10823580
11407152
10800996
10813552
10815524
10740760
10813260
10799612
10812896
10816032
10807520
10752344
10737716
10756476
10823872
10806684
10801808
10815180
10834636
10852832
10744584
10734352
10810076
10849664
10815000
10816784
10798300
10734948
10807288
10805784
10816480
10737424
10798176
10811652
10823624
10804688
10794992
10793792
10818116
10738824
10795992
10800212
10839664
10828136
10825388
10798592
10754320
10838160
10823372
10806828
10798484
10800456
10792896
10765264
10814996
10747952
10760720
10753908
10820272
10887528
10848820
10802044
10753820
10753888
10748604
10824460
10740432
10818472
11843092
10963440
10755208
10764776
10814204
10800436
10791524
10818400
11255512
10754828
10768576
10771360
10782436
10771344
10793420
10813532
10797804
11439056
11156072
10795100
10831932
10801252
10805012
10826672
10816788
10795704
10795656
10816680
10817412
10807396
10796832
10792504
10827440
10838096
10804164
10803664
10819044
10780300
10766440
10803244
10796152
10800836
10773700
10812148
10816724
10801644
10807804
10827200
10813276
10811796
10788916
10789420
10826348
10805248
10803972
10814668
10812784
10826088
10803608
10807576
10808984
10832528
10831520
10757164
10805228
10809064
10836852
10830796
10808748
10811832
10808468
10823068
10762192
10812444
10975024
10809140
10781780
10794452
10768680
10757944
10767876
10788256
10774752
11420760
10816308
10755672
10793976
10778348
10781112
10797016
10838880
10801428
10772228
10765376
10773452
10855824
10748936
10770128
10780136
10791968
10847672
10757484
10818180
10812896
10817948
10838700
10828124
10813136
10735744
10812304
10862524
10830840
10844892
10801256
10894584
10829748
10759748
10822788
10820948
10733576
10862164
10894152
10754988
10814932
10802292
10834680
10817684
10803000
10823036
10813732
10816656
10815700
10834456
10751808
10791676
10876472
10823144
10814084
10802604
10812092
10827404
10759208
10805956
10814016
10747380
10856564
10752468
10750580
10808088
10825132
10859880
10830884
10816376
10794552
10795360
10812024
10750948
10800716
10766836
10835984
10828208
10823280
10791988
10887548
11470676
10833108
10779132
10772828
10782568
10794476
10786028
10804812
10818516
10771372
10745132
10811420
10807992
10816920
10799452
10763328
10797828
10802844
10757480
10839568
10814968
10811388
11045236
10818644
10828840
10754232
10752504
10803728
10806968
10839060
10766368
10821216
10811220
10803548
10804176
10749652
10836784
10735604
10811944
10817964
10747924
10809044
10848336
10772812
10838660
10825248
10741360
10820120
10756776
10830840
11943088
10772356
10797728
10846080
10816272
10763548
10799688
10727456
10774864
10788972
10805148
10806860
10748244
10797400
10747636
10802984
10815756
10815140
10848700
10827640
10742404
11269192
11847192
10862452
10849272
10818292
10742868
10772232
10815608
10816964
10812596
10811768
10816040
10885588
10822452
10842596
10817616
10807456
10842552
10837040
10821876
10806416
10802912
10836916
10822924
10743316
10811152
10831792
10828420
10829484
10751468
10810600
10717848
10852700
10832552
10815128
10827612
10806916
10846116
10823332
10840704
10818340
10752376
10740132
10782216
10773920
10782232
10769960
10796900
10829792
10812916
10821060
10806976
10837100
10819744
10811332
10814680
10831336
10808624
10807904
10815284
10804368
10800996
10767120
10860756
11094020
10744044
10778320
10778692
10783068
10809728
10778048
10806988
10790816
10807716
10800176
10811228
11222184
10771272
10756624
10768508
10772928
10771412
10836148
10824092
10799480
12963248
11107664
10776068
10777484
10738828
10785928
10799196
10807824
10823388
10798580
10741712
10746540
10835608
10811160
10801872
10800164
10754892
10815240
10747216
10787552
10807220
10840624
10816520
10813580
10798580
10793136
10846468
10746504
10804400
10788820
10829780
10802260
10807908
10743520
10738036
10796648
10811808
10819792
10803040
10751660
10796992
10748312
10797276
10799236
10803412
10833276
10818896
10801868
10797984
10805160
10840704
10756872
10790900
10848236
10742708
10825728
10748284
10762456
10802948
10799980
10809952
10835004
11850616
10755992
10798048
10834684
10731864
10746000
10811860
10737584
10826776
10795532
10793240
10745956
10847844
10796016
 
