Procesando...
  Filtro             : sierpinski
  Implementación     : C
  Archivo de entrada : lena.256x256.bmp
7119936
7045820
7058028
7088948
7083440
7239092
7164372
7103288
7068640
7083936
7044632
7060312
7090600
7053848
7055608
7124052
7056460
7055328
7093664
7053448
7100616
7089684
7053604
7093404
7295320
7086716
7112288
7108236
7089348
7105068
7088692
7052808
7091972
7060980
7054808
7089612
7054104
7054596
7089588
7053212
7089124
7088836
7052812
7104996
7087588
7052896
7134600
7085676
7076160
7107652
7052680
7052688
7092800
7053372
7055120
7085860
7059744
7090416
7088828
7050788
7092468
7087180
7052176
7089308
7087256
7060432
7097496
7086568
7045764
7118356
7062744
7054708
7082576
7043296
7061428
7089588
7053340
7056360
7089124
7052740
7090628
7088320
7053764
7093560
7085716
7053692
7089668
7102688
7089636
7094748
7088660
7054660
7104024
7055656
7057844
7080452
7054580
7092160
7088684
7051340
7092256
7095068
7052220
7091248
7085568
7051912
7083732
7052352
7073680
7089812
7078880
7135828
7052536
7093516
7079188
7062344
7093744
7090904
7056368
7089828
7091736
7053632
7089304
7050932
7055508
7090484
7057444
7055136
7089740
7089524
7045752
7112844
7088704
7098312
7091492
7056336
7097828
7097492
7059712
7095772
7080940
7100340
7056392
7054596
7091116
7045236
7056488
7089868
7059904
7095376
7125924
7048344
7120964
7103720
7054860
7091468
7088620
7055968
7089976
7057596
7056524
7105664
7056168
7055608
7099444
7052960
7091900
7097600
7052548
7095012
7110936
7089068
7094488
7124644
7055596
7089124
7059076
7051660
7091812
7051800
7053000
7089660
7052252
7091620
7088708
7057216
7091504
7086644
7054012
7090488
7087000
7072416
7122476
7067788
7106080
7097556
7053748
7127152
7094976
7054292
7086088
7089068
7058192
7092060
7095500
7053592
7094344
7083472
7051464
7088832
7052920
7057612
7111512
7084512
7056148
7129280
7052180
7087276
7094188
7051500
7098708
7088000
7053892
7090684
7090816
7045888
7093908
7051380
7052856
7095276
7055136
7051804
7087440
7081064
7096804
7105680
7089424
7098348
7055956
7054884
7092096
7055560
7094876
7092992
7064996
7093616
7090424
7056044
7105600
7095552
7052892
7096632
7091792
7059768
7124500
7081388
7071240
7125292
7055204
7058024
7088568
7054216
7048388
7060836
7088824
7056468
7097076
7078028
7103688
7056740
7103212
7092812
7053476
7088296
7094868
7099988
7080112
7113748
7054084
7099820
7092688
7055436
7082888
7091636
7056380
7092880
7041920
7056968
7093960
7058852
7097800
7089724
7047988
7094984
7089064
7079044
7137656
7081444
7088988
7092700
7052284
7053548
7082952
7056664
7104552
7052968
7058920
7096332
7052764
7055752
7090368
7061192
7095240
7088696
7050720
7096852
7122620
7311604
7082988
7153860
7055844
7103008
7078248
7114204
7056580
7098872
7092412
7053908
7103276
7088220
7057404
7089820
7080424
7052496
7104572
7053488
7056120
7123304
7050376
7067368
7132268
7096204
7052216
7099564
7050480
7053776
7088904
7048456
7054660
7085364
7051252
7093232
7080036
7062464
7093768
7085052
7916420
8185364
8224776
8108180
8124172
7152856
7089696
7135308
7119452
7056076
7043584
7074360
7098888
7111660
7055472
7083616
7103224
7273136
7109628
7121400
7108836
7109672
7073652
7181336
7066588
7147652
7834928
8141248
8168720
8090616
7514000
7160696
7106348
7053840
7118004
7096972
7053516
7080528
7091876
7055076
7124936
7099668
7041596
7122952
7135668
7049624
7136180
7088192
7054648
7092172
7088764
7054580
7088460
7046492
7051992
7091360
7042592
7059976
7101120
7091992
7056972
7092660
7056000
7054192
7126772
7078812
7058280
7128064
7054404
7060552
7089700
7058448
7093660
7078952
7052236
7100824
7090448
7050964
7094668
7051400
7058284
7087940
7053252
7051044
7090972
7076704
7050964
7114356
7087212
7100324
7087876
7054308
7092480
7089440
7054164
7093844
7086632
7053400
7098880
7054204
7052200
7090200
7051928
7053860
7089104
7046208
7123316
7081708
7083516
7132384
7061748
7056148
7101164
7055612
7054984
7093616
7057816
7094500
7088456
7058764
7093944
7079820
7053344
7088568
7098512
7054132
7098120
7083104
7054760
7119704
7058392
7053700
7091584
7056756
7042328
7087868
7041972
7055828
7110492
7096944
7058108
7086484
7054092
7051544
7095964
7054248
7052996
7113612
7089608
7047972
7127684
7058632
7089476
7090208
7050820
7090020
7086364
7054244
7079636
7086176
7052632
7088384
7061964
7055428
7089344
7053476
7051512
7087608
7075636
7127764
7086968
7094184
7094552
7087340
7051216
7090620
7084932
7051092
7085936
7053448
7068604
7086532
7041632
7153156
7126864
7051272
7052976
7097016
7051136
7156628
7119096
7059436
7139084
7092596
7056476
7091204
7086184
7052188
7095876
7061252
7039720
7090200
7051044
7059704
7090152
7052684
7050116
7086452
7052644
7092028
7109076
7050508
7113116
7123192
7054536
7091300
7092808
7054124
7090680
7068216
7092400
7101860
7070408
7098980
7088644
7051668
7097580
7057804
7054136
7098996
7055688
7106152
7085424
7078084
7085284
7088244
7057964
7090488
7089852
7053340
7093476
7076444
7053288
7091432
7089272
7055284
7079400
7094868
7053056
7090816
7182068
7223228
7159160
7090104
7101692
7754636
8111408
8200100
8142596
7893160
7063844
7090712
7055780
7090584
7082836
7054744
7097540
7095644
7052796
7098320
7091768
7055552
7127388
7097288
7095096
7093944
7058212
7094532
7055320
7093908
7087892
7044072
7092260
7087720
7054032
7089556
7098576
7052720
7093952
7055364
7053296
7090572
7049768
7277424
7126228
7108176
7150380
7098504
7055268
7093736
7088292
7057688
7089508
7088024
7058508
7098920
7052688
7055032
7084212
7053564
7054324
7080164
7051372
7057624
7114532
7050060
7096784
7111560
7058764
7077772
7088788
7052728
7097236
7079868
7051844
7084452
7089320
7058576
7090776
7056260
7051288
7090912
7051192
7055032
7088536
7091380
7094160
7118120
7120028
7097792
7052264
7090640
7052084
7054228
7089580
7053392
7055036
7084920
7057856
7085180
7090652
7054548
7089256
7082064
7051332
7111508
7109868
7058300
7121420
7054640
7054816
7088752
7049652
7052792
7187448
7208644
7084696
7097064
7053552
7053244
7090288
7051000
7049212
7072836
7088388
7051664
7101264
7139736
7060884
7099664
7088948
7054636
7089124
7088752
7050004
7085780
7082032
7049848
7089888
7084884
7040416
7091864
7091396
7050436
7092500
7086336
7049712
7123416
7113264
7065964
7119636
7056204
7059312
7091136
7053708
7050424
7083968
7056328
7095964
7084056
7050840
7085468
7097548
7051004
7086352
7083292
7051916
7086664
7090996
7042468
7100112
7110500
7057568
7103572
7087516
7045732
7084024
7081680
7052628
7076012
7083316
7087364
7057236
7086948
7040836
7062336
7092496
7053576
7053308
7143068
7053924
7070672
7104544
7055220
7092096
7084200
7055428
7080236
7087484
7050908
7086848
7084772
7050204
7089900
7051684
7053244
7084452
7048464
7052808
7095424
7086896
7089908
7121860
7042404
7054284
7117100
7084376
7054160
7086540
7081636
7051504
7085460
7057320
7048372
7083900
7039304
7085044
7049900
7091144
7083392
7088248
7124280
7055348
7085740
7096816
7067560
7049396
7073224
7094004
7053224
7087516
7056816
7050128
7095668
7049056
7055040
7080876
7053672
7081056
7108292
7050096
7153956
7103060
7072324
7120200
7069660
7051860
7095228
7078044
7051608
7082744
7054568
7050824
7078228
7061316
7085756
7079672
7079024
7051592
7050776
7073140
7057656
7121968
7084784
7064700
7102272
7105432
7050504
7089836
7085332
7049464
7083288
7050576
7039504
7094876
7098564
7050572
7050184
7087812
7046488
7934840
8275724
8220624
8119108
8094196
7097164
7059720
7085788
7051384
7052128
7121408
7054252
7093860
7087532
7053388
7101096
7085984
7051512
7089432
7075428
7053848
7088004
7039004
7081676
7153608
7053632
7096540
7094480
7061644
7053772
7085256
7053660
7089868
7080364
7059460
7055124
7090196
7053740
7056840
7082572
7054556
7096788
7079244
7476332
8071744
8243996
8168884
8109140
7129656
7048412
7085184
7096168
7051304
7086728
7053780
7078024
7096124
7051440
7055448
7089892
7050720
7049732
7075796
7051112
7051548
7128896
7058336
7070916
7124676
7053212
7059364
7089524
7053044
7077056
7090936
7052440
7055108
7086844
7052084
7088240
7080548
7052928
7092628
7089108
7051944
7075280
7096088
7053788
7113068
7079904
7053236
7092284
7052232
7084388
7085072
7059328
7086600
7087472
7054256
7085984
7087388
7051204
7086096
7049540
 
7040640
7093524
7062376
7140032
7083412
7089216
7088236
7060184
7053840
7082164
7051668
7060160
7087304
7054812
7051680
7085408
7056148
7086860
7072516
7100208
7052556
7094408
7052000
7087144
7138052
7054640
7085580
7089292
7051468
7087472
7082880
7052524
7091116
7083064
7052308
7081060
7086252
7050792
7087796
7052472
7052840
7086052
7051012
7051488
7102624
7094712
7092844
7124940
7053900
7087172
7086676
7051108
7088472
7081224
7049320
7083920
7051420
7040696
7087564
7055748
7049700
7074084
7049492
7062188
7071780
7110516
7092172
7093020
7092184
7098100
7051208
7089896
7051620
7052048
7081928
7142600
7125976
7103732
7053200
7051352
7080652
7051556
7082356
7074416
7054064
7090516
7122056
7110624
7100364
7092200
7089880
7092456
7052660
7087584
7084600
7076024
7091180
7052176
7052424
7089076
7055328
7052208
7080028
7041708
7050340
7099640
7086632
7113584
7098364
7083356
7071712
7076580
7059472
7093152
7049324
7053084
7082960
7058024
7084816
7086108
7038184
7057044
7079876
7050848
7081504
7083404
7055384
7107884
7135176
7049364
7131836
7078628
7039880
7083080
7051052
7045660
7054424
7092712
7059416
7090992
7077376
7048432
7112748
7076272
7054060
7071644
7075352
7048624
7124924
7097808
7056220
7141456
7049236
7041220
7075956
7051836
7050764
7083712
7053268
7050708
7074220
7061620
7051444
7078480
7049036
7073172
7069800
7054680
7068692
7134388
7079888
7091288
7147436
7051888
7090152
7048944
7063336
7086148
7053892
7037104
7085080
7060472
7052388
7074968
7051364
7057632
7088984
7049240
7089364
7085764
7097872
7090776
7090016
7108096
7088132
7055680
7052128
7080496
7053120
7076976
7076332
7056972
7070836
7101844
7052932
7099556
7088692
7039756
7097796
7053052
7051476
7148840
7060176
7073532
7119164
7052500
7083812
7107316
7066576
7083652
7082268
7054872
7100840
7098376
7628188
8041792
8180412
8098348
7854036
7129748
7084840
7129436
7044600
7135820
7107840
7093072
7052760
7095756
7057040
7052264
7091292
7049792
7059384
7089792
7052788
7093476
7198036
7091112
7101888
7089544
7050516
7169292
7122352
7050664
7136508
7092596
7075788
7096700
7089732
7051860
7095700
7051652
7048960
7092076
7040388
7058932
7090340
7055904
7077976
7098108
7099424
7052688
7138476
7093224
7112216
7083220
7090888
7103416
7091172
7038916
7092144
7054792
7050268
7086220
7050312
7049764
7089212
7052764
7091064
7096124
7047504
7078028
7098208
7105272
7120068
7121516
7083276
7099016
7091688
7053604
7096376
7090008
7051336
7092068
7050724
7050964
7088948
7051912
7049416
7102928
7050260
7093608
7091204
7059232
7131860
7091184
7080076
7095208
7094492
7051704
7086732
7052328
7052796
7097140
7052672
7052616
7080308
7057536
7088620
7088096
7052780
7092916
7092504
7050812
7119800
7131444
7055904
7129932
7052692
7101756
7100104
7052176
7095464
7090492
7057984
7091440
7052176
7049620
7090996
7057256
7050224
7089592
7050664
7098264
7089708
7074208
7136120
7104312
7092472
7093436
7091680
7061444
7080208
7054780
7101956
7055012
7051268
7091716
7050888
7055832
7088704
7051436
7092488
7095832
7039584
7090660
7123796
7068008
7116976
7134588
7052748
7091756
7057024
7050688
7091412
7049960
7050724
7097560
7050640
7097504
7090576
7041288
7091928
7087800
7050780
7085580
7089772
7101940
7102672
7135372
7091012
7095192
7074400
7054072
7100684
7100128
7052032
7091064
7039092
7062180
7053996
7094552
7050944
7079012
7095404
7049112
7097516
7105488
7130276
7103536
7115476
7051688
7103208
7091008
7051352
7093632
7054112
7039880
7092680
7051604
7050764
7096880
7053752
7052012
7087696
7038828
7088572
7089956
7077308
7137912
7100816
7085900
7098536
7090396
7052268
7094000
7049824
7121276
7104244
7056244
7045876
7087904
7052472
7050624
7098008
7050612
7092968
7091552
7056204
7140216
7147908
7051724
7129924
7100032
7050068
7093092
7050768
7056380
7093504
7054092
7050560
7092912
7056888
7088748
7094836
7053476
7090872
7089688
7050512
7090080
8301728
7093232
7066832
7105856
7090656
7051684
7057112
7105088
7054288
7055548
7105236
7053108
7053344
7089508
7052256
7050524
7093812
7050172
7050516
7101104
7050276
7139164
7086784
7075060
7137248
7105172
7051348
7102672
7100404
7051540
7097924
7050712
7053908
7109444
7053072
7053296
7098512
7058648
7049944
7095088
7052784
7102824
7146636
7047028
7129196
7099948
7055856
7102284
7084156
7051840
7097396
7059964
7052840
7096608
7051392
7055212
7095020
7052484
7100388
7093388
7055404
7095468
7123376
7084244
7127808
7171092
7081052
7090824
7081616
7059072
7093132
7050384
7052216
7082652
7056992
7050140
7097872
7051856
7095556
7090092
7091720
7053128
7102712
7130000
7094204
7102824
7136784
7056612
7098640
7052368
7052020
7099468
7051052
7041704
7093900
7052408
7048852
7091928
7051164
7047928
7097972
7051364
7086956
7052520
7136872
7123252
7064424
7136704
7088096
7040984
7102608
7097136
7056220
7097976
7052908
7050964
7100048
7053896
7050160
7092324
7051192
7098820
7090404
7051088
7091728
7111288
7072336
7122568
7134040
7057644
7104592
7052488
7051224
7091304
7053280
7051496
7090384
7040248
7091952
7097152
7051988
7092692
7096400
7050656
7094428
7092284
7092924
7098204
7074192
7069948
7098592
7091352
7051948
7095208
7052840
7050932
7114652
7055292
7053180
7095936
7050936
7093560
7097428
7050220
7092288
7088964
7052680
7138308
7059036
7073572
7110848
7062684
7052680
7097312
7040188
7044544
7079216
7049436
7081452
7087660
7055024
7092264
7095428
7050372
7098924
7088764
7049788
7106084
7086356
7054928
7128068
7056424
7051128
7092564
7057648
7092952
7090952
7037776
7051284
7100920
7052280
7104708
7095004
7048644
7098660
7089252
7051036
7097600
7129972
7099744
7096640
7084504
7057220
7103104
7052160
7135068
7100992
7062752
7039728
7086868
7049108
7087820
7089032
7052088
7095936
7089200
7054092
7089600
7052104
7087272
7149656
7059648
7091996
7097164
7050220
7051484
7089772
7050264
7096084
7093020
7044580
7094056
7092780
7052080
7095048
7093720
7051508
7096040
7090964
7142712
7253060
7119452
7085680
7150724
7459148
7349220
7831224
7146952
7052112
7051668
7093412
7065048
7284592
7097472
7052972
7126976
7094556
7052580
7099408
7103744
7072916
7153900
7081952
7109020
7101816
7051624
7052764
7109940
7051924
7040876
7054364
7103060
7098764
7065104
7097632
7087108
7052668
7120276
7091040
7040036
7064496
7086988
7432784
7887616
7337112
7123284
7095192
7052328
7126828
7085764
7054604
7094996
7068592
7063500
7096784
7052220
7075664
7095720
7051644
7090740
7099728
7053008
7127244
7129908
7088164
7135832
7114144
7052244
7104140
7084220
7053436
7096784
7079348
7054548
7092228
7062408
7069620
7092252
7052616
7095196
7111200
7055224
7097892
7126328
7083232
7111412
7251836
7250496
7315608
7606676
7294716
7124976
7155628
7095404
7054096
7090944
7122980
7075436
7094932
7088516
7066980
7082396
7087700
7054236
7162260
7091224
7079532
7131384
7070656
7052612
7092784
7056436
7079740
7088504
7053908
7115196
7099824
7049256
7095316
7067224
7082524
7090396
7086096
7039984
7110712
7083156
7047520
7121868
7097224
7060324
7092192
7050892
7105920
7092736
7041892
7091888
7106516
7051480
7096240
7093988
7063204
7090700
7052696
7051508
7107992
7063496
7091476
7087836
7126188
7097164
7050932
7097640
7056168
7052728
7079020
7058008
7061476
7108424
7053300
7066116
7095448
7057092
7052512
7120576
7055384
7090296
7115892
7107176
7090916
7127380
7143548
7234468
7110820
7055396
7100484
7105200
7050020
7092824
7085032
7114328
7089964
7051416
7039788
7102872
7052676
7040900
7093424
7111592
7089896
7102816
7086848
7054644
7100652
7082760
7091800
7087016
7051100
7101552
7087400
7050428
7091692
7117352
7040320
7087232
7084660
7067612
7080060
7052272
7080776
7152160
7079536
7086272
7091468
7065688
7059220
7086732
7053012
7121964
7087260
7058688
7076712
7055540
7086592
7053640
7107540
7085980
7049220
7087944
7114884
7105224
7095236
7101276
7096580
7100832
7055952
7054420
7113652
7051964
7055900
7086416
7067044
7086076
7088640
7051208
7116360
7086680
7052096
7095600
7099696
7052452
7139720
7062056
7092960
7104892
7055800
7051268
7105740
7048944
7054224
7083252
7077476
7085836
7084720
7061740
7104076
7081008
7050660
7083332
7112432
7051304
 
7111688
7104788
7067028
7121476
7061628
7052016
7115248
7051548
7096708
7090936
7064240
7089572
7085612
7056624
7118872
7090108
7051552
7089624
7069540
7055172
7087032
7068700
7118920
7183880
7668036
8093676
7450748
7183236
7148716
7103124
7052908
7052648
7085396
7054500
7093216
7073300
7080092
7064924
7070440
7052672
7075344
7085420
7087820
7115624
7112824
7084328
7098832
7094896
7055864
7054524
7099684
7055872
7063952
7090956
7052476
7094768
7106524
7052772
7095652
7090672
7059884
7088596
7088992
7088568
7125352
7069012
7075740
7098564
7062404
7057064
7170648
7122304
7084344
7082676
7051768
7051096
7108432
7050448
7082776
7093756
7083144
7092820
7090528
7842460
7556180
7105028
7133760
7060056
7131500
7052156
7038452
7101684
7052636
7050072
7109196
7049464
7054340
7086576
7122020
7052656
7102104
7095908
7067008
7091232
7075288
7080588
7128636
7086004
7057480
7054240
7110804
7054144
7050252
7090012
7073524
7086640
7094436
7053960
7233496
7329820
7076900
7099868
7051500
7112224
7096180
7086600
7144088
7122084
7095580
7116192
7092980
7065440
7091132
7089200
7052932
7119948
7055184
7050152
7095408
7063660
7054156
7088016
7054648
7117000
7091020
7040136
7127116
7129400
7057972
7142528
7095268
7085200
7089216
7052176
7050632
7105204
7055792
7053684
7087176
7080976
7057692
7099220
7053504
7107768
7089592
7057560
7089900
7145480
7051700
7112080
7132680
7058508
7055124
7051440
7087708
7063020
7054328
7086704
7049780
7119000
7093856
7049464
7106416
7101496
7056224
7084556
7085420
7074956
7130696
7051836
7071000
7129016
7055260
7055924
7085444
7082236
7088948
7093768
7052676
7105948
7089840
7040484
7090172
7110092
7054320
7091516
7089716
7055816
7093640
7090872
7054408
7155748
7058628
7057216
7087308
7069676
7094284
7088584
7039540
7120876
7091448
7040960
7094668
7057232
7040132
7106492
7051940
7094016
7085120
7108772
7135388
7087196
7093824
7114624
7082816
7049732
7091956
7086580
7052196
7091196
7052920
7070424
7135316
7331364
7081052
7103604
7052628
7051852
7083864
7063412
7161196
7126760
7048692
7133092
7057832
7092032
7104460
7052252
7095676
7095036
7082124
7087436
7086656
7053160
7106616
7052652
7054608
7087512
7078696
7050268
7090236
7082824
7113952
7116980
7091592
7105296
7127436
7054880
7079424
7090892
7066716
7091840
7097412
7052272
7107548
7082084
7050096
7075588
7052468
7088364
7056032
7059488
7149308
7067348
7066932
7107228
7070676
7070328
7050596
7091212
7067916
7050528
7129768
7126832
7051696
7095288
7089860
7054596
7089440
7086756
7049448
7121060
7085192
7092960
7106568
7097984
7057976
7091236
7052708
7085456
7090360
7053516
7094164
7101488
7053296
7082784
7089864
7114008
7052984
7093272
7088308
7064960
7091492
7075716
7091200
7125224
7087100
7052904
7102620
7067940
7050916
7089876
7057564
7110980
7093848
7092656
7056380
7111836
7088760
7039504
7057052
7100900
7092564
7051244
7127040
7089728
7067524
7133048
7054604
7093308
7080020
7051048
7060036
7106608
7038836
7041660
7053964
7096720
7067172
7059400
7235736
7876264
7267900
7104180
7089464
7078668
7053288
7139372
7162496
7057268
7099864
7089260
7062356
7093532
7096212
7055692
7116356
7088544
7051184
7095496
7065344
7055420
7092760
7056676
7080356
7082796
7132260
7054672
7073484
7132032
7044200
7052216
7104424
7092496
7064984
7095964
7090392
7117204
7139908
7121780
7111856
7051156
7052564
7086784
7082316
7113100
7102552
7093692
7123560
7117496
7058836
7096148
7115516
7053820
7102588
7054080
7064136
7090076
7039732
7053316
7081688
7096792
7051468
7052208
7104176
7052236
7100200
7117612
7114352
7094548
7136216
7055836
7112248
7091976
7050060
7090968
7123540
7052972
7092116
7051552
7065900
7106872
7051376
7042120
7095184
7090772
7051384
7107980
7115380
7083440
7102256
7157424
7063260
7096004
7087800
7068772
7090924
7055716
7053572
7121976
7052488
7058600
7090072
7065756
7090376
7086980
7048592
7095888
7052980
7075868
7129236
7072492
7085552
7096028
7085304
7063592
7090668
7052284
7094616
7055256
7099776
7051328
7063644
7098440
7051820
7093828
7131252
7057680
7094912
7093304
7096752
7095176
7109484
7084376
7125696
7085512
7058896
7089560
7063596
7051220
7092768
7070904
7066380
7081800
7052992
7046960
7097784
7088460
7051384
7093648
7088404
7079780
7095500
7089144
7077580
7091096
7050432
7084520
7059440
7049588
7095796
7065484
7054632
7091688
7052524
7113628
7093896
7057640
7083872
7087176
7048784
7119732
7139008
7079384
7153180
7093156
7039204
7100916
7087668
7052896
7085912
7083272
7052388
7092048
7049132
7061568
7077032
7051072
7112244
7080108
7054084
7070600
7149016
7104300
7081772
7123084
7056980
7090736
7074840
7052264
7109904
7175084
7076500
7057920
7428972
7287868
7907608
7459212
7195412
7149088
7089260
7101204
7070352
7095040
7081664
7076460
7116452
7080820
7052308
7050248
7102468
7040368
7052968
7098724
7051536
7052196
7094336
7052848
7096388
7087168
7052556
7096340
7088412
7062544
7138100
7092772
7124092
7055812
7094236
7082496
7053780
7092812
7055064
7051880
7085164
7046480
7050316
7087228
7057024
7081924
7084484
7054784
7089476
7089140
7079124
7132652
7078288
7092964
7053368
7110056
7064656
7065808
7095428
7050128
7095788
7084636
7053156
7101992
7097376
7051252
7087392
7077924
7057504
7053712
7080696
7082508
7095728
7097504
7082908
7092352
7073300
7092504
7051400
7094052
7081568
7050544
7087812
7087156
7051576
7088808
7057584
7056112
7101984
7054640
7051676
7446964
7283948
7981424
7595652
7319096
7142456
7057040
7099584
7055936
7040308
7089088
7052024
7084908
7098548
7049888
7093056
7087240
7055288
7080632
7089936
7051464
7097316
7130656
7036936
7073804
7144580
7103288
7051844
7100284
7087140
7056412
7090676
7050456
7041564
7094332
7089016
7045060
7095636
7090616
7050932
7092868
7085068
7053972
7137776
7052564
7071088
7126196
7053676
7042652
7104396
7055652
7095480
7053456
7070912
7093948
7051840
7056800
7089464
7060488
7091748
7076688
7092340
7051232
7057404
7127872
7056572
7077072
7090624
7057316
7072924
7168384
7158220
7116636
7093336
7051840
7088760
7085280
7081404
7088328
7090564
7054684
7095860
7054184
7052172
7138456
7106844
7049484
7147284
7064480
7045840
7091672
7066616
7084524
7073060
7050388
7049916
7080016
7051192
7050632
7067452
7054044
7068612
7101804
7071172
7090560
7141140
7126288
7122592
7081044
7054228
7082364
7064936
7053324
7082564
7051920
7120288
7084444
7055564
7098980
7095728
7052124
7084924
7083084
7076852
7083528
7050696
7079720
7143916
7060328
7086548
7085188
7089320
7050180
7081732
7049992
7100116
7081072
7049736
7083084
7109108
7061908
7074040
7101556
7055520
7088032
7050904
7080160
7130228
7052568
7074456
7137844
7051284
7063988
7081068
7083856
7086408
7086888
7049028
7097208
7087160
7039016
7085004
7080996
7050476
7085792
7057532
7064396
7081356
7215740
7053136
7157092
7082576
7084716
7070816
7053416
7094024
7085560
7071256
7090952
7083392
7051236
7109964
7054256
7049664
7083516
7065716
7055760
7082688
7069236
7147416
7052748
7132664
7086188
7051108
7107960
7102644
7049552
7051344
7126428
7216564
7825672
7111096
7067124
7052472
7089244
7052872
7083584
7099888
7038104
7141696
7144200
7063664
7135396
7092128
7089424
7092580
7096664
7052588
7104132
7087732
7050748
7089864
7067704
7052464
7091720
7054444
7064004
7090060
7049220
7089520
7156084
7048604
7133572
7139396
7069584
7091424
7093648
7048768
7109488
7056268
7052800
7082036
7343164
7831900
8141976
8180304
8131656
7879476
7059524
7094348
7089332
7136836
7104784
7111076
7073536
7091724
7083496
7050340
7084472
7049808
7058824
7084636
7052436
7046896
7092980
7051008
7085020
7081748
7052212
7091264
7086852
7059500
7144968
7048924
7082264
7081276
7051848
7051776
7082180
7080196
7053048
7083340
7057476
7051556
7082660
7051612
7052424
7093660
7052496
7072564
7052492
7090324
7110444
7110648
7092284
7115944
7038776
7092768
7085600
7052432
7080900
7052232
7038336
7082792
7051504
7050748
7072748
7057124
7053352
7082480
7037748
7093836
7084304
7078744
7146640
7080856
7087712
7093188
7083560
7053224
7091040
7052132
7051900
7081572
7051508
7056916
7083316
7052092
7086132
7079348
7050372
7082112
7083696
7050940
7127908
 
7069592
7068620
7115968
7040688
7057436
7116184
7095992
7068484
7088024
7082620
7053332
7089188
7057164
7049996
7084704
7053000
7056504
7081168
7050516
7084908
7138144
7059836
7106960
7120056
7052136
7086156
7082268
7051808
7083304
7176392
7087248
7093332
7039780
7052136
7103584
7089932
7051676
7087748
7084096
7092328
7088196
7168004
7054648
7123000
7070484
7054636
7083624
7038876
7057608
7081168
7050016
7050852
7088800
7051868
7084824
7083512
7051108
7090608
7082508
7038924
7088304
7117608
7092560
7086916
7081388
7052248
7089672
7052804
7057956
7084764
7045460
7053552
7077744
7049904
7039568
8430156
7593984
7117804
7087172
7060740
7087372
7085656
7091844
7139836
7073844
7089076
7094588
7055148
7060264
7086116
7055256
7088436
7088736
7041072
7087276
7084616
7051268
7090528
7084400
7052004
7088120
7056120
7051328
7117580
7048948
7072892
7136744
7054680
7087580
7084312
7051460
7087852
7083744
7053372
7084516
7087604
7050028
7088036
7051716
7053280
7084060
7052336
7049576
7084892
7086944
7096972
7102852
7065892
7088856
7091968
7052088
7090036
7080836
7056416
7082132
7041620
7056240
7093032
7051508
7092344
7084064
7055840
7076336
7086344
7086308
7142776
7078784
7098464
7092112
7054940
7064776
7084220
7054248
7054100
7089540
7052716
7083544
7083688
7053196
7088984
7077244
7072352
7109600
7090248
7056584
7123816
7141144
7041756
7091404
7100404
7087600
7051424
7087576
7081384
7049068
7086896
7050836
7050780
7082472
7052008
7049008
7086208
7709696
7832944
7842924
7876088
7906804
7860932
7887980
8076512
8046520
7971776
7467400
7064960
7051216
7081068
7052252
7125056
7095940
7052416
7091796
7073980
7057636
7084716
7042412
7039652
7090028
7089376
7052380
7115268
7089988
7058996
7084508
7052892
7083688
7088876
7052956
7088908
7072188
7056536
7051108
7091076
7058076
7056856
7083360
7054072
7089600
7087596
7081684
7097600
7107388
7089004
7088200
7085420
7054644
7086484
7051112
7053372
7085796
7056740
7056004
7085608
7050088
7086092
7070980
7041984
7090536
7074728
7062880
7130176
7079260
7095224
7073012
7072256
7050076
7078024
7050708
7050736
7089252
7056612
7059568
7086008
7051904
7098176
7081540
7051444
7084720
7090336
7050408
7110156
7085820
7052520
7122928
7052248
7054640
7083880
7098000
7083720
7082248
7039156
7057088
7086092
7058576
7084696
7075496
7117696
7053084
7090572
7058612
7053456
7144996
7114792
7062788
7128664
7051412
7050820
7079756
7055488
7083188
7081400
7051552
7087804
7080848
7051180
7080296
7038212
7090084
7052932
7089200
7076468
7049696
7133192
7065880
7077152
7123964
7052020
7053272
7081984
7051756
7050852
7083448
7051760
7082596
7069732
7053712
7102552
7052748
7170592
7094076
7056416
7051832
7076624
7112892
7053052
7110612
7082272
7087380
7082272
7057792
7077224
7072452
7053188
7095164
7094932
7050348
7084572
7083564
7054808
7083720
7050324
7049872
7080144
7057020
7100768
7089184
7083088
7108360
7087268
7055236
7083540
7083300
7052508
7080176
7894740
8046484
8022368
7791488
7198964
7134608
7053536
7112176
7084972
7053184
7114140
7151752
7089164
7138148
7053168
7053428
7083956
7041040
7059260
7052660
7092280
7053316
7052120
7088384
7051780
7088252
7088180
7055800
7075204
7085436
7053876
7112188
7139212
7050632
7118500
7087344
7054636
7087540
7050504
7049628
7083932
7058104
7053984
7082976
7051572
7088604
7082812
7050076
7085108
7088252
7058596
7085948
7102372
7089404
7093744
7086820
7052720
7075008
7054044
7057876
7083236
7050528
7085200
7073448
7050896
7085532
7084116
7038920
7086912
7092748
7085732
7049748
7087708
7097524
7077784
7108856
7083524
7039704
7090220
7050696
7050884
7084808
7050012
7085016
7083168
7051844
7083756
7084276
7051268
7082088
7050060
7257564
7846740
7332052
7139128
7106732
7108468
7082056
7087852
7086392
7056984
7086820
7081652
7054892
7083440
7057516
7050988
7074404
7061232
7058368
7087036
7053768
7085888
7085156
7051784
7141572
7088928
7080900
7098608
7070096
7052044
7102012
7084556
7052996
7082668
7051600
7053932
7090736
7041388
7098688
7063444
7054780
7096160
7053312
7078500
7133244
7105576
7112444
7130652
7052464
7090668
7089840
7053432
7088336
7082380
7053088
7087104
7050784
7068592
7088556
7058068
7052564
7085608
7052268
7075632
7083536
7074208
7138056
7087984
7089192
7095984
7083748
7053204
7088408
7088228
7040436
7082616
7052136
7055556
7084756
7055640
7052020
7083536
7057204
7087244
7085388
7051796
7120452
7117588
7065804
7133596
7083224
7058648
7086536
7052736
7054116
7091628
7051476
7052280
7084196
7051044
7091128
7074592
7050968
7084936
7082436
7050172
7083192
7115212
7050620
7119660
7083264
7053200
7081712
7051980
7049960
7079876
7051424
7084428
7086016
7050996
7069800
7052452
7095332
7083664
7049660
7085748
7061380
7039820
7125360
7108188
7080000
7109504
7053068
7050000
7083148
7054828
7051516
7091676
7050948
7087100
7079364
7041252
7051800
7056936
7086676
7052440
7051132
7082756
7072948
7127124
7075308
7087572
7087152
7083600
7055192
7051640
7077192
7093784
7049632
7085872
7083136
7052804
7085616
7082608
7051472
7088156
7078452
7038944
7081484
7084764
7098800
7056896
7123888
7052616
7067908
7086520
7055000
7071380
7088688
7052604
7106976
7094668
7054456
7053868
7077468
7051144
7081092
7086736
7039396
7090512
7115112
7117376
7111664
7086152
7088232
7083132
7045976
7082856
7082476
7051452
7071964
7052388
7050232
7081704
7048880
7056060
7977892
8220984
7993812
7622464
7224728
7202228
7051200
7108640
7105684
7050720
7084472
7077848
7054148
7092632
7085908
7052196
7094344
7097904
7050100
7085508
7051152
7052412
7088344
7054832
7051768
7109196
7093444
7081912
7123060
7052916
7090056
7085528
7051040
7086820
7080588
7051372
7085672
7052016
7052928
7091352
7050132
7051380
7081756
7054140
7085864
7084212
7077716
7128920
7089368
7131324
7089520
7060508
7088932
7084684
7052684
7084912
7056804
7051200
7086400
7048756
7045616
7091392
7056624
7076624
7092764
7051444
7089568
7104584
7089568
7098912
7087284
7059148
7073700
7055360
7095528
7056348
7244516
7101648
7051180
7052128
7082524
7058352
7082408
7083944
7040444
7084964
7081936
7052188
7144548
7106596
7362160
7922840
7617776
7061760
7052720
7082560
7051728
7051868
7091016
7050280
7092556
7085944
7056904
7085668
7083944
7049812
7086564
7042352
7040968
7158068
7088644
7079644
7122936
7053544
7050288
7799080
7888088
7846684
7839692
7898204
7876416
7949564
8152604
8026236
7792704
7250516
7142952
7062556
7083852
7060852
7102920
7130336
7073020
7044776
7051868
7059660
7090600
7052744
7058376
7090788
7052080
7077108
7083360
7055332
7094116
7091792
7051384
7084788
7079756
7041316
7078504
7148352
7047900
7089916
7088592
7058176
7052492
7087068
7054196
7061624
7083244
7054012
7085780
7085236
7046372
7073932
7085024
7051156
7083364
7082944
7052936
7114340
7126920
7101256
7089952
7092060
7084644
7051296
7089772
7064156
7061960
7096864
7086952
7048648
7083948
7083328
7052096
7083632
7052212
7053888
7088224
7053800
7082552
7115796
7060100
7122860
7083364
7038860
7089832
7052452
7052008
7094440
7051976
7084264
7080360
7051428
7083300
7079356
7051448
7082860
7055940
7051808
7080444
7087248
7049844
7110812
7094336
7053428
7081828
7048384
7051512
7074948
7044344
7053776
7095352
7054812
7086708
7082400
7050700
7098324
7083320
7040732
7085700
7090388
7088776
7090812
7235924
7065616
7084368
7078928
7052444
7083300
7087124
7048736
7088824
7074044
7052652
7081484
7050072
7051032
7082144
7056880
7086288
7078156
7054236
7125432
7101920
7113456
7053844
7090188
7088112
7050504
7083664
7052548
7054700
7082660
7054432
7038780
7085100
7055620
7082280
7081516
7050316
7091908
7645880
8121540
8017124
7742844
7310576
7217272
7097188
7094488
7051572
7116560
7092092
7052384
7084540
7052460
7048200
7090616
7087132
7054480
7090772
7092032
7053880
7086116
7088544
7062208
7077100
7141416
7051228
7057720
7088904
7049124
7085224
7089572
7057772
7084888
7082276
7049364
7083368
7055516
7050396
7079928
7052680
7055112
7083976
7090632
7091040
7098952
7084324
7091100
7081756
7051700
7081396
7081284
7049688
7083628
7051496
7056936
7071796
7082524
7050744
7088124
7086320
7041572
7089656
7082744
7094940
7092040
 
7106724
7071600
7087116
7083152
7050560
7088284
7042672
7055852
7090180
7065696
7058936
7080952
7050472
7090144
7086860
7045308
7053700
7051716
7089396
7142948
7059324
7093360
7087656
7053368
7075020
7092812
7085244
7059248
7085744
7083724
7051900
7089044
7291520
7055184
7106604
7082804
7048296
7054796
7095172
7129964
7118440
7095544
7126656
7176480
7329236
8068364
7862824
7145912
7240040
7117312
7039948
7083740
7088704
7050788
7129404
7089512
7051260
7091452
7080048
7049912
7117540
7142724
7061348
7148244
7052300
7054408
7085976
7055664
7052432
7084892
7050224
7104468
7081188
7053732
7095048
7087680
7055240
7092508
7086668
7053240
7085320
7132300
7069112
7116396
7087232
7058712
7085464
7053660
7050992
7081924
7053548
7085408
7080096
7051168
7086308
7080952
7051452
7082476
7052660
7055272
7084012
7050608
7090772
7087552
7053888
7080932
7089916
7039616
7053412
7084984
7051572
7050544
7079600
7050740
7083240
7081284
7049096
7077800
7052484
7050824
7085276
7054348
7086808
7138532
7053672
7134596
7103516
7049620
7084124
7075564
7058228
7089672
7050036
7051640
7081480
7055272
7051860
7080432
7052868
7083672
7071396
7054300
7050544
7120608
7119112
7049052
7130464
7050956
7092572
7073428
7055128
7098324
7087560
7054316
7086888
7082704
7054108
7089784
7085564
7051744
7084216
7050616
7057112
7083064
7078340
7100480
7099720
7086332
7076672
7085528
7052812
7087864
7082168
7043348
7080756
7082440
7049068
7084912
7050348
7052724
7080640
7053112
7050588
7081256
7040716
7131668
7195012
7078064
7132576
7051136
7084460
7078364
7057720
7082824
7085040
7066984
7085344
7086440
7050644
7082256
7051216
7051048
7081452
7038912
7052264
7079628
7102964
7050852
7098252
7085116
7086048
7082996
7052376
7080968
7080484
7054996
7081832
7086384
7039200
7058936
7054852
7082116
7049260
7055144
7097096
7051204
7078772
7193724
7046136
7088572
7099212
7077828
7094608
7096712
7051720
7114968
7089260
7052220
7096064
7102104
7072120
7094740
7096428
7077892
7092860
7052108
7052844
7138156
7094996
7068512
7144292
7099152
7052932
7089076
7051984
7094648
7099732
7048936
7083236
7104036
7216780
7875904
7146480
7069968
7053144
7084920
7040636
7079092
7130960
7089708
7056484
7147856
7051816
7057584
7080968
7084936
7088100
7084012
7054592
7099976
7083000
7050068
7070984
7080592
7049920
7085812
7051292
7069656
7080012
7090140
7063656
7142692
7756364
8059948
8078776
8104040
8081420
7355844
7058756
7055964
7089888
7053068
7089464
7117872
7042916
7091768
7087308
7050784
7091672
7073472
7102484
7089572
7072800
7075744
7089104
7050548
7050456
7095184
7052184
7082804
7081100
7053844
7084912
7084268
7050732
7084908
7079504
7086580
7051392
7078308
7092080
7106720
7094448
7096972
7058160
7052172
7084648
7053400
7085612
7081520
7051280
7083076
7080192
7053696
7081992
7039732
7050156
7090680
7078496
7051160
7093836
7116472
7093412
7103236
7120436
7050884
7085492
7048172
7050712
7081912
7052700
7048504
7086824
7050572
7082352
7080956
7053648
7088052
7081140
7051064
7084340
7054760
7079500
7128064
7055108
7082080
7089352
7039976
7050468
7063264
7050916
7099732
7054400
7051152
7081280
7038308
7081024
7087264
7048860
7086924
7079180
7054284
7081468
7081280
7064148
7111656
7072780
7048496
7083864
7049772
7056000
7082228
7050320
7084096
7082564
7054948
7085200
7080648
7054632
7082792
7050748
7047644
7082464
7049124
7100400
7056460
7129212
7119316
7054104
7084168
7039484
7049396
7096648
7088660
7053456
7082424
7084060
7056804
7072844
7052020
7092280
7085272
7049220
7087940
7079208
7099764
7109828
7106888
7190688
8208496
8043972
8050264
7439740
7215516
7137308
7091144
7052596
7082944
7100168
7050552
7129356
7092132
7048200
7083228
7051560
7108556
7151836
7052936
7083572
7093168
7051176
7087568
7086428
7051620
7089404
7087912
7050300
7087796
7086784
7051024
7090808
7053944
7052732
7089468
7052688
7038936
7095952
7093968
7066364
7122108
7048728
7088780
7086304
7050988
7081476
7084172
7050980
7083496
7050920
7049884
7081316
7058464
7039440
7089768
7049132
7052480
7070920
7103304
7051484
7112968
7081924
7039508
7077536
7052568
7092548
7072300
7052816
7082188
7081472
7054520
7082008
7079948
7051948
7083284
7050832
7050968
7071004
7050156
7091860
7077616
7073172
7110880
7086384
7049884
7086992
7082492
7055272
7089192
7094472
7051068
7082568
7049856
7059564
7085064
7053564
7050432
7080572
7052840
7099788
7105632
7108528
7119820
7052324
7087728
7079104
7050484
7089008
7083316
7050396
7083060
7057448
7049424
7080688
7050672
7053540
7088752
7048480
7086116
7082468
7086740
7126464
7086244
7080524
7072960
7081864
7086748
7051836
7075264
7052708
7051016
7082428
7051920
7056672
7080836
7048840
7082920
7795508
7618504
7056392
7078484
7133952
7108540
7053968
7122832
7055004
7052960
7083608
7049764
7075228
7082944
7050804
7052184
7080672
7050408
7084732
7080368
7051804
7085452
7080020
7050112
7085836
7123108
7074332
7094580
7128100
7667628
7836716
7890100
7878332
7837320
7837296
7869808
8168008
7983560
7628700
7206300
7128908
7153484
7058132
7050964
7085808
7050328
7127676
7132048
7074960
7134996
7090436
7057200
7085632
7077936
7052836
7087540
7054064
7054152
7084580
7052164
7041996
7084180
7051224
7053352
7070752
7057380
7052984
7127828
7050880
7114948
7097856
7044768
7070280
7064908
7088508
7057092
7088100
7082748
7048812
7087436
7049344
7052496
7084824
7039820
7053844
7083864
7052396
7099612
7140280
7049528
7111740
7089124
7053284
7087940
7080676
7049764
7082356
7079324
7052484
7082652
7049372
7052232
7075644
7090168
7050216
7081636
7089172
7038768
7087260
7135788
7093560
7087572
7083496
7097072
7052212
7090996
7050828
7055232
7074896
7092112
7051356
7104260
7072920
7054188
7049940
7087804
7054384
7086456
7083020
7074476
7142564
7089024
7090348
7094056
7082204
7063008
7072232
7063468
7091228
7089096
7049412
7082792
7071040
7065792
7099376
7093428
7050280
7083144
7089024
7051168
7146220
7088888
7067060
7112528
7061180
7048732
7083860
7051024
7053140
7078316
7052632
7081520
7080840
7054676
7081652
7080944
7050520
7073348
7082044
7050488
7091644
7137912
7057452
7101120
7062740
7050244
7086692
7055644
7051924
7080904
7051548
7085460
7221260
7229448
8111268
8082628
7318320
7235836
7047600
7098492
7088536
7144432
7118156
7087272
7106716
7090948
7052556
7097076
7084864
7053908
7084824
7085176
7051128
7085404
7048096
7054332
7082740
7054140
7046344
7090500
7050244
7130188
7075924
7070324
7127868
7066208
7052968
7086008
7049696
7051456
7087544
7052508
7083544
7082564
7044640
7082936
7081764
7054152
7083180
7089768
7052020
7086836
7130608
7058632
7108628
7066348
7058176
7086564
7056356
7039952
7083156
7049600
7078728
7082404
7050440
7083376
7080828
7058048
7083736
7080892
7050348
7088572
7071652
7110340
7077720
7127548
7072668
7081920
7057768
7052280
7085256
7053620
7072604
7091160
7051992
7093944
7072000
7074988
7091940
7051144
7096704
7051740
7049344
7140076
7133316
7051844
7128288
7058892
7056004
7088476
7051200
7096736
7084124
7051096
7083848
7082712
7051652
7087072
7056536
7040892
7056128
7097364
7079464
7063640
7126068
7284184
7678832
7684164
7703016
7132832
7057076
7093820
7090236
7052084
7094776
7089996
7053944
7074232
7574904
7816124
7855208
7875036
7889964
7844932
7844768
8025828
8168216
8000008
7631968
7152460
7207256
7091684
7073620
7090680
7118488
7054620
7083256
7053608
7051800
7102908
7054052
7052156
7094488
7057212
7105448
7092152
7100972
7097836
7118536
7066024
7104240
7088208
7059656
7091660
7086104
7053460
7088964
7044476
7055876
7086984
7053032
7055628
7087336
7051392
7086252
7082076
7074632
7135960
7091908
7088316
7103968
7084200
7053428
7091388
7051996
7057376
7087620
7052196
7050372
7085304
7055600
7050096
7091816
7053212
7093084
7089212
7053296
7121688
7113064
7052244
7199660
7078492
7049220
7076136
7076628
7053748
7070156
7046788
7049336
7078588
7039412
7052832
7076680
7049108
7048788
7090192
7049632
7089364
7146712
7119232
7089720
7123768
7058928
7086056
7084228
7050708
7103956
7054856
7051764
7081768
7038740
7053708
7088248
7052356
7050568
7081600
7055180
7086316
7073360
7085916
7103932
7108156
7087336
7111548
 
7075664
7054320
7085632
7050512
7050400
7085976
7053204
7055616
7082328
7049024
7089716
7080988
7050036
7084272
7079092
7062676
7130532
7037144
7112664
7085008
7095868
7080280
7050404
7089408
7050072
7051224
7087180
7048412
7039532
7081112
7050632
7085192
7076840
7053108
7124084
7092668
7060048
7117744
7090432
7092344
7062728
7097608
7051916
7050632
7073536
7056476
7085784
7084032
7050324
7072704
7080008
7048848
7085184
7092348
7057036
7087228
7081212
7065524
7136472
7085756
7077700
7083712
7089988
7052196
7086284
7075628
7314136
8236000
8060216
8039316
7260404
7182460
7132172
7089012
7060432
7088436
7039492
7072276
7163860
7133080
7059372
7135900
7093348
7050444
7089156
7083004
7053316
7092624
7054048
7051824
7083456
7038892
7093912
7093608
7051372
7091076
7087752
7050844
7090896
7082724
7060700
7114092
7097008
7054780
7071280
7089584
7087100
7048620
7084780
7048228
7049356
7086296
7048868
7045972
7051740
7055056
7084252
7049268
7072004
7091848
7079100
7056436
7100540
7115972
7062632
7089324
7049708
7048124
7087148
7052192
7051032
7081412
7049732
7090560
7078784
7050232
7081760
7080304
7048608
7085216
7076640
7091168
7094524
7074616
7056108
7082732
7050456
7051424
7083396
7052924
7083396
7089444
7048328
7085420
7082104
7051044
7088916
7049664
7048556
7082712
7058008
7075560
7126172
7051444
7132872
7094668
7050048
7084312
7082612
7054872
7072284
7092408
7085848
7050552
7087168
7083332
7050060
7082852
7082412
7056248
7081360
7053712
7077000
7129980
7054780
7091040
7085876
7051524
7091704
7085080
7050380
7084548
7069836
7057120
7068536
7084300
7049360
7087392
7083248
7052348
7079548
7051076
7055156
7124976
7085692
7061032
7120312
7054668
7057332
7808884
7843668
7099480
7102180
7049172
7089116
7083804
7049536
7087736
7083796
7050636
7082248
7057620
7051876
7080852
7105796
7059756
7109576
7086772
7060888
7082556
7060304
7090104
7083432
7050564
7088164
7086936
7065476
7086028
7051232
7051528
7084852
7051480
7051640
7079332
7045772
7188064
7191036
7086616
7073488
7095280
7051300
7090768
7081736
7088516
7088840
7083060
7048964
7089220
7085784
7051040
7082336
7052956
7054024
7083648
7049320
7057560
7135024
7047112
7127188
7076104
7050040
7063208
7085540
7051268
7089812
7087696
7050076
7087336
7073748
7088508
7049432
7091988
7073088
7047968
7110164
7060944
7074944
7128372
7053908
7087652
7092368
7050996
7051852
7079556
7053512
7081584
7080332
7047816
7083732
7079228
7050788
7081088
7081572
7053748
7079848
7048864
7062840
7115800
7074228
7060416
7136752
7057484
7086748
7080564
7038128
7099724
7085420
7054040
7083540
7058040
7047916
7083160
7061896
7050080
7077336
7050808
7080680
7069148
7110240
7092560
7091668
7078788
7089524
7098564
7059568
7087528
7047988
7050648
7081544
7052140
7049020
7081964
7051604
7084012
7079512
7051440
7083792
7081320
7057688
7127228
7074152
7078652
7089372
7050752
7052388
7083420
7045960
7039888
7081524
7053828
7056776
7720684
7542988
7875560
7518152
7233964
7201024
7057980
7103192
7115732
7101848
7095872
7124884
7095988
7090384
7052024
7039004
7054876
7049956
7088956
7050808
7058800
7088692
7050668
7087068
7085232
7049728
7084288
7082748
7050336
7116972
7062024
7070348
7124204
7043284
7090392
7060184
7088168
7085672
7050964
7094480
7089860
7051296
7085340
7038916
7062036
7082200
7051076
7049060
7084788
7053340
7127684
7087096
7072124
7121856
7083128
7053884
7080936
7082768
7053872
7084188
7037660
7086768
7084044
7055688
7084952
7050232
7049824
7088208
7047216
7051252
7080464
7093796
7093296
7099660
7070388
7090540
7079228
7048472
7084588
7089416
7048860
7088644
7051036
7049268
7081124
7050244
7051300
7083464
7051648
7083576
7085604
7057280
7137716
7083800
7094440
7091076
7081916
7048816
7084756
7056376
7048996
7082324
7050376
7047728
7084048
7050252
7083180
7079084
7055672
7083584
7083316
7049384
7106004
7108532
7041012
7121108
7088564
7054412
7082600
7050688
7050896
7070736
7092876
7084424
7050064
7082392
7081944
7048628
7085088
7079992
7055844
7082456
7050812
7075708
7136528
7053908
7081424
7093996
7051444
7090212
7080244
7051076
7082348
7082812
7049164
7076596
7069552
7124708
7064828
7101240
7088984
7040668
7051172
7095596
7136312
7066520
7118092
7085448
7044012
7085112
7085916
7049272
7084904
7081952
7049812
7089968
7047128
7050372
7080648
7056388
7050648
7072292
7081280
7054992
7112908
7118088
7051684
7441416
8176548
8146092
8183580
8040780
7442156
7098964
7064264
7049824
7089068
7051368
7054628
7068624
7050080
7058848
7069840
7049316
7068136
7071416
7099072
7092904
7061600
7090976
7081000
7038080
7088416
7080844
7055544
7091004
7088356
7051792
7076440
7053144
7039744
7103164
7053696
7039748
7094112
7052552
7078220
7149944
7052540
7089980
7092364
7039892
7094344
7087304
7051404
7089540
7088924
7057480
7087108
7083124
7051852
7084176
7051040
7052628
7085720
7050520
7055556
7105988
7092828
7091136
7127212
7057944
7077556
7083272
7053020
7090952
7080836
7052460
7085288
7051932
7058904
7074760
7092680
7050272
7100332
7089300
7051544
7086868
7130392
7054972
7110740
7123352
7052584
7082508
7050696
7048112
7169800
7043588
7082688
7039640
7043396
7071096
7039392
7075520
7072104
7045420
7076292
7065464
7103108
7122944
7090468
7089460
7105212
7051512
7051256
7093668
7052804
7052720
7085280
7052144
7092068
7088836
7049804
7087120
7073268
7053276
7088252
7084360
7050940
7130488
7092044
7049304
7126036
7049716
7049816
7097244
7051516
7083996
7090348
7050940
7086996
7089708
7053468
7096088
7070788
7050376
7094608
7054040
7052760
7084820
7072408
7080808
7099448
7085528
7093944
7085536
7056616
7088736
7079072
7051764
7089584
7091252
7050468
7087172
7051708
7056248
7087020
7049932
7052604
7084720
7048676
7110012
7101396
7076492
7131500
7082696
7053136
7083668
7079640
7062600
7086640
7051096
7053552
7083436
7051208
7049448
7083024
7049392
7091376
7084704
7041484
7084480
7122588
7054916
7115152
7119176
7048864
7090632
7051108
7051184
7084940
7258688
7051224
7091120
7049412
7053812
7092088
7049920
7087328
7086464
7051864
7092872
7553020
7663200
7055224
7143472
7058568
7097648
7093136
7091344
7784140
7895080
7880136
7844820
7847588
8109072
8025448
7962808
7231128
7159324
7130196
7053900
7050628
7116424
7125444
7050260
7128640
7052444
7096140
7084056
7052132
7091064
7085384
7057564
7087532
7083916
7051828
7095952
7052460
7051688
7085248
7052000
7044904
7085812
7069984
7138612
7093664
7084408
7091056
7082948
7051412
7089812
7083304
7050288
7084696
7053308
7051064
7085336
7050608
7051200
7095152
7052424
7093016
7083144
7049500
7111580
7109296
7064336
7085700
7094844
7049836
7079332
7084636
7047092
7102916
7050384
7051800
7088532
7050344
7094288
7084540
7049968
7089192
7082284
7063420
7084568
7133236
7050716
7129552
7123820
7051808
7088404
7088520
7052804
7089636
7078760
7053780
7094268
7054048
7050328
7089412
7050556
7092868
7086220
7052440
7085312
7093140
7086796
7097020
7109836
7076168
7094984
7065376
7068372
7098532
7056692
7050736
7076140
7051980
7051204
7095588
7051784
7094384
7084584
7056608
7091288
7087196
7059568
7131228
7086452
7075280
7093040
7085752
7056056
7094220
7049484
7053452
7086148
7057516
7050224
7082888
7050044
7088148
7072416
7061776
7087500
7085768
7053644
7119092
7118144
7050456
7129956
7338564
7955608
8090176
7065324
7049976
7093620
7051804
7051680
7089428
7051300
7097552
7082792
7053116
7099412
7084916
7052932
7090328
7128268
7075012
7113280
7120128
7049832
7093404
7052072
7051800
7074632
7100140
7051872
7050076
7087176
7056984
7056100
7083992
7049932
7089080
7090272
7039392
7088608
7128336
7055388
7120160
7119392
7053116
7086488
7055256
7051764
7086772
7053152
7053160
7082748
7051864
7086836
7082400
7056176
7086004
7088120
7048908
7091008
7076048
7079636
7096600
7071384
7078228
7087868
7050524
7040248
7084396
7054516
7089672
7085076
7051664
7090504
7083072
7041880
7086328
7078068
7053548
7087040
7048672
7062876
7127656
7048012
7083224
7094860
7053528
7084232
7086096
7051076
7086408
7088388
7041736
7054352
7099952
7085364
7052056
7088780
7051160
7049992
7090492
7051664
7084912
7126144
7045380
7084328
7053624
7086272
7098656
 
7051092
7074396
7055704
7054096
7100368
7049224
7051432
7084944
7051380
7077920
7096196
7077728
7071400
7111440
7087424
7138900
7093884
7091104
7095052
7086068
7048556
7084816
7087076
7052336
7090188
7052556
7052816
7087800
7051848
7040268
7083944
7061624
7052016
7088828
7050176
7081656
7101768
7084808
7127548
7083416
7055620
7089180
7088472
7051252
7086100
7079612
7053076
7086740
7048936
7057528
7077016
7056520
7051984
7080160
7058848
7550192
8207040
8284224
8135388
8122408
7059932
7100800
7078648
7050856
7100436
7092320
7089428
7095248
7049552
7051740
7092968
7049984
7053576
7083676
7051872
7091120
7084536
7101004
7097252
7122800
7070800
7086472
7085596
7048072
7086376
7052624
7049620
7089372
7055712
7052000
7085448
7051304
7088644
7080236
7051104
7052352
7076564
7072868
7124460
7092632
7087728
7092144
7089412
7040004
7059432
7051452
7087448
7053472
7094472
7088696
7052788
7088004
7089336
7064524
7078520
7080540
7052060
7056008
7121052
7093236
7051088
7133332
7049080
7096352
7083756
7039708
7051280
7104604
7089588
7051316
7093656
7050940
7052424
7087176
7050264
7050932
7087500
7049200
7086604
7110940
7085896
7107744
7135400
7067220
7082856
7083308
7048620
7084912
7055712
7051372
7088836
7051128
7051820
7092440
7051272
7089168
7083260
7055608
7088944
7064360
7127888
7054768
7117172
7119480
7050444
7080472
7091688
7085164
7051512
7088620
7051952
7049900
7090000
7051996
7055588
7520096
8191920
8189864
8071900
7973948
7151076
7134480
7057080
7115896
7090724
7052144
7133352
7092328
7054500
7088116
7090156
7052528
7091196
7038388
7100324
7052180
7094096
7083928
7057192
7089640
7084840
7082300
7134412
7089528
7076424
7094888
7084168
7056032
7085656
7053952
7050448
7095124
7055560
7052272
7086044
7050484
7087444
7084424
7052108
7092324
7080552
7054932
7110120
7109124
7058324
7129060
7054592
7056480
7079576
7095516
7049508
7057092
7092424
7051544
7086504
7087392
7050892
7087712
7084884
7047816
7096180
7084408
7050220
7113668
7061296
7080932
7122068
7051736
7050720
7091572
7040860
7092620
7082256
7049856
7084148
7082368
7049076
7089568
7092804
7049600
7087136
7052988
7049808
7093028
7080640
7050328
7119292
7090484
7090892
7083772
7041136
7088568
7088636
7053592
7086856
7086792
7054836
7088588
7050896
7047264
7089308
7062992
7052208
7077240
7061080
7095380
7091628
7069960
7095228
7086580
7054844
7089312
7075208
7049356
7090928
7083684
7050436
7088444
7051040
7055520
7087780
7050300
7051280
7084468
7051256
7114644
7127056
7048284
7127728
7085096
7050180
7087552
7084968
7051784
7086296
7050664
7051304
7094028
7055268
7051648
7084608
7037948
7082784
7074332
7069852
7088328
7109992
7092896
7076028
7108480
7050632
7095484
7068716
7064564
7103572
7060516
7050640
7076848
7081244
7088188
7054512
7093492
7077444
7055384
7093980
7052456
7061268
7135464
7637696
8144356
8217420
7997812
8055928
7123516
7058684
7073656
7085408
7050596
7125104
7091344
7051524
7091616
7051108
7055256
7087364
7052768
7049208
7089668
7090316
7105108
7121528
7075840
7101900
7081852
7040936
7085984
7088696
7049628
7092284
7084648
7053296
7080320
7072096
7050272
7051660
7101280
7053324
7048972
7083504
7082084
7052688
7126912
7117652
7055204
7109880
7086356
7056112
7087440
7049300
7051860
7086564
7058440
7049704
7085324
7051752
7084780
7082448
7051264
7088448
7099084
7076864
7078712
7138616
7051864
7089164
7085516
7050408
7092084
7085132
7052936
7084612
7075384
7039076
7085468
7049596
7050796
7090000
7051692
7049268
7084456
7060736
7123308
7083808
7149168
7053412
7051416
7091128
7057916
7092292
7087104
7042220
7090536
7091640
7050764
7089568
7083584
7056640
7087788
7087288
7051060
7087736
7086928
7043932
8076264
7317496
7221256
7158276
7091940
7080972
7090780
7091968
7077088
7052788
7154172
7055756
7053364
7088172
7051536
7058924
7086728
7051112
7096548
7142936
7043652
7112924
7091844
7051904
7091164
7078752
7075884
7054192
7076732
7081460
7051188
7073028
7054324
7053896
7093488
7043508
7039928
7058304
7113868
7114140
7104292
7086228
7128340
7052636
7091616
7092240
7050960
7095260
7086704
7056328
7091216
7079220
7050524
7089252
7056392
7050240
7089552
7051500
7063452
7086828
7079080
7127580
7091048
7092420
7104752
7085884
7050700
7086124
7081864
7040416
7054068
7114628
7089308
7052640
7093616
7088720
7052380
7093180
7097128
7052744
7092384
7077412
7086424
7105012
7080892
7055080
7089240
7058896
7090432
7087660
7052528
7092640
7083492
7049052
7092148
7086268
7063692
7091872
7051756
7051536
7090384
7055692
7073468
7105676
7076900
7096740
7078128
7050476
7093048
7088868
7057204
7092672
7084560
7050556
7091092
7051692
7051676
7091408
7050560
7055388
7097372
7037312
7085592
7132344
7050612
7119528
7113488
7053864
7104300
7088448
7051524
7090720
7049288
7052740
7085596
7051528
7050856
7093848
7051084
7092388
7085600
7053032
7086008
7086624
7086452
7103532
7113352
7062580
7089844
7039700
7077460
7116776
7055736
7052712
7081076
7063196
7051588
7083304
7051204
7086840
7088348
7041984
7085096
7085592
7085496
7155932
7090768
7091780
7096276
7098080
7051772
7075852
7053808
7100644
7087388
7056280
7087940
7053216
7052160
7091700
7053260
7053520
7085096
7040532
7218248
7084580
7115928
7082132
7087144
7070484
7050996
7090384
7096640
7051892
7051032
7107780
7051288
7054200
7086300
7078816
7092900
7088880
7052348
7105368
7105168
7052752
7122436
7151484
7055852
7135612
7081400
7065684
7073520
7058804
7051312
7078604
7051584
7041108
7084456
7052008
7052260
7121832
7055172
7041076
7079316
7088076
7055800
7144252
7054464
7082092
7139952
7061084
7053928
7106264
7053748
7052888
7087832
7052304
7101740
7089120
7050440
7093044
7089084
7055336
7087156
7078916
7051604
7093240
7088268
7054184
7128500
7074680
7055224
7088424
7076944
7094276
7089096
7050876
7085936
7083640
7052804
7092200
7084740
7039472
7054400
7108052
7086316
7052796
7103852
7104532
7052640
7122836
7058676
7056828
7088000
7053724
7093360
7078724
7062048
7089624
7088840
7049912
7090976
7085216
7047292
7090408
7053548
7056248
7082944
7076524
7086540
7089420
7100452
7644112
8037668
7736620
7260644
7156112
7136496
7100188
7057284
7092244
7087452
7056064
7130084
7085704
7054752
7097620
7038624
7050560
7127756
7073812
7076436
7123500
7057528
7082864
7086496
7091340
7052088
7092096
7093924
7050316
7087312
7076560
7052740
7090292
7055448
7051440
7089948
7051808
7053176
7136324
7051928
7128388
7121292
7065712
7093992
7077152
7051396
7097424
7089796
7039552
7086620
7051628
7056024
7092912
7052296
7052700
7085768
7059164
7087724
7086284
7088928
7107900
7115424
7058436
7057708
7087672
7054388
7053444
7076668
7096580
7049728
7051428
7092888
7040712
7051488
7106664
7090004
7040428
7053564
7108632
7100264
7092764
7101660
7126360
7039876
7099052
7092740
7051444
7093624
7057928
7051884
7093524
7040628
7051384
7094604
7050568
7092856
7085756
7056540
7091040
7086888
7081212
7129912
7060232
7086900
7102644
7052672
7057944
7089292
7052124
7092740
7087920
7055544
7075976
7092548
7051640
7501292
7689532
7701156
7652008
7655124
7694568
7710936
7692668
7733700
7726580
7700352
7651896
7709352
7692212
7668344
7647468
7706476
7690420
7653684
7652388
7698376
7699080
7646736
7073004
7079556
7051684
7065192
7107912
7122992
7056792
7148572
7051144
7062328
7092792
7066976
7093280
7088984
7053408
7121244
7088300
7054180
7092624
7097468
7051908
7092084
7053788
7093300
7090744
7079972
7064240
7125140
7115936
7199464
7236160
7382224
7218920
7274732
7176296
7113280
7112656
7100836
7050284
7129780
7092352
7052804
7097064
7110824
7053640
7102112
7091188
7071888
7111552
7112768
7048988
7067324
7082544
7052272
7051580
7116188
7051336
7091480
7085568
7065212
7083820
7084164
7038892
7078876
7082248
7052384
7111284
7144536
7051928
7132848
7105612
7090724
7087064
7085532
7052784
7097156
7059236
7038092
7051840
7114976
7058784
7050900
7091588
7050828
7055816
7085432
7051884
7138584
7143208
7060304
7134796
7093748
7040480
7084672
7048836
7054528
7090028
7051568
7050124
7087436
7051024
7075720
7092908
7041440
7095448
7088108
7052024
7089048
7135168
7086320
7112668
7152040
7054004
7096792
7051664
7052012
 
7089900
7055544
7054376
7087552
7053576
7084656
7089600
7050204
7090332
7084788
7057628
7087188
7081584
7078716
7105492
7117540
7088012
7086952
7041856
7058088
7084024
7051076
7051520
7084152
7055264
7087252
7085660
7040524
7077244
7052876
7057544
7092348
7048220
7069996
7162296
7053448
7147832
7097928
7050864
7099820
7091580
7049768
7094956
7091088
7056356
7080428
7103820
7052020
7106564
7048752
7052348
7097016
7050688
7055988
7125516
7084316
7110068
7139316
7055068
7097268
7088632
7051892
7085520
7089908
7050980
7089308
7055064
7050652
7088216
7050276
7050176
7096436
7053036
7090388
7086020
7071864
7148620
7107524
7093640
7106080
7088804
7050984
7094276
7050208
7051756
7089920
7052324
7050568
7091176
7056188
7095608
7090284
7052908
7093144
7097128
7051560
7110348
7107776
7076792
7134668
7054348
7054204
7090172
7060508
7051120
7090920
7050236
7100056
7077620
7053764
7090656
7081556
7055340
7088896
7090800
7050132
7088112
7085368
7048488
7111988
7085568
7058136
7092016
7050668
7089676
7088160
7051700
7099208
7087816
7048288
7106328
7085564
7053052
7092228
7052312
7050116
7091092
7048876
7081760
7088456
7119140
7110208
7055048
7094024
7095064
7049752
7091004
7085472
7052556
7090528
7052920
7051912
7090748
7056300
7051380
7087836
7050976
7097292
7111072
7088724
7098064
7134824
7058360
7096836
7093224
7085912
7106736
7065944
7052096
7093240
7049348
7057384
7075204
7053688
7055884
7094680
7050708
7094092
7092940
7088352
7142964
7099032
7101076
7105492
7836948
7247020
7225164
7817964
7236804
7171616
7126580
7102444
7054196
7090220
7082644
7051248
7092240
7084344
7052520
7083356
7087488
7096472
7105848
7094460
7054920
7078752
7049716
7099988
7051320
7053268
7083740
7054784
7058032
7089336
7051020
7090120
7084324
7058356
7081860
7084184
7049836
7137096
7094200
7077368
7130800
7053504
7057200
7082384
7049924
7051572
7089336
7094076
7050612
7051072
7080840
7049008
7086348
7082360
7049104
7091300
7082656
7052288
7122448
7082996
7069016
7117660
7056996
7051440
7088744
7053940
7062652
7088576
7065208
7090608
7076680
7051332
7086792
7088408
7049444
7077620
7095044
7058260
7104456
7137588
7050516
7136936
7093392
7051044
7083472
7141124
7661592
7692968
7688164
7651404
7649912
7700204
7703640
7649296
7663420
7704468
8346040
8324032
8170388
8140464
7170436
7058288
7130000
7101028
7050724
7050468
7094208
7049428
7095196
7090428
7054096
7086916
7082848
7077316
7051044
7075696
7051376
7050480
7080624
7050288
7087340
7115604
7073588
7083732
7091292
7052164
7085476
7086588
7049880
7075568
7094412
7053792
7048724
7088700
7053024
7075592
7082188
7052648
7085924
7085396
7041100
7127012
7094768
7062160
7127920
7086904
7053764
7083968
7051956
7049448
7088364
7057708
7041344
7091052
7057164
7049764
7086920
7050216
7056720
7081676
7052616
7085092
7126548
7056096
7122432
7103516
7052748
7077792
7106556
7050468
7089352
7085020
7054200
7105256
7090732
7077036
7091044
7050492
7051624
7100704
7052824
7052428
7096420
7101060
7048732
7126960
7056872
7091864
7084500
7052952
7087384
7113660
7050616
7089008
7084168
7064688
7086640
7083280
7047144
7109512
7055600
7054476
7080896
7082652
7089448
7093344
7081692
7129488
7086432
7057780
7086768
7095104
7053560
7087892
7089392
7072724
7075640
7095100
7107540
7050736
7091352
7084008
7071920
7086560
7101636
7089208
7145956
7128172
7057376
7089780
7063772
7061524
7088508
7054328
7077780
7092772
7049112
7076068
7094620
7053372
7050460
7107468
7051332
7052652
7083252
7104792
7109204
7113244
7084036
7105764
7090540
7052992
7091944
7112068
7055848
7087828
7053656
7062576
7084320
7047428
7104704
7084964
7051312
7098524
7051584
7056092
7131132
7083980
7064420
7117352
7055596
7075448
7085720
7050380
7092184
7103668
7050980
7083204
7084088
7063484
7074524
7096304
7049896
7123852
7050512
7053032
7087860
7107044
7050948
7121488
7062120
7080148
7089536
7053036
7088284
7094880
7056220
7094676
7078400
7082152
7089600
7242976
7182552
8327872
8442644
8274128
7903048
7085792
7126436
7162564
7096368
7079456
7083916
7056384
7074336
7090736
7054112
7094008
7054500
7051388
7088644
7053556
7053072
7087620
7050116
7104516
7082932
7082132
7091216
7114464
7089892
7113876
7056248
7069224
7077084
7092940
7057344
7096500
7091148
7053352
7086252
7054212
7053148
7093280
7049920
7054800
7091108
7050340
7091404
7113720
7060248
7124284
7122136
7054908
7099368
7079184
7103632
7054464
7052784
7098448
7052428
7095584
7090696
7082188
7087900
7074500
7053812
7091476
7089660
7050008
7137180
7080436
7070908
7119488
7056276
7071168
7086640
7051808
7090972
7109636
7056380
7090604
7091872
7063296
7087660
7092240
7052112
7112460
7050892
7058016
7098124
7099228
7064960
7113828
7045552
7055568
7050640
7077392
7047848
7057416
7068684
7052264
7064208
7062164
7049940
7073388
7067064
7052528
7085412
7052016
7050364
7132196
7093348
7053360
7136756
7047316
7091536
7051480
7095312
7096012
7053872
7091816
7078672
7052176
7094828
7051904
7051044
7087644
7056544
7047416
7098228
7052068
7139340
7076296
7073028
7124808
7056712
7045460
7087412
7051148
7051112
7088428
7055864
7051328
7085352
7053688
7079616
7086048
7040404
7052296
7051308
7093260
7049872
7101532
7089568
7068704
7125676
7090612
7054808
7078632
7092708
7089220
7051772
7094156
7073952
7051552
7089620
7054964
7053100
7090216
7052456
7050384
7096624
7051700
7138560
7078356
7072684
7121644
7090460
7039848
7056876
7104300
7078684
7099508
7056508
7051312
7087896
7053200
7090616
7089528
7040600
7057048
7096376
7054544
7051492
7138120
7051796
7084568
7095804
7052696
7056996
7085800
7053204
7088924
7089700
7051604
7090180
7083684
7051372
7092392
7054020
7053116
7088772
7049448
7052852
7110836
7090196
7057280
7131044
7058972
7091240
7088540
7052516
7083532
7085632
7050352
7086704
7055028
7053176
7091856
7052444
7053428
7090712
7051016
7087652
7085216
7074916
7132208
7077344
7074212
7101720
7055916
7093792
7108584
7053808
7083880
7090016
7049132
7140304
7090324
7052800
7093152
7085420
7058344
7085664
7049144
7038820
7132164
7071968
7075888
7110108
7062016
7091356
7086036
7049572
7084880
7099240
7054024
7085656
7076372
7105872
7090080
7052348
7087256
7087344
7050616
7090696
7101752
7102044
7094184
7073784
7068652
7097996
7056084
7048640
7073964
7098556
7055368
7091992
7054020
7038384
7087148
7057528
7051852
7086208
7052252
7092776
7083684
7066300
7127792
7093108
7094468
7106280
7088580
7053908
7090732
7050292
7042884
7086052
7053812
7055144
7081064
7051496
7058604
7074300
7053972
7055436
7078684
7129288
7126968
7133556
7057524
7137844
7092644
7053772
7096712
7076436
7051056
7080300
7054692
7051512
7068208
7050192
7051336
7083156
7050316
7074024
7081916
7052788
7055868
7119120
7078348
7066736
7133500
7052440
7056020
7087496
7051568
7089840
7086364
7057188
7090976
7084496
7054704
7087108
7392348
8036064
8046524
8112172
8092756
7603864
7093400
7101456
7066108
7089484
7093308
7052728
7052008
7083736
7053908
7098016
7086764
7038124
7088828
7087076
7051804
7089480
7088444
7048800
7091528
7051392
7039184
7090604
7097368
7113076
7075700
7093644
7052108
7052136
7089468
7049480
7053336
7084908
7061936
7085000
7084860
7051776
7091192
7091140
7051164
7087208
7052412
7065824
7135232
7048912
7077032
7077784
7093900
7052860
7052560
7088440
7055332
7052488
7083652
7039692
7053432
7050744
7089236
7051568
7092604
7084536
7050524
7092660
7118896
7086232
7097696
7122876
7063120
7088492
7051716
7052700
7089564
7084680
7086976
7095224
7052388
7089972
7053220
7053428
7089460
7051912
7039320
7055516
7098760
7116420
7096720
7098460
7125752
7053620
7094068
7055544
7051100
7077704
7092944
7055800
7097228
7052024
7053192
7087216
7054432
7051844
7073608
7039804
7092332
7050528
7075824
7116256
7073708
7139496
7087756
7043060
7092352
7091692
7038492
7089060
7049492
7052544
7083268
7051072
7050348
7091776
7051916
7087732
7083352
7050192
7092752
7119924
7051112
7117460
7127944
7049768
7086756
7051344
7052404
7098404
7054956
7040420
7086536
7054964
7052480
7088704
7053496
7052064
7093580
7040124
7095484
7089088
7087008
7100672
7109820
7076636
7094152
7081744
7039280
7090152
7049604
 
7052072
7084124
7052652
7052780
7084816
7050548
7091640
7084032
7051216
7082632
7084376
7058608
7138484
7202560
7222156
7170512
7117480
7051692
7093868
7095580
7052304
7097560
7089852
7053876
7091700
7053608
7042732
7087808
7085808
7054460
7095996
7084236
7087724
7132376
7086020
7078348
7109520
7088192
7050352
7086564
7058104
7092720
7043200
7057956
7096148
7178696
7225836
8092432
7768404
7187364
7147928
7101784
7050476
7086808
7075728
7071088
7084472
7073384
7103284
7091544
7049588
7088020
7088808
7063672
7083084
7084112
7051328
7090644
7053692
7052632
7089672
7052248
7046080
7052856
7155056
7049724
7076624
7125952
7053296
7050748
7089368
7051088
7093712
7085740
7144028
7098180
7089188
7050640
7090840
7082044
7052644
7093440
7053920
7037960
7099868
7099960
7048412
7128280
7039300
7059444
7101776
7088372
7051932
7090976
7091548
7053896
7087380
7041120
7058464
7099872
7085792
7052856
7090556
7047028
7052416
7115484
7077288
7062388
7154408
7094924
7061256
7090012
7053148
7052492
7120624
7057952
7052452
7075628
7054348
7057088
7075888
7051820
7071708
7071392
7054112
7057840
7135064
7099776
7096272
7132048
7054740
7094288
7075732
7051032
7092660
7084360
7053084
7091980
7040412
7056116
7102680
7050652
7052876
7090064
7057808
7053984
7090456
7076980
7118460
7116148
7076960
7085124
7084556
7088320
7053076
7110228
7091636
7054124
7092800
7085156
7039408
7097952
7051600
7094752
7052536
7044248
7092416
7050020
7091136
7094964
7073620
7127932
7086828
7054072
7097120
7085948
7051652
7094016
7086160
7051572
7091988
7052244
7058388
7089560
7048388
7052624
7090884
7051992
7082952
7120052
7054756
7071392
7100136
7043656
7051468
7098672
7039732
7060004
7100128
7051388
7051800
7088424
7057576
7089368
7072240
7049688
7089896
7084556
7053504
7114556
7132276
7067800
7130440
7056812
7055048
7087532
7049196
7053436
7086100
7051288
7094296
7087420
7049264
7090220
7085920
7057364
7090168
7040176
7089220
7051092
7102088
7126272
7055168
7133108
7096100
7058380
7087708
7087596
7039648
7085924
7076608
7051120
7088756
7053080
7053756
7086016
7052836
7057760
7090228
7038664
7079572
7125200
7078948
7071908
7163476
7062568
7094876
7057056
7055596
7087656
7045976
7052144
7086732
7052024
7094572
7086788
7050208
7085588
7085644
7057452
7076096
7096528
7089364
7229164
7128200
7093092
7100716
7059132
7056216
7077068
7054764
7106136
7079468
7052520
7097268
7161492
7231892
7239412
7103448
7051488
7093336
7085840
7051000
7139556
7082120
7082148
7078432
7096848
7062752
7060160
7087020
7055012
7089552
7104336
7053948
7088784
7848388
8181876
8096384
8033800
7999072
7259924
7122848
7089964
7099932
7122824
7058404
7095216
7051600
7056472
7087052
7051900
7056800
7083652
7055988
7079152
7087820
7053384
7092008
7083092
7049736
7082288
7073376
7082456
7079492
7103904
7082568
7085804
7097456
7053796
7088936
7088076
7052936
7093488
7073492
7054692
7086644
7052684
7052556
7088628
7052636
7054004
7084080
7096872
7075028
7099708
7090636
7090808
7096456
7058120
7092076
7092996
7058936
7075788
7088508
7056096
7092000
7087012
7051780
7093460
7092100
7052300
7097096
7050564
7058444
7128476
7054752
7065436
7107380
7090036
7058896
7110520
7089080
7051132
7089400
7041676
7054056
7104880
7090836
7051688
7103188
7052372
7053568
7077912
7050796
7080260
7135692
7050828
7084668
7094304
7054608
7092240
7085728
7053832
7094112
7083452
7040284
7051828
7089828
7038980
7081724
7072044
7054384
7070904
7074972
7048500
7122404
7116416
7058120
7111028
7051860
7051676
7076752
7054004
7048292
7090056
7055032
7093560
7083232
7052388
7086344
7089920
7049032
7100088
7050232
7056888
7073876
7122528
7060168
7107716
7110532
7053504
7088164
7070900
7065356
7092676
7081504
7050452
7080440
7049768
7053420
7100276
7053136
7054300
7084824
7052300
7085556
7082996
7084316
7099488
7095872
7080016
7115228
7089324
7049952
7091268
7083996
7051828
7088516
7050160
7039920
7091324
7051804
7052332
7086076
7050608
7088220
7085220
7055316
7133468
7092736
7072788
7095528
7087948
7050652
7087744
7085376
7040744
7086040
7086836
7050604
7078200
7056948
7105952
7087204
7049856
7095484
7086240
7050888
7111272
7131004
7052376
7138364
7056512
7045540
7090148
7051900
7051200
7088844
7040520
7059688
7084276
7053292
7086140
7090496
7049996
7105472
7282288
7103804
7110276
7123644
7091984
7096116
7130092
7058936
7099388
7065900
7053892
7091984
7052684
7050032
7091548
7056096
7053632
7085160
7043712
7088456
7089800
7050244
7088392
7108744
7072876
7110704
7110664
7081160
7094236
7054100
7050792
7098272
7085924
7059412
7093376
7076980
7051988
7088988
7057684
7059108
7085792
7054868
7192716
7914120
7839500
8162032
8008488
7990308
7143524
7094356
7093496
7095484
7091000
7052860
7096676
7060140
7051824
7087240
7051216
7059356
7076784
7051920
7052144
7329552
7650920
7669404
7748084
7690196
7687172
7654848
7697320
7698696
7653420
7663676
7694400
7701100
7655984
7693908
7692644
7688832
7652816
7692840
7095412
7068924
7079420
7082376
7082436
7128736
7102604
7081272
7090676
7105184
7142860
7825732
8068004
8116416
8135012
8049060
7062816
7121208
7085740
7053920
7091720
7086336
7091968
7083548
7086348
7086808
7129012
7056240
7080784
7093076
7054716
7058904
7086472
7057100
7091152
7088696
7053304
7083428
7084816
7052132
7091976
7081896
7051324
7087336
7057236
7050972
7122404
7053920
7078984
7128376
7056812
7096816
7084380
7053088
7087840
7084636
7052676
7099836
7088764
7052708
7074124
7053056
7049888
7089168
7053488
7053776
7083780
7071632
7048388
7110080
7075888
7096236
7088208
7051068
7089976
7082432
7053956
7089988
7076212
7052300
7086832
7056392
7051356
7086180
7051184
7098052
7084840
7056760
7121612
7087772
7081392
7097524
7096944
7061908
7093260
7051828
7050612
7090696
7050304
7058048
7085780
7039696
7048024
7107720
7088588
7051472
7098076
7086628
7074128
7134968
7084612
7088740
7094012
7053484
7052976
7087604
7051464
7052220
7086144
7056640
7073700
7092620
7051696
7095128
7084000
7046124
7089840
7086036
7051348
7109236
7125580
7053656
7125772
7086104
7056744
7090940
7083828
7041236
7088444
7061948
7055608
7087976
7052564
7057496
7089280
7060620
7094660
7086716
7049796
7084780
7108988
7081176
7105420
7126884
7050548
7091680
7084864
7052436
7090544
7074832
7086908
7052668
7051276
7091316
7057828
7052496
7085548
7052668
7086940
7092188
7052056
7121588
7087136
7081640
7124004
7082020
7051448
7089768
7054976
7051024
7086804
7052248
7058448
7085876
7052376
7090232
7083784
7056520
7085584
7085420
7039596
7059288
7117748
7048552
7069336
7116140
7052172
7089400
7083300
7051804
7092228
7088840
7050432
7090260
7084388
7057044
7087312
7040992
7053076
7095300
7086108
7054384
7184756
7083556
7053744
7140592
7041616
7052692
7052432
7115164
7246216
7153904
7055956
7101840
7051872
7053504
7093168
7059100
7093004
7089152
7051636
7088380
7089688
7077572
7096104
7103192
7121640
7051828
7081952
7093436
7054300
7086552
7053940
7053580
7090640
7051300
7052268
7086624
7059284
7089944
7092680
7041464
7089260
7388304
8029976
8049492
8096108
8161200
7853944
7103024
7049112
7052312
7092860
7050232
7127276
7098352
7051148
7083340
7078912
7050368
7093096
7093148
7050096
7088524
7081876
7091160
7086748
7068360
7070560
7088516
7055800
7054572
7087512
7050860
7091288
7088364
7053188
7087908
7083868
7055028
7089104
7085952
7051252
7086396
7055260
7064992
7124196
7053772
7099552
7086344
7052588
7089520
7085572
7450524
7385732
7591640
7635852
7173704
7185168
7117560
7052804
7057620
7084676
7051952
7108276
7087280
7091420
7137820
7098148
7082788
7103972
7084356
7055256
7086748
7048972
7054164
7085524
7050444
7053404
7088932
7039028
7096100
7052276
7092008
7054464
7052684
7087220
7076208
7071360
7097712
7087212
7050912
7083992
7051060
7089488
7080804
7049808
7082308
7079660
7054008
7101628
7085860
7052824
7087872
7051480
7052600
7077324
7051968
7118712
7071552
7124124
7129400
7052948
7090436
7085640
7053812
7091468
7089084
7063176
7089288
7051356
7052240
7079152
7054608
7053600
7095308
7052688
7057016
7085280
7085088
7092108
7116816
7080372
7100668
7084708
7051988
7091620
7052936
7050480
7084968
7053016
 
7051988
7096040
7050360
7091092
7074380
7089464
7050876
7089960
7091564
7083424
7099588
7075336
7068492
7090536
7050248
7051596
7084368
7056392
7089364
7075132
7053640
7086468
7091036
7049516
7087248
7088416
7056332
7088248
7052488
7076444
7133360
7054256
7091784
7079076
7059080
7099924
7052016
7052256
7078444
7051256
7099736
7053684
7044536
7099720
7052420
7104120
7064832
7052520
7100308
7052276
7078388
7127152
7057896
7088488
7096916
7041208
7054208
7089400
7039864
7051788
7075336
7060208
7054956
7094696
7052260
7052852
7078036
7091512
7057548
7095700
7093116
7075612
7125456
7104532
7070996
7080676
7080784
7058240
7091032
7047016
7052112
7085208
7056976
7056844
7085440
7038724
7058468
7087540
7039672
7092564
7089360
7051744
7125928
7083596
7081132
7146320
7087288
7040616
7051376
7098596
7051088
7052556
7091740
7038816
7046780
7093204
7043152
7043188
7082400
7066236
7056512
7101040
7042400
7145172
7084320
7066452
7117632
7082676
7075292
7067220
7071892
7051884
7040348
7080324
7053340
7051592
7069328
7045180
7067048
7086200
7076824
7049440
7070712
7089192
7125492
7093376
7084432
7048800
7088224
7052408
7052960
7095464
7051808
7060504
7090644
7052916
7050916
7084840
7053548
7101588
7087536
7053372
7092060
7085980
7097932
7136812
7092604
7100892
7085472
7054468
7052408
7093476
7049320
7050216
7085360
7055512
7075288
7076200
7096064
7057680
7052636
7088988
7049404
7093504
7087384
7071600
7110928
7124132
7115020
7084916
7073956
7051652
7081248
7074584
7042328
7093668
7056640
7097652
7092924
7053540
7096364
7409892
7237596
8054760
7455248
7236244
7139296
7174804
7121112
7089564
7100124
7072708
7042036
7044140
7097512
7095972
7052288
7105884
7053760
7051676
7095148
7052492
7043168
7085636
7058344
7052196
7092464
7097640
7101324
7118352
7057732
7093180
7085392
7051624
7088412
7085832
7056520
7088004
7057876
7051376
7089664
7054084
7042204
7086316
7053704
7089036
7087040
7076828
7131688
7054204
7141952
7054032
7058336
7097324
7053512
7091104
7088360
7057912
7100824
7088156
7053320
7085748
7091312
7054344
7094792
7088092
7051276
7094304
7103612
7093352
7103064
7086620
7054448
7095204
7051584
7054624
7054656
7088988
7051652
7049496
7095508
7050080
7090504
7087836
7052108
7094224
7076836
7053512
7052756
7109484
7086244
7060972
7123352
7063580
7052692
7088904
7052268
7092096
7096720
7041060
7098300
7054020
7097620
7052284
7055648
7094672
7050920
7055056
7086772
7057784
7122036
7092968
7077616
7130284
7093600
7041868
7054972
7097748
7092400
7052880
7091020
7052676
7052272
7091680
7054972
7053988
7098804
7051460
7087712
7089148
7051448
7135808
7083936
7073800
7123588
7094388
7052720
7091724
7054108
7055408
7093840
7053224
7050132
7086852
7057688
7095476
7086348
7053020
7088028
7090996
7051796
7094196
7120424
7047916
7120764
7054396
7052336
7081124
7055856
7102028
7059168
7095868
7087940
7051908
7099416
7088092
7053320
7093500
7083984
7057648
7085540
7052480
7083644
7145432
7096648
7087384
7105092
7089632
7051276
7095060
7090216
7051556
7084048
7089168
7054224
7089652
7052428
7052364
7086652
7052984
7054964
7082100
7055408
7076888
7129088
7056716
7089028
7072364
7059940
7100492
7090484
7053616
7087012
7083552
7053256
7096960
7117404
7099816
7082380
7055248
7075264
7080172
7050180
7120812
7130012
7064284
7098784
7133876
7058732
7077980
7053148
7051492
7078280
7052772
7052328
7093672
7054856
7098348
7089420
7050640
7090260
7076460
7065552
7098664
7093184
7091804
7097296
7107684
7075676
7099744
7085556
7051768
7093588
7051276
7049940
7091152
7051076
7050712
7087088
7051880
7077308
7092520
7052768
7091272
7111760
7079940
7140900
7078552
7070444
7095080
7055788
7049708
7087760
7052344
7052332
7093524
7049104
7092096
7083404
7057988
7086312
7068628
7051704
7088756
7088336
7052084
7114656
7093816
7057100
7124248
7055764
7039736
7082652
7057096
7054668
7085996
7054080
7088892
7085292
7050280
7077664
7120876
7091504
7049916
7097816
7089880
7061124
7127148
7123952
7060696
7147736
7051868
7051784
7086776
7050256
7052744
7086044
7050916
7089840
7089656
7049968
7085504
7083800
7050652
7095608
7052888
7049848
7078868
7085020
7070516
7112864
7087264
7050884
7097192
7050228
7088360
7086872
7055444
7090344
7097724
7051604
7071780
7091900
7039148
7086152
7085972
7055748
7087012
7039856
7084288
7101352
7109580
7087684
7097644
7067396
7096092
7052244
7097140
7050712
7051764
7090452
7051208
7054504
7092144
7048916
7080764
7090216
7095504
7051144
7088604
7125552
7049768
7110808
7111572
7052152
7094108
7051068
7051568
7078680
7046532
7052704
7107404
7050504
7052764
7096400
7042616
7052776
7108836
7049936
7049216
7096240
7096520
7046380
7116148
7040868
7095652
7093224
7051344
7085560
7086668
7058064
7087672
7075916
7053824
7059760
7094632
7047968
7092692
7087252
7053760
7089376
7116604
7094096
7091592
7121644
7051104
7091260
7052392
7060048
7089212
7051196
7052296
7084152
7050972
7089256
7075108
7056968
7106620
7078732
7052584
7081932
7041832
7073532
7136828
7059020
7130500
7088384
7052576
7087056
7087872
7050692
7099488
7089124
7050900
7094604
7086196
7049964
7086344
7054684
7051700
7087676
7051616
7051396
7119148
7070660
7115856
7126728
7053428
7090972
7074980
7097076
7055512
7090832
7088192
7051240
7081784
7090964
7051132
7055788
7090008
7051364
7048540
7085456
7051864
7127732
7085736
7070040
7132300
7088204
7042676
7054276
7051796
7097868
7051752
7086512
7083636
7051724
7093104
7088588
7050816
7091204
7091556
7042448
7093416
7053512
7147660
7082684
7070404
7118172
7090528
7052152
7087296
7110092
7051156
7117980
7072620
7059820
7099600
7056968
7051360
7092932
7038348
7055816
7086496
7054792
7094752
7147872
7056472
7115028
7038668
7045348
7083424
7090456
7057396
7084196
7096032
7051240
7092504
7056980
7072648
7071724
7456120
8144884
8118980
8117376
8040776
7072948
7072996
7115560
7133948
7055252
7093436
7085652
7050252
7091312
7085296
7051104
7079432
7093100
7328296
7930452
8148376
8247960
8113512
7349904
7100800
7054104
7153572
7051212
7062808
7143716
7084332
7051168
7094924
7040040
7051952
7096696
7052192
7055096
7095260
7050548
7096140
7097320
7050440
7093084
7091712
7049732
7094240
7149240
7049656
7129968
7113808
7051496
7097040
7049268
7054580
7093268
7052468
7053756
7098952
7054084
7050820
7097336
7052804
7107072
7100536
7051184
7096828
7114232
7079844
7050012
7130828
7053052
7100632
7100812
7051896
7086560
7092592
7045248
7097776
7090664
7050416
7093180
7057956
7052212
7093260
7051372
7053968
7090296
7063956
7095540
7055740
7148480
7051204
7098820
7092468
7055012
7093800
7095916
7048504
7095508
7091280
7050848
7095780
7050640
7054620
7098552
7050260
7053624
7093380
7073700
7136628
7099276
7088884
7098952
7084636
7049084
7099924
7082672
7054416
7107576
7093544
7050604
7103976
7048244
7050500
7092356
7051920
7049264
7083380
7052260
7134064
7113936
7075180
7132032
7097612
7052124
7102180
7083528
7052240
7108288
7105324
7052588
7100988
7073908
7050396
7095864
7052032
7054188
7091432
7056092
7048616
7132180
7050228
7120712
7134628
7051988
7092380
7090908
7056368
7092204
7092928
7050648
7086764
7091728
7050356
7093920
7094472
7044108
7096032
7088860
7051288
7105968
7140336
7044868
7116168
7069788
7109172
7078472
7042224
7119672
7095276
7048212
7100316
7051248
7051436
7094356
7073064
7074544
7108992
7058424
7098544
7088060
7087928
7151032
7084148
7087764
7097364
7090092
7054832
7095404
7049992
7050232
7084120
7050996
7052848
7094020
7049268
7056780
7093124
7049908
7095668
7091964
7063364
7116396
7129252
7061040
7538876
8190616
8147408
8057696
8000840
7145824
7118120
7042472
7087064
7103596
7051400
7067120
7099896
7048900
7096112
7092516
7049728
7099460
7152280
7050252
7118280
7136648
7053804
7080736
7067540
7053704
7093952
7051956
7053644
7086068
7057724
7096352
7095544
7050800
7098212
7097520
7051452
7094304
7097844
7086364
7101092
7074988
7064716
7093912
7059592
7052212
7093832
7052048
7054728
7093936
7050740
7093764
7084184
7105824
7058312
7048464
7096700
7051744
7102472
7518352
8217760
8136844
8046092
7970664
7115176
7092704
7054704
7085068
7054288
7051160
7101244
7053808
7049352
 
