Procesando...
  Filtro             : mblur
  Implementación     : C
  Archivo de entrada : lena.512x512.bmp
31762740
32464772
31754904
32107384
32472952
31708652
32022296
31798524
31737580
31745184
31728120
31688976
31783236
31762608
31718188
31709696
32391060
31736288
31754072
31757760
31721372
31755364
31739616
31759080
31771936
31780092
31718748
31816112
31696880
31759924
31716852
31940268
32266108
31704608
31708960
31789100
31765208
31730444
31850080
31733688
31745236
31799276
31755360
31736664
31718668
31797804
31836236
31743200
31741788
31727960
31718228
31828176
31749188
31790676
31766960
31724696
31775908
31724204
31682952
31746492
31686912
31768144
31748056
31725344
31922224
31773680
31769032
31769176
31727088
31694004
31743152
31743852
31771312
31730536
31742280
31821740
31810152
31802608
31778384
31915268
32010624
31756516
31791916
31753436
31755536
31801636
31860836
31805728
31802100
31725204
32294708
31790364
31794008
31808052
31936696
33834224
33747076
32093276
33147868
31910200
31873712
32037000
31896704
32035056
32964308
32117892
31793316
31737124
31770556
31787624
31729352
31772412
31776888
31735964
31736964
31755812
31738504
31757532
31772672
31808228
31895844
31761448
31801640
31726856
31759688
31723820
31780460
31738200
31793616
31739792
31752700
31838380
32028144
31796956
31762100
31762992
31723548
31715012
31793604
32159068
31754556
31745948
31790092
31807384
31786244
31759368
31713112
31974696
31845100
32176752
31770832
31741272
31705344
31741884
32387292
31706640
31731176
31756528
31735756
31743068
31760564
31719848
32039812
31955092
31730996
31767192
32188320
32528216
31779736
32073448
32382024
31684356
31808600
31742036
33210216
32656280
31851280
32057736
31683240
31799548
31932408
31749416
32248468
31745940
31866436
31723872
32223360
32335988
32474484
31781340
31740140
31693084
31804788
31740816
31714824
31931064
32094856
31732608
32468120
31802448
31840828
31758316
31744792
31710080
31680476
31724704
31765904
31728780
31666912
32043392
31721140
31734084
31743724
31743152
31728588
31847036
31917912
32462848
31769016
31743132
31688320
31793108
31995652
31771164
31718144
31698216
32868912
32224632
31839912
31737100
33407700
32562932
31825084
31737868
31962024
31767400
31759192
31773360
31718820
31751708
31776048
32102668
32589644
31757952
31779628
31847016
31786580
31760184
31985112
32515572
31813020
31782112
32017124
33191948
31796728
31820584
31722732
31950856
31754636
32076712
31756540
33736476
31746504
31729916
31766848
31752256
31774220
31942196
32157316
31826024
31776244
31766832
31745308
31708244
31803244
31743640
31740008
31759508
31728252
32479708
31783388
31766824
31755848
32006188
31777568
31702900
31974264
31757840
31746240
31870516
32565296
31825964
31758964
31784996
32229212
31715972
31737260
31748564
31807720
31726520
31797804
31800772
31753156
31772276
31721020
31950524
31762416
31750448
33589232
32287748
31702764
31845644
31737408
31737136
32426752
31746292
31725584
31743620
31705348
32354772
31720728
31733624
32354720
32404412
31697420
31746252
31718644
31774732
31720668
32082040
34670444
32301828
31762188
31768580
31920080
31739736
31741800
31803732
31722440
32327552
31702512
31763028
31722116
31915888
31917348
31722268
31748676
31721364
31741796
31721684
32025856
31760040
31706668
31750472
31709168
31855492
31778080
31736368
31723460
31681740
31818968
31781776
31725364
31733492
31689212
32095488
31775676
31717172
32503660
31757552
31714740
31798356
32046200
32004340
31740596
31764844
31698204
31794676
31792964
31742340
31820516
31726760
31813764
31779428
31785520
32450344
32136168
31777120
32344680
31723912
31826236
31776512
31743636
31808456
31776848
31811108
31785696
31737400
31818344
32145972
31902332
31963440
31791780
32072208
32202296
31750404
31778052
31799376
31778636
32293488
31939852
31747304
31800064
31958248
31806212
31780592
31760116
32459812
31717184
31817548
31815880
31795608
31744904
32401228
31773964
31824760
31771676
31762872
31750300
31795132
32478344
31779652
31780956
31792660
31778000
31771584
31749316
31784344
31821632
31779588
33613008
31793136
32132620
31786316
31805860
31882612
32069320
31758336
31793348
34481668
32188948
31731504
32169736
31812880
31751468
31758960
31727972
31724820
31774804
31750484
31771840
31756500
31736500
32107580
31782048
31785940
31839856
32046964
32186528
32072652
32150056
31710144
31781264
31944496
31734804
31748448
31712572
32470140
31787180
31777232
31768152
31729104
31737472
31712172
32471804
32291548
31718056
32146620
31697868
31710196
31889432
31900480
31774592
35307316
32514852
31772632
31727404
31869820
31916876
31748524
31692080
31747048
31790176
31738436
31679164
31939608
31743972
32115200
31684100
31738308
31686824
31767412
31998568
31760016
31729900
31699084
31752484
31713652
32505628
31824980
31739756
31796068
31966580
32337488
31752360
31703624
31760964
31759336
31748920
31730796
31696376
33628712
32632032
31726536
31747168
31754976
31757948
31752528
32380224
31720496
31823004
31769464
31761972
31743724
31742624
31770972
32073936
32195580
32293680
32167500
32530992
31826636
32243240
31730088
31701836
31780172
31806228
31783352
31743228
31875868
32148124
32472872
31769892
31735540
31767668
31738052
31757788
31744696
32374348
32234592
31747584
31752476
35420868
37679564
32507128
31701916
31728888
31733980
32062508
32044760
32112216
31731112
31717400
31674188
31778220
31726584
31938632
31742664
31723312
31760816
31748568
31984092
31710084
31728404
31758080
31724468
31719120
31698396
31791288
31735668
31800264
31945576
32500736
32325916
31744244
32080376
31826680
32972544
36062304
39416368
31695940
31761256
31756656
31786612
31725340
32414892
31766628
31841532
31862244
31976800
32050612
31755036
32337780
32141724
31734444
31761296
31825516
32439136
31842940
31907420
32219176
31764376
31743352
31760708
31790844
31749532
32052976
31848764
31712656
31775444
31837592
31758648
32502476
31762496
31742788
31718632
31748568
31755912
35525840
37740896
32494444
31995320
31874168
31958108
31749124
31723296
31763488
32116320
32236612
32325996
32167692
32252276
31868364
31902832
31979940
31921544
31788312
31729660
32340492
32438240
32209564
31791120
31747340
32170164
31702856
31772368
31757344
31752868
31778768
31696320
31739652
31781504
31716844
31756872
31772848
31745116
35686308
37721088
32131908
31721472
31781484
31747860
31735852
32216364
31782144
31758476
31732724
31746584
31710064
31886172
31758452
31748200
31744192
31718932
31750456
31736692
31720788
31829332
31766460
31798224
31751304
31709460
31835288
31920136
32012520
31725556
31703612
32241812
31711968
31748732
31750684
31884844
31736552
31761088
31710844
31761228
32416936
31679676
31761760
33701228
33366072
32110616
31821884
31885476
31998232
31751784
31722860
31687196
31774556
31739484
31735812
31750956
31705344
31777736
31759828
32120956
31936908
31711560
31805964
31842160
32153680
31700992
31758664
31716080
31715120
32235944
32045060
31799504
33534592
31745772
31738688
31700404
32141960
31702340
33072892
32604152
31733972
31816972
31761512
31846956
31742948
31752792
31799232
31757348
31730116
31763024
31774968
31824104
32030304
31807792
32464952
32529596
31853844
31767112
31805660
31817528
31834992
31775832
31782212
31752124
31811276
31827948
31806080
31799904
32194932
32197940
31883052
31796232
31803368
31777848
31787268
31785248
31842712
31876572
31776544
31801932
31803324
32199376
31771980
31874872
31932864
31814592
31768628
31954436
32240576
31882784
31940340
31870612
32162412
32127248
33057888
31935788
31750360
31726500
31740464
31779396
31775720
31744500
31781716
31738636
31792224
31742864
31775524
31780024
31763108
32022688
31716232
31750256
31793608
31724900
31745352
31716680
32516732
31898580
31880944
31753488
31766808
31730712
31757396
31854320
31815060
31754540
32075136
31751400
31829120
31762712
32004156
31780288
31752352
32354348
32183124
31758444
31869056
31807696
32046096
32982816
31739016
33783068
31884528
31801084
31759508
31712004
34764748
32292872
31764056
31716344
31707400
32314424
31773336
31745092
31721732
32423716
31749308
31749048
31730244
31723972
31947592
32131576
31709384
31723080
31723592
31835732
31806632
32345396
31691380
33734208
31882896
31864460
31713232
31801620
31758424
31720048
31807204
34783208
34298176
33745940
31693168
31772576
31747624
31733872
31698360
31684260
32204708
32213436
31675300
32415904
31783512
31730080
31751560
31732920
31756328
31791932
31726440
31735532
31754772
31724892
31761360
31843396
32009512
31720644
31700336
31832800
31719360
31717524
31747780
31780404
31832052
31721488
31766536
31774940
31700712
31738624
31736080
32861824
32042988
31760208
31716096
31751064
31746708
31708844
31738504
35358296
32461000
32559764
31693144
31787644
31750788
31742500
31729652
31656772
31764252
31700312
31760136
31751680
31751756
31770292
31712060
31757240
31773504
31754284
31730764
31685292
32047500
31771280
31741888
31767836
31773284
31713756
32919024
31775292
31712880
31833276
34694956
34020148
31802348
33712836
32767284
31791972
31784028
31810712
32403832
31714096
31854336
31820116
31986396
31749636
32167196
31747712
31887908
31818672
 
31995168
32224316
31773160
32079308
31773148
31793752
31779532
31791912
32567272
31848416
32009348
31783180
31995684
32191084
32500628
31738824
31824352
31774252
31786332
31766244
31736220
31678004
34366824
31728460
31686112
31704392
31727740
32244224
32246420
31830652
32037452
33084992
32277840
31978300
31765784
31843588
31741332
31841024
31815628
31756400
31873656
31749880
32112424
31834200
31764532
31766800
32220404
31843868
31756832
31814516
31829820
32446132
32427828
31753440
31767988
31742448
32101108
31832236
31761300
33182576
32128008
31773624
31773820
31722620
31784816
31809924
31764784
31919644
32266004
31715488
31718276
31703416
31732140
31724680
31746912
31766972
31825548
31703364
31774176
31719556
31734476
31748996
32014028
31695112
31717136
31748280
31736924
31759204
31747692
31776884
31687008
31829740
31713900
31939348
31803752
31829692
31716344
31700724
31689828
31775520
32359624
32344060
32417748
31729780
31757888
31805240
31783456
31759708
34870640
32272784
33048892
31757500
31733212
31726772
31726632
31830432
32084588
31717472
31828892
31824044
31764168
32050832
31772528
31830236
31834200
31770388
31867960
32248304
31833128
31858304
33715360
31781972
31768224
31771068
31855196
31755172
31674924
32100656
35239968
32189864
31788704
31770676
31736220
31745468
31761928
31719184
31741128
31759708
31792032
31733332
31823144
31766596
32033116
31767872
32972716
33753796
31728356
31714096
31814716
31771932
31775472
31752160
31754744
31772288
31851372
31810492
31743272
31751408
31765792
31744184
31782008
31730508
31773288
32948096
32364588
31794780
32720832
31758548
31801052
31787596
31778292
31762320
31765476
31857176
31736988
31748252
31790392
31737728
31793268
31758492
31768352
31812900
31771176
31790864
33347324
31779756
31745632
31736480
31786288
31746700
31696548
31724180
31753264
33248972
33067104
31816792
31678644
31770596
31745800
31726580
31723620
32292304
31748920
31749284
31940396
31737024
31730004
31747524
31707268
31731784
31770380
31723360
31762088
32373096
31703728
31755408
31743248
31786340
31736548
31722188
31689360
31747432
31725056
31777656
31718260
31699172
31670424
32126236
31723052
31772140
31731372
31922412
32113356
32026524
31764576
31814944
31810688
31715188
31725680
32207920
31763700
34306348
31991480
31759040
32157932
32491644
31841188
31715960
31680224
35615496
33183924
31735284
31712816
31773148
31739264
31673564
31799904
31751856
31743364
31694824
31823708
31754508
31728136
31739276
31673488
32163064
32179952
33728556
31708548
31740764
31760624
31755012
31722988
31669668
32070300
33169204
32347540
32209092
31727180
31782948
31736132
32156452
31750292
31706336
31771956
31711500
31676940
31738808
31767776
31843240
31704520
31711276
31686316
31717216
31820564
31774168
31745916
32145060
31711908
32501212
31754048
31753768
31769928
31738476
31730792
32042724
31716152
31777420
31795164
31791272
31763200
31714936
31856536
31793380
31748996
31706320
31698148
31802976
31783440
31725104
33710628
31709636
31767020
31850624
31714308
31704896
31769216
32361904
34329468
32339092
31762264
32461852
32434612
32529072
31738944
31821000
31820876
31763548
31739820
31710764
32228264
31719792
31780384
31731424
32082124
33585668
31673040
33772080
31770936
31919144
31726200
31721020
31738120
32494560
32032352
33710688
31717712
31696340
31714304
32336036
31657212
31817720
31735064
31776984
31750536
31780856
31808948
31756800
31743852
31773400
31747912
31802388
31738600
32030560
31760468
31772864
32204376
31746388
31778632
31759032
31746668
31778252
32143484
31725872
31772912
31808112
31740968
31793576
31774184
31743392
31727352
32230216
31767728
31906692
31730524
31759496
31798424
31721080
31774248
31779232
31803392
31755948
31770656
31744372
31803852
31750312
31790944
31754540
34137416
36280884
35716216
31734232
31724816
31721296
31689912
31794868
31727008
31718036
31712336
31719260
32087292
31730788
31734124
31689400
31814772
31767340
31742560
31717444
31884320
31777328
31718480
31722664
34481544
35490732
31782648
31729592
31731000
31747504
31745248
31767360
31735144
31695480
31735092
31706644
32085624
31744540
31687660
31725804
31716912
31742556
31719384
31761732
31807244
31796624
31855792
31730828
31700256
31720220
31977044
31736412
31681340
31687048
32105328
31812340
31711624
31716868
31719708
31735552
32454576
31746828
31778700
31722764
31828200
31782264
31726768
31720028
32090936
31719788
31845352
31755376
31734700
31691748
31721224
32223752
31740692
31690404
36532344
38222136
31741892
31718864
31761752
31704388
31762304
31724852
32664380
31695220
31742716
31866916
31721892
32239668
31746864
31779616
31865660
31745812
31739364
31770080
31729004
31722108
31764576
32425992
31995148
31784780
31725008
31796744
31755000
31778496
32301424
31729716
31753548
31751632
31736680
31810516
32007300
31839724
31702172
31747684
31818972
31727740
31706908
31733740
31742768
31911928
31728364
31737196
31766400
31717836
31858696
32985080
33725944
31796424
31778932
32204968
31768668
31703468
32132748
32541212
32467948
31771348
31788004
31734252
31811264
31763704
32214560
31789328
31729512
31811120
31756280
31741424
31754704
31743936
31780840
31929876
31766096
31720740
31785524
31768612
31741628
31730524
31728876
31753048
32028752
32559440
32303716
32135784
31736876
31752968
31723956
31712684
31686396
31749912
31744252
31732380
31713372
31720688
31740848
31719308
31734316
31906980
31742172
31732568
31724348
31703772
31706240
31753600
31745204
31816212
31806208
31777184
31803772
32155332
32070284
32163744
32190268
32586572
31811820
32126492
32395768
31779100
31861516
31783808
32429976
32520884
31775436
31951172
31782760
32026792
31752592
31893332
31820496
31801152
31775020
31753284
32349868
32406652
31778680
31828620
31942476
31974452
31857992
32274776
33128524
36198940
37243128
32054084
31693684
31745684
31749496
31770360
31715412
31763048
31772516
31697084
31775544
31761132
32336664
31694556
31748412
31752920
31729196
31794492
31789284
33912088
35933092
36185676
31734572
31798524
31933876
31708992
31716796
31687032
32334828
31853648
32161412
31709248
31715932
31730944
31782928
31731144
31950908
31720288
31744904
31832656
31689924
31743076
31748244
31729136
31738448
31842056
31773256
31789896
31774988
31687240
32054696
31733608
31792572
31825368
31742224
31745960
31725444
31840980
31877544
31709244
31732412
31707352
31734336
31868756
31894660
31693420
32051952
31792628
31897092
32087592
31673784
31794548
31713924
31772680
31703704
32507176
35914268
37243796
31739296
31729632
31739608
31793952
31789020
31767992
31724588
31729724
32240708
31855612
31842892
31807320
31742716
31751752
31832668
31746504
31703836
31695808
34651460
36283144
33534392
31782376
31732172
31809892
31757888
31745868
31711216
32503468
31846832
31755344
31733972
31740304
31823132
31813864
31764328
31707312
31704548
31683956
31776200
31728720
31705376
31760348
31961572
31768644
31727064
31695012
31742428
31725652
31736488
31738872
31772676
31701104
31724456
31746904
31767764
31735712
31790352
32043784
31739172
31720644
31727448
31802692
31821072
31719592
31713204
32065164
32279060
31806292
31705692
31854808
31777516
31733932
31791568
32000484
31727972
31689668
32525528
32088644
32576676
31922268
31706056
31694604
31766456
31729864
31711528
31720340
31784048
31722096
31753060
31756076
31767544
31743028
31737060
31722804
31722164
31719436
31734624
31902548
32489800
32302200
31730788
31759360
31715472
32103240
31682352
31743468
31755048
31718620
31746636
31708408
31747256
31740592
32157696
31727880
31686548
31751376
31769992
31837016
31758820
31738836
32273912
31727236
31765688
31734280
32132392
31834280
31733740
32255780
31733632
31702696
31789760
32431460
31710328
31751188
31737264
31734932
31724200
31754160
31772152
31779944
31750540
32236464
31728832
31693404
31784140
31748868
31720092
31726292
31705152
31764052
31757976
31912232
31851552
31730360
31751052
31775924
31755960
33606752
32276280
31813904
32033880
31718200
31719364
31768148
31717444
31752788
31731224
31744484
31732736
31678696
31729020
33645276
31726028
31960652
31901072
32162220
33463748
31909068
31770084
31718040
33727500
31988260
31717332
32395492
31704472
31735500
31756064
31723040
31758480
31726620
31695180
32130648
32454708
31764924
31887772
31761580
31718044
31754692
31717520
31733320
31752984
31722076
31753988
31718568
31717808
31857100
31699992
31784988
31722756
32378992
31699136
31766484
31766584
31722956
31720536
31693516
31752636
31797256
33055456
32294616
31717752
31771668
31724692
31728128
31699904
31738680
31775208
31738804
31793832
31725888
31688856
31798528
31751280
31742244
31714360
31720664
31777496
33835844
32611036
31818416
31769452
32064716
31728688
31719192
31669820
31779164
31884776
31876064
31734652
32091352
32418036
32190528
31777300
31875352
31694536
31765776
31729516
31693496
31742080
31721460
31765964
31745264
31711816
31724640
31746104
31745904
32051528
31722424
31674164
31746036
31702212
32490696
31760860
31731056
31745712
32493512
31759432
31741384
31743644
31762420
 
31687928
32284440
32121944
31690808
31779056
32901168
31756412
31729840
31708120
31799096
31700564
31778712
31713468
32089648
31782468
31680088
32260892
31711188
32493064
31747136
33512420
32559232
31860580
31809868
31745240
31696780
31765880
31701464
31762416
31716800
31706844
31751444
31704032
31802560
31747768
31715212
32442708
32193992
32306036
33606920
32218852
31695052
31714968
32014512
32247444
31725388
31659984
31851948
31779304
31735196
31706788
31818288
31775076
31742216
31693604
32518712
31709540
31797440
31731564
31701340
32050028
32149100
31767284
31724628
31749676
31692624
31700992
31899152
31744008
32718704
34584460
34678744
34533168
34555612
32827696
31719248
31757428
31741772
31700420
31743900
32025212
31757768
31686484
31699884
33747456
31734672
31779828
31741032
31766412
31902576
31745084
31773980
34111864
31960420
31766388
31783440
32434016
31700252
31948964
31708740
31849956
34921568
32801112
31767652
31766172
31770820
31719848
31734584
33584776
31664684
31781444
31726176
31740464
31676360
31722180
31756304
33479176
32151436
31714244
31690052
31765136
32109368
31711612
31714148
31747088
32889888
31927148
31723304
31686324
31981052
31766220
31737216
31675904
31768716
31749148
31737132
31719960
31963972
31683948
31764504
31709068
31717764
32108548
31692828
31808636
31740532
31904984
31672844
32077516
31737896
31697340
31743488
31884180
31720208
32351092
31724484
31745344
31721544
31695232
31770792
31710284
31727256
31725884
31761572
31699492
31895480
32092956
31710788
31769556
31666348
31722836
31709604
31734228
31770864
34341244
31785332
31740332
31801272
31880540
31925500
31733644
32217536
35071104
32794336
31814360
31733292
31684596
33166496
31771296
31757300
31724504
31744628
31776212
31757384
31698920
34249316
32731472
32450144
32208984
31741140
31724552
31704152
32155424
31692392
31709932
31832548
31742884
32198320
31735056
31704964
31734124
31785224
31730732
31730672
32390204
31691656
31876820
31884544
31969580
32174440
32085492
31759100
31758876
31755452
31718788
32174436
31808112
31776352
31741396
31784124
31673368
31746664
31717396
31766652
31777124
32421784
31715908
31737680
31746408
31713820
31845988
31748284
31744284
31734336
31697700
31793120
31936688
31742920
32285272
31682832
31734272
31727388
31815428
33221788
31773500
31997980
31977924
31765028
31790020
32249904
31856468
31756588
35496676
32251060
31831216
31930120
31950860
31759020
31691216
32168612
31784784
31693612
32489848
31772460
32164704
32553112
31805928
31750292
32130528
31760668
31766544
31758968
31702048
31736792
31856804
31787116
31763016
31752620
31664716
31878792
31732720
32512956
31862396
31890080
31781216
32057096
31745640
31684696
31777988
31825960
31739720
31737464
32479236
31779396
31785868
31759880
31727088
31792420
32411012
32249380
31750520
31770572
31843044
31847512
32397912
32413132
34465980
32442736
31871052
31743812
31739060
31741084
31746980
31789440
31788028
34753396
33414240
31773612
33755576
32945520
31743444
31743628
32963740
31686088
31686344
31713028
31735544
33114896
32505328
31880084
31735432
31719188
31766612
31717660
31725604
31741868
31720380
31760748
31719776
31715448
31686644
31719624
31741860
31722952
31725648
31687884
32465256
31751024
31741392
31712932
31705368
31755052
31710996
31731556
31731228
31710192
31751912
31703392
31676920
31736484
31748428
31761104
31743360
31698892
31692296
31707424
31774180
32109604
31705452
31713972
31723512
31756828
31911308
31763884
31771164
32530244
31800564
31765564
31745312
31746032
31745364
32126176
32414396
31739344
31744728
31949232
31978244
31776824
32098100
32123784
32210132
31763756
31804816
31834268
31745588
31743472
31843948
31789396
31765208
31755048
35731536
37922924
31757260
31726916
32197240
31760352
31728092
31744108
31718096
31771224
34928296
36466508
34366364
31750904
31734628
31771176
31699148
31750564
31730280
31718888
31762420
31685204
31705616
32496836
31812800
31845272
31733344
31730668
31741740
31752620
31774416
31728776
31713080
31756040
31812280
31757712
31747844
31720956
32251704
31831552
31747828
31751492
31715196
31757568
31842348
32295132
31741080
31749064
31746296
31830700
31881732
31754152
31712780
31758260
31791408
32281948
32142092
31790216
31777516
31927268
31723480
31743436
31784744
32254056
31708940
31700680
31762972
31814048
31802972
31952660
31760012
31751632
31664040
31725400
31744416
31733960
31763416
35597760
37915096
31943880
32319140
31674856
31698692
31740096
31722584
31717896
32111812
31767668
35928164
35961404
31762228
31800200
31749120
31723944
31738216
31737788
31733688
31778648
31725344
31846408
32038768
31716332
31815664
31696108
32076860
31731872
31736644
31821136
31723616
31741020
31777788
31711584
31763184
31734356
31694252
31762096
31811748
31732940
31711124
31703492
31790364
31789180
31707384
31727200
31722684
31735736
31792512
31711676
31736792
31728264
31737652
31815692
31750856
31916476
31995232
31719292
31835444
31736000
31724292
31722496
31720264
31775076
31859236
31779060
31749540
31721908
31888144
31735656
31719716
32359360
31790984
31776512
31791980
31771520
32314412
31785516
31785588
35055120
36142608
34737248
31809876
31736196
31733992
31699816
31720732
31766400
31730576
37582268
31722148
31752892
31704124
31741196
31723848
31673748
31785236
31734612
31747760
31714788
31706620
31809020
31752908
31887940
32229988
31730892
31717056
31937964
31733024
31692032
31707428
31759032
31752944
31725336
31711764
31752048
31756204
31744924
31723328
31720016
32441032
31705644
31750736
31716400
31683556
32022004
31716488
31724792
31737300
31719124
31757440
31828352
31922428
31780732
31793264
31779140
31783980
31773416
31721700
31775620
31784880
31759156
31737964
31707080
31808364
31762244
31785340
31756020
31721628
32241340
31827824
31773784
31771340
31729012
32198504
31735572
31798964
31766740
32126916
31786408
36101028
38020660
31711972
31749344
31734364
31741432
31722872
31688672
32777672
32141968
31761024
31756772
31724744
32176144
31788128
31733148
31932708
31710024
31741312
31716064
31730084
31720860
32034244
31876032
31746668
31734192
31739400
31712876
31733280
31746344
31731052
31723268
31723348
31742404
31739732
31741692
31735052
31733160
31765252
31698844
31746016
31752156
31725012
31760136
32126856
31692308
31723492
31765820
31751816
31733124
31709232
31728872
31790744
31734876
31736664
31788820
31720236
31770636
31751516
31721256
31740176
31708160
31741220
31811344
33969040
36156020
36127548
31798988
31738240
31718052
31691072
31688236
31752320
31732344
31744048
31699048
31744724
31732680
31751480
31725656
31719800
31750156
31699672
31743196
31964328
31738488
31772440
31700140
31763884
31870496
31720108
32025252
31717048
31729484
31737684
31733304
31731940
31745420
31737948
31713360
31685608
31774096
31709356
31751520
31931708
31772588
31723868
31699644
31705728
31782344
31953896
31728936
31729720
31687736
32266380
31754928
32475076
31750448
31726776
31717860
31748968
32434496
31787128
31739604
31736224
31770100
31736220
31680040
31691096
31740720
31746860
31780368
31733096
31700228
31731600
31742068
31703640
31741588
31705964
31731380
31812532
31706416
31761356
31695292
31716344
31812064
31765244
31740712
34007488
36310008
35768524
31737836
31723740
31652124
31734168
31741924
31719784
31750092
31743348
31744076
31994908
32098508
31739036
31716704
31747524
31697576
31900544
32081224
31738264
31742476
31706864
31735116
31731680
32125656
31763004
31741528
31740896
31716128
31736508
31722760
31743272
32123776
31692240
31744204
31774744
31959340
32500472
31784944
31894524
31728040
32595568
31754552
31721012
31765944
31690196
31753984
31726308
31697488
31780480
31710500
31741328
31890644
31721692
31697824
31876904
31990864
31725084
31758764
31709308
31678956
32278092
31718500
31745316
32150380
31706100
31746188
31723272
31766488
31730764
31698532
32031052
31738516
31774132
31776156
31772772
33214668
31720996
31749688
35323872
37616788
32256816
31781868
31756524
31720472
32333152
32171288
31787748
31752800
31729152
31709184
31742628
31768896
31731800
31712572
32006820
32124080
31766456
31730772
31700532
31703244
31907676
31769300
31729884
31717508
31672112
31707344
31752508
31737988
31729724
31671204
31879036
31977612
31730620
31761252
31703628
31695684
32245132
31724512
31712884
31767204
31778900
31709988
32465872
31755840
31719164
31735784
31756880
31736700
31726488
31711420
31694688
31932792
31728176
31708052
31715880
31727208
32020000
32140912
31725376
31736296
31718072
31719832
31676620
31719532
31758552
31719644
32050868
31761272
31718804
31753128
31776684
31815256
31742320
31785404
31733580
31934616
36311688
38325364
31740076
31753276
31711564
31688240
31843080
31750240
31730528
31728300
31668544
31812044
31791180
32117020
31722080
31735172
31689260
31785976
32098984
31744736
31699144
31732276
31759524
31732536
31713488
31747728
31742008
31767620
31690168
31744184
31724888
31742584
31725872
31758488
31740672
31679652
31981480
31716020
31732644
31727324
31676624
31824192
31751164
31750828
31726524
32134884
 
32469448
32268676
32404140
32452608
31807828
31749176
31743732
31751284
31734252
31709900
31731324
31937480
31746312
31700896
31731032
31764652
31771452
31745800
31999416
31725352
32442572
31749696
31743692
31691556
32098044
31775412
31740544
31705244
32044332
31753260
31824688
31699540
31759188
31730184
31811996
31706040
33568512
34065916
31740808
31888204
31741604
32182628
31773308
31777524
31835764
32010636
31799264
31713752
32076204
32216652
31790464
31778204
31953900
31805684
32392672
31779844
31816224
31791156
31778160
31785192
31765144
31774108
31764480
31841056
32092980
31797440
32139076
31766360
31767332
31833296
31948964
31788528
31772084
31765976
31787552
31800204
32092728
31787856
31801588
31787400
31713640
31922004
31766172
31810704
31779540
31778132
31779276
31912836
32036028
31785588
32748288
31766580
31769844
31782580
31983268
31808792
31710792
31760800
31736776
32262796
33068292
31874908
31793460
32207984
31845284
31739540
32091584
32051796
32111084
31712952
31766612
31921016
31787332
31741048
31735096
31724336
31750748
31786716
31763044
31739516
31744488
31698440
31797660
31935552
31950568
31716456
32140436
31735256
31785460
31918900
31719388
31767420
31743832
31710056
31747308
31715328
31786480
31730656
31766756
32444340
31770144
31888260
31760788
32288324
32368848
32427716
31770476
31748216
32158052
32431056
31783180
31797728
31759360
31807924
31758040
31783972
31743452
31795184
31772784
31730832
31672568
32354604
32431872
32479304
31758764
32352256
32247152
31738204
31773532
31897724
31786856
31965788
31781380
31777536
31734584
32111088
32031040
31771980
32071652
31738284
31759332
31747572
31880720
31940852
33388752
32073412
31972184
31751128
32109208
31678484
31770896
31726700
31756308
31746248
32092384
31821812
32098572
32233924
32104596
31758924
31765360
31911292
32026272
32242640
32157120
32192268
31764964
31753912
32170044
32288232
31720308
32096184
32220400
32304684
31779080
31800780
31730492
31733820
31779036
31927180
31752928
31941784
31781408
31734068
31804292
32198816
32051052
31970240
32262712
31745816
31813812
31788584
31756772
31795096
31759164
32196752
32308928
32140552
31915524
31775716
32020664
31775048
31732384
31790604
32430564
31779868
31866044
31760900
32034920
31747604
32180132
31780932
31738680
31953756
32327200
31782220
32171392
31822632
31873352
31969328
31743420
33127452
34390484
33006248
33706600
31753272
31681148
33589056
31766232
31747660
31753980
31727292
31763040
31747564
31739008
31766724
31741144
31799632
31743732
31762844
31724296
31783112
31796456
31751004
31761996
31740992
31779512
31733944
31774884
31759972
31737904
31775268
32185440
31761464
31735252
31805660
31802072
31761428
31749624
31755908
31768796
31784016
31751664
31764700
31755564
32146720
31770564
31749628
31775412
31734584
31780676
31796324
31761932
31752068
31717452
31783564
31774928
31906440
31792148
31740420
31724176
31946996
32128460
31753960
31991444
32090148
31751608
31738692
31760372
32109908
31765284
31816328
31802528
31792260
31705780
31802132
31780892
31754400
31787164
32761020
31902784
31773668
31770788
31762580
32306624
31786204
31735036
31762864
32175372
32192432
31823140
31758924
31888944
31734612
31753028
31768320
31718548
31773648
31723300
31741412
31778656
31883520
31739440
31763164
31812572
31740716
32192596
31763600
31747364
31794812
31772284
31745760
31791760
31904124
31991632
31760504
31755544
31776932
31756548
31775492
32109516
31769008
31725612
31737532
31808444
31955844
31773488
31759320
31780604
31728184
31757976
31764120
31770024
32233332
31732056
31765044
31752636
31725488
31783320
31725632
31738936
31750508
31762680
31816236
31779260
32004336
31769860
31743540
31806552
31761040
31745432
32074640
31801600
32907228
32047744
31794760
31726128
31731264
31809200
31746936
31766020
31766068
31734464
31761568
32397124
31740420
31787856
31800752
31856772
31806392
32066084
31715512
31722160
31839888
31768868
31768000
31758068
31750652
31729100
31755440
31763424
31745896
31802192
31744440
31726720
31767864
31754836
31816076
31765032
31761548
31705372
31759088
31800884
31749944
31746620
31745936
32517432
31784188
31782248
31757672
31756920
31777420
31745884
31789428
31765388
32118452
31790440
31764540
31739880
31773264
31756544
31799232
32047000
32783076
31729540
31718272
31733612
31774568
31768452
31715124
31734916
32627424
33922128
32196960
31745060
31737524
31741740
31964164
31730304
31703888
31777332
32497552
31756552
31759788
31727280
31764936
31714116
31726600
31735084
31743172
31766060
31728620
31712208
31736280
31726676
31793996
31696224
31945948
31686248
31756400
31746108
31732956
31712112
31691272
32139664
31791292
31740400
31734356
31725888
31686288
32116116
31713252
31732564
31737240
31728304
31865352
31752992
31976272
31740204
31778912
31769708
31734416
31687916
32086796
31760648
31758572
31704684
32361556
31687676
31767304
31867476
31724968
31719768
31735560
31673352
32053992
32358048
31700932
31852528
31912224
31739616
31737428
31707988
31797276
31749524
31731848
34101808
32953944
35287412
32469348
31892464
32933472
31769172
32189044
31695000
31736260
31679276
31745048
31760180
31717076
32192420
32032656
31736856
31764404
31690940
31910508
32148252
31726956
32107100
32374836
31699804
31720488
31782200
31704504
31947104
31736696
31720552
31771336
32399796
31972036
31734732
31724092
31751024
31707928
32449328
31747784
31905048
31744012
32164308
31703840
31737432
31778768
31918892
31707840
31977740
31740244
31744728
31695508
31736224
31729252
31672868
31808360
31749704
31735704
31743444
31679200
32157396
31703376
31753388
31719652
31702960
31767260
31719872
31714912
31721228
31721112
32149416
31712536
31797908
31721100
31769304
31684944
31756124
32225076
31712640
33863152
32465548
32445716
33892560
31740068
32211396
32274380
31749228
31695992
31725284
31810384
31768876
31771060
31735900
31724768
32192120
32513776
31725704
31751008
31793548
31764520
31995756
32742624
31735464
32155940
32040380
31694820
32282520
31714184
31836824
31743976
31728688
31735908
31682796
32511896
31745300
31934144
31731368
32005444
31775104
31684008
31957576
31707536
31737540
31733576
31709224
31738868
31712312
31734336
31741348
31873152
31741276
31736720
31704788
31753500
31704756
32316832
31684832
31745000
31735304
31793396
31743208
31701272
31764184
31687848
31754248
31727064
31697524
31763016
32284620
32156180
31699152
31740408
31806784
31731736
31695392
32080656
31716324
31754684
31716560
31734780
31775600
33649400
31832908
31740120
31733240
31705876
31787604
31722712
31749372
33757376
32202760
31797316
31713232
31787672
31703076
31728020
31736988
31717068
31700812
31691204
31808044
31743376
31737476
31735660
31709748
31698904
32198036
31777088
31751948
31724172
31748360
31960348
31745744
32208088
31708196
31711976
31760692
31735700
31733180
31729868
31742336
31747780
32106416
31689924
31757012
31769756
31746696
31735480
31666204
31846644
31742952
31733556
32049860
31672160
32097004
31724240
31724616
31668240
31739064
31759728
32419444
32190728
31731844
31754596
32083484
31745880
31791852
31767624
31746092
32223380
31739568
31926608
32010472
31759284
31730172
31729524
32323012
31713908
31862684
33320724
34890088
31803168
31744284
31789692
32254260
31750128
31741912
31711248
35378776
32653652
31921956
31740004
31729076
31771856
31686628
32425444
31650780
31912496
31777092
31724124
31726160
31682080
31727072
31779328
31729656
31734440
31712000
33726732
31811412
31748608
31750248
31700500
31731508
31723888
31740352
31747676
31704756
32202800
31768004
31717688
31755616
31879872
31729212
31723520
31726280
31689336
31739808
31790536
31732792
31711068
31720264
31732364
31810568
31744572
31736460
31708376
31683208
31722492
31710540
31686152
31679016
32446268
31912152
31672828
31665856
31627080
31738976
31987944
31687312
31692056
31680436
32461060
32644636
31785900
31692760
31696520
31734832
31693204
31691864
31685672
31666020
31827328
31838700
32061504
32008328
32286336
32143940
31733692
31853296
31677572
31710052
31700216
31690228
31718788
31682872
31733352
31705848
31685452
31693632
31702416
31726676
31697292
31679320
31675608
31699912
31758204
31741380
31697932
31687344
32497392
31791916
31747560
31734108
31742908
31767032
31779564
31750856
31709576
31947328
31773340
31765228
31726748
31722868
31816844
31803144
31769460
32072916
31738560
31669536
31909700
32079948
31752052
31770660
31745316
31767312
31793324
31763496
31818352
31734692
31746900
31921216
31770668
31749496
31747400
31761872
34748408
32453388
31724092
31842032
31742972
31752304
31716356
31649664
32020828
31728160
31715416
32386288
33608780
32256272
31778524
31781544
31768532
31739640
31750528
32370640
31746044
31772136
31763064
31773148
31989704
32096744
31767472
31745884
31714896
32234576
31808292
31951764
31766156
31756584
31699172
31835140
31888988
31811704
31767660
31703592
32221332
32310628
31759960
31781792
31757048
31955476
31746388
32301996
31767360
31749600
31727140
31683076
31808892
31782556
31770984
31710960
32513208
31779292
31776272
 
31740488
31762652
31763008
32134300
31754044
31721348
32284256
31747664
31733388
31869472
31982532
31926304
31866040
31891084
31736592
31797504
31764252
31809984
31774016
32121912
32189124
32202824
31856480
31782568
31826724
31742320
31773464
31773748
31947468
31765240
31723188
31775452
31933704
32996520
31823408
31736472
31772568
31729204
31714092
31715612
31707624
31971276
31722068
31732572
31690084
31710716
31705060
32118840
31714476
31695580
32125676
31724872
31742548
31738612
31741872
31753968
31724660
31706724
31744436
31729920
31745372
32010992
31745756
32443184
31780624
31789336
32014356
31727528
31735176
31735596
31739660
31748172
31731600
31694312
31746176
31746820
31724680
31952980
31731560
31753688
31672592
32163236
31762372
31741940
31783248
31736340
31688700
32000196
31712996
31766496
31696076
31734776
31739456
32107556
32266836
31723112
31705188
31742980
31711600
31750964
32338128
31748296
31686216
32523244
31828328
31773144
31735680
31708852
31746584
31678344
33731016
32645904
32132416
32615440
31846312
32368152
31707220
31720584
31775660
31734896
31691340
31705572
31793856
31777932
31746872
31683408
31746892
31899816
32073156
32157196
31890192
31730872
31767332
31741008
31720604
31754660
31738568
31746088
32035216
31737660
31728076
31739076
31739228
32214536
31926620
31749072
32252692
31771160
31643728
31957080
31726824
31742632
31741188
31746932
31749680
32094488
31730932
31781068
31753252
31934852
31713216
31766748
31743112
31731996
31745340
31762100
31746668
32128648
31728524
31751520
31714864
31802728
31743324
31683396
31708308
33330208
34550260
34621768
34550208
34466676
32462748
31814232
31741272
31744788
31666412
31780432
31732800
31755172
31742488
31702236
31971128
31738212
31726904
31686236
32531456
32270324
33759544
31741848
32069440
31747052
31788316
31751044
31776672
31764600
31750332
32204144
31749176
31753148
31700488
31769548
31787868
31760248
31765088
31718552
31810656
31768092
31770200
31766060
31726716
31777388
31788164
31786652
31779020
31750688
31803816
31749396
31781988
31783220
31729720
31788316
31742368
31747756
31773916
31765740
31839140
31762804
31747588
31723380
31758652
31790632
31754492
31758668
31743084
32532600
32495908
31827756
31740636
31761644
31853728
31769160
31757684
31788096
31720368
31818120
31790184
31774028
31758072
32433580
32466788
31820120
31689660
31744708
31741172
31759056
31718084
31734468
31690356
31754132
31746760
31746676
31736656
31696328
31774104
31763616
31736260
31731976
31740304
31722272
31740020
31776188
31739252
31706084
31757360
31704748
31753812
31748228
31717828
31763840
31721040
31744188
31732568
31733360
31729808
32275528
31723816
31670180
31744188
32086144
31721128
31739712
31728180
31785808
31727920
31697844
32432644
31784928
31795244
31730320
31712844
31747676
31717428
31770368
31669708
32271676
31721732
31702032
31798468
31709880
31935436
31762700
31738672
31721168
31877076
31737748
31703648
31707756
31747200
31857376
32737384
31845724
31771404
31795188
31781084
31750572
32236360
32332192
31778324
31740956
31753712
31715256
31821008
31795732
31732124
31757288
33733220
32319560
31787060
31781748
31857984
31711096
31828980
31768032
31762460
31744452
31725764
31805440
31781524
31769672
31721848
31770240
31785416
31989496
31757804
31692152
31892552
31784140
31764604
31760192
31728976
31815232
31742208
31708524
31699696
31655220
31772364
31758116
31959104
31744444
31726768
31778548
31697092
31787152
31844196
31895268
32195188
31762972
31690980
31750724
31938260
31773052
31694628
32468944
31744320
31746080
31747352
31724680
31725724
31727336
31785336
32199296
32290968
32376060
31696692
31831196
31965784
32040656
31753460
36506688
37446376
31718068
31769540
31750500
31727160
31774776
31712692
31762028
31787884
31776276
31778104
31685652
32575388
31699908
31746832
31731548
31746484
34763124
36325228
31713884
31787880
31727720
31762704
31674356
31946716
31837952
32505516
34564552
34577984
34583204
34572832
34598700
34575328
34638224
34661072
31922628
31766916
32102804
31829488
31769024
31707640
31733784
31689084
32503252
31882700
31891572
31743592
31682216
31841020
31836024
31733184
31696612
31750412
31734028
31837092
31742524
31711116
31936160
32160860
31782892
31707352
31735360
31755496
32494068
32195812
31838360
31998696
31798096
31792100
31886112
32082720
32140416
31749484
31931344
31745760
31735380
31683956
31872412
33941064
36328512
35821144
31714816
31741820
31746692
31781060
31751572
31690548
31827964
32046324
31747332
31745216
31699612
31686320
31746480
31789924
31921992
32045132
36419292
35728128
31745752
31723420
31753340
31776336
31702540
31739480
31722640
31705684
31739284
31740796
31717920
31712968
32933752
31787244
31734060
31749728
31733236
31783328
31755824
31728760
31710952
31733696
31784072
31739148
31723348
31691776
31992052
32136052
31729360
31693480
31712212
31706644
31775060
31737560
31726848
31693608
32076288
31781732
31714392
31653520
31713724
31699856
31772624
31695288
31973132
31712800
31726284
31695224
31750440
31712892
31724708
31732680
31784836
31709088
31753932
32163672
31730312
31749992
31753628
36225600
34653564
31769368
31752736
31721368
31718016
31676516
31866968
31768248
31755832
31766064
31705240
32247148
31720748
31720048
31749748
31720088
34957028
32587996
31867768
31732188
31716248
31759920
31728596
31775320
31731200
31727676
31751480
31712220
31712764
31718492
31767104
31732296
31727204
31715356
31692808
31905076
31750552
31713428
31744240
31715256
31775676
31741188
31732680
31740832
31689444
32481572
31730832
31928332
31746932
32204128
32313924
32132828
31694088
31751824
31752776
31751108
31909440
31695444
31640476
31739264
31687244
31698896
33200576
36143752
36951032
31709020
31684968
31720228
31706572
32067676
31703128
31697632
31683800
31701376
31796776
31700772
31693176
31673460
31664980
31736152
31708348
31699748
31672072
32903988
36324644
37295372
31691136
31653572
31744692
31698092
31695364
31681960
31660224
31813080
31893404
31785908
31762384
31738532
31810544
32165764
31747360
31830152
31721988
32501368
31740964
31763228
31769912
31753344
31793860
31725008
32005516
32226440
31760100
32460500
31765036
31800420
31755640
31763448
31824464
31737544
31716752
31771804
31776460
31787260
31759356
32150964
32480516
31837476
31738220
31760632
31827008
31843336
32076704
31768776
32249152
31883604
31757500
31804744
31781348
31762268
31792252
31799564
31743212
33270844
32211356
31746604
31808840
31755812
32142352
32577612
31709804
31751304
31814176
31768904
31942784
31778084
31749956
31754752
31725808
31719520
31697332
32303856
32520956
31805060
31701724
31773172
31808864
31760440
31728744
32137252
32085268
31756128
31739444
31762632
31697912
32254080
32107148
32172860
31687668
31982112
31806820
31743800
31754640
31696980
32168784
31784316
31775580
31729672
31853900
31844008
31807400
31753808
31730524
31845372
31785516
31818972
31752456
31752568
31687096
32173884
31740260
31796816
31775956
31724960
31787248
31712552
31807132
31777016
31742984
31796740
31757372
31716588
32177276
31742092
31827276
31781900
31750248
31785656
31693468
32528460
31766100
32508348
36115484
37745744
31746828
31758668
31701300
31767176
31776028
31743580
31731532
31688660
32108872
31816176
31719064
31705824
31737656
31957736
32410776
31712292
31746512
31717120
36282836
37670676
31747848
31975644
31727476
31727396
31741528
31743436
31938700
31891296
32779032
34917384
34587224
34616976
34487712
34560952
34588928
34566424
34581868
34569684
34494224
34602668
34554280
34567708
34599456
34601116
34520436
34618504
34563192
34561932
34661752
34631544
34671812
34532552
34572476
34608092
34601876
34658928
34645200
31740400
31759492
31972360
31725508
31750872
31729784
31795752
31749612
31742980
31737028
31793400
31786748
31761568
31758564
31693212
32153448
32140776
31744908
32139984
32656040
31912668
31671724
31794008
31723956
31741360
31750452
31728428
31688516
32089220
31735172
31735084
31756496
31752372
32015908
31764056
31719160
31680076
31746436
31683208
31731348
36430620
39065668
31809112
31736664
31763304
31711140
31682020
33048608
31725676
31766540
32151352
34693884
34464144
34600848
34608996
34529656
34550832
34638184
34615120
34757248
34640808
34605472
34515500
34577468
34563760
34438588
31723008
31713648
31787048
31701772
31722068
31758004
31724852
32446700
31694324
31747652
31729468
31702876
31865464
31735888
31742252
31716580
31711420
31676940
32409788
32204124
31739252
31779568
31772748
31737620
31916256
32065156
32005200
31788032
31779840
31784632
31766432
31729596
36435796
37806212
33723544
31674016
31760988
31732608
31760196
31705444
32251340
31783368
31707212
31700664
31685520
31741592
32052000
31772256
31737996
31661512
31732512
32917076
32383616
32039272
31722272
31768504
31709956
31760076
31754928
31703784
31764076
31723896
31750436
31770112
31754056
31795616
31771084
31737080
31742088
31750144
31843072
31763300
31763404
31740332
31718480
31803528
31773876
31766860
31734572
31775456
32498540
31785192
31776008
32099928
31718212
31802728
 
32480712
31766536
32005408
31767868
31809196
32100460
31760140
31759352
31801500
31778860
31773252
35236260
36795940
33744976
32405740
32196680
31743128
31726068
31773584
31727468
32123068
31705392
31738180
31774624
31745636
31716776
31702780
32083372
31758972
31769200
31735008
31698772
31745772
31742772
31738708
31731612
32536628
33113152
31904836
31737604
31722500
31704876
31769680
31737008
31727504
32030992
31725860
31750984
31731020
31881804
32054604
32026940
31747420
31709864
31742636
31719348
31770156
31731728
31735148
31720304
31725948
31793152
31742824
31722224
31672380
31757320
31769616
31755384
31720816
31779396
31691356
32145220
31721572
31726448
31674900
31733092
32313396
31729316
31707840
31737072
31746700
31767732
31733188
31680608
31705944
31754608
32529144
32257444
31966804
31750856
31805028
31780084
31753840
31704704
32620476
33439820
32319328
31989512
31891896
32166124
31833812
31745104
31737916
31723372
31708432
31730208
31705996
31731348
31685268
31744800
31785876
31770916
31748556
31680244
31734524
31745216
31734156
31729628
32064860
34037392
32416020
31752048
31717024
31751560
31753948
31771836
31722884
31699404
31707652
31797272
31741536
31742428
31716704
31709076
31766132
32003008
31717004
31692492
31824680
31753580
31729416
31890524
31719188
31773896
31730412
31720236
31752652
31720724
31765328
31717096
31711112
31735408
31745420
31798428
31734696
31720240
32182724
32022852
31767564
31717072
31848284
33268252
34580308
34623404
34577924
34745488
34683912
34623728
34524152
34538252
34557956
34545300
34617028
34255788
32502464
31791064
31748564
31773460
31734360
31718484
31724084
31735472
31790984
31728956
31718964
31977460
31719368
31764368
31711324
31683620
31952296
32038244
31725364
31740120
31745004
31700560
31704756
32598604
31851204
32299704
32390776
31677204
31776732
32014728
32082528
31702964
31705484
31774548
32056668
32035288
32065472
32419164
32181752
31816872
31757648
31898568
31794400
31733436
31953832
32017228
32296164
32194876
32187160
31953572
32016764
31721580
32459884
33710460
32316340
31935620
31743828
31810220
32061268
31777844
31982888
31734672
31744824
31725584
31745872
31716744
31725980
32349068
31717016
31746228
31766288
31762312
31742408
31769340
31741136
31711860
31736252
31751260
34125368
32425288
31806508
31940780
31728416
31718492
31933516
31732976
32025328
31731784
31709552
31723072
31735172
32152240
32039644
31737384
32427712
31826904
31923044
32007672
31721564
31727968
31779548
31737176
31739956
31715024
32371068
31833424
31735400
31715040
31709568
31724712
31775708
31758748
31747164
31955232
31736804
31774884
31713952
32059492
31723328
31705728
31761540
31736716
31701828
31734632
31749040
31721936
31740368
32264696
31666364
31902580
31741744
31721724
31723968
31710144
31769220
31873496
31730504
31721932
31682448
32080980
31759012
31724016
31728436
31745004
31772256
31699444
31724152
33538260
32292180
31735344
32446568
31749500
31706088
31764304
31736216
34413324
32431588
32035024
32350968
31730032
31742672
31729628
31737704
31971840
31722008
31851012
31757756
31715060
31756160
32082420
31721296
31778540
34212244
31809096
31745892
32330528
31682332
31717904
31710240
31738064
31737188
31710952
31757836
32414848
31685152
31890548
31704164
31781192
31720816
31728748
31735676
31728152
31792088
31731756
31737648
31708408
31711304
31797320
31731164
31729288
31730976
31755516
31778808
31918236
31726292
31703756
31716488
31751088
32961788
31773436
31706580
31739140
31725776
31673444
31719076
31702572
31706020
33370888
32580076
31902772
31679748
31714152
31707044
31670036
31718920
31951392
31727636
31700688
31671504
31709840
31680324
31732932
31685096
31705580
31657152
31797600
32017724
32753532
31697416
31690716
31675988
31720024
31708768
31716880
31693040
32369688
33995528
32228644
31760200
31683176
31741740
31697824
31833872
32012440
31928692
32097544
32121168
31718908
31733172
31710432
31713364
31748668
31727632
31693604
31711328
31739132
31743092
31717672
31724256
31713940
31803480
31738956
31754392
31777968
31768316
31831920
31743024
32003664
31799344
31811208
31800636
31788420
31771528
32287552
31766556
31811800
31784048
31813940
31748532
31926112
32058972
31793244
31772540
31754036
31963392
31819316
31898256
31996688
31726660
31867968
31789568
31786556
36651196
38542776
32132996
31712472
31699660
32313920
31702820
31732860
31761000
31698908
31763708
31932984
31779116
31733740
31709932
31696756
31728624
31955952
31768968
31769176
31706920
31752784
32234188
31719208
31716472
31733936
34387476
36122124
34590880
31721316
31729916
32406020
32171896
31755800
31713584
32189844
31762784
31737664
31738084
31752884
31700096
31982488
31746096
31734512
31687660
31754216
31747452
31942588
31727672
31724532
31767964
31709884
31811416
31909920
31938048
32508212
31789044
31762092
31715108
31708084
31739488
31775796
31768620
31730924
31735504
31774952
31688716
31781740
31752184
31729116
31766460
31948632
32152328
31738976
32034884
31762064
31722616
31783836
31733716
35716964
37564124
31734316
31717156
31710408
31726088
32336188
31715448
31750912
31720400
31762076
31695588
32166220
31711920
31690920
31685956
31753036
31840908
31741608
33771656
31753600
31729544
32052552
31732540
31718500
31708708
31764972
34970740
32899304
31890284
31729628
31758716
31714788
31722360
31751188
32032720
32027144
31727816
31701664
31692992
31758624
31747496
31730884
31683136
31720248
31780872
32137496
31676340
32142452
32176220
31872464
31963244
31727792
31700988
31997988
31765264
32132028
31707948
31842560
31741108
31902360
31946312
32069672
31749844
31714188
31866928
31808800
31778188
31729216
31734652
31714240
34088000
31766488
31713024
32511068
31755096
31762800
31792880
31748208
33469744
32807444
32240080
31771796
31764700
31789872
31763108
31722464
32026424
31753480
31789568
31762672
31726560
31718212
32000576
31774212
31756308
31711044
31774608
31779168
31801732
31765908
31770032
31810888
31802112
31762728
31781772
35820220
37951124
32786660
31709260
31752820
31719220
32453344
31770940
31734680
32041484
31726120
31722224
31715676
31751240
31731424
31692588
31690336
31762420
31731096
31733292
31700948
31695896
32106240
31721604
31757908
31737064
31757924
31734136
31714328
32211824
31766008
31759556
32429448
31743188
31745808
31731440
33767120
31739008
31725160
31740468
31738432
31787384
31726720
31685376
31726096
31997164
31735028
31714936
31750580
31697156
31772168
32117444
35274912
34172808
31653428
32980060
32284516
32381612
32464308
32523236
31773716
32011188
32512388
31757864
31729224
31772240
31768204
31734276
31760500
31759396
31807064
31732444
33359052
31737044
31767096
31826472
31762048
31767520
31708508
31785956
31738016
31827908
31753112
31742640
31791444
31773164
31734180
31768116
31779528
31790756
31762136
31768020
31721884
31850120
31827240
31781884
31749528
31725920
31729836
31800624
31932700
31784360
31737212
31730128
31763700
31779012
31761428
31821872
31760548
31747480
31773820
31788840
31774784
31798704
31774268
31739752
36215452
38551108
31799992
31743060
31734932
31721612
31723256
31759808
31737056
31768448
31728364
31726472
31734668
31712268
31746932
31713708
31761644
31722244
31719264
31747404
31744612
31776188
31746260
31714160
31710344
31757196
31781980
31741628
31723100
31715552
31752748
31790540
31736352
31731216
31729036
31717808
31792600
31740768
31745672
31710640
31684612
31798308
31723596
31716228
31721548
31782452
31700192
31780520
31744172
31719416
35595784
37148212
32925188
31735832
31677728
31820104
31741432
31695112
31960540
31749236
31800716
31693440
31752820
31707456
31730596
31724172
31748372
31741820
32075240
31795864
31805188
31727648
31738436
31723776
31756812
31786056
31751924
31724964
31748368
31744568
31736456
31726724
33441892
36136312
36729756
31742920
31707624
31731880
31690284
31995176
32059316
32177436
31724644
32431932
31765828
31842232
31738596
31740892
31709496
31713100
32069616
31715448
31706008
31721316
31967548
31734008
31728260
32200888
31723040
31748248
31732616
31748376
31728352
31758600
31736392
31719648
31735764
31739948
31756016
32002512
31747492
31746828
31751080
31796932
31735388
31708980
31742020
31712992
31743512
31764324
36133492
38936408
32288964
32438952
32184240
31749220
31687824
31758416
31761184
31752148
31947196
31717736
31730664
31715464
31739176
31719488
32375680
31700344
31878940
31911128
31983828
31762472
31733328
31787368
31753132
31728120
31750432
31787084
31778936
31771556
36452140
37725240
31778556
31734012
31701236
31750668
31878856
32534424
31774568
31895728
32363188
32426528
31843836
31849976
31764084
32062840
31764052
32141428
32171764
31746092
31870508
31908548
31771068
31973888
31787044
31743456
31754548
31806232
31773260
31736064
31779840
31805908
31953884
32002180
32294784
32359128
31871060
31759500
31765780
32102376
32683264
31854240
31901396
31762892
32244268
31807288
31937028
31781612
35128084
37001348
33252432
32068340
31725596
31693148
31736672
31772656
31754604
31764584
31751344
31672516
31833124
31693296
32223156
 
31754916
31749504
31816264
31750256
31719160
32441592
31816780
31848952
32017244
32130244
32201340
31770880
31720360
31736440
32058832
36199188
37485856
31770944
31748516
31732268
31717704
31787448
31731988
31740792
31713880
31731048
32306928
32376424
31727292
31829424
31748772
33127932
32110336
31694772
31704480
31752300
31754300
31728732
31709896
31692112
31787924
31769152
31751708
31731796
32104068
31766676
31712440
31723844
31756656
31677844
31782008
31732332
32953268
31789684
31766572
32025968
33739332
31723352
31727572
31716944
31775332
31756380
31739204
31705488
34462884
33022624
31745124
32484456
31747204
31721532
32365916
31966280
31746184
31769496
31950744
31803160
31772508
31759340
31721288
31775932
31970324
31746052
31766828
31730728
31802892
31776764
31792896
31760608
31754788
31800668
31745272
31774604
36903012
38676272
32369728
31718876
31741876
31749628
31718868
31766988
31708424
31966400
32033964
31722936
32066244
31729920
31714044
31737952
31763652
31739348
31730032
32325248
31815360
32158420
32191832
31740128
34110184
32574508
31946188
31724416
31737080
31746736
31708884
31775056
31727776
31771892
31763128
31740752
31781760
31727120
31725492
31720428
31744180
32053508
32019268
31720392
32126320
31799632
31740020
31720060
31717008
31733392
31743744
31760440
31944384
31700956
31668856
31724284
31681948
31729232
32152316
32485704
31885316
31980120
31706012
31684568
31685716
31757456
31728832
31706876
31676416
31689856
31671760
31705268
31711684
31734032
31672276
31723948
31742332
31707064
31703332
31694452
31733616
31671356
31710656
31746296
31689308
31726232
31694288
31755968
31772212
31736792
31729912
31676000
31685048
31789900
31819680
31715040
31679884
31693320
31744912
31804704
31715040
31674704
31686152
31823056
31750840
31710144
31705708
31700396
31684172
31761044
31703028
31729304
31675936
31730500
31689256
31711268
31700888
31672048
31732416
31687392
33255084
33507028
31701956
32503960
31754168
31742156
31710584
32214820
31737112
31676112
32304720
32188396
31754568
31839880
31971396
31812952
31872592
32254620
32165732
32456880
31760532
31843000
32493820
32508168
34567808
36391712
34541264
31793848
31969084
31724272
32102176
31656880
31960824
31725912
31733748
31720888
31701472
31743096
31824308
31746380
31733056
31711156
32178484
31714408
31748880
31713648
31708088
31913984
31748376
32013000
31673340
31747484
31714488
31745628
31742328
31738524
31784896
31764084
31721324
31732400
31725780
31767248
31742324
31742324
32466316
31765844
31774320
31740048
31733364
32114640
31688692
31785580
31715896
32953172
31752576
33764588
32015692
33439600
31743608
31964492
34722164
33092276
31856292
31739636
31701044
31776336
31754584
31738428
31736792
31690232
31724600
31798172
31846288
31743956
31720676
31758112
33562604
31682484
31724768
31741052
31757868
31697632
31730672
32106444
33686528
31966664
31754804
31757100
31709668
31755404
31738608
31692668
32216008
31747284
31782836
31743972
31718000
31729228
31784460
31797356
31698152
31742572
31759332
31734372
31794684
31736220
31730848
31645516
32168792
31761304
31761000
31751608
31974448
31731588
31771124
31915556
32990592
34674280
34652204
34568180
34573064
34927312
34560724
34728684
34622560
34525408
34551068
34532440
34774208
34748872
33552516
31818524
31719484
34192848
31735404
31755080
31703852
31730204
31700620
32250808
31736100
35886644
32659360
32033704
31749808
31754756
31813320
31910164
31779736
32472268
31864116
31791912
31831320
31734448
32111804
33905636
32051496
31810200
32201656
31697536
31753284
31719488
32190856
31899880
32511936
31735668
32694040
31800200
31768256
31767308
31677924
32136124
31768756
31749008
31775628
31728016
31727800
31866204
31780324
31732120
31945152
32119868
31799572
31747228
31707612
31998596
31804524
32231708
31761792
31689040
31871728
31798828
31781440
31733252
31736348
31831720
31845980
31782584
31773932
31721560
32259940
31792596
31744292
31745324
31769176
31702096
31809524
31782988
31763972
31724960
31765168
31823304
31753908
31742948
31730008
31771544
31766108
31751448
31748280
31724168
32609272
31988912
31811664
31743356
31756524
32428708
31752464
32233664
31836732
31833208
32266800
31783360
31924608
31804164
32055412
31805400
31711264
31788908
31734428
32367152
31739720
36093488
35410044
31713480
32545672
31731328
32067832
31744976
31731816
31802736
31962276
31917156
32465108
31766748
31797756
31747812
31730948
31785228
32066968
31772080
31755624
32470568
31867248
32014772
31791212
31735056
31739336
31764528
31770796
31831944
31797684
31795720
31699808
31811336
31766760
31752668
31746300
31736960
32100012
33024628
33067912
31892552
32492100
31780620
31921988
31755536
32029716
32105948
32403188
31761236
31773432
31743216
31761268
31727308
32220352
32049092
31745712
31707756
31787368
31784152
31761952
31756164
31720952
33756480
32559056
31920256
32329956
32397880
32982412
31755412
31925640
31785520
31728712
31876160
31738600
32506384
31792612
31961216
31806804
31780716
31757268
31723748
31752236
31940524
31777436
31783800
31733060
31720756
31785924
31784300
31772352
31729936
31793500
31744948
31786208
31772512
31751164
32291644
31755380
31749040
31771732
31758276
31809780
31746764
31747612
31727512
31753712
31832432
31767104
31804424
31758076
31744660
31799892
31782112
31777628
31756480
31755204
31750592
31787588
31855340
31709084
31750504
31742944
31727908
31702912
31863072
31783256
31709388
36234060
35527692
31729456
31785524
32439000
31769756
31755616
31741724
31783756
31751432
32130668
31802704
31992864
31795676
31738740
31741492
31740616
31760348
31760976
32196788
33147856
36143840
37160264
32178396
31772056
31956216
31723660
31725376
31739696
31718088
31860408
31906904
32102948
31728644
31693540
31716432
31728548
31790172
31743880
31722524
32489112
31760968
31742144
31790564
31736032
31708752
31707340
31792608
31755724
31750072
31701776
31764516
31724348
31747544
31693932
31769432
31803884
31725276
31743640
31711680
31681644
32073816
32096268
31715000
31734636
31719724
32120296
31700912
31775824
31735876
31736684
31762608
31759712
31757088
31723768
31749480
31739560
31680832
32102672
31713968
36357628
38614900
32419860
31705916
31730224
31785324
31733120
32117256
32129164
32214088
31769244
31759992
31774844
31731504
31842668
31797060
31742636
31738184
32118444
34821520
36753172
34038200
31755612
31838796
31805096
31748896
31708940
32008760
31711828
31751020
31758144
31748860
31738064
31687384
31830708
31884292
31943752
31754104
32285924
32403828
31889428
31760412
31744188
31721824
31744908
31751724
31745512
31724852
31726468
31720840
32068996
31733832
32898120
31999788
31737840
31746668
31678572
31730784
31758956
31704364
31758300
31752316
31690604
31783148
31734608
31728992
31771964
31733952
31750704
31949888
31746796
31755536
31725112
31719840
32334172
31729816
31730460
31780580
31743828
31715800
38762060
32847752
31959504
31750916
31735464
31723892
32479892
31741924
31744612
31734948
31759216
32157776
31802956
31862460
31734980
31698656
32500116
31802364
35981392
38016432
31751564
31724304
31771124
31682216
31742008
31749020
31783920
31733916
31742052
31702860
31941756
31776128
31751168
31698504
31749908
31728776
31777304
31699640
32107348
31719560
31766740
31758772
32048208
31741500
31738964
31724040
31797192
31741456
31702428
32193160
31759696
31770232
31695412
31773104
31828520
31758280
31744164
31701952
32540516
32093476
32394076
31724856
31761032
31754460
31766384
31818768
31791604
31746164
31808752
31771320
31829708
31781896
32408896
32405608
32163360
31821504
31787540
31820872
31749244
31765704
38084472
32196028
31757500
31722028
31760752
31717696
31747248
31717268
31877560
32075656
31737356
32266060
31721248
31684520
32521528
31775280
34324716
36276292
31719184
31763752
31764268
31753644
31706404
32146384
31760576
31833680
31748404
31676912
32392272
32197800
31735244
31751568
31711100
31769108
31698936
31981324
32446588
31889464
31780176
31755460
31735780
31711620
31753124
31787552
31745704
32028272
31726764
31696736
31787872
31752048
31736800
31733780
31759316
31762356
31758452
31769872
31759588
31743712
31743880
31720552
31755064
35078024
36903212
32846588
31954596
31742788
31743400
31738460
31750816
31749664
31793840
31713568
31776596
31703876
31993908
34585416
34597044
34622876
34580548
32566932
34247048
33752488
31726012
31743404
32098032
31718524
31748284
31718640
31777248
31741440
31706504
31754464
31723364
31700808
31760728
31725392
31774756
31724044
31722528
31740352
31731228
31739540
32151492
32263232
31698064
31691824
31736672
31749192
31731056
31687452
31697792
31711348
31735480
31729032
31735376
31705956
31739460
31764840
31754036
31725028
31766780
31724780
31721912
31761440
31726080
31767300
31731968
31718696
31724080
31718880
31774048
31740816
31721448
31715240
31687892
31775284
31749220
31719084
31718584
31707700
31808808
31773868
31783352
32271768
32186300
31783580
31781840
37715092
35792148
32212480
31828948
31787240
31766084
31706672
31780832
31925220
32704628
31782100
31751924
31821688
 
31764308
31754176
31705152
34715968
32755192
31757196
31929828
31783524
31771844
31799708
31789492
31746048
31763840
32962252
32197140
31717204
32170096
31753424
31751108
32301720
31726692
31735676
31739596
31745252
31752552
31759112
31751516
31706084
32398972
32387644
31800652
31739116
31733796
31770644
31745104
31757580
32221620
31734584
31722240
32128328
31723948
31706772
31723664
31708872
31961448
31711188
31724500
31705904
31759532
32193368
31727824
31699896
31755496
31746708
31736168
31738648
32179124
31809416
31876104
32272832
31725380
31711416
31890568
31726956
32055916
31717400
32987228
34200988
32210720
31761940
31663124
32417948
32194724
33339452
31778940
31753140
31758688
31904408
31748032
31725384
31726452
31763124
32505464
31848416
31763616
31721488
31739100
32345168
31727256
31773068
31937760
31776816
31738732
31697652
32172264
31756172
31754820
31749632
31732224
32341840
31729380
31706236
31847380
32036052
31988116
31775592
31708936
31770628
31755832
31704972
32194744
31703988
31821948
31997348
31719840
31771520
31685012
31849232
31738064
31736748
31728132
31793468
31883884
31710600
31726592
31735552
31691412
31708428
31898388
31776272
31731948
31725636
31749348
31734816
31925572
31748268
31777020
31750252
31732836
31723036
31775952
32376656
32446976
31726952
31780268
31740344
31747396
31703076
35134052
32457408
31782820
31769228
31748952
31796328
31738004
31742232
32105192
31757120
31708496
31804428
32434592
32663880
32502336
32244672
31820920
31750764
32078584
31720488
31763044
31778808
31780232
31949708
32084760
31794056
31746952
31743360
31764868
31755272
31799236
31764400
31753232
31701512
31753312
31797632
32511796
31773592
31785320
31707304
32012780
31770476
31765104
31736376
31749896
31944780
31776844
31767676
31756604
31774532
31719376
31927056
31769628
32222916
31798124
31701920
32450356
31790732
31900640
31791168
31751664
31720580
31768028
31759748
31778576
32471628
31733816
32078164
31747744
31784348
31811692
31854216
31733020
31783952
31796924
31754720
31715708
31718208
31781484
32623376
32588124
31823404
31763504
31753140
31788468
31780160
31766244
31694696
31782960
31738324
31776260
31866576
32798004
31827248
31743632
31756968
31718236
31723268
31756444
31767092
31764624
31665728
32525940
31750800
31712424
31779124
32310016
31759144
31701752
31748756
31724788
32137008
31741716
31794056
31735168
31745156
31723180
31788016
31760640
31741700
31737828
31706276
31763428
31743612
31760576
31726792
31713556
31755312
31721028
31751188
31724404
31735100
31806552
31722768
31719520
31712728
31774884
31736012
31730292
31723324
31724452
33461812
32430756
31824648
31702556
31757344
31789880
31733720
31732156
31731044
31763004
31789028
31728320
31752836
32107496
32566756
31935212
31738552
32423172
31709640
31771056
31740000
31735756
31729760
31663344
31781720
31747192
31742840
31722096
31718644
31737316
31737000
31747868
31735812
31697916
31766196
31739308
31757596
31746268
31711832
31758532
31713716
31739876
31750084
31723076
31761400
31716188
31702996
31714096
31770580
31735576
31732144
31725272
31727568
31778132
31731092
31726420
31720916
31674372
33013604
31993556
31730296
31707804
31765028
31743200
32341928
31729952
31747780
31742296
31776188
31703112
31749260
31729496
31690628
32160608
31734948
31831888
31696744
31739784
32179548
31743516
31765736
31710896
31746912
33060184
32467836
31789168
31732248
31721888
31692220
31701572
31713424
31708872
31748984
31740232
34297588
36186964
35497992
31877572
31746856
31759180
31695200
31691932
31819264
31752276
31761536
31712772
31755388
31680716
33026816
32276316
31744340
31708228
31800868
31766884
31733568
31749724
32423512
31773832
31715036
32140432
33723276
31773980
31786840
31815196
31730496
32619048
31871732
31744104
31749464
31691876
32141744
32287148
31728428
31703828
31717644
31745744
31745572
31730744
31726188
31702660
31742368
31716600
31749260
31752112
31681624
31800312
31757192
31733756
31739484
31720784
31775868
31753160
31754068
31700992
31732872
34640400
31717196
31714008
31711012
31731656
33007840
36272832
37933356
31875500
31831120
31749376
31729140
31722876
31725928
31779060
31748220
31724224
33931460
36286388
32214500
31743584
31765932
31739724
31696156
32455796
31780668
31759452
31708596
32163604
31720672
31714276
31728952
31855680
31777632
31756252
31683472
32296156
31707944
31608536
31779872
31739260
31699120
31949932
31722520
31769192
31736048
31716460
32072700
31695304
32230548
31741744
31758300
31739872
31684404
31879264
31748932
31729232
31721608
31679692
31794860
31755920
31749920
31718004
31734448
31684792
31759672
31756892
31705852
31793544
31789772
31732180
32017220
32038464
31780632
31749072
31769372
32478056
31814656
31826620
31959756
31788272
31773744
31739328
31748660
32063348
31773156
31746044
31739424
31792228
36051176
37910828
31731248
31761384
31744656
31723536
31727612
31729080
33050224
32520808
31879672
31730092
32157880
31801584
31739528
31735764
31744508
31744628
31743968
31743940
31719508
31951068
31728472
31787020
31706032
31716172
31698828
31787452
31861416
31698112
31753948
31730304
31769404
31716148
31868224
31761284
31726988
31686728
32105880
31739088
31717336
31771392
31730292
31760408
31924580
31750644
31711784
31769452
31686048
32090240
31726680
31723360
31755352
31792900
31750108
31723804
31717868
31758756
31676136
32110424
31712388
31740244
31773052
31725708
31706544
31837568
31738128
31776188
31749640
31687456
31741052
31737812
32527124
31771660
31930232
31997544
31820252
31733976
31758916
31730808
31783776
34162240
32189124
31743840
31699940
31754052
31785740
31739712
31742212
31731180
31693464
31829720
31736512
31716924
32321996
31713096
31777428
31754096
31743756
31688988
31766416
31753704
31746960
32405380
31685972
31760204
31745932
31769244
31799524
31688504
31714068
31792480
31742844
31737648
31700400
31737344
31730456
31782188
31790344
31768424
31800092
31760464
31734076
31782612
31716768
31793936
31762892
31740788
31736348
31760024
31824648
32041852
31771944
31748456
31690416
31805732
31810196
31792680
31761192
32140244
32245736
31776992
31775680
31741452
31820140
31771304
33309100
32142424
31765948
31801040
31753872
31737328
31780832
31993896
31833132
31783908
31782068
31741356
31776200
31829104
31787084
31783320
31747876
31718572
31826108
31764484
31786912
31735748
32140452
32230684
31774396
31780688
31731408
31779612
32345948
32166752
31802236
31908640
31801392
31751800
31771944
31737116
31750240
31826644
31766792
31769980
31753872
31736836
31816692
31775720
31978180
31747528
31750768
32473004
31732328
31759948
32022724
31748932
31778176
31704608
32773380
31756028
31766960
31743068
31725196
31722040
31703596
31755712
31803256
32009820
32138344
31720332
31762936
31711840
31781712
31729184
31677292
31772200
31720868
31770760
31739104
31756420
31799660
31714908
31764424
31727392
31744784
31783768
31736088
32292780
33384792
32255776
31990920
31738496
32116752
31680764
31746904
31809556
31884516
32072272
31706056
32288284
31729060
31683028
31765536
31735104
31737872
32133292
31716916
31717940
31752544
31743068
31740924
31732424
31677748
31752392
31781060
31735144
31731940
32002396
31753372
31695396
31769284
31747720
31738888
31757928
31710692
31772416
31766060
31694788
31751104
31832420
32030660
31728104
31734260
31758400
31762100
31737240
31736384
31710052
31956672
31739600
31698780
32508424
32082096
31742384
31731236
31750776
32829216
31917992
32081216
32028608
31782548
32113116
32524400
31783896
31816620
31777912
31751212
31843428
32402012
31795368
31774320
31912216
31835488
32073868
31850952
31692684
33505360
32103780
32159868
32150420
31724556
31837716
31989952
31808176
32222588
32094956
31703784
32252308
31824484
31912080
31803256
32069472
31750888
32200028
32318192
31756652
31770532
31882616
31982256
31782140
32097056
31801940
31727676
32431260
31745428
31759908
32236616
32305496
31793548
32464304
31861516
31951816
31814076
31772332
31772476
31787428
31772280
31789656
32326016
31757272
31826684
31756812
31961208
31785580
31784980
31801452
31778684
31736700
31791320
31948988
31943424
32063988
31789536
31750700
31796564
31808112
31722120
31950168
31763396
32127136
31795792
32481024
32227652
31809388
31867308
32001024
31776956
31738276
31772088
32205532
32136192
31742648
31753808
33020604
32169468
31784232
31783388
31736228
32041300
31982896
31776776
32129176
31718308
31805728
31785616
31943900
32136612
31818564
32013768
31782424
31772740
31770988
31681808
31812240
31765344
31740452
31774732
31746404
31758228
31952500
31783024
31759656
31690396
31802864
32000372
31772280
31729508
31735456
31753064
31773076
31744356
31747840
31777208
31781800
31793620
31766184
31725280
31697952
31806884
32232952
32338852
31731468
31779452
31728524
31802904
31766192
31740720
31779712
31697060
31777028
32201492
31740592
31779276
31735788
32076360
31726872
31719380
31810972
31875676
32083616
31721088
32154532
31763760
31760236
31743956
31736152
31800432
31757300
31785812
31938616
31801884
31755216
31764660
32220544
33063880
 
31911936
31796472
31765680
31756664
31754160
31740996
32484824
31798252
31773700
31747156
31788868
31726440
31725968
31847564
31739280
31807688
31755072
31708916
31788592
31772504
31790340
31737992
31725720
31738400
32413300
32528824
31819736
31778628
31779168
32010528
32332460
31767048
31735628
31757020
31783400
31776304
31760692
31765532
31697164
31791704
31922704
31775960
32270212
31747288
32247984
31772448
31771604
31978128
31756140
31790456
31720232
31809208
31761780
31790036
31795904
31771352
31748532
31774488
31808216
31795404
31784360
31766096
31980016
33255600
32002268
31751496
31789304
31738792
31794748
31782636
32306616
31765284
31698576
31819324
31770500
31763120
31755256
31735704
31817396
31769752
31775428
31768192
31755408
31784852
31788816
31792276
31742376
31750732
31780628
31739112
31784108
31904012
32084312
31789348
32096884
31774960
31689992
31814924
31781076
31756404
31750524
31717692
31715808
31806052
31778500
31779496
31754092
31772068
31792660
31866964
31766228
31725116
32093616
31749272
31747452
31793272
31746224
31953352
31899168
31766184
31718272
31767644
31752752
31770812
31791004
31754492
31816820
31768012
31726300
32467056
31756600
31965700
31769416
31765612
31752496
31705124
32361448
32174044
31739840
31811652
31724676
31769324
31683184
31849908
31687068
32364176
31757336
31977752
33328680
32546760
31774484
32228764
31781324
31782276
31941000
31805108
31703432
31778124
31916676
31768456
31785636
31750516
31703968
32000220
32047376
31801108
31740728
31746900
32427608
31711072
31802860
31798912
31781824
31714616
31813892
31798532
31771008
31803000
32109608
32187128
31753056
31742828
31882160
31760264
31730696
31788340
31714348
31803532
31739068
31773920
31735348
31741508
31767776
32363452
31767432
31833964
31766652
31768816
31733848
31785432
31762008
31752440
31761300
31762684
31761064
31742808
32341536
31726456
31735696
31790676
31709812
32194080
31744768
31741268
31779892
31732500
31708364
31731772
31754060
31750296
31669320
32847692
33922296
31726908
32198836
31734720
31733224
31715248
31673344
33752716
32157028
31784376
31720688
31712220
31774952
31726020
32520796
31759464
31756544
31725716
32252472
32849620
31854420
31767420
31730644
31702040
31785288
31816000
31791840
31743984
31702896
31704216
31738940
31765272
31685468
31799868
31722204
32351212
31780548
31927988
31739580
31701888
31716144
32030120
31728268
32406048
31752096
31757140
31705772
31712228
32304532
31705172
31806960
31767936
31724260
31722764
31834564
31804516
31742676
31752524
31673900
31765392
31777144
32079236
31744908
31680416
32233248
31766220
31752324
31747616
31712724
31719168
31922380
31746188
31730064
32385896
31944512
31748468
31743024
31709576
32062028
31782652
31736792
31753472
31695148
32305928
31746760
31752328
32356424
32259696
31842836
31746512
31792156
31779684
31714040
31776204
31797544
31773776
31776344
31774068
31759216
32063440
31774236
31745672
31762696
31811512
31727440
31782788
31764812
32384876
31778468
31763644
31764000
31759692
31767636
31798560
31763540
32344848
31707144
32093544
31774460
31701064
31776268
31743504
31788132
31724356
32408048
31726896
31756836
31808708
31747788
31744680
31779804
31753760
31807392
31764972
31732756
32497880
31793308
31835080
32060364
31748064
31766272
31743228
32217312
31765280
31752856
31743716
31812032
31766056
32038996
31744276
31692472
31970116
31767964
31755620
31737552
32115584
31786280
32340284
33714520
32121556
31677200
31880168
31749656
32116128
31743536
35352124
32574380
32199680
32210680
31721732
31970476
31738312
31710876
31876484
31710932
31780552
32326580
32156064
31705792
31725448
31786384
31701812
31815284
31739972
31745072
31753652
32218264
32401204
32047804
31725812
31717468
31747500
31761508
31735400
31712468
31752392
31694688
31776692
31708780
31780584
31733036
31732308
31725068
31725172
31769216
31765868
31734092
31733952
31760956
31779648
31735620
31759996
31734000
31693844
31794152
31766916
31757088
31761008
31694100
31855084
31746092
31821512
31731444
31888476
31745896
31680364
31731908
31678296
31726212
31716640
32393444
32316564
32346444
31711136
31700756
31736016
31699028
31667552
31724660
31730872
31718964
31698640
31681968
31733108
32419056
31724128
31704388
31698908
31737268
31689620
31689260
31683916
31707620
31714948
31701020
31712320
31639580
31731132
31712920
31702840
31737740
31672736
31690004
31769876
31694804
31716148
31681952
31679092
31744592
31709720
32866528
31811452
31803792
32197740
31815880
31781940
31707144
31847452
32107992
32390632
31783460
31705880
31853804
31803712
31798356
32219492
31786564
31835552
31809588
32070652
32203240
31804700
31856124
31800632
31801376
31745668
32457260
31858596
31951688
32071788
32045920
32264308
31812608
32103160
31827840
32713604
32393420
32188800
31904428
31956648
31761188
33736172
32991572
35332512
36944632
33715024
31745772
32133048
31698576
31715784
32177296
31798660
31744288
32101612
31736152
31697844
31849340
31976632
31749084
31704236
31689780
31746876
31798136
31736592
32475908
31728500
31786320
31728304
31721268
31738660
31716540
31740744
31843864
31987988
32076256
31738660
31738964
31704312
31748648
32113496
31793444
31758676
31743648
31729596
31713756
31783252
32237104
31728620
31717500
31720068
31777356
31970920
31734920
31730544
31685652
31776196
31771536
31753772
31747756
31729816
31759964
32423760
31780176
31712808
31747836
31749656
31722604
31725984
31718880
31768884
31890424
31744508
32157036
31715956
31700264
31765624
32409772
31714196
31738476
31736948
31743596
32097564
31715916
35847972
37614984
32015612
31731540
31713424
31709044
31789416
31731852
31826216
31759420
31756716
31738724
31706148
31796192
31717716
31765320
31738092
31755008
31742040
32019080
31969828
31750860
31735564
31704336
31695184
31802864
31748664
31719132
31765772
31733532
31781952
31727736
31719392
31758736
31733532
31756684
31701388
31847048
31711884
32215672
31766116
31728752
31921128
31714604
31764404
31966436
32042672
31755236
31710920
32151032
31729064
31773452
31848428
32057264
33770992
32221352
32339340
31771924
31755760
31797288
31761408
31775612
32177792
31761908
31803224
31762964
31754568
32062996
31807460
31790472
31761792
32050944
31699800
32281264
31766584
31723724
36153036
36180348
31973976
31754744
31747016
31746272
31701840
31792684
31748368
31766420
31729752
31714388
31795644
31731132
31738680
31714596
31718160
31754588
31714096
31761596
31744332
31771816
31717104
32972896
31735956
31700004
31750996
31759712
31749460
31734420
31719708
32219220
31736524
32408356
31788908
31732492
31764344
31701768
31809108
31728160
31727528
31757304
31774568
31747180
31739432
31731400
31742112
31817064
31769724
31726656
31758132
32049196
31739064
31736964
31691156
32541040
31748460
31752680
31756496
31704556
31960460
31743476
32160220
31714548
31858676
31782240
31729564
31728628
31703476
31742632
31770668
31727636
31739328
31697116
31758632
32396984
32084812
31737968
32482964
31771748
31754300
31724672
31816644
48180512
39199980
31738840
31743524
31719680
31722112
31769612
32194600
31757980
31744936
31723540
31766328
32128176
31707704
31731572
31734932
31752344
32003452
31946456
31711772
31733880
31743012
31753760
31771120
31694904
32202788
31747520
31713772
31754008
31732344
31779180
31741624
31708240
31733480
31743260
31779096
31750732
31728988
31725540
31718788
31793968
31922932
31738352
33800004
34582448
34698096
34591688
34773576
31768656
31772736
31805980
31806220
31778452
31755528
31779556
31783612
33007824
36168912
37201436
31789956
31738504
31744484
31715676
31714580
31771064
31753136
31751352
31729220
31706300
31726508
31730952
31777520
31738476
31704216
31746112
31764956
31758472
32009996
31746708
31740160
31728468
31763560
31729216
31778660
31725076
31734300
31731760
31717732
31779236
31731164
31734948
32385440
31688440
31795324
31751148
31727496
31698188
31767080
31786956
31724252
31718116
31821064
31693672
32392720
31725248
31763784
31722712
31769348
31724008
31756452
32107652
31695788
31736452
32229544
32342092
32175020
31708672
31954404
31774144
32152968
31965176
31729872
31775220
32089580
32181952
31748688
31726224
31772868
32146260
31761920
31733628
31717116
31779284
31754412
31746140
31741668
31766244
31777288
31737228
31736096
31739112
31773552
31726400
31730880
31785844
31738644
36861116
35596820
31715596
31793332
31729956
31773212
31718936
31725644
31665532
33712560
32219084
31747036
31727812
31736440
31759760
31723576
32163076
31719736
31714872
31748564
31890372
31738744
31743944
31688900
31687832
31781196
31940012
32045252
31731884
31706672
31750048
31763864
31691084
31841156
31781604
31736904
31752784
31664608
32063332
31764484
31715760
31731060
32140128
31764236
31940928
31727036
31716744
31726832
31772924
31738880
31733748
31684948
31745528
31768676
31753600
31725536
31737120
31689960
32399388
32437568
31744860
31786344
31718700
31771964
31746260
31718036
31737960
31788844
31798684
31745244
31771460
31686360
31738844
31821432
31728376
32461636
31750668
31786856
31743092
31712804
 
32248216
33124792
32871688
31767308
31719768
31753588
31731040
31772664
31704596
31729020
31724852
31734280
31750944
32115776
31719992
31734992
31734288
31776056
31739892
31748532
32878352
31943508
31785172
31766724
31766892
31744740
31901228
31746280
32246644
31745156
31700028
31832184
31886280
31974176
31771584
31736012
31781936
31713332
31808068
32307020
31761232
31776216
31870468
31773740
31728868
32468032
31812648
31753992
31781416
31744408
31744228
31833228
31956348
31783208
32012812
31758420
31980764
31765540
31761508
31728936
31973044
31742920
32124472
32447596
32222700
31800756
31779320
31731176
31805860
31743084
31810524
31707004
31856144
31905664
31747428
31797892
31749504
32181104
31751700
31769544
31812904
33269868
32187612
31750780
31803356
31733304
31745172
31774404
31746032
31793912
32240736
31740380
31737692
31754828
32012120
31774592
31736824
32071100
31743900
31776272
31779940
31890868
32034064
31769776
31806472
31763684
32086228
31699996
32129104
31772804
31729668
31780764
31749976
31794536
31752216
31717432
31798228
31727944
31740152
31776480
31738928
31761020
31773868
31746908
32052708
31723552
31800616
31736356
31802680
31716944
31735256
31805620
31748560
31795100
31763624
31703204
31910332
31751600
31798328
31712592
31852164
31768604
31967868
31808948
31816908
31701484
31776368
32203576
31791504
31756056
31797800
31730608
32731640
34382964
33762012
31722224
32956288
31755868
31793996
31788876
31773864
31754236
34042040
32364148
32200456
31764956
31766900
32077332
31887572
31765128
31759252
31735352
32171256
31848804
31725244
31903940
32036364
31781320
32068784
31751816
31684112
31785636
31762560
31757852
31753352
31709824
31760664
31777036
32035576
31753544
32278100
32166460
32449724
31772444
31791052
31742376
31788104
31732992
32195644
31755988
31763608
31784764
31758712
31762924
31708848
31763904
31804804
31801792
31744840
31681000
32111432
31697764
31739328
32192912
32785608
32056196
31738256
31790548
32456460
31764396
31826048
31780676
32295252
32394500
31749720
31824836
31784624
31788400
31790928
31755552
31789372
31791736
31822692
31762528
31830720
31756352
31758280
31790576
31912452
31803960
31776740
31776344
31774884
31756088
31831708
31789852
31770164
31786964
31779572
31808188
31795332
31784308
31777812
32100896
31806444
31821876
31805872
31748304
31774448
31780044
32184524
31775836
31764988
31801692
31808268
31759868
31765820
31703316
31935692
31794376
32144284
31768028
31739444
31778012
31790876
31799364
31773064
31751788
31793064
33580104
32261504
31812392
31784288
31815132
31764272
31769088
31740996
31782872
33338060
32693628
32219792
31771852
34216340
31775736
31780796
31749232
31710716
31807532
31766696
35410048
32581444
31900028
31822328
31792468
31748232
31750656
31683624
32231692
31785704
31790352
31730580
31759144
31810232
31773140
31754928
32007000
32056388
31789572
31737848
31775008
31734060
31784580
31740128
31791644
31750628
32229068
31728348
31781152
31767124
31793584
31770700
31752352
31753720
32137800
32444604
31705048
31741828
31801936
31743124
31741456
31730996
31786164
32445472
31745536
31781456
31755148
31770240
31754776
31780112
31777648
31753304
31753244
31931408
31763720
31753400
31744456
32218400
31943992
31777816
31743488
31814492
31756456
31750496
31893580
31735928
31801884
31710788
31762536
32683124
32422280
32474440
31725776
31736408
32255612
31736000
31905016
31798484
31769728
31740080
32256856
31801812
32317000
33308304
31736096
31737584
31771292
31785192
31794464
31743936
31752280
33406572
31734072
31753068
31713732
31739544
32156724
32236416
31717408
31692572
31740340
32444304
31714300
31748008
31729728
32042124
31711648
31748500
31744492
31756748
31725868
31958396
31745872
32315264
31717040
31770212
31746048
31743004
31677860
31766140
31732300
31807028
31764568
32059988
31773260
31737456
31709008
32360872
31687944
31657424
31793064
31915196
32113016
31721424
31732624
31792080
31747552
31711420
31893272
31736352
33619160
31864852
31734188
31667760
32007444
31762400
31705964
31787280
32048080
33332376
31792376
31837616
31770488
31686356
33026044
32003736
32255560
31718860
31699892
31770920
31720528
32362940
31715320
35416892
32464048
31772356
31730544
31675036
32425312
31774608
31760336
31726736
32132316
31703000
31785600
31759304
31966956
31673376
32432648
31728136
31755308
31758336
31721904
31736636
32441092
31687676
31849452
31717924
31770508
31735404
31709528
31716700
31713004
31788048
31774528
31779360
31785540
31750592
33002348
31759364
31758220
31716200
31725888
32416528
31721760
31786716
31993332
31785840
31740824
31781268
32167812
31735192
31788216
32487412
31780684
31733872
32265812
32183912
31754416
31766708
31901580
31686172
31777428
31767828
31713112
31740620
32160812
31940468
32831384
32742812
31731480
31756844
31774412
31897208
31806812
31775176
31784852
31749140
31732276
31760044
31759740
31806904
31767580
31736340
36607416
37069220
32727128
31748480
31746664
31735680
31903484
31757324
31753764
31730436
31740736
31691804
31763896
31703700
31751168
31709288
31700420
32108756
31730064
31750108
31654560
31764372
31770260
31693276
31749940
31713540
31778952
31716992
31694480
31742620
31715576
31758892
31675876
31957324
32077604
32169692
31764624
31717600
31724376
31718100
31680424
31807700
31749912
31722280
32111544
31720256
31775028
31730320
32078552
31690720
31725248
31758412
31767168
31726332
32019196
31750960
32465712
31755460
31759216
31712256
32194880
31728872
31770772
32567872
32488240
31851460
31762916
31879844
32124120
31788480
32246400
31750756
31751340
31740688
31819540
31761712
31774020
31751900
31732340
31885212
31773880
31755892
31762772
31755900
31767820
31785308
31792728
31793616
31751212
31793476
31722300
31762016
31736116
31752640
31783848
31750444
31783752
31755852
31731240
31792540
31756996
31749992
31765012
31774144
31819468
31742148
31758212
31703584
31754948
31782392
31762792
31751484
31720796
31751412
31757892
31786636
31760092
31726888
31782828
31962896
31786036
31895556
31754300
31790600
31760292
31722208
31788644
31909676
34028408
36224704
35514160
31736892
31713112
31753536
31692664
31736952
31724176
31725596
31754956
31731768
31754128
31723160
31778068
31742072
31715908
31705856
31739036
31725112
31763672
31749528
31717500
31706528
31738908
31747972
34093112
31741820
31689276
31771516
31732796
31704000
31701876
31705600
36694028
37989296
32232508
31985876
31722104
31729748
31750760
31752048
31693988
31730712
31753460
31676796
32714472
31922704
31754600
31834192
31755868
31786248
31809692
31761724
31760828
31820028
31792832
31767940
31755816
31807308
31739592
31822996
31904932
31817140
32263000
31756124
32013968
31768284
31794284
32196884
32144524
31793348
31761432
31931348
31780356
31786836
31965360
31759908
32300020
32956900
33767296
34214048
32075792
31768180
31747116
31732652
32018600
31788484
31709928
31768944
32183292
31726592
31899460
32015512
31898388
31752336
32186412
32849084
32185424
32051156
31686344
32067504
32439136
31769088
31787504
31720436
31727780
31740536
31680672
31897572
31710424
31836336
33018844
32095668
31860052
31910996
31762696
31720768
31723432
31743732
31702008
31893120
31735412
31740912
32305944
31717388
31781880
31738952
31749220
31981704
31744388
31806340
31741644
31726632
31677452
32367504
31755600
31745400
31740180
31695388
31760188
31934908
31745732
31699844
31715280
31729944
31766164
32257996
31719396
31672628
31832460
31797836
31740452
31744400
31662812
32290936
31742560
31690816
33134748
32188168
32340492
31743960
31735292
31714320
31756408
31796376
31740072
31749032
33712948
31730680
31765112
31717376
31722216
31738292
31692476
31791748
31751648
32096868
32938476
31698120
33746928
32400092
31731596
33690712
31723888
31736896
31739808
31726552
31703688
31701272
32648408
31768092
31718804
31679836
31775492
31747348
31694064
32296424
31698156
31810980
31707064
32525664
31733704
31747804
31770620
31708904
31749752
31734640
31731028
31733736
31691896
31752364
31714048
31745404
31742480
31741972
31740896
31669972
31766268
31735164
31708616
31827568
31705988
31742080
32119840
31692184
31743964
31957620
31770868
31701140
31743300
32252424
31722856
31736544
31697860
35820620
38446316
32052400
31953148
32023732
31716680
31699808
31863368
31969904
32045148
31758188
31758360
32060312
32078272
31708344
31731304
32433392
31780240
31707020
31704976
31869988
31742680
32021460
31732400
31691668
31773968
31853524
32105868
31998928
32077464
31670212
31764204
31726492
31727892
31706140
31749116
33276104
32135648
31718344
32192056
31749556
31945380
31737432
31706692
32004304
32017448
31764324
31721108
31705788
31711708
31882620
32089588
31737360
31730592
31700548
31724896
31769988
31750684
31737108
31676804
31806588
31758720
31739576
31747028
31712796
31652500
31780644
31735624
31735960
31721060
31680340
31947048
31779356
31951388
31695468
32426720
32064920
31779756
31739276
34448980
32391364
32249184
31802508
31740460
32118144
32213664
31831876
31799100
31737496
31819040
31774792
32283840
31788924
32034588
 
