Procesando...
  Filtro             : mblur
  Implementación     : C
  Archivo de entrada : lena.256x256.bmp
12637376
12596580
12576208
12753472
12660848
12633036
12565168
12557412
12572820
12542652
12571616
12581216
12578140
12584700
12576752
12600872
12576760
12578600
12577100
12743084
12605736
12594512
12652468
12592780
12608084
12597220
12543672
12542636
12579344
12572056
12586388
12578376
12584648
12577736
12580972
12576560
12582532
12572088
12577280
12577156
12584036
12577788
12603660
12631536
12579632
12597948
12575280
12577384
12576524
12576088
12582564
12579324
12569892
12584456
12570712
12586612
12581368
12571492
12597568
12575856
12585068
12576424
12576512
12608428
12576388
12585840
12630880
12577620
12587020
12572396
12586128
12573824
12580228
12576936
12572412
12577832
12573580
12572292
12576296
12574216
12578380
12576784
12571608
12548236
12622364
12618148
12596816
12624936
12592832
12580092
12599788
12580204
12571204
12576772
12574224
12582068
12574060
12570500
12578820
12573812
12580512
12542832
12542856
12577604
12574580
12658272
12600564
12594196
12623700
12577560
12589220
12575048
12573952
12576468
12576884
12584092
12575808
12578116
12577504
12579208
12551272
12569180
12569148
12582548
12569144
12584044
12645736
12608192
12607444
12602240
12583288
12573712
12574060
12578092
12575164
12578000
12577676
12571424
12556156
12637424
12746452
12574252
12583932
12578092
12575044
12594700
12596992
12672288
12611636
12618908
12595788
12576140
12568544
12580852
12564176
12583008
12543196
12575424
12574272
12577260
12583832
12579344
12579016
12582248
12577140
12585092
12571268
12599244
12633512
12598968
12643520
12586292
12580072
12582580
12542948
12572468
12577744
12570832
12581052
12575992
12620296
12574384
12575016
12576260
12575800
12575964
12573160
12576256
12608184
12620348
12597004
12637224
12586536
12552436
12570656
12586480
12588572
12578012
12608792
12577960
12568772
12542844
12577588
12572900
12581376
12581184
12565080
12568972
12578440
12654652
12618980
12620000
12632000
12584408
12587104
12577976
12582140
12577652
12549672
12571652
12570252
12585908
12583860
12583544
12577756
12599580
12684612
12583372
12564764
12582504
12641640
12602816
12685096
12656824
12587148
12595292
12580380
12588132
12569452
12580748
12579160
12573496
12581012
12583812
12596672
13725988
13720208
13646336
12822712
12678260
12665308
12611716
12737360
12607740
12584556
12579168
12584164
12575668
12621796
12753968
12643260
12821376
12587052
12627492
12576852
12597460
12609916
12584456
12907612
13716820
12649672
12573984
12615832
12618452
12750036
12581980
12595828
12541784
12543320
12580628
12582868
12575848
12583688
12581412
12584340
12584488
12541340
12543300
12576040
12581520
12593160
12616672
12579636
12616616
12579140
12583256
12581160
12580700
12583912
12580572
12582460
12578312
12581612
12582036
12584216
12542716
12574860
12579124
12582264
12572012
12596688
12605844
12604788
12578388
12617388
12582092
12576956
12585132
12540592
12544520
12584744
12582340
12576036
12586456
12575008
12579236
12589024
12543072
12582116
12580120
12584956
12581348
12612200
12597664
12583136
12621104
12588828
12573644
12591516
12581276
12585428
12576472
12577464
12582160
12576000
12582340
12580180
12581092
12571856
12541044
12575300
12579044
12572360
12605968
12575336
12608152
12614356
12586712
12579420
12584296
12576676
12581440
12586968
12577468
12584052
12583316
12583460
12579764
12542360
12560500
12565172
12559672
12565996
12565788
12607332
12570984
12605320
12599192
12566396
12579236
12648364
12608832
12574788
12578552
12571952
12574692
12587116
12577340
12578088
12578620
12576820
12575332
12577068
12541576
12558844
12604008
12578372
12601528
12584600
12571572
12577900
12571092
12581348
12573464
12579080
12577040
12575628
12573012
12574432
12575792
12572384
12575732
12542408
12569848
12573428
12598884
12599048
12572536
12614408
12584872
12572888
12577892
12575568
12576196
12573824
12576472
12575412
12579548
12574696
12578196
12551048
12542824
12567984
12934320
12597388
12579496
12578368
12581996
12629240
12615996
12579704
12578392
12578360
12577456
12586376
12572960
12572116
12577152
12586664
12579140
12577436
12720732
12965312
12960928
13199380
13313452
12919416
12742156
12550836
12617772
12573596
12568956
12562656
12564184
12562084
12575152
12586048
12573352
12577680
12576080
12575664
12576548
12585480
12581128
12576636
12569660
12570584
12631224
12649636
12563988
12624744
12584456
12580140
12577632
12578948
12572652
12585660
12574688
12573636
12575444
12577564
12582248
12572448
12574048
12572072
12542796
12568368
12575324
12627356
12610876
12597068
12626744
12587992
12586492
12576620
12581504
12573224
12574540
12576372
12576608
12578368
12574140
12577428
12577152
12631628
12582712
12581740
12579024
12579968
12687420
12610208
12596416
12613064
12587608
12580468
12578432
12572516
12574248
12550628
12577236
12574328
12580920
12573664
12585916
12574656
12575756
12574904
12577924
12572852
12573844
12641976
13211136
12615496
12603908
12581416
12576080
12577012
12573652
12576764
12573916
12577452
12574264
12550800
12540796
12568980
12581020
12575800
12571024
12574396
12587980
12593740
12636328
12585212
12621724
12602100
12545816
12547692
12569840
12573968
12572748
12579596
12573716
12579276
12569432
12574980
12573696
12573188
12573184
12570724
12575660
12571744
12596672
12623696
12583528
12623976
12575024
12581456
12576928
12571548
12578040
12575072
12578936
12574836
12583392
12573624
12574620
12573404
12566220
12574496
12574372
12575400
12571872
12616724
12624668
12564620
12612788
12593984
12579936
12582864
12575904
12580716
12570384
12574180
12573416
12576760
12572732
12589196
12573208
12574112
12579152
12578504
12576372
12572408
12608360
12598268
12601456
12609568
12594420
12578076
12580448
12572644
12579092
12571604
12576596
12569396
12574704
12572528
12572368
12575240
12573460
12573356
12576308
12542300
12548936
12633304
12587772
12617696
12606040
12587308
12623252
12640824
12586320
12576152
12578284
12574280
12587800
12572940
12578460
12573568
12574664
12596048
12631324
12576352
12579264
12618456
12669032
12603760
12622820
12593068
12582364
12577564
12580200
12577088
12574240
12577240
12572220
12578528
12576528
12542180
12570236
12582032
12573740
12577728
12576144
12582188
12659520
12803432
13161396
13432568
12767644
12631192
12588012
12583940
12597156
12578408
12580280
12576832
12578392
12570836
12575076
12575096
12572076
12575320
12574128
12578940
12571228
12640260
12603180
12610536
12589000
12591896
12586148
12580112
12576696
12551628
12543580
12574004
12572576
12573808
12572064
12577376
12570884
12585268
12571840
12577832
12577708
12590460
12629504
12588544
12625928
12592744
12581816
12573056
12548452
12540440
12573704
12572176
12573540
12570240
12581832
12570984
12576972
12572288
12569512
12585076
12576028
12575236
12605280
12638928
12589356
12629412
12585144
12577984
12580028
12651780
12603512
12583352
12576328
12577444
12573064
12577336
12571984
12573700
12574852
12541140
12560372
12579200
12572080
12654948
12633284
12609956
12604860
12591320
12580536
12575112
12569620
12576964
12576720
12572352
12576616
12576164
12576680
12571548
12544496
12572712
12574952
12568436
12578092
12571616
12657568
12602068
12618620
12599328
12585692
12577272
12575828
12574068
12582468
12575112
12572464
12572032
12571012
12542728
12562096
12570276
12571420
12601560
12568408
12578068
12569848
13173952
12772784
12692080
12613100
12585040
12581392
12578416
12542816
12566692
12574704
12569936
12575112
12568068
12578144
12579096
12575636
12569776
12576020
12571256
12572424
12605388
12652600
12614168
12630332
12820832
12978096
13067668
13497788
13365076
12793004
12603792
12647264
12612528
12603760
12574920
12576532
12580420
12581340
12573800
12591964
12576548
12704828
12606408
12599336
12617048
12587032
12552448
12577220
12575008
12572404
12578264
12572012
12575660
12574484
12576468
12575044
12583728
12570020
12575076
12574260
12571092
12575272
12644036
12598600
12603924
12570716
12579156
12576764
12573016
12577932
12571192
12578980
12572860
12579196
12573776
12579116
12569528
12573872
12574964
12573432
12573380
12571560
12580212
12637100
12559844
12609584
12598152
12570044
12576672
12572528
12576476
12568712
12580724
12568144
12577864
12569904
12571324
12574984
12572972
12572440
12573128
12574944
12569052
12567232
12591200
12587412
12633680
12589036
12575468
12577200
12574136
12579164
12572612
12576128
12574648
12573408
12573460
12580784
12573900
12572592
12574792
12571800
12573632
12541408
12603988
12611524
12588332
12623744
12598956
12575608
12578896
12576248
12574872
12569572
12577932
12572756
12574632
12575044
12573728
12574144
12568320
12576208
12545116
12568196
12572900
12631832
12596780
12605060
12613696
12594592
12567300
12577564
12568588
12572092
12567872
12572288
12577044
12571492
12569328
12576172
12569440
12543208
12563028
12571116
12578520
12569864
12645568
12593308
12593752
12605856
12585456
12569636
12572772
12574796
12650176
12604740
12579588
12580008
12592972
12543964
12561020
12579212
12568424
12573568
12573952
12576744
12570788
12678152
12595756
12603044
 
12584784
12577764
12578584
12572016
12572556
12575268
12573496
12572348
12543768
12566280
12573216
12569284
12573596
12569576
12573944
12567808
12576152
12577144
12633672
12583284
12612536
12584816
12574072
12575204
12576780
12574400
12571160
12542404
12542164
12574124
12570496
12580180
12568024
12576328
12574924
12576780
12574288
12576344
12594976
12633040
12588780
12642716
12607936
12602120
12576724
12573936
12543084
12563408
12578832
12573592
12577596
12602680
12668744
12637612
12598480
12579224
12573448
12577956
12575700
12688148
12601732
12600112
12610288
12546740
12540652
12572772
12577696
12578524
12838676
13074660
12969284
12875388
12648476
12559060
12564060
12558180
12568216
12553836
12566384
12553528
12682432
12637356
12607860
12571648
12562960
12559636
12558992
12557908
12562464
12559124
12560972
12561432
12538240
12572416
12578268
12576008
12570820
12576168
12569572
12582292
12587496
12636172
12576108
12611528
12574852
12874960
13349052
13128404
12644916
12581200
12591420
12580136
12610908
12576588
12580884
12566584
12573744
12576488
12573156
12575000
12572808
12616960
12570048
12582680
12615096
12608696
12704792
12587136
12574496
12581584
12589012
12574776
12571140
12582392
12574076
12573920
12574372
12572560
12576668
12545744
12543000
12572952
12615816
12585672
12613100
12614068
12574980
12575596
12578392
12572332
12572224
12572592
12576128
12577644
12572704
12576652
12578296
12575716
12595880
12562724
12571360
12576988
12570800
12616524
12574492
12601352
12610284
12577224
12568344
12576692
12572308
12573280
12574548
12573704
12573900
12583412
12574888
12542728
12570772
12570284
12577444
12571156
12576044
12577496
12612036
12568100
12599096
12588016
12573692
12575516
12573216
12577384
12574928
12574520
12577572
12576332
12540864
12570652
12569812
12586236
12577304
12579452
12572840
12576300
12589348
12628224
12569604
12615552
12577840
12573376
12577580
12571644
12576896
12573536
12575176
12541312
12573368
12570172
12577108
12572176
12575996
12573324
12579244
12570344
12577384
12590376
12607436
12574168
12614360
12572168
12574316
12575292
12572816
12579140
12539220
12575268
12573484
12575568
12569296
12577492
12570860
12575484
12567676
12575944
12576976
12570192
12600584
12600460
12583068
12615276
12580208
12570940
12573172
12542476
12561620
12579276
12573856
12581796
12577996
12579480
12574000
12548832
12542012
12571288
12570584
12576848
12648748
12644980
12582400
12612004
12641028
12582028
12576356
12576572
12575276
12574080
12574200
12592620
12575708
12549656
12544820
12571760
12575672
12571432
12577672
12579568
12581720
12570572
12640888
12610792
12658276
12607204
12569600
12569476
12576200
12576556
12573312
12571772
12541236
12571900
12569472
12574840
12572952
12578124
12568140
12575332
12572788
12574328
12634320
12608340
12585084
12614300
12576488
12578896
12592164
12609236
12858672
13454012
13164784
12649636
12591744
12574160
12582724
12587372
12578132
12552232
12561764
12580236
12591728
12624692
12583900
12615428
12572836
12585204
12571556
12584172
12578340
12574904
12579576
12576896
12877588
13254196
13098952
12714192
12595320
12581232
12576796
12589008
12578876
12605520
12624460
12575780
12614280
12543604
12561988
12575736
12573256
12576220
12571868
12577448
12579548
12581784
12571516
12577720
12571644
12566644
12572908
12571968
12570344
12582952
12611848
12607216
12584152
12606276
12581064
12578932
12567964
12574896
12577432
12583948
12583356
12579200
12579396
12574684
12590452
12577104
12587768
12576308
12570052
12581688
12588512
12629400
12608960
12605004
12616832
12600748
12608044
12662448
12548488
12578000
12597692
12580844
12580472
12582032
12569660
12580720
12573276
12584620
12568544
12567432
12577488
12575052
12690044
12595792
12610548
12616980
12549400
12583144
12577224
12571932
12586092
12572672
12585804
12571612
12580724
12586444
12572612
12582232
12577256
12571796
12579036
12581504
12587628
12634840
12561292
12586600
12593104
12590700
12573728
12582688
12579016
12580268
12582736
12578912
12570256
12579116
12575236
12579284
12577744
12574332
12583236
12572160
12584284
12568936
12609612
12593716
12625484
12590884
12579480
12572388
12583256
12570276
12586552
12572952
12577956
12580232
12571780
12585036
12579208
12579376
12578300
12575956
12549216
12574404
12603400
12617664
12581788
12637616
12589820
12582964
12577984
12580136
12583624
12576628
12574772
12578984
12580188
12582860
12579128
12574368
12549344
12543308
12585284
12571612
12576864
12629612
12597760
12607764
12617916
12581360
12584420
12573972
12605352
12581752
12575260
12580544
12578360
12594624
12575756
12550084
12575208
12638452
12597068
12578424
12570824
12588880
12992820
12695416
12662948
12576960
12580040
12587144
12591400
12581936
12553208
12575112
12574996
12577812
12580040
12601960
12589792
12573072
12586524
12574660
12575124
12577064
12626756
12730144
12986888
13197700
12911704
12740460
12606340
12577864
12573688
12571004
12584728
12574080
12582828
12573292
12577984
12572776
12573296
12544432
12563256
12570028
12577884
12648828
12590328
12602104
12607296
12584048
12583292
12573140
12636872
12976936
13439632
12804760
12626156
12596836
12571692
12591144
12587872
12585652
12570572
12565748
12579828
12582160
12655792
12586892
12599904
12580888
12547908
12568888
12573968
12570244
12577428
12568776
12575912
12572900
12575268
12571336
12576136
12571424
12567972
12588180
12572024
12576172
12592624
12635472
12575656
12611912
12581772
12575992
12582640
12574784
12577588
12574276
12543604
12561948
12571584
12571120
12577296
12567792
12583100
12571028
12578548
12569576
12579556
12589320
12609816
12587156
12628408
12598048
12580588
12576396
12576592
12542492
12573452
12580100
12572380
12580680
12572080
12575432
12579888
12579160
12574412
12578612
12570328
12573924
12617348
12609696
12587136
12614876
12587992
12582340
12543188
12566308
12576008
12570380
12575216
12572852
12575164
12572216
12578416
12571024
12579784
12571788
12574364
12579148
12573660
12622552
12585968
12599748
12611652
12555880
12574588
12575156
12570348
12576416
12572712
12575896
12572132
12577256
12571772
12573440
12573904
12572988
12660052
12606672
12579836
12580488
12654372
12558168
12624236
12607296
12587864
12584492
12581472
12573776
12580472
12573364
12576720
12572144
12572208
12584092
12573752
12575516
12573952
12575740
12572204
12575328
12546872
12632828
12581972
12614596
12581444
12580940
12571660
12579820
12571644
12577564
12571780
12574252
12575260
12571752
12575400
12572840
12574592
12578672
12576076
12541816
12564576
12595432
12627120
12583332
12637592
12581336
12583852
12571568
12574368
12571308
12572516
12572632
12572592
12572864
12599168
12576920
12572520
12575156
12544748
12564712
12569716
12576648
12610440
12611320
12590832
12629652
12587112
12583860
12576668
12576552
12635716
12617008
12601940
12571188
12577232
12579028
12545240
12567364
12575840
12576792
12574924
12568700
12577088
12662952
12597772
12604980
12597504
12579844
12574576
12577344
12577068
12577448
12602604
12605008
12560428
12577768
12937588
13740056
13777800
13214968
12595480
12583804
12599064
12657552
12625228
12580428
12616328
12575548
12578972
12573892
12572924
12584608
12585580
12575072
12580228
12576404
12574732
12572536
12575104
12579964
12576700
12575176
12574244
12577576
12643908
12563384
12604372
12617704
12622760
12649752
12592632
12585184
12579940
12577644
12569456
12588544
12578696
12575100
12576892
12572928
12576448
12572184
12548740
12546320
12574768
12693264
12619972
12617956
12622476
12582348
12587228
12572700
12576392
12572248
12572720
12571380
12576248
12574284
12574728
12573548
12572128
12576056
12539864
12543176
12570692
12578676
12656904
12604852
12610916
12589488
12580044
12577400
12570772
12576196
12573552
12575704
12574056
12571916
12580156
12574408
12574004
12546496
12544096
12570000
12577248
12570764
12598528
12634060
12591736
12616588
12589208
12575576
12573800
12574604
12571248
12574068
12573332
12637032
12626748
12551444
12543280
12575392
12572100
12592188
12573372
12578072
12573856
12658436
12652132
12602812
12611840
12590832
12580116
12572844
12577800
12569076
12575892
12575076
12541040
12565352
12575304
12569536
12592432
12576636
12574436
12567792
12584588
12648200
12728276
12630108
12642600
12621816
12586340
12577820
12576596
12544484
12574324
12580000
12569692
12579164
12573488
12580344
12574996
12580176
12573676
12579880
12867788
13653896
13817540
13339168
12618764
12631552
12582880
12584644
12577680
12571348
12573160
12575548
12578200
12542796
12567984
12575584
12572560
12572448
12575608
12581912
12573152
12578840
12569656
12641032
12572964
12602196
13226368
13672744
13700688
12816348
12578956
12593144
12571060
12577476
12576456
12577308
12573700
12582240
12540720
12544668
12569716
12573084
12578548
12575316
12621312
12580160
12594432
12594640
12572880
12571248
12575492
12574316
12574672
12574060
12574976
12571680
12577568
12540184
12541948
12573128
12578768
12571856
12577720
12574380
12588960
12608208
12576732
12606124
12575552
12576724
12575792
12574444
 
12575328
12584088
12576892
12574336
12542464
12542228
12572800
12576608
12572608
12579516
12571532
12577416
12576744
12603832
12623220
12572704
12612984
12572072
12573732
12571956
12614340
12632076
12549228
12568484
12573576
12570604
12589340
12576384
12577848
12574740
12586120
12576196
12570896
12573212
12633956
12633248
12596992
12628052
12588700
12574056
12578132
12542424
12566392
12575136
12570564
12575652
12573128
12588636
12572688
12576272
12572808
12578352
12571696
12571896
12573820
12643732
12592992
12600288
12624124
12593748
12544380
12577832
12579440
12571528
12576760
12572372
12577380
12573384
12581224
12571512
12570700
12572688
12573428
12576836
12572348
12574584
12628436
12587204
12602480
12571436
12577796
12576756
12573748
12579524
12574424
12582000
12573052
12578412
12574176
12577396
12583776
12574104
12581672
12577772
12578644
12574852
12584004
12630656
12553804
12608088
12588128
12576632
12578220
12574284
12576912
12574384
12578568
12576972
12578912
12572444
12584556
12575004
12574384
12577980
12573460
12576432
12573716
12567536
12619944
12584876
12621152
12593004
12581244
12578292
12577520
12595212
12573384
12574496
12577000
12579944
12576580
12572124
12576536
12573144
12574408
12549724
12540324
12570476
12600388
12599884
12575348
12602472
12576736
12572552
12577904
12569628
12572080
12575920
12573880
12636288
12610468
12590264
12574584
12580036
12541196
12571304
12569636
12577036
12573064
12626532
12574144
12597216
12584316
12655648
12618816
12579472
12577352
12573720
12593880
12579800
12576184
12541300
12540816
12577496
12577492
12803420
13646332
13703672
13355988
12603436
12607524
12583952
12640108
12581860
12575196
12578016
12570936
12579884
12566856
12574132
12574268
12572148
12573452
12575280
12575092
12570772
12540516
12537544
12570688
12570728
12614992
12577616
12599424
12616960
12580140
12571388
12572000
12572160
12577272
12573880
12580300
12575108
12573884
12583704
12574800
12543536
12561024
12573660
12574652
12575604
12571296
12611028
12565024
12602384
12595516
12572772
12572416
12573324
12573272
12575656
12575260
12571616
12575296
12572700
12543608
12564012
12572228
12569784
12578036
12569716
12578196
12576524
12615112
12577416
12605824
12582260
12573896
12575028
12575368
12575424
12571544
12572260
12572576
12541640
12564660
12572484
12572052
12578056
12571168
12576268
12574100
12574904
12590456
12619160
12569784
12608912
12573448
12571132
12576564
12569964
12576212
12575684
12542648
12538384
12573976
12570096
12576132
12573852
12577440
12569992
12576556
12571260
12577892
12595156
12613164
12577880
12619456
12574884
12577332
12575988
12573940
12545324
12539140
12573664
12572760
12578196
12577180
12576628
12571964
12580140
12574956
12575464
12575024
12571960
12607968
13272752
12641952
12621108
12548348
12539304
12568980
12561872
12559776
12573332
12579808
12569616
12595868
12570192
12579960
12570092
12578944
12575664
12573244
12573628
12573392
12616788
12580160
12566496
12569176
12572904
12571112
12575072
12568072
12576632
12570980
12581708
12570376
12577484
12577108
12571916
12576076
12575748
12572396
12576208
12581508
12572544
12577708
12535280
12598836
12603276
12581868
12571928
12576656
12573912
12578520
12572832
12576760
12570512
12573692
12572772
12574300
12574768
12573668
12573456
12574708
12548672
12545980
12633920
12575620
12610692
12572828
12576828
12573744
12578592
12573056
12578712
12570800
12574864
12573100
12572720
12575060
12581456
12598448
12583084
12544060
12562488
12575868
12594316
12618064
12579288
12669760
12599620
12579456
12566744
12578132
12575744
12572184
12574984
12574760
12573684
12600608
12598432
12540688
12568712
12572004
12576376
12570136
12577180
13723268
13744304
13184336
12590956
12565424
12561776
12574964
12566512
12561760
12579296
12589040
12540648
12566512
12571656
12576072
12582404
12576952
12572988
12581284
12571780
12596980
12614124
12586324
12609672
12575088
12574580
12567796
12576308
12574904
12578248
12543188
12573968
12570488
12574708
12564096
12578032
12570876
12580520
12574248
12579268
12581996
12593672
12590848
12571384
12618592
12575956
12574612
12571344
12551320
12541604
12572944
12572652
12574608
12564600
12585096
12571892
12575888
12569084
12572920
12576940
12571928
12573148
12595100
12598872
12578476
12619856
12542444
12573156
12572240
12575264
12582308
12575404
12571864
12578140
12571932
12578024
12570880
12570960
12572704
12575088
12573136
12573832
12574364
12600312
12592380
12564420
12607852
12574860
12575500
12564788
12578524
12570428
12576344
12571456
12573388
12571440
12562712
12571800
12573936
12572896
12573660
12581628
12573988
12574652
12581212
12572468
12593364
12607156
12570896
12575784
12569984
12580024
12573132
12578304
12572188
12576468
12575056
12572740
12577256
12571600
12573172
12577240
12573832
12543776
12571620
12602936
12584000
12595676
12599244
12578764
12577772
12578860
12578788
12573944
12572764
12576352
12575416
12575264
12570020
12578920
12583744
12549224
12541440
12574360
12571384
12583904
12605880
12574880
12601420
12578224
12571044
12579764
12569252
12574012
12576028
12572988
12571976
12576916
12574224
12574432
12575360
12541772
12570208
12573096
12577204
12572356
12597820
12598964
12582568
12610744
12583568
12574108
12571480
12571152
12575036
12574452
12571832
12574868
12573108
12575908
12542452
12570808
12572948
12575428
12560976
12579604
12570884
12593840
12594568
12601316
12607756
12572628
12581860
12574908
12576212
12575488
12577120
12572844
12576600
12542340
12571572
12570368
12576640
12577048
12576312
12575304
12577108
12571308
12606944
12574864
12601468
12608136
12578308
12576224
12572420
12578416
12573396
12547600
12541836
12572200
12578004
12631288
12601088
12576692
12570980
12578316
12568748
12572540
12614912
12619224
12574540
12618096
12576080
12578260
12574668
12543680
12544284
12570312
12578008
12575196
12578136
12574240
12575456
12572096
12584860
12576040
12580128
13238560
13354736
12911232
12662480
12613760
12611252
12589416
12583776
12591068
12575144
12573328
12576264
12576564
12578512
12567452
12574584
12575980
12573796
12540908
12573464
12568420
12572732
12570160
12617008
12575232
12600752
12590256
12579192
12570380
12569968
12575616
12573116
12572268
12577408
12571032
12574652
12580808
12544452
12573268
12571516
12575076
12571880
12575496
12582448
12617112
12566628
12614680
12573076
12574472
12575492
12572336
12574264
12572688
12575848
12571116
12550012
12541636
12575240
12571496
12575456
12570816
12577648
12569816
12576580
12594604
12603572
12582660
12612104
12575376
12575556
12575664
12572792
12578516
12572916
12544028
12539248
12572788
12571692
12578060
12571448
12576508
12571632
12574792
12573896
12582428
12590920
12589792
12582500
12618112
12582240
12572236
12578172
12576840
12543800
12542104
12572860
12579020
12577616
12571944
12575416
12569780
12576164
12574572
12578616
12571960
12574632
12606444
12577940
12603344
12603512
12574956
12572020
12542736
12568816
12576116
12570380
12577504
12570692
12577008
12571500
12574848
12572836
12576164
12572168
12571672
12573660
12571052
12616172
12571164
12593232
12602320
12547936
12566656
12574388
12571620
12575840
12574360
12575412
12572288
12581432
12568672
12578184
12570912
12572700
12574140
12575872
12576408
12578448
12608812
12576888
12568264
12573804
12574176
12574064
12574284
12572068
12574500
12576460
12578768
12571776
12571344
12572584
12574696
12574520
12575092
12573188
12571268
12571940
12589100
12570924
12562664
12611928
12570476
12581352
12572784
12579428
12571020
12576708
12570716
12590648
12572512
12576420
12571816
12572128
12572916
12572628
12575344
12571248
12542196
12584828
12599624
12574428
12614760
12573672
12576772
12570520
12580196
12574220
12571372
12570220
12574776
12575856
12573036
12581492
12572524
12572820
12576584
12548820
12586860
12581460
12599884
12581144
12604200
12617248
12579776
13070580
12789648
12765544
12749492
12580008
12573752
12573192
12581264
12572408
12602828
12571960
12575564
12566592
12575408
12575740
12604220
12765420
12968560
12994100
13319844
13918060
12760116
12599192
12574948
12573484
12593368
12587164
12575676
12577928
12574016
12541672
12584392
12574752
12569608
12575636
12571436
12611384
12600816
12582240
12612344
12576360
12574344
12572416
12572372
12572256
12578764
12571904
12577216
12547112
12541060
12570472
12575812
12571344
12577936
12569272
12575760
12573020
12601844
12584480
12589588
12607248
12574008
12580240
12580388
12573332
12586548
13476628
12574588
12576852
12574912
12574984
12569408
12579464
12571200
12577608
12573520
12573160
12571816
12613072
12575812
12602148
12606516
12574208
12544308
12567576
12574172
12576176
12577916
12577688
12581180
12570160
12576036
12572620
12577224
12570808
12575468
12576504
12575108
12575528
12609172
12581108
12605092
12564500
12576184
12574008
12569524
12578460
12571608
12581736
12572412
12576708
12574968
12569740
12571284
12573120
12573712
12573024
12577940
12573232
12588388
12603868
12539124
12602692
12577092
12570600
12581936
12570532
12577412
12571456
12575984
 
12571340
12573368
12572684
12565180
12576180
12592896
12575480
12572732
12573700
12573936
12567392
12596148
12579932
12603620
12579804
12570524
12577348
12569076
12578892
12576936
12572712
12576284
12572056
12572880
12571796
12574240
12573200
12576380
12572404
12542972
12574988
12604200
12593056
12584936
12609860
12574468
12569576
12580704
12568724
12572544
12573180
12572692
12574400
12596108
12612752
12593456
12576760
12545684
12561976
12580516
12576176
12580996
12613600
12569648
12599104
12580412
12578396
12569912
12572360
12575868
12572520
12576548
12575052
12573992
12573100
12576540
12541780
12570652
12583760
12766696
13037436
13243108
12685600
12618328
12587188
12629596
12559352
12569240
12575296
12578168
12577204
12575824
12578376
12570744
12578196
12569988
12572764
12575312
12574516
12577584
12574696
12573652
12576840
12610996
12590952
12555644
12608568
12580768
12571352
12576788
12571696
12579756
12567408
12576748
12570360
12571912
12572020
12573936
12572820
12574560
12579916
12571412
12577640
12573268
12572180
12564340
12600392
12599924
12583032
12570196
12577824
12572380
12579112
12574200
12571172
12570156
12575408
12575520
12574324
12579052
12572308
12573896
12575396
12541680
12568412
12610696
12573704
12611552
12597868
12583012
12580648
12577504
12573724
12578892
12575764
12573088
12573444
12572388
12578400
12569304
12576464
12575636
12542796
12571420
12576580
12577188
12612036
12574124
12601100
12570312
12576828
12571220
12573724
12606152
12646120
12653024
12644128
12616124
12641108
12646128
12653952
12650724
12642532
12646396
12646552
12643496
12671124
12625200
12653136
12676704
12625572
12574232
12581140
12571820
12575864
12578120
12571588
12575912
12571512
12573776
12570952
12573956
12548040
12540456
12569772
12575968
12572608
12597816
12598496
12581896
12621508
12581696
12568332
12573068
12572528
12572768
12574008
12574732
12573940
12575340
12576008
12547704
12543096
12569812
12576864
12570944
12575368
12573672
12606264
12583168
12593444
12606644
12577240
12575236
12572220
12572328
12571932
12580480
12571976
12572688
12547312
12543620
12570160
12572380
12572932
12576124
12572180
12576136
12570664
12614740
12579048
12621056
12604216
12574828
12574508
12574568
12574632
12571372
12575896
12540988
12547616
12573292
12575784
12569224
12574160
12571500
12576096
12572012
12576372
12577972
12606300
12586992
12609660
12584720
12572796
12580096
12571352
12640628
12604568
12655912
12644640
12651892
12640560
12664828
12649488
12643060
12644304
12634300
12544712
12567460
12594732
12705164
13072144
12688012
12579976
12574384
12579468
12578144
12573488
12578080
12574360
12582964
12543556
12570264
12569620
12579120
12572580
12572636
12945592
13083748
13301944
12884740
12590632
12597108
12624860
12565184
12580240
12554960
12561924
12558040
12562928
12558908
12574536
12577164
12574196
12575992
12540872
12569968
12573300
12575004
12570536
12576544
12614808
12576524
12601616
12600236
12571468
12571792
12574460
12571256
12573740
12572164
12576088
12571392
12572396
12547596
12569808
12570060
12576884
12571408
12573928
12573412
12581360
12608704
12577392
12598836
12575568
12581720
12571260
12578084
12574076
12574872
12578348
12574636
12541284
12572572
12571408
12576412
12571528
12575660
12570192
12581304
12570832
12598276
12604200
12568872
12614012
12573560
12572372
12573016
12575944
12574856
12574756
12540896
12573088
12569360
12575028
12570392
12577944
12569336
12571376
12568280
12575680
12573472
12593472
12600464
12578320
12617468
12579496
12579180
12573036
12576396
12540968
12572500
12570344
12575248
12572740
12576008
12573008
12580580
12570108
12577128
12578020
12573236
12576460
12605084
12591160
12591972
12615144
12577500
12574860
12538172
12574040
12569888
12579064
12569700
12573900
12571248
12579156
12570900
12576316
12571860
12574556
12574716
12570576
12573612
12606808
12578680
12595568
12603720
12544712
12570688
12570908
12576664
12569792
12575584
12572340
12577568
12579384
12577980
12569364
12575200
12575268
12574004
12575820
12574604
12574752
12613272
12577888
12563220
12591952
12569524
12576440
12569496
12578016
12571508
12577608
12570692
12578276
12570352
12571724
12574600
12571716
12574260
12573704
12573748
12572984
12581028
12575536
12572512
12597644
12578828
12573620
12598240
12574048
12576492
12571516
12579316
12574088
12572048
12576680
12572064
12574556
12573504
12574988
12572108
12575096
12540956
12596020
12600328
12575504
12625448
12579444
12576384
12579036
12577008
12574692
12577100
12575008
12588184
12543292
12572908
12574268
12576828
12573360
12577472
12570424
12577116
12575108
12599620
12591192
12587228
12614956
12578500
12575780
12569080
12575936
12575328
12597132
12598924
12595572
12570016
12573508
12576572
12584536
12576216
12581288
12571056
12574868
12580396
12606716
12577140
12593912
12605184
12572516
12575800
12543972
12545224
12571308
12576532
12570300
12575712
12565188
12581548
12573220
12837584
12908648
13143380
12711572
12612196
12562976
12611036
12588444
12623080
12574128
12570272
12575780
12571204
12577072
12570196
12569772
12582468
12573208
12575244
12572256
12572884
12578496
12578452
12540844
12543832
12568744
12598804
12599164
12581508
12616584
12576620
12575372
12570020
12574400
12572652
12571108
12584472
12573376
12566464
12585136
12576472
12540684
12571392
12571920
12576516
12571028
12574080
12599400
12598516
12586076
12623008
12565184
12579620
12574220
12569096
12576332
12568996
12575056
12573928
12572868
12542884
12570432
12568752
12569500
12570656
12575304
12569892
12574184
12610352
12593304
12597248
12619788
12574876
12571816
12575396
12568832
12577172
12573400
12571980
12543588
12573472
12570076
12574152
12566632
12574244
12571964
12576700
12571968
12577952
12606020
12569284
12586104
12605784
12573568
12573172
12572304
12569932
12577460
12538692
12578804
12568464
12572436
12570388
12575732
12569400
12576324
12569688
12576680
12571068
12577576
12608224
12581524
12602356
12575976
12571956
12574216
12573980
12537796
12571600
12570084
12575564
12569960
12575788
12569356
12581020
12570284
12574036
12571104
12572208
12571712
12599452
12609256
12573184
12619792
12572376
12571628
12543580
12571176
12573216
12576396
12569092
12578576
12568340
12574484
12576072
12575004
12566140
12574224
12574784
12573568
12575652
12586676
12597848
12578824
12619648
12543528
12589648
12571016
12575068
12571816
12581564
12572572
12575964
12569624
12578036
12569888
12573944
12573864
12576156
12573704
12573912
12573276
12602216
12594820
12557040
12616464
12568444
12572588
12567568
12576092
12573068
12574964
12566272
12572364
12584164
12576112
12577524
12570920
12583440
12575012
12576752
12568272
12580664
12631728
12582056
12625720
12609372
12580224
12541824
12542040
12572432
12573400
12575388
12616480
12621368
12605176
12582400
12570248
12582292
12578084
12575660
12574288
12573892
12617156
12591344
12568212
12583484
12586288
12590328
12828412
13403008
12877444
12663952
12575876
12572976
12591528
12579040
12540684
12538652
12572060
12570680
12574612
12582024
12624476
12574044
12604868
12579700
12581720
12570784
12571436
12575276
12570264
12538684
12569004
12582100
12579476
12578928
12574888
12576764
12543956
12568892
12569704
12570400
12563360
12601984
12576160
12621032
12578608
12578684
12572900
12571956
12583564
12575544
12576400
12563316
12578980
12572556
12579552
12571016
12567588
12589152
12579816
12542572
12568876
12600860
12604056
12578120
12627452
12570304
12579896
12572568
12578032
12571316
12572184
12572132
12571736
12573096
12571416
12574556
12565976
12574312
12545004
12571264
12569880
12575488
12600416
12588216
12591860
12621040
12572224
12581360
12571692
12573748
12572688
12576424
12575264
12571612
12574212
12578740
12575540
12546332
12570564
12569036
12574468
12579968
12575080
12610104
12579348
12586520
12615388
12571700
12578620
12574988
12573960
12575072
12571176
12574116
12571668
12576624
12541428
12576044
12574528
12574576
12571120
12577712
12571704
12580420
12607232
12580544
12601740
12595112
12575844
12572180
12572972
12572184
12573144
12572204
12577664
12540708
12567548
12571164
12577020
12567800
12573384
12568088
12575952
12570768
12582540
12608472
12571596
12608168
12580924
12569252
12579528
12579340
12569328
12578248
12580304
12570236
12571212
12575432
12568240
12583380
12575608
12591444
12576688
12570924
12569392
12607364
12608652
12576256
12632256
12569564
12576892
12571992
12573696
12571992
12573336
12572316
12571736
12574380
12571040
12573168
12541324
12571292
12568884
12573408
12574576
12579536
12594156
12599328
12584396
12621344
12571132
12572680
12572452
12571860
12574328
12570160
12573132
12570876
12573440
12543016
12563896
12569644
12574536
12568320
12573168
12571756
12573124
12600556
12578984
12596820
12614408
12573664
12571848
12578488
12670688
12659156
12596484
12542624
12572372
12579844
12570652
12572760
12573328
12574660
12568812
12945052
12584228
12587868
12618196
12573788
12610148
12577888
12540636
12570180
12570372
12576288
12582020
12719560
13667452
13775436
12970136
12582388
 
12572072
12591772
12579228
12567168
12580472
12580244
12604112
12605780
12578612
12635000
12568904
12586532
12584256
12577304
12580952
12580940
12583756
12574440
12542256
12573640
12576592
12579692
12579012
12575072
12584500
12570992
12586284
12609124
12588432
12604448
12613076
12591752
12575084
12580612
12579884
12578220
12551480
12546016
12570288
12578220
12571104
12587752
12572524
12579796
12575408
12576812
12578264
12572108
12605364
12584396
12599836
12623108
12575780
12572840
12579836
12538192
12579152
12570600
12574560
12577048
12576748
12579552
12582292
12575348
12580280
12572564
12581968
12574492
12571532
12613496
12586836
12612112
12597488
12544900
12544648
12572692
12579452
12598908
12571980
12580528
12570236
12583292
12574804
12571024
12574932
12573652
12584916
12569548
12573660
12596384
12613092
12584912
12581092
12579636
12581440
12570548
12587976
12573332
12576700
12577232
12578312
12581548
12574116
12570308
12586656
12573420
12582180
12577692
12573740
12579304
12593984
12572744
12577116
12619964
12576116
12577104
12577860
12579628
12570680
12582880
12569788
12580272
12576668
12572096
12584592
12573792
12588092
12575892
12633488
12551032
12567344
12614928
12596640
12590528
12951432
12602832
12581184
12586248
12574132
12576364
12578556
12578132
12582968
12584488
12572612
12580492
12542232
12589416
12571416
12574392
12579736
12569672
12640524
12746996
13685732
13834216
13210084
12586244
12582552
12590344
12580776
12570872
12577880
12570784
12568672
12573144
12569424
12571384
12573408
12574020
12574328
12574080
12566872
12579684
12568728
12609628
12570820
12573692
12568668
12575128
12567188
12579316
12570344
12570972
12579784
12570864
12571676
12574880
12573140
12569972
12580292
12546556
12542468
12599484
12599084
12571896
12611320
12570852
12576236
12571908
12574900
12572200
12571384
12572976
12571332
12572296
12570628
12574860
12571068
12574772
12571596
12542208
12568860
12578780
12601068
12599596
12576696
12615352
12573184
12576368
12567508
12564960
12573004
12574040
12571880
12574460
12574268
12571836
12574172
12582668
12540796
12568680
12575204
12567140
12575148
12604124
12587364
12601972
12620264
12568816
12574128
12572928
12576256
12575324
12572848
12580148
12573612
12572860
12574404
12542984
12566468
12576288
12568512
12573980
12571920
12575780
12602912
12578092
12594772
12610268
12572876
12571556
12571920
12571272
12570448
12573512
12571896
12572728
12543548
12565968
12571640
12570860
12575332
12569268
12573500
12575176
12576012
12599356
12577360
12602420
12590320
12573360
12572384
12573924
12570972
12576756
12570980
12541128
12539188
12571072
12568744
12576108
12570928
12585192
12569924
12574456
12571840
12587596
12605308
12572376
12617332
12572668
12576040
12572788
12573340
12573080
12545676
12539072
12574168
12569668
12575556
12571376
12575160
12577144
12592964
12570876
12577820
12570004
12602648
12597084
12580852
12626856
12572316
12572832
12571728
12541524
12536880
12572984
12571608
12572952
12574420
12574896
12573264
12577512
12569928
12576788
12577724
12572592
12580068
12608296
12593500
12605304
12614360
12573880
12542740
12538628
12571692
12568548
12575132
12572788
12571556
12570512
12575984
12572132
12575188
12569364
12569104
12572016
12572748
12570736
12612352
12576276
12596628
12613308
12540156
12569652
12577876
12574524
12570868
12575932
12566824
12574280
12569108
12575076
12603976
12656128
12610612
12568328
12559824
12566152
12592428
12598696
12543632
12602008
12563676
12572368
12581480
12571100
12575708
12568980
12581656
12603604
12570392
12568628
12562588
12573400
12583148
12584400
12571524
12778420
13713180
13791472
12946148
12622200
12622772
12580844
12600328
12543244
12571772
12571364
13076200
12577548
12578992
12575324
12577556
12575472
12574640
12577516
12580656
12573712
12543000
12573376
12611896
12576200
12601904
12610340
12585328
12577332
12589916
12571640
12570376
12579232
12579452
12572296
12576760
12570868
12584400
12573164
12577536
12575636
12574384
12575972
12573408
12613760
12582680
12609976
12592024
12583556
12544812
12572996
12578484
12572544
12574312
12577592
12578764
12576556
12571884
12578744
12571940
12575904
12576156
12576936
12580272
12583164
12609536
12573624
12611540
12542776
12574220
12570768
12576736
12569724
12576804
12574132
12576620
12571016
12579984
12570036
12572484
12574156
12572688
12578844
12579856
12574052
12600688
12608408
12541948
12604536
12577620
12579216
12571668
12573484
12570588
12574772
12569060
12575508
12569156
12570728
12573360
12574864
12573504
12572944
12573556
12574788
12572012
12581268
12605808
12588216
12625468
12583848
12580680
12574880
12580856
12567940
12578480
12570128
12572120
12573892
12576380
12571236
12572484
12574956
12572100
12572452
12541876
12560696
12611988
12593436
12597892
12613048
12580516
12579988
12571172
12575784
12568700
12571480
12572560
12571072
12572624
12573048
12575228
12571632
12577884
12540488
12542532
12569344
12576324
12621664
12584748
12603084
12606648
12578916
12586136
12575396
12577028
12577724
12572256
12579432
12572648
12576732
12574724
12575548
12541152
12569248
12573932
12578900
12572280
12594988
12624172
12597196
12589376
12578036
12574216
12580980
12573484
12575636
12574280
12576340
12572112
12577400
12571008
12576836
12574916
12572632
12576592
12571652
12573632
12574036
12597492
12584748
12579896
12616852
12588480
12583136
12579492
12570912
12579840
12575516
12594908
12591736
12581040
12574176
12571680
12578884
12578864
12635848
12615384
12553672
12570564
12649760
12589556
12611144
12603368
12587336
12575972
12579788
12573372
12569156
12575344
12575204
12572028
12571304
12574856
12577872
12582612
13042980
13449040
12862308
12631024
12558488
12607184
12556376
12602896
12583360
12568972
12563644
12574492
12578600
12538844
12572964
12571636
12572888
12567536
12580252
12566424
12574460
12569516
12602036
12570472
12567876
12579344
12611108
12575328
12601340
12578612
12573672
12570664
12541536
12541136
12566936
12573796
12568632
12575600
12564160
12567216
12572940
12575888
12573364
12570120
12581712
12573736
12603744
12605336
12583888
12615212
12573172
12544044
12573644
12575548
12576984
12567188
12567436
12573648
12571116
12573420
12568416
12567480
12568464
12571716
12571056
12568416
12578064
12604472
12598912
12593436
12575968
12570892
12574100
12576020
12578780
12570516
12570684
12573788
12573104
12570948
12570320
12578056
12568468
12576676
12571440
12543764
12570808
12571764
12611708
12577372
12592056
12608492
12580128
12580788
12569028
12571320
12581072
12569832
12573372
12570412
12573068
12569472
12570420
12572504
12539804
12559152
12573668
12565980
12573372
12629836
12583152
12593288
12593996
12570184
12573236
12567620
12569916
12571280
12571996
12571972
12572372
12572168
12569924
12541104
12536968
12573704
12570808
12570584
12568320
12582504
12602936
12579308
12613272
12575420
12568556
12570312
12570676
12572348
12570808
12570388
12571160
12569360
12574488
12536472
12567808
12568936
12594160
12567848
12578160
12568100
12601944
12603680
12577368
12628716
12573228
12569868
12571452
12577148
12569252
12571552
12569892
12573368
12540812
12541492
12567136
12573708
12566752
12571088
12569240
12573588
12570636
12603524
12593768
12595508
12618008
12570580
12574316
12568348
12575564
12571648
12571260
12569888
12541700
12566936
12574420
12568076
12576056
12574724
12574860
12567700
12575380
12567028
12607824
12580236
12599736
12605544
12576408
12573976
12571952
12572028
12571236
12541876
12566156
12574000
12571472
12573764
12565932
12575268
12570612
12577124
12566868
12578024
12570392
12611616
12614908
12656020
12589272
12566672
12577680
12540436
12541024
12573964
12571812
12569540
12572468
12567372
12578680
12580372
12577176
12569576
12570280
12571304
12570916
12599232
12606188
12580440
12702940
12577936
12547368
12563916
12892948
13425244
12809300
12575060
12558948
12572352
12560604
12559808
12561772
12542720
12542928
12574036
12574736
12569364
12620268
12596864
12588840
12614108
12577876
12569440
12570576
12570476
12571044
12571852
12569776
12573972
12570052
12571596
12548832
12541952
12569836
12600248
12568656
12587084
12575768
12614480
12579576
12603692
12607636
12598988
12571916
12569200
12574236
12569992
12572336
12570880
12579796
12547032
12542140
12566068
12569692
12569376
12564092
12570776
12572144
12566368
12617600
12566320
12596496
12598428
12567164
12577328
12570496
12571796
12572688
12573984
12572592
12542028
12566520
12573748
12571332
12571884
12570736
12576024
12566696
12575268
12579500
12612732
12575388
12605808
12574732
12573172
12573124
12575088
12574088
12571852
12543324
12538444
12574816
12570360
12573088
12570648
12575332
12569880
12574408
12567520
12574504
12593836
12607416
12572280
12619540
12577716
12575612
12573380
12589260
12551344
12539076
12568952
12567540
12572908
12567864
12572820
12567936
12579632
12571756
12573056
12566712
12570612
12594056
12601684
12581972
12615684
12578420
12573176
12572664
12540404
12569140
12562116
12570096
12571160
12565452
12578952
12570588
12578312
12577504
 
12565696
12604900
12570824
12577020
12621836
12599900
12588592
12620732
12576580
12571256
12570728
12572280
12541380
12538028
12575032
12567448
12574504
12569776
12569120
12582536
12582256
12579060
12573020
12575992
12573812
12611508
12541876
12593564
12615212
12574204
12567916
12573512
12569764
12573628
12571332
12572320
12565332
12570336
12570780
12570240
12569640
12568444
12574440
12569416
12573208
12543152
12577600
12589264
12599884
12608336
12571248
12574912
12568696
12570872
12572672
12575904
12575768
12568036
12573300
12572064
12572076
12571604
12542656
12596008
12579360
12567240
12579316
12618440
12588684
12645928
12632296
12585856
12563776
12569456
12567100
12569880
12571328
12573008
12574312
12571524
12540912
12568828
12567292
12578988
12567924
12573828
12569372
12626812
12575440
12958200
13135284
12873304
12691688
12548012
12576976
12565672
12562344
12570044
12579772
12590708
12589792
12576380
12590592
12572844
12584932
12580188
12576124
12579560
12666832
12607788
12599640
12579136
12545812
12578556
12584912
12577200
12579028
12581792
12571312
12591640
12566488
12573884
12579624
12572048
12582800
12573200
12573168
12581072
12575520
12655328
12558288
12604684
12600928
12575932
12590352
12574484
12578824
12577248
12584244
12583852
12574452
12577204
12569504
12575220
12585364
12578700
12573456
12583248
12572872
12566796
12629332
12592580
12636464
12583376
12583844
12583264
12573564
12585028
12574340
12583036
12575764
12579808
12578400
12574376
12586028
12598092
12577168
12545548
12569016
12585616
12608396
12635516
12605832
12622256
12599640
12576064
12573108
12578376
12577852
12583460
12578796
12574908
12582408
12581488
12581764
12542184
12541348
12581276
12569312
12583324
12578976
12638736
12627244
12605892
12640576
12585388
12579392
12590884
12573080
12583148
12580532
12572020
12578680
12577204
12552140
12570280
12573676
12574180
12576996
12577508
12579164
12571992
12655544
12603624
12612368
12624772
12583080
12581136
12570128
12584244
12570588
12570224
12553904
12537404
12571260
12571332
12565376
12573812
12568528
12580752
12568156
12570352
12570740
12648208
12622096
12600196
12601392
12576036
12570016
12662596
12736608
12587492
12573076
12576180
12575836
12583072
12573632
12568840
12575904
12564556
12579444
12571028
12564992
12673456
12626756
12614200
12623264
12548480
12569284
12572356
12574584
12574192
12566844
12576044
12579248
12751112
12878272
13367232
12803752
12593648
12588972
12557152
12576788
12557172
12678580
12603844
12593096
12607100
12569688
12574588
12583952
12571776
12576088
12576140
12567924
12590340
12543836
12538724
12569468
12573452
12574060
12574964
12565412
12577444
12569824
12672516
12585612
12615316
12593092
12568156
12581860
12568620
12575768
12572700
12569776
12549508
12539896
12562764
12570264
12565104
12579228
12567988
12576108
12570084
12575504
12593380
12642140
12589460
12623272
12585044
12584056
12568816
12570352
12578192
12541996
12573008
12570416
12568944
12574484
12571156
12575848
12574344
12564340
12575976
12564356
12577648
12599676
12621072
12597740
12619212
12598204
12573744
12571280
12540000
12566300
12581932
12573192
12568020
12579884
12565408
12583296
12566848
12573048
12575160
12567588
12579992
12570200
12624764
12611324
12595240
12626460
12555828
12537116
12573196
12568320
12581348
12568736
12574504
12571164
12572816
12573564
12565872
12566732
12575560
12568456
12577088
12568612
12567316
12635904
12601208
12580412
12599620
12577788
12573924
12569488
12579724
12575712
12567640
12577644
12567516
12581708
12569540
12566128
12574956
12566272
12576468
12567208
12571468
12572224
12608040
12596180
12611156
12582428
12591092
12569892
12581988
12567912
12570068
12568948
12565400
12575932
12570152
12567856
12572500
12570440
12575832
12573316
12569256
12545912
12573612
12650516
12586028
12616248
12577352
12573344
12579608
12571352
12567348
12572184
12567068
12574528
12570880
12565992
12573160
12576084
12577932
12567808
12537528
12567412
12568732
12596784
12642184
12587960
12617296
12579480
12591008
12566604
12565648
12582112
12567116
12577256
12574016
12569968
12578372
12570232
12556540
12540056
12562188
12574224
12564696
12573716
12635304
12591240
12598692
12626144
12587012
12588684
12570752
12599736
12569548
12579960
12570884
12567588
12574120
12673952
12588840
12565052
12872172
12738856
12591728
12579692
12616044
12665392
12597712
12619440
12602448
12572632
12566912
12573284
12538004
12569324
12563708
12573336
12567116
12574440
12575072
12573300
12562980
12581724
12563964
13039120
13344340
13117808
12734172
12629556
12724272
12634656
12590052
12581900
12572260
12582584
12574768
12570900
12571932
12571356
12579032
12570168
12569056
12543168
12563988
12582656
12565920
12571352
12633976
12627464
12606628
12624632
12574044
12572872
12570108
12578612
12570960
12570344
12572300
12566576
12573088
12539596
12537144
12570972
12571320
12570556
12569028
12566424
12573868
12631376
12600116
12592756
12599480
12579960
12567408
12579440
12566664
12568492
12571560
12568268
12545976
12541164
12563464
12574492
12567768
12569968
12565164
12569112
12567280
12571152
12654944
12590732
12605792
12598440
12577900
12578260
12569848
12571288
12576376
12534800
12546384
12565024
12568608
12572084
12570672
12576312
12572408
12564700
12575656
12564804
12586320
12651716
12585396
12617736
12580184
12582928
12567996
12572180
12544892
12557568
12572708
12568724
12564948
12574956
12562684
12576924
12573200
12568144
12571576
12565836
12575572
12597380
12627952
12589116
12627948
12590896
12571440
12539296
12567324
12565068
12583672
12565928
12572696
12569560
13515872
12562384
12556672
12561588
12556552
12564468
12569636
12582372
12608908
12648864
12564752
12631548
12583604
12579336
12574500
12583164
12573796
12598708
12575088
12570564
12572076
12574512
12581808
12577176
12578592
12566164
12578144
12574488
12574788
12577200
12623068
12589232
12640392
12581176
12579216
12572160
12578604
12574080
12576120
12574100
12576644
12578376
12572612
12580652
12571440
12565924
12571644
12574968
12536840
12571432
12622692
12609868
12604328
12628268
12585972
12582084
12576140
12578424
12572988
12574104
12580664
12579848
12577588
12570644
12582288
12576112
12542096
12539928
12580020
12573780
12578004
12635188
12607416
12595656
12616664
12577292
12573572
12572736
12573476
12582644
12573536
12580176
12576084
12586376
12572624
12542460
12537416
12573252
12574936
12575176
12572820
12583168
12651776
12607368
12608144
12590080
12575596
12574128
12685836
13014752
12755224
12578096
12576884
12574568
12573676
12568188
12574436
12571416
12573408
12567552
12569956
12566748
12613900
12646784
12597476
12634188
12578108
12578424
12540612
12547820
12567396
12579920
12569060
12831036
12962952
12953052
12998184
13360552
13518384
12833064
12631108
12589892
12581820
12662548
12616296
12614560
12627172
12590256
12570968
12551424
12547272
12573560
12571184
12572716
12566592
12571056
12568036
12573236
12576496
12572560
12567916
12575716
12571828
12562032
12652836
12589048
12616956
12608756
12547796
12541552
12570760
12568392
12578508
12569240
12570548
12569588
12571572
12569264
12587928
12569564
12572160
12572356
12568728
12575092
12575008
12637556
12586560
12593504
12547532
12574836
12567996
12579116
12568576
12572992
12569388
12571308
12567916
12570976
12567384
12568604
12572684
12567264
12577072
12567504
12573848
12588292
12629400
12554600
12620520
12593160
12575604
12563228
12575236
12569596
12573932
12568068
12571468
12570080
12568808
12572812
12568764
12572000
12576336
12572636
12571752
12574740
12572028
12612784
12584096
12618372
12588072
12572956
12569348
12570992
12566252
12575060
12569684
12568452
12570716
12568392
12571460
12566944
12574752
12570392
12571676
12539600
12563468
12625348
12597296
12595472
12614392
12586128
12581744
12572968
12570904
12569712
12569596
12566984
12567932
12572656
12566688
12573360
12568376
12540604
12562812
12569792
12574140
12575888
12638196
12602672
12608320
12596584
12573776
12563084
12576288
12569044
12572476
12569712
12571968
12568256
12571284
12569596
12542936
12565184
12571664
12568148
12570244
12569116
12585976
12628216
12601468
12613828
12583388
12580132
12567784
12574016
12568860
12570812
12567716
12572372
12569260
12542392
12560056
12572612
12571232
12572332
12569384
12573112
12568412
12598204
12624504
12585096
12615492
12590704
12574008
12570032
12570684
12569716
12571848
12568328
12544772
12539048
12571676
12573892
12568416
12568216
12573384
12568856
12574928
12569532
12616632
12613880
12593952
12618632
12583040
12574280
12567132
12575028
12569196
12539976
12547496
12571252
12660752
12594872
12575076
12573920
12569328
12575436
12836720
12987744
12622744
12681332
12610104
12626384
12553792
12543364
12575512
12572056
12572368
12569624
12572180
12567920
12576080
12567032
12571292
12569396
12711484
12964500
12975248
12956508
13359048
13637816
13017632
12659784
12675408
12567364
12591972
12573692
12576032
12570248
12571576
12569468
12577416
12570020
12573456
12569068
12571620
12578900
12570616
12575416
12568360
 
12571556
12617676
12606472
12561588
12630028
12588308
12579072
12567820
12572012
12571188
12573552
12567924
12574732
12569328
12567080
12571720
12565768
12573376
12568792
12571532
12571536
12572560
12599816
12600660
12596572
12622196
12590708
12575912
12571180
12572900
12568296
12570128
12559580
12565408
12573996
12567612
12571248
12572644
12570516
12567476
12572892
12537908
12576824
12632180
12603192
12591260
12610436
12581516
12575956
12570428
12568340
12571648
12568776
12572036
12568780
12578292
12568708
12574136
12567572
12577184
12540056
12571784
12570568
12575948
12641840
12603852
12608348
12590976
12572492
12568900
12569376
12573052
12568612
12578032
12573512
12571680
12578388
12568420
12548000
12541476
12569188
12570268
12571780
12569500
12592960
12632620
12597004
12626580
12588336
12576172
12575400
12570876
12579496
12573232
12572840
12570464
12572768
12578624
12569872
12575028
12573528
12563824
12600532
12575220
12574924
12618532
12584692
12602636
12613244
12590756
12574956
12577088
12566652
12575476
12570816
12567052
12569008
12569444
12573472
12572064
12570912
12568328
12573676
12568876
12572748
12539304
12633568
12588972
12604068
12600468
12591320
12566532
12573156
12575256
12569572
12570644
12572152
12571500
12538928
12543504
12570448
12572976
12899332
12691592
12583248
12570696
12583640
12670656
12606160
12613024
12590300
12567420
12579024
12583820
12571872
12576560
12539176
12573104
12568696
12571052
12572048
12576840
12563720
12569444
12571988
13305724
14376740
13230344
12661284
12587984
12650184
12583332
12573884
12576848
12571064
12542552
12570380
12566540
12578332
12577616
12571736
12544040
12564188
12575848
12777124
13109300
12606432
12581680
12676524
12607292
12614112
12592448
12576628
12572040
12574020
12544776
12563816
12571300
12567996
12587416
12600956
12589232
12584956
12571768
12577060
12571168
12575904
12582500
12574240
12667656
12613408
12626164
12585088
12579304
12575828
12570080
12576020
12570332
12568900
12573496
12570220
12579196
12570200
12573984
12576964
12566752
12539464
12544064
12568492
12608808
12629740
12592204
12620392
12587428
12571536
12576636
12569988
12567892
12575196
12570596
12573384
12570360
12570964
12569740
12572280
12539904
12544080
12569708
12573876
12570440
12620068
12608444
12591368
12615840
12589320
12573792
12570188
12572348
12570372
12592296
12570744
12579728
12570428
12573880
12569860
12541656
12569972
12570872
12569576
12568228
12570524
12633560
12604552
12602844
12614048
12578476
12574628
12568088
12573104
12569748
12573432
12568600
12573308
12567988
12551948
12567488
12575040
12562220
12576188
12567000
12574352
12578108
12641512
12596936
12610256
12598020
12581828
12580384
12575688
12571492
12599032
12616660
12548604
12544752
12566108
12573420
12569040
12571504
12574080
12571880
12572160
12574676
12612276
12644852
12608296
12628816
12585112
12575012
12572084
12575340
12571320
12538568
12542920
12566728
12825908
13727604
13414320
13713100
12780780
12598844
12601620
12578172
12575744
12670140
12617008
12606272
12625900
12578280
12579772
12571904
12574324
12570116
12575792
12569740
12575500
12584800
12546864
12564316
12570508
12578012
12574148
12601116
12637944
12591884
12675332
12610804
12605828
12598248
12576232
12574280
12570804
12574208
12569060
12545096
12560152
12572768
12572388
12570908
12570836
12575884
12764036
13639344
13991140
13496484
12646236
12656752
12627196
12631356
12601552
12583796
12573752
12580820
12571468
12573088
12573340
12578908
12569880
12571828
12539336
12572732
12571280
12568760
12568408
12572876
12568236
12590384
12629960
12593404
12623600
12585240
12578160
12574176
12574376
12566388
12574656
12569180
12571392
12544172
12570988
12571580
12578176
12577944
12571276
12571132
12572752
12569284
12613400
12609260
12584172
12618396
12585352
12583928
12573112
12574664
12570376
12573532
12538816
12571608
12569272
12571256
12571536
12571400
12571456
12573740
12568520
12572764
12569124
12620156
12599276
12596376
12609900
12577948
12580244
12571732
12572240
12537964
12570356
12572708
12567032
12571056
12570652
12568136
12575120
12565652
12570912
12569204
12565812
12573560
12636432
12598460
12604364
12605036
12576968
12574500
12539564
12569544
12569116
12569928
12568108
12571424
12569732
12568928
12571808
12571244
12569600
12566504
12570232
12573212
12575780
12629852
12598064
12613772
12584848
12542484
12541940
12570068
12570004
12566776
12573280
12567776
12572900
12570492
12573068
12568460
12570588
12592284
12568192
12570700
12568928
12606556
12633136
12596092
12625328
12560676
12571796
12576176
12572336
12572732
12569300
12570448
12569964
12570632
12568288
12567624
12570508
12569196
12572620
12566368
12571568
12570108
12608540
12614640
12559088
12600628
12585208
12575956
12572240
12570924
12571368
12568764
12576480
12568348
12569004
12578564
12567908
12573600
12593388
12605196
12574308
12573776
12578280
12625740
12599112
12616100
12585076
12575568
12571144
12573052
12567496
12571812
12570208
12565508
12572372
12566280
12570088
12568320
12572060
12567744
12577328
12568884
12554168
13471828
13994264
13729892
12730972
12608540
12603708
12581136
12571568
12574268
12569068
12569736
12572388
12571772
12570444
12570692
12572452
12567964
12571100
12567808
12572264
12567504
12618044
12593688
12592020
12632756
12589908
12573868
12578860
12569056
12572372
12630964
12615220
12592792
12573248
12568928
12572984
12573204
12569220
12574792
12569296
12542596
12568304
12666448
12593836
12602484
12609920
12584824
12567256
12572400
12570908
12570920
12569976
12569020
18255440
13610684
12588376
12563924
12561488
12581532
12557772
12551708
12572044
12591848
12676328
12606392
12614492
12583900
12578740
12540344
12566832
12569076
12570456
12572604
12577160
12568616
12579740
12569596
12572148
12570664
12566988
12574480
12568112
12573428
12600460
12621508
12590908
12626548
12552808
12544052
12565400
12569888
12570896
12574680
12569884
12573380
12570600
12570736
12568996
12567572
12573076
12570516
12569104
12567088
12575028
12616172
12626924
12560128
12607408
12587100
12577164
12572788
12567084
12581636
12574844
12569480
12573052
12568548
12571096
12573688
12579292
12575448
12567444
12572856
12568008
12572824
12619708
12576512
12599604
12618184
12589640
12572092
12574308
12564308
12568504
12571800
12571036
12569972
12571112
12568436
12572968
12569288
12574332
12570676
12570700
12567728
12543772
12625288
12592424
12588332
12626572
12576588
12572568
12570696
12574392
12570996
12567124
12572120
12567112
12572464
12567632
12570896
12567932
12572668
12567460
12542116
12537708
12580264
12634152
12588968
12608376
12586784
12568760
12575148
12574996
12569084
12570808
12570508
12571640
12574072
12573748
12575196
12573924
12570052
12541128
12540536
12570320
12568116
12598960
12615308
12588780
12625352
12589476
12572352
12570228
12561636
12568204
12577408
12544928
12539972
12574736
12569552
12572372
12564528
12629140
12589436
12575144
12573264
12573660
12662868
12619368
12596528
12619220
12581840
12575388
12541180
12543068
12570464
12572540
12569656
12573152
12568100
12572836
12572664
12571084
12574544
12568996
12572480
13260840
13977720
13800200
12782004
12693400
12654540
12594340
12573356
12584340
12581304
12576340
12544884
12568804
12567480
12571364
12571360
12572420
12571040
12575140
12572924
12573760
12565684
13191988
12645008
12599588
12619712
12581184
12576060
12570608
12616968
12618720
12585624
12544096
12547056
12569096
12573332
12571396
12572100
12569032
12573936
12569044
12575860
12569668
12635456
12632616
12594252
12620872
12593348
12579196
12572760
12575092
12538356
12562036
12582984
12566000
12999944
13822308
13869040
12870692
12601372
12586436
12582292
12573948
12582324
12665848
12591332
12607884
12608840
12596672
12573056
12572392
12569996
12573440
12568088
12542548
12645120
12647324
12644196
12642236
12636556
12637272
12641760
12643092
12646476
12636356
12730132
12668856
12682064
12660148
12665152
12655800
12650460
12648212
12661188
12617740
12639820
12643960
12640540
12625940
12570700
12567060
12571088
12569204
12572444
12568504
12580152
12646156
12598520
12611204
12557744
12570180
12573884
12574116
12570340
12577444
12575840
12578104
12573876
12577540
12570964
12573840
12572816
12574852
12576672
12573588
12575052
12600888
12626784
12556296
12618000
12589948
12576652
12571696
12568780
12570348
12567544
12571252
12568668
12569064
12567464
12568444
12569192
12567384
12573084
12567612
12568804
12569268
12601336
12586960
12589064
12629300
12585904
12564288
12577248
12569456
12573164
12566340
12568252
12566332
12565208
12571760
12567028
12573064
12564448
12592012
12570156
12569112
12537932
12633804
12593092
12598096
12611404
12577728
12581568
12573504
12566504
12574980
12573672
12569600
12571776
12565576
12573312
12571532
12570248
12576308
12572700
12538260
12563096
12585472
12634316
12596024
12619024
12584148
12579840
12574160
12571120
12574112
12564616
12541368
12607912
12588884
12578896
12572780
12568612
12573968
12568452
12571556
12571636
12575024
12619652
12628496
12602204
 
12642092
12593388
12578520
12552328
12541240
12573300
12576332
12571020
12569036
12572484
12568104
12852948
13751648
13865688
13118716
12623128
12601576
12586688
12665428
12616928
12607460
12610712
12592144
12575504
12571372
12580084
12540652
12543300
12569428
12572652
12569744
12571364
12569728
12574492
12568880
12569408
12571976
12568180
12570876
12646772
12603604
12605700
12598912
12577924
12573808
12540084
12544360
12571564
12571868
12627208
12616744
12581184
12572352
12567608
12575696
12571552
12575648
12572384
12569788
12635268
12622652
12600124
12607492
12553864
12547780
12573476
12567732
12571212
12568736
12573144
12568524
12573424
12570264
12570644
12579204
12770212
13683104
14033700
13467864
12627760
12665416
12620212
12607792
12653476
12587800
12587252
12577904
12542940
12540176
12570436
12569108
12580576
12568500
12577552
12569392
12575948
12566392
12576460
12568596
12573308
12573624
12642228
12601348
12596512
12600700
12580940
12545176
12539860
12572572
12569516
12572976
12569816
12571204
12571056
12569368
12570912
12575472
12567172
12568024
12574196
12567604
12578904
12619504
12603328
12606432
12550368
12541564
12574852
12567800
12570664
12569880
12575072
12569120
12576092
12569188
12573964
12574476
12570280
12572060
12568464
12575200
12571408
12600084
12623184
12595352
12586276
12588356
12572484
12570044
12561008
12575172
12568200
12572176
12566960
12572836
12567108
12567640
12571504
12570528
12571700
12568220
12572464
12569908
12595568
12594768
12596060
12640376
12586604
12573932
12577908
12571504
12570908
12569188
12572356
12569320
12571036
12572372
12572960
12573652
12568288
12572288
12570756
12592024
12546444
12624596
12585080
12603920
12620544
12583072
12571404
12575096
12568884
12566456
12567200
12568524
12579788
12567916
12573020
12567844
12569832
12567628
12572464
12538096
12564264
12573704
12633496
12591564
12623060
12580064
12577192
12565808
12573432
12567120
12565748
12572096
12568576
12571528
12569780
12573352
12567124
12571500
12537312
12544860
12609016
12601684
12644908
12624224
12583436
12628396
12582944
12573040
12574984
12571236
12575728
12572528
12572272
12571912
12574764
12576320
12574364
12537804
12570520
12569072
12570584
12563624
12579000
13321888
13955872
13809140
12835808
12626020
12601352
12583024
12578912
12544760
12539308
12571648
12569104
12571324
12568468
12577052
12542212
12544456
12570200
12579368
12569716
12593076
12655988
12615564
12620308
12588320
12570840
12569780
12575992
12572180
12573636
12569344
12577992
12569408
12575068
12572360
12591764
12609120
12581476
12576076
12543880
12568448
12600516
12571660
12603172
12601808
12581044
12577272
12573384
12567280
12570708
12572920
12569320
12570900
12568344
12575104
12568396
12572220
12570180
12543396
12569668
12573920
12568284
12641028
12596164
12608424
12605432
12582216
12575380
12572408
12574092
12572332
12576680
12566712
12570484
12568776
12572488
12566704
12545320
12564348
12574680
12572908
12575160
12578512
12636160
12601204
12617412
12588956
12578568
12585984
12571224
12571076
12573436
12594020
12571856
12572312
12570668
12544972
12570984
12570600
12570524
12573292
12568384
12574236
12603904
12630680
12584040
12616264
12592392
12579700
12577152
12572704
12573368
12568712
12575156
12570108
12543672
12564828
12570588
12575192
12575896
12564204
12572136
12566288
12571460
12615636
12619076
12585572
12616520
12596832
12577028
12576436
12569752
12571816
12674196
12562940
12576828
12571420
12568768
12580868
12567084
12618036
12578948
12566604
12560676
12571500
12664592
12591432
12603096
12573832
12591372
12564700
12568992
12536528
12561856
12563624
12566872
12560740
12902012
13868640
13920788
13062064
12605424
12583612
12662152
12581008
12658372
12646500
12605644
12641956
12594336
12575916
12623044
12573900
12583056
12575972
12570812
12580324
12573484
12584204
12541344
12580056
18365980
13629960
12836688
12673660
12570352
12605452
12567940
12584204
12602648
12565864
12562524
12571872
12573896
12574348
12568612
12582232
12574052
12572212
12573612
12574560
12537048
12570768
12569172
12577260
12569260
12576116
12613004
12573448
12590048
12600728
12579844
12574528
12571660
12573916
12572600
12571896
12575920
12572956
12572492
12539000
12568504
12569036
12573436
12569488
12574428
12574396
12579504
12619908
12574820
12605728
12582636
12577228
12572204
12573716
12572644
12571780
12571256
12572964
12539996
12567400
12573840
12576432
12568744
12574536
12568664
12570188
12573836
12594060
12608048
12570836
12611952
12577228
12575184
12572176
12573608
12574284
12581772
12537412
12545452
12569112
12571956
12570792
12573728
12572300
12575020
12566344
12576176
12569964
12592472
12613468
12576124
12609932
12577080
12575136
12568576
12573956
12541948
12543096
12570548
12572932
12569692
12572328
12568100
12580488
12569180
12573656
12578840
12593504
12572636
12601864
12598744
12637880
12629080
12577204
12580828
12542016
12540652
12571004
12574924
12567128
12575968
12572260
12576908
12569836
12575972
12569240
12571876
12570960
12575492
12575208
12613528
12582524
12598676
12610060
12545532
12547916
12574380
12574996
12570988
12574552
12570400
12574204
12572932
12577244
12568948
12579968
12626912
12581200
12572176
12567036
12595756
12616368
12572316
12578096
12575676
12574020
12574544
12569196
12573324
12570900
12573940
12566724
12577112
12569532
12571532
12570088
12570988
12578976
12570792
12581424
13422764
13666868
13645788
12721424
12589676
12594424
12578444
12586000
12543400
12563072
12567636
12572592
12576608
12572216
12574740
12570720
12582600
12571564
12577668
12573180
12573476
12620076
12573228
12606772
12590200
12577080
12573200
12545844
12564928
12574520
12571832
12573828
12570004
12574500
12568144
12575368
12574796
12570932
12567760
12570856
12572344
12597504
12678412
12615148
12629820
12578556
12594768
12576416
12576020
12570120
12572824
12573968
12569404
12573856
12570284
12583428
12572700
12575112
12545452
12543600
12569132
12577812
12605340
12594416
12587116
13096548
13725172
13752744
12848360
12591316
12585928
12583748
12579344
12539992
12541672
12573800
12570556
12569484
12567832
12580192
12572492
12575612
12570468
12616588
12573716
12603860
12601764
12575144
12579104
12572900
12575560
12573092
12611808
12637044
12647864
12643424
12647076
12640400
12639968
12649936
12643096
12647640
12603344
12644400
12681944
12647688
12670696
12660960
12647144
12642684
12644376
12648588
12651852
12645492
12643748
12641204
12643284
12639908
12644516
12644336
12646240
12647312
12651348
12640952
12651996
12695232
12635068
12684364
12607896
12662840
12649728
12649680
12638348
12638900
12648240
12652464
12643368
12641220
12642488
12641116
12644496
12639680
12648948
12640988
12644784
12679580
12670276
12648760
12680468
12655540
12604304
12646652
12646988
12639304
12650508
12650472
12637280
12616984
12635644
12680764
12642644
12644756
12645600
12649248
12644084
12648740
12671640
12659908
12668600
12641764
12644300
12646152
12660156
12636392
12634512
12649052
12644760
12646288
12639664
12643460
12651876
12641056
12649308
12635880
12642024
12647672
12650928
12686108
12655268
12676020
12645132
12590192
12576708
12542280
12544556
12569036
12575548
12571776
12571568
12586748
12574368
12573644
12574896
12574176
12575292
12575460
12574504
12603092
12622336
12532032
13739020
12551068
12557248
12557468
12577968
12554276
12549888
12571440
12572420
12581984
12568132
12563588
12575128
12565064
12589884
12570532
13511188
12540052
12604696
12560916
12604876
12610028
12587356
12574192
12578284
12575280
12574528
12576684
12574068
12578188
12573044
12578516
12572504
12577088
12575528
12542340
12562316
12578260
12569408
12620284
12578640
12600548
12624252
12631692
12585012
12572160
12569836
12574120
12575932
12573848
12577852
12576908
12574692
12534280
12681560
12580904
12543792
12541248
12571840
12604676
12614804
12576800
12609260
12584592
12573788
12573936
12575016
12780060
12906184
13205112
12681764
12576332
12577012
12575004
12578732
12589820
12580732
12569668
12574608
12573808
12607256
12600908
12577636
12620160
12575044
12580224
12570456
12539140
12580052
12572788
12575032
12573920
12578580
12571872
12580080
12567732
12576312
12570604
12573848
12585016
12573656
12607252
12589628
12592684
12608816
12542128
12581472
12579624
12576108
12592276
12575616
12576752
12577872
12573972
12574932
12544928
12569300
12573152
12573816
12575660
12572208
12580652
12615784
12577048
12587872
12604184
12582560
12574596
12571952
12575464
12576208
12575568
12578132
12572668
12541216
12560648
12577580
12570992
12578456
12578512
12576580
12572892
12570144
12608784
12568240
12565464
12588312
12570504
12578792
12577228
12578664
12572640
12577940
12569496
12566956
12586500
12578816
12579384
12557736
12541456
12569288
12577556
12571816
12596436
12606328
12572984
12615664
12570752
12584976
12577780
12579504
12574240
12579140
12568976
12563304
12571320
12586268
12578664
12579784
12575008
12580052
12574808
12544296
12539312
12601132
12593324
12580568
12610360
12583836
12623512
12593516
12576256
12570564
 
12571796
12578348
12575652
12573112
12576192
12574860
12580904
12577208
12544716
12571716
12575800
12571220
12626432
12580204
12606080
12580868
12581988
12574368
12576368
12575128
13193048
13413528
12726216
12648708
12578768
12572324
12586940
12578464
12577228
12574596
12574008
12576876
12609164
12606576
12578128
12612400
12582076
12575012
12546376
12571036
12576396
12571084
12578960
12579636
12577572
12571956
12577248
12572740
12575216
12574748
12571252
12575824
12575340
12600612
12590324
12586408
12614620
12580668
12545120
12539280
12571212
12579860
12581968
12537188
12575040
12571360
12580740
12572332
12581416
12610128
12629872
12589116
12579500
12577376
12620580
12575548
13326360
12608316
12578500
12579356
12577948
12574296
12577436
12607464
12581048
12574252
12577600
12580696
12580356
12872072
12961528
12953488
13133636
13249808
13053712
12654068
12581372
12618928
12588072
12594444
12574964
12816356
12579548
12579896
12574988
12575872
12545344
12569632
12575056
12573692
12579252
12572788
12575244
12569996
12578504
12606744
12599952
12575556
12608596
12578168
12581884
12574352
12575936
12581836
12573204
12538660
12590144
12575480
12578532
12572220
12568752
12584256
12588108
12580460
12576652
12570572
12603128
12590720
12568136
12572868
12575684
12581216
12570028
12577732
12571528
12578352
12573848
12576336
12575840
12573328
12575628
12576960
12572556
12574396
12577864
12575704
12581120
12614532
12541596
12591768
12603424
12576892
12579856
12573996
12577408
12575992
12577800
12568832
12573632
12573364
12572468
12575744
12572600
12570968
12570540
12572608
12573548
12540836
12606548
12577784
12597824
12593692
12576116
12578092
12570264
12579080
12570320
12572956
12573860
12572364
12575612
12579980
12587452
12580476
12575976
12574816
12549944
12568296
12592220
12603932
12567660
12611936
12584760
12578568
12577388
12570024
12572980
12579516
12572256
12578660
12571924
12574212
12571428
12573936
12574344
12543592
12880312
12686616
12577916
12610044
12596188
12588652
12608716
12578228
12582924
12573892
12573780
12572496
12572944
12578184
12573996
12542476
12543536
12570596
12573928
12570976
12575020
12568148
12576860
12575452
13031404
13324548
13123456
12677764
12589536
12587628
12578224
12579512
12570664
12574312
12577640
12584148
12570952
12566172
12568924
13105544
12581208
12574712
12542968
12569120
12577700
12610712
12570596
12608820
12602896
12576720
12588968
12579040
12579384
12576348
12578172
12576508
12543400
12540164
12571804
12581088
12582088
12568704
12581872
12580156
12573748
12576196
12710208
12592824
12622156
12714584
13017440
12714344
12573072
12578364
12582376
12578196
12577816
12578168
12577536
12547828
12543024
12572176
12575484
12570484
12576900
12581408
12614636
12716700
12960440
12984476
13285512
12778372
12576872
12556448
12574416
12568416
12564232
12550564
12575460
12582748
12575436
12578136
12574828
12573788
12575796
12576008
12568036
12626500
12575884
12611596
12618024
12583728
12576444
12578060
12573032
12574716
12574548
12573640
12577528
12574168
12575280
12574492
12573824
12574688
12538660
12586288
12574544
13316400
12604660
12577932
12596460
12597052
12549188
12571812
12581956
12570996
12577936
12572892
12577936
12570404
12580868
12570916
12572976
12570508
12583432
12575256
12582024
12574252
12586224
12610864
12573452
12597000
12588200
12572984
12576044
12578540
12579580
12577212
12578032
12543236
12574396
12577412
12571536
12570248
12572788
12579352
12578716
12575164
12572872
12593092
12605824
12569380
12616336
12581012
12575468
12575140
12575396
12575464
12542940
12571804
12575308
12569332
12574412
12572552
12576864
12572652
12583108
12576228
12574100
12575544
12608452
12589204
12586976
12616884
12579888
12577404
12575168
12542888
12569604
12574472
12570928
12580072
12569704
12575956
12569828
12580424
12570288
12572824
12574420
12573692
12572080
12620528
12571900
12597528
12619712
12579428
12544308
12600524
12603072
12575412
12572272
12566544
12581384
12569880
12576884
12581760
12572976
12573880
12573600
12573896
12574184
12602156
12611832
12577780
12594020
12546884
12571300
12574600
12569852
12577264
12572356
12628928
12836588
12881380
12851128
12672560
12593760
12587092
12589812
12578016
12581452
12585660
12637868
12578132
12561188
12618516
12573496
12591596
12573264
12580392
12573828
12577136
12580100
12576200
12569796
12582048
12581240
12587208
12578556
12572520
12581656
12575204
12581976
12568320
12575220
12597928
12599780
12588732
12579856
12575172
12581892
12573480
12594984
12577876
12575068
12581244
12574444
12587640
12575408
12576248
12579512
12540668
12548056
12583872
12604640
12578620
12607652
12592076
12573512
12581304
12576304
12573008
12593776
12576500
12572980
12577604
12577372
12580584
12577024
12574304
12547436
12568272
12601644
12569684
12604972
12598492
12579356
12626872
12586840
12570268
12578676
12574984
12584716
12580496
12574104
12578352
12584252
12588668
12578880
12542512
12573484
12577304
12584520
12587200
12572904
12616268
12579460
12611912
12606596
12575040
12578276
12573220
12589948
12589908
12575268
12580872
12576356
12546912
12545244
12926304
12660416
12589708
12590176
12575660
12579352
12593420
12643052
12615748
12615080
12583088
12583384
12581440
12593592
12543336
12564080
12584832
12572580
12587836
12576804
12580200
12575828
12579996
12581132
13126292
13425168
12986976
12638776
12611060
12592876
12620548
12585392
12574120
12585080
12578300
12582416
12585376
12576860
12585508
12577492
12576516
12580568
12541444
12578604
12578296
12571468
12584532
12570780
12621856
12585848
12597440
12617560
12574012
12584640
12580224
12576920
12580688
12578680
12586036
12577536
12576448
12548656
12567956
12587188
12569720
12578000
12576196
12577392
12579696
12616512
12569416
12600968
12602376
12595604
12578592
12574168
12582236
12578128
12692092
12541812
12570656
12574772
12578640
12580316
12586792
12572480
12583088
12570604
12590040
12575536
12638452
12579812
12603968
12609660
12581632
12580112
12581876
12548908
12549288
12583960
12568620
12582924
12996952
13332128
12750200
12671984
12589308
12576256
12589976
12538280
12594036
12610852
12572320
12628300
12588504
12571484
12584308
12570468
12586640
12584124
12578160
12580048
12575520
12585308
12578452
12576264
12580100
12541976
12549556
12710332
13458556
12625300
12592440
12587516
12631900
12575860
12583788
12577976
12588036
12578396
12577560
12578676
12549496
12554304
12584668
12571948
12584188
12571028
12584860
12575188
12577104
12574816
12608952
12595996
12603912
12622680
12818120
13311996
12844048
12600000
12570388
12586840
12570564
12589788
12578904
12576100
12572676
12579052
12591332
12578892
12577248
12584828
12548064
12593096
12587452
12600580
12612260
12571788
12589020
12574088
12579812
12576508
12581156
12583976
12578036
12575988
12579532
12576068
12587004
12576440
12575652
12546332
12566084
12591348
12605256
12577280
12604192
12609952
12591896
12583524
12569804
12579004
12576992
12583556
12576684
12576880
12581188
12576680
12585784
12552292
12544648
12573416
12578824
12584224
12602020
12604328
12583320
12610032
12600996
12578528
12575440
12580396
12572232
12579788
12582708
12576072
12578764
12577628
12550452
12543128
12572204
12580716
12579476
12585228
12571916
12609636
13076304
12629948
12632104
12569048
12571388
12579728
12575580
12579640
12580176
12537688
12544880
12570912
12578204
12571636
12578332
12570200
12578556
12573948
12580972
12572660
12613320
12577696
12600108
12593756
13261748
13380068
12776248
12597912
12576004
12594412
12578788
12576088
12579412
12580044
12575532
12576536
12575312
12574848
12577088
12539808
12559076
12606668
12579136
12620108
12579644
12570540
12579344
12571076
12575560
12573528
12574444
12569104
12575972
12573356
12574040
12573964
12574428
12576252
12538420
12542876
12570264
12600020
12598332
12577140
12620512
12578540
12577784
12578408
12572924
12576352
12573484
12576828
12572692
12573696
12576128
12577576
12574712
12554576
12542920
12567612
12581208
12571132
12601128
12593696
12584372
12616352
12579124
12572580
12586620
12575540
12578932
12585464
12573576
12573740
12573020
12574896
12576544
12542256
12568232
12577268
12568960
12576648
12570936
12625408
12589016
12600488
12609628
12579484
12575368
12573908
12573968
12578912
12574548
12575820
12576108
12572752
12543832
12571344
12578584
12571132
12584000
12571812
12582628
12570664
12641604
12579052
12596200
12612756
12580316
12571768
12574424
12573100
12573564
12575064
12627536
12581076
12585348
12577264
12579088
12572996
12571968
12583896
12572108
12581800
12611700
12630532
12586740
12636580
12581460
12576880
12575752
12582280
12576820
12539472
12575660
12574396
12581364
12569624
12577124
12583928
12580872
12770708
12974532
12986228
12755112
12563180
12602092
12592112
12620920
12582708
12571180
12583544
12571696
12583776
12572680
12573748
12575296
12582360
12573976
12579016
12574976
12581468
12575724
12584364
12543716
12565288
12636756
12585088
12606000
12610568
12591892
12572776
12579384
12573960
12576960
12571924
12578752
12576836
12592452
 
12571628
12575256
12574884
12578740
12542196
12571032
12576660
12567852
12641876
12582696
12610044
12598148
12593632
12571132
12576836
12571644
12564560
12573584
12572228
12575764
12574176
12575024
12579528
12545604
12573972
12574084
12569456
12575048
12590556
12630952
12587260
12636876
12582208
12578004
12579788
12573448
12572348
12592020
12607676
12581312
12575840
12542500
12548856
12569848
12576840
12571656
12577252
12572568
12578108
12632320
12601084
12585820
12621024
12587792
12577744
12574536
12573796
12575400
12575240
12577436
12548100
12574800
12843180
13119132
12837084
12695516
12589828
12583212
12576760
12580288
12612744
12575892
12564396
12591228
12580144
12573696
12576916
12571896
12581488
12572652
12578016
12569080
12572804
12571576
12574632
12574296
12571864
12574388
12570404
12573000
12582748
12595452
12551192
12621096
12579064
12578884
12567780
12575200
12570748
12574768
12569404
12575192
12572556
12581704
12572536
12571640
12575984
12564516
12576172
12574180
12573152
12574920
12614220
12584228
12621544
12584400
12574764
12571736
12577972
12569068
12574788
12568140
12568228
12573552
12572100
12574156
12569952
12570888
12570632
12574180
12538196
12564184
12598564
12619504
12580776
12631628
12576904
12584436
12568712
12576660
12577176
12573204
12572492
12569604
12572936
12574844
12573108
12571620
12573716
12544384
12541164
12569844
12573184
12616480
12596436
12595704
12620252
12595644
12645264
12660400
12645456
12656092
12642192
12608008
12640636
12652800
12640996
12646936
12655412
12647144
12648376
12635380
12650416
12603800
12752660
12727552
12765844
12703964
12649824
12649412
12608744
12585756
12577548
12545660
12567948
12575308
12571236
12577732
12571780
12579880
12572372
12579856
12576156
12587884
12699848
12872372
12976148
12889904
12664488
12575248
12583612
12570296
12575776
12589952
12575496
12572712
12574440
12570952
12577232
12571460
12572940
12574236
12572048
12572460
12575340
12574036
12595408
12575664
12613376
12580444
12571544
12575824
12572748
12581792
12567936
12572460
12573536
12570328
12574520
12569956
12572428
12571140
12573512
12575184
12548700
12538156
12628976
12578004
12597980
12621128
12583444
12570736
12579252
12572192
12565536
12572496
12572192
12575348
12569272
12573996
12575088
12574700
12573396
12578136
12541616
12575956
12572620
12632376
12580176
12601824
12604612
12589292
12578864
12571972
12573576
12572828
12573588
12573824
12572784
12618068
12660140
12604276
12645132
12677128
12611052
12574068
12574084
12606508
12620876
12587424
12628716
12593816
12575216
12577448
12581092
12578584
12540312
12565812
12569796
12578368
12571772
12575956
12569864
12575724
12569580
12576884
12566772
12713588
13458720
13096976
12795336
12648204
12614676
12562660
12608384
12557072
12596276
12560044
12611452
12581284
12579060
12578152
12577132
12583124
12576604
12541900
12562564
12575504
12571540
12622128
12572696
12607564
12597392
12578920
12568936
12576976
12573180
12565224
12579132
12572800
12575852
12573716
12575892
12576096
12543184
12566420
12576664
12569964
12577772
12577140
12614336
12570792
12606792
12582916
12574928
12575476
12572764
12573884
12574228
12574204
12576416
12574172
12575532
12543828
12569964
12576780
12571072
12578316
12574496
12582840
12592076
12614624
12572024
12612816
12578684
12573348
12574004
12573140
12569096
12574464
12576372
12538296
12545468
12575664
12575248
12573252
12574288
12571392
12599784
12574488
12584064
12596340
12605300
12575488
12611016
12576988
12575336
12578364
12575212
12577308
12539448
12546000
12577084
12577524
12570664
12581096
12571892
12580300
12571656
12578700
12571820
12574100
12603408
12590696
12589548
12606692
12579380
12575428
12576960
12541112
12572996
12580692
12578160
12570872
12579116
12571560
12611796
12630944
12585256
12572392
12573780
12572708
12583128
12618628
12580524
12601540
12602652
12543076
12570644
12575524
12570640
12577364
12569960
12575000
12578576
12578736
12568432
12570644
12572856
12573196
12572836
12579728
12788164
13925908
14178212
13165056
12643752
12585176
12579220
12582064
12541764
12542764
12571336
12576532
12571160
12577252
12570036
12580528
12575108
12581484
12571600
12573592
12575596
12572856
12607012
12615092
12572304
12611892
12580320
12542744
12573700
12572152
12579708
12571868
12583100
12572940
12579112
12593156
12580760
12571720
12569436
12574700
12575264
12577240
12580224
12598052
12597796
12580092
12573416
12582144
12571072
12577112
12575408
12581540
12581260
12581800
12570968
12579352
12575012
12574644
12576392
12573852
12574308
12577088
12573908
12578888
12580000
12538500
12598768
12648080
12597732
12574112
12572192
12570336
12584824
12573328
12608716
12574284
12573100
12571776
12568176
12571892
12571744
12575748
12577764
12545332
12598176
12632384
12573340
12607448
12581160
12571636
12573076
13160692
13861036
14098016
13121476
12585732
12594104
12575580
12580548
12579148
12534472
12574300
12563560
12581968
12572228
12610992
12619700
12574336
12610876
12570876
12567244
12573116
12573496
12575716
12571352
12574432
12572408
12575616
12569724
12576144
12544700
12569376
12580808
12570924
12569400
12571776
12595704
12596832
12577176
12612448
12576320
12573276
12578772
12569532
12572804
12572092
12573364
12571932
12547776
12539320
12573540
12569496
12569240
12570644
12569388
12571124
12574720
12601316
12576260
12596668
12605824
12574184
12601116
12586188
12569660
12569336
12571400
12542432
12540200
12597864
12627168
12587468
12568632
12574292
12566600
12577104
12566740
12573884
12622180
12572420
12606172
12572148
12573584
12571652
12572980
12538148
12548892
12583232
12803676
12842036
12874220
12706840
12589860
12576720
12581060
12581864
12569432
12575376
12606572
12557264
12583516
12610524
12572808
12574220
12567356
12574696
12567896
12574340
12571984
12569972
12569932
12570224
12572280
12570788
12571116
12570876
12573156
12567940
12541752
12605632
12606224
12592012
12607844
12575588
12571200
12567228
12572836
12567644
12575372
12575532
12570248
12570872
12567716
12577628
12571384
12572076
12576300
12541940
12569304
12586632
12603464
12568820
12605576
12576748
12574552
12571940
12611484
12633884
12648352
12640552
12643576
12604756
12646420
12647176
12646084
12642512
12633836
12638876
12664220
12681196
12670832
12644152
12645592
12691856
12637632
12631068
12646612
12637556
12639116
12633084
12604076
12640204
12635760
12652660
12630828
12642348
12633320
12644692
12635004
12639900
12602824
12740912
12986664
13026112
12800016
12604048
12570892
12577392
12572520
12568112
12543792
12541928
12576444
12569260
12572564
12568204
12568956
12568480
12573636
12568408
12566980
12570160
12611532
12573640
12592752
12609152
12571384
12574800
12569220
12542584
12538744
12568776
12573540
12568060
12567004
12570036
12567548
12568524
12569812
12568280
12565868
12566596
12570972
12600184
12578708
12594916
12584340
12570300
12572420
12538900
12569672
12569772
12571192
12569996
12566196
12566544
12569160
12571136
12582652
12569636
12571968
12573484
12567020
12591696
12603428
12572400
12616692
12572520
12543352
12577948
12568884
12581208
12568872
12570068
12571580
12571332
12571380
12583688
12569788
12576324
12574640
12576508
12573136
12567920
12596624
12609172
12577024
12579640
12568916
12569232
12580392
12571244
12579768
12575108
12572120
12568440
12580304
12599704
12640872
12653292
12644452
12645828
12606428
12643616
12638808
12669080
12662108
12644424
12682096
12635520
12645536
12646080
12643960
12639912
12645612
12641332
12647976
12647632
12642584
12643656
12640432
12625112
12649028
12646420
12643008
12644980
12772328
13066180
12714908
12616996
12577256
12542368
12572488
12570072
12579540
12570080
12579984
12571872
12583180
12569020
12580212
12569044
12579360
12580320
12578180
12573792
12588860
12616976
12575368
12608168
12592500
12936812
12973288
12952104
13198896
13314192
12709980
12623172
12576084
12567088
12583000
12580776
12587024
12570764
12574504
12570900
12575612
12604128
12622456
12574564
12619192
12573260
12579676
12539868
12566948
12577960
12568464
12572516
12572608
12578572
12567688
12580224
12574248
12575220
12571648
12574100
12573216
12577072
12596184
12604904
12579820
12627080
12542184
12566244
12577336
12571140
12577896
12569432
12579244
12573880
12580888
12570320
12571732
12573932
12574228
12569792
12576620
12572428
12572412
12608296
12575300
12563064
12640772
12601088
12575260
12573916
12565400
12581504
12569316
12577148
12569908
12575488
12570448
12576672
12569376
12578120
12572304
12575008
12573892
12579044
12580872
12566400
12598120
12585460
12575760
12567964
12663736
12989720
13125992
12774720
12624612
12572352
12553744
12578136
12569592
12580792
12567448
12581856
12570048
12579992
12605420
12609224
12577652
12625152
12571116
12572608
12571672
12572256
12570804
12570960
12570800
12538888
12574192
12568056
12576820
12569352
12578360
12568544
12575424
12567260
12577200
12593940
12596552
12591220
12616764
12573592
12572436
12569156
12575300
12571884
12536876
12572724
12567652
12577804
12569228
12576336
12566764
12574348
 
