Procesando...
  Filtro             : mblur
  Implementación     : C
  Archivo de entrada : lena.816x512.bmp
95011364
93519476
93221672
93078372
93116704
93097492
93117296
93122604
93157996
93041000
93122476
93115952
93074840
93724812
93098976
93053452
93108900
93123656
93077500
93637712
92962592
93002228
92999476
93034764
93025624
93030960
92980944
93004324
92954792
93032852
92975608
92978532
93126200
93016736
92984996
99188048
94479892
96720844
93634736
96794700
93192004
93115948
92964452
93067976
93042316
92939100
92965020
93014728
93007452
93027808
93053452
93047408
93005100
101974936
115957120
116045240
115974964
93663840
93003176
93022480
92954212
93063028
93034732
92955944
93081096
93036876
92980824
99972904
93046732
92921060
93372672
93020728
92980872
98023680
93178916
92953904
93458248
93035760
92938860
93106748
93021864
92985148
93028332
93032976
92985660
93031156
93045608
93040916
93064024
93015264
92972944
92973064
93060492
92978728
92989316
93468140
93907668
93062256
93020848
92983192
97102240
93036144
93016868
93050644
93034340
93046988
96098696
92983532
93004772
93001232
92810148
93130336
93081284
92995304
93384252
93110724
104127012
93081816
93060780
93018892
92942700
93041716
93021476
92969088
93008176
93039328
93056304
93001768
93063824
93090484
93042312
93014768
98283208
93483600
93392460
93056068
93016156
98255180
93146648
93012596
93085744
93013980
92949096
93089476
92990060
93004980
93025396
92978704
92983936
93061840
93044776
93033220
93048772
93473676
93047000
93046984
92998840
93029508
93060416
93006104
93066068
93097072
93911412
93043460
92961728
99364088
93159800
93045140
92984292
92951304
98562036
93020408
93432832
93115216
93011016
93015104
93050000
93022880
93045976
92999788
92963496
93127392
93058500
92966404
93044388
93034104
92992480
93050572
93034684
93002784
93041524
93012908
93425444
93121516
93051280
93101596
93017812
93046680
97676384
93015096
93416904
92828224
97513336
92901632
92855344
92887788
92855296
92867972
92864892
92878756
92801600
93272308
92944452
92816344
92863164
92863284
92881532
92885148
92858216
92873940
92848616
92863756
92796316
92877196
92859616
92862416
92864512
92905160
92870620
92908136
93101424
98518632
92975188
92810340
96038428
92958208
92890352
93132580
93148388
93125152
93084720
93115308
93117416
93129196
93071556
93099804
92953316
93104956
93127664
92977172
93224264
93209272
92949852
93122864
93124760
92989244
93094528
93042068
93038556
93199228
93035396
93609784
93089076
93105160
98261636
93188768
93089900
93051524
93069684
93121344
93348576
93094996
93140216
93146620
93084640
93107536
93007176
93094156
93148712
93004120
93148104
93066544
93040988
93114416
93090132
92973944
93140876
93115692
93032564
93586528
93113356
93055228
93094256
93157396
93827504
93077224
93205292
97863200
93100032
93118464
93005036
93094596
93130012
92955260
93121280
93096576
93005620
93118460
93141672
93069436
93033384
93034452
92961252
92960072
93002952
92962624
92991756
93013592
92976608
92983840
93014904
92985840
93009844
93015096
92973292
93015480
92976312
93035344
93463952
93116336
97649624
93086716
93051688
92976560
93027404
93060528
92973900
93026932
93051272
92948420
92992572
93054232
92984652
92994188
95126164
115990724
116057428
102246556
93063924
92998576
93049536
93007456
93037408
93007096
93084880
93063644
93139192
93034476
92940312
93089508
93123140
92979316
93209428
93290756
93020804
92966908
93037232
93004828
93025324
93018480
93003852
93011964
93016072
92987480
93005828
93040200
93034852
92973496
93036728
93007488
92979676
92962020
92996268
92986788
92970432
92969376
92976636
92978736
93023152
93039760
93008808
93051876
93049068
93078132
93009452
95029640
93112136
93018704
93027640
93020684
93010524
92967776
93030328
92986112
92984048
93019676
93018152
92978176
93060596
92984076
93012960
93091240
92990316
92999924
93015212
92998928
93030040
93023964
92999372
92973476
93001440
93039736
93021816
92986996
92964636
93093256
92957316
92965096
96781040
93176744
92965924
93044804
93036104
92961480
93102776
93155068
92969884
92986396
92985800
93011600
93024088
92977100
92961268
92993456
92983640
93019428
93037960
92985956
92959728
93051040
92994476
92987728
93032148
92975144
92994048
93045332
92972076
93032872
93844756
93009548
93016996
96555592
93080728
92997996
93013372
93037292
92968948
93044152
93030312
92960884
92970504
93055340
92986864
92975480
93033392
92998180
93013304
93016820
93005744
92975548
93013704
93005688
92987972
93020788
92967016
92996356
93037456
92985752
93045740
93013372
93052980
93064772
93032420
93014384
96632252
93017544
92991564
93015388
93006616
92949768
93043900
93037032
93018704
93028584
93038824
93009812
93012180
93024088
93009100
93002688
93004120
93011056
93006376
93013120
92989480
92983720
93018732
93039380
93036896
93059920
93005948
93004584
93163580
93056872
93112772
92849012
95634656
92950312
92851752
92832216
92888132
92877732
92826576
92864216
92831320
92834436
92872360
92818324
92856232
92914360
92855536
92857184
92886452
92842460
92859872
92909116
92851092
92871896
92910660
92848712
92835440
92922292
92878432
92874952
92905476
92916384
92901960
92909980
92883532
93082960
93151248
93127252
93006240
93147104
93102944
93098928
93118276
93109716
93100892
93102896
93121240
93097376
93157920
93120548
93099516
93067040
93166392
93081648
93103592
93134096
93096452
93123320
93154388
93124560
93123828
93143560
93143548
93377616
93077536
93749864
93116008
97786900
93157832
93153968
93086516
93116000
93104016
93165800
93210196
93052692
93131328
93102884
93086440
93129824
93098756
93096112
93120988
93058384
93148164
93099336
93117556
93118292
93108720
93001236
93136548
93080844
93128644
93126348
93101952
93063364
93173908
93127696
93094968
100613552
93145432
92924788
92960224
93027228
93000764
93021248
93038740
92980540
92960128
92950588
93022744
92963168
92995312
93020496
92947808
93009156
92990720
92974384
92997412
93023368
93007748
92996748
93006400
93003948
92984960
93012320
93028896
92986860
93049600
92992068
93019668
92970588
97125564
93102220
93079660
99151112
93004312
92906604
92823344
92932184
92837188
92813424
92884812
92836780
92831060
92866560
92866020
92876116
92909608
92836488
92897016
92900860
92926444
92857144
92892324
92898332
92895124
92919444
92868656
92836048
92853916
93167592
92861948
92904076
97732476
93002312
92861768
92864488
96330024
92967260
92843996
92844600
92873328
92886988
92881708
92846588
92842788
92808892
92902104
92833400
92835304
92921876
92849116
92860404
92886348
92877248
92889228
92891952
92824928
92925780
92857772
92889940
92886088
92954800
92848092
92846204
92860628
94478844
92895680
92892152
93041652
99375384
93143364
92998048
92995512
93059076
93002404
93003880
92991956
93031576
93019848
93010460
93037876
92991864
93043132
93014832
92956112
93039660
93024360
92935088
93048676
92987128
92948816
93030928
93011412
92983944
93110204
92977908
93032424
94395020
93105036
93082228
92988708
93052800
96621960
93095912
93097872
93074144
93016788
92980656
93040416
93040844
92961484
93000344
93039384
92983088
93012444
93035028
92985120
92986584
93024360
93002440
92897100
92985924
93034252
93006340
93012968
93012392
93314772
93052904
92990664
93664156
93991836
93082352
93826228
92992056
93106220
99309016
93054344
93083568
92996220
92994516
93031548
92985232
93018048
93100124
93004140
93025396
93027356
93005244
93023720
93044252
93013560
92998920
93054016
93027196
92984488
93029332
93022656
92936612
93021340
93082236
92957124
93012612
93400928
92981352
93019292
93061432
92999312
92992308
96660924
93147196
93007356
92975628
93000872
93003460
92994456
92991168
92986836
93015372
92979388
92998156
93008456
93017192
93078140
92989600
93000584
93058728
93036448
92960912
93005588
93029456
92971164
93368132
93125044
93009108
97810420
93331156
92993528
92990216
93951472
93029292
93003344
99260836
93116200
93017748
93033348
93142140
93035396
93044296
92947628
92971396
93059844
93025884
92973324
93038656
93022476
92989556
92992068
93012676
93035948
93044160
93035452
92993688
93029276
93073468
93006968
93002328
93163768
94524952
92950104
93018952
93001328
93059680
93033584
93016536
93516744
93110036
93023940
93015560
92984748
93032100
93050720
92983868
93042416
93009864
93018676
93006268
92981100
92959664
93051448
93033696
92964504
93054844
93194272
92972304
93012000
93013716
93006328
93022332
92996588
94167820
93074560
93071456
92993028
93044476
93069008
92977544
93017672
93582492
93247756
93000864
93014636
92957392
93004568
93016804
92905800
92981148
93053428
93028572
93038224
92996592
93011840
93040172
93023536
92956148
93005752
92952484
92922252
93030596
92951944
92941284
93048864
92949012
96179324
93050216
93065988
92852668
92998124
93798900
92891792
93064404
99573680
93045604
92974920
93005184
92961556
93056060
93002396
92972532
92992124
92999156
92990972
92994496
92974576
93027180
93029992
93042436
93016740
93064208
93043076
92969024
92990228
93074920
93018776
92986728
94769036
93088468
93043276
92933588
93035716
93067868
93009988
93033536
95007648
93135712
93090740
93032120
92987212
93034304
93065536
93007920
93010248
92933668
92994360
93047240
 
92969668
93006032
93022636
92975796
93060728
93021528
92991900
93031140
93064436
93016896
93027588
93049484
93000056
94377544
93047228
92984304
93017360
93040144
93025888
93057484
93026192
93019136
96657644
93101640
93042784
93121532
92987620
92987624
92972956
93036260
92963152
92987872
93030828
92931188
93045548
92998828
92980728
93066340
93046044
92982164
93042664
93021532
93302044
93017448
93009788
98004232
93221972
92970512
93050748
93010848
92994880
92989608
93045676
93042872
93027236
96220788
93163080
92972664
93008336
93004444
92997028
93028368
93016032
92949220
92946900
93086288
92981744
92978712
93004140
92931336
93036672
92993040
93007756
93021184
93012148
93002668
93019280
92979300
98678392
93033540
93011436
92999752
93008328
93038744
92990272
93098484
93078924
93143784
97784616
93077092
93003872
93033988
92998148
92982496
92990252
93044376
92952872
92994068
93044604
92993564
93012780
93013500
92997820
93071180
93009432
92913908
92978692
93056260
92954132
93034864
97711824
93108340
93004240
93007668
93000508
92988060
93018096
92962212
92991276
93009944
93013872
97581552
93100108
92979824
93001480
93031928
92943540
93014356
93021248
92935036
93020412
92987884
92942068
93019608
92992536
92954364
92976816
93019512
92948588
93063928
93049192
92956780
93030088
94261684
92986908
93015436
92980200
93000276
93018148
92997968
92916968
93101732
93009876
92968884
93349340
93100836
92993392
93015132
93037920
92994436
92987424
93005332
92955064
93222860
93226508
93165028
93187760
93017564
93014540
92964612
93003364
93042132
92997272
93014008
92993240
94355704
92989728
93016020
93000452
92951992
92973700
93000592
92973864
93016984
93098200
92934532
92980828
96602616
93105992
92976124
93076948
93037616
92992880
93004024
92992052
92991208
93015112
92985440
92977192
93024392
93056092
92970400
93053464
93013580
93263648
93044340
92980328
95505420
93449348
93018756
93001264
93004636
93032320
93010192
93028028
93052088
92942268
93202244
93015456
93010784
97341712
93116400
93000960
92972892
93066508
92986508
92957524
92981500
93027136
93018464
93002628
92906904
93034304
93084840
93059900
93058856
93011436
93018652
93013176
93010892
96403536
93044440
93019080
92990248
93022152
93011616
92912500
93043380
92984408
93044052
93079632
92992592
92869336
96184836
93098336
92955488
92994068
92988752
92939024
93024308
93058028
92961320
93060632
92998736
92973004
92941400
93044412
92969564
92889072
93348340
92947036
92997760
97703568
93020660
92997332
92966100
92908720
92991248
92944644
92949700
92946852
92963736
92937316
92914056
92890584
92818256
97768556
92827396
92856608
92850964
92894676
92862584
92855708
92892840
92726360
92941768
92851044
92771160
92851004
92888624
92802140
92926412
92899544
92827464
92837632
96431152
92836220
92893496
92831760
92775140
92871816
92877024
93025300
93088704
93138588
92968980
94012084
93092680
92967772
94304668
93203576
93035864
93124496
93142028
93051972
93054440
93112404
93005824
93076608
93145624
93074212
93058524
93132356
93000508
93148412
93120444
93078160
96720472
93263664
93046588
93104716
93584928
93191324
93099732
93137868
93033224
93101660
93123380
93041496
93293232
93036540
92891980
94834996
93237036
92950620
92984144
93004568
92943412
93046640
93014620
92923776
93018244
92979744
92961328
93020336
92942300
92990528
93039224
92978884
92919572
94572228
93010944
92915128
92988324
93002296
92906544
92963040
92999548
92872696
93007360
92999400
92848280
93052992
93050180
92905396
93360116
93031364
92856168
93029264
93028016
92899352
93034816
93023456
92877944
93050152
93037756
92900104
93035676
92989556
92959632
92953120
92971388
93357848
93032448
92967208
92909140
93004828
93016284
92899912
92951876
93019688
92864020
93079576
93180460
92939412
93019812
93024804
92907108
94274848
93040420
92932748
92990596
92952380
92967384
93013472
93018448
92904580
93037748
93027836
92915300
93019812
93028876
92935480
93049236
93001372
97449532
93032008
93020700
92950236
92937316
93019796
92881256
92955480
92980832
92928872
92979764
93035092
92969808
93014076
93012172
97730224
93091276
92972604
92893364
92972492
93070232
92920020
93024764
93003124
92972380
93028552
93009376
92898448
92986116
93081248
92899024
92975144
97534152
93102620
92986348
93040424
92979280
92980380
93001620
92971660
93004264
92948340
92956356
93026988
92979704
92993632
93073324
92975060
92986952
96014956
93005080
92908004
93027532
93025204
92948616
93109944
92998904
92944640
92985772
93005588
92986340
93052544
93037820
92943500
93001704
96088444
92950720
92970732
93027460
93017728
92982632
93035128
92963720
93057656
93019200
93033840
93017620
92960008
92942304
93071136
93011136
93004388
95732776
93117916
92973984
93022976
93055792
92979240
93027880
93064928
92979708
93002956
93029764
93021968
93078132
93033508
93036728
95597728
93240212
93002816
93025856
92999864
92986516
93049604
92959520
93012948
92989452
92996596
92997252
93044192
92994140
93035796
93069416
92993180
92989340
95757028
93123968
92998400
93044824
93028512
92996508
93039620
93024400
92996968
93010772
92997668
93066664
92974352
93012408
93018012
95353932
93023584
93006080
93022656
93028600
92965116
92988568
93021900
92974748
92975184
93118868
93125180
93015804
93045064
93017392
93083064
93026136
93026804
95716164
93105332
93045024
93012116
93014708
93082832
93056064
92983656
93010852
93000316
92988412
93055912
93037368
92959624
96882648
93138760
93043848
92978252
92972956
93006748
92982092
93034912
93020524
93006000
92991492
93015744
93039664
92971744
93061604
93011416
92968860
93035036
92997748
98400632
93098776
93044264
93019664
93010396
93023540
93021456
93022196
92961256
92990328
93039056
92944356
92997900
95236268
93215096
92978996
93006552
93010836
93044472
93019480
93168772
92999936
92976836
93042636
92937156
92957048
92991896
93001212
92952000
93011924
93026748
92965704
93023868
95361352
93129088
92971192
93012408
93013008
93078056
92998452
93024116
93004216
92949584
93066072
92980008
92972276
94385548
93028680
92930412
92967772
93044392
92951448
93003804
93004620
92901260
92985516
93007852
92920232
93018564
92992372
92966632
92909648
93039948
92951092
92951512
93014636
93323008
93115064
93043648
92961364
92979564
92995300
92997716
92976812
92986904
93078916
92982644
93018256
94355848
93211244
92964088
92991136
93023996
92931536
92967692
93049832
93049024
92971496
93040832
93066936
92965080
93052808
93032580
92967344
93005408
93033004
92978444
93030900
92984880
93408948
93120916
92999156
92980088
92998836
93062564
93113016
92960084
93086156
93031228
92981392
93000516
94461616
93052260
92987560
93003976
93034032
92942840
93055648
93038296
92955356
93004164
93072916
93045208
93148788
93015792
93002556
93019260
93035600
92994892
93028116
93047244
93019384
94327308
93148136
93037792
92969392
93044224
93008820
93004784
93014768
93096388
93007460
93011836
94401728
93089276
93054892
93079508
93028544
92991556
93018148
93077532
92986132
92991108
93022164
93003256
93014596
93031620
92968096
93025272
93031124
93014104
93020052
93063628
93002084
93026396
97562044
93103388
93001404
93004500
93010712
93032060
92961324
93322628
93051844
92913816
93015272
94463968
92977264
93003132
93035996
92987912
93033208
92994232
92985484
92962268
93044420
93040996
93002096
93014972
92995060
92974544
93011648
93025788
93021480
93013096
93052956
92973076
93014648
96674800
93133016
93069972
93065804
93034252
93010412
93025396
93313988
93094004
92943320
98008820
93150564
92971556
93001924
93011868
93019368
93222936
93064312
92988148
93029628
93009236
97926292
116571140
116504260
116671576
116588388
115780044
93040180
93709540
93078280
93024120
92986424
99319408
92991136
93051944
93001164
92955072
93081592
93075572
93005140
93044748
94395184
93244700
93057400
93001264
93024604
93007704
93029572
93049612
92959860
93006892
93070144
93379936
115966636
116038112
92972800
93002688
93002184
92968136
92996212
93097656
93076364
92992972
93347088
93125204
93033204
93008180
92992188
93021752
93036480
93065096
92981932
92978696
94325264
93120256
92997768
93000632
93033284
92987120
93006108
92973444
92881308
93032420
93000276
93009416
93107392
93139028
92911232
93023644
92993228
92926568
92996800
93023328
92895072
93064060
92999668
92948880
96831864
93172824
93025596
92961276
93023616
92979080
92984032
93004660
93021376
98085708
92993732
93010616
93047708
93014256
92976048
93052628
92996028
92978080
93032284
92983796
92891124
93011420
92993636
92801456
93034176
92973140
92878128
93032088
92998924
92850288
93087712
93012696
92718412
93374028
93119632
92932108
92997832
93031456
92983956
92989720
93030756
94768680
93108888
92946736
92986668
93031972
92964488
92928752
93005476
93004188
92948964
93032972
93012884
92932340
93037312
93024540
92978972
93046348
92971480
92901992
93023276
93029128
92850980
93023268
93057160
92943580
94381912
93198572
92920852
92974480
93238552
92891816
92949716
93006432
94372308
93083788
92957292
92953608
93020396
92970424
92941084
93011052
93003264
92957332
93012932
92995172
92943876
93066560
93031892
 
93017332
93046312
93011044
92952348
93038724
93007984
92916024
93035572
93056856
92908092
96990176
93156724
92946404
93018296
93352788
92950336
92977752
97624352
93170756
93023192
93022404
92964536
93013080
93009028
93053868
93172556
93017576
93077368
93098120
92914560
93055812
93124772
93013604
93154864
93203260
92973948
93137252
93160788
92991768
93050556
93086108
92971352
92992132
93362432
93127164
92988224
93087316
93020156
92996440
93069128
94817628
93282660
93204896
93014956
93089856
93003468
93023564
92975388
93048608
93061496
92997876
93092428
93132156
92975160
93013592
93014452
93012604
92991324
93047092
93020952
92983508
93006900
93006960
93852196
93007024
93018268
99333320
93119908
92965484
93034220
93033344
92994444
96705436
93031068
92993600
93013464
93034048
93009928
92972792
93034596
93007912
93025752
93032508
93000012
92929072
93009512
93024212
92989320
93010144
93026920
93005464
92986212
93038292
93006648
92988444
93048880
93007904
93006676
92996332
94255280
93156976
93053276
92979084
92987700
93421156
93142812
93031228
92980016
93092272
93047044
92989164
92997600
93009084
93029844
92912468
93004780
93059568
92974772
93019644
92997444
92937884
93026976
93005256
92938852
92989632
93027188
92935492
92979704
92971972
93107484
93014584
93024324
93301004
93068816
93103684
92997536
92947532
94321852
92977756
92992808
93009692
93013480
92986144
93033988
93010764
93018692
93005200
93030944
93014836
93035608
93003512
92999000
93040768
93032784
93043888
92928840
93016048
93013184
92939772
92976196
92995548
92950868
93075748
93014932
92969288
95503860
93067240
93022552
92954532
96550880
93339648
92997992
92983040
93018840
93026940
93010900
92984728
92979208
92997044
93014360
93156012
92971952
92976004
92980272
92983720
92989908
93112896
93030372
92955560
92961008
93068944
92981680
92950184
93014840
92980164
93041664
93052020
93005384
98526644
93136896
93027220
92965732
96552732
93038140
92977424
93044560
92953308
92964068
92997976
92949916
92957940
93062580
92951132
92967516
93075492
93100248
92991612
93013064
92977900
92970352
93246164
92958460
92984332
93001592
92974420
93005976
93064696
93006660
93051760
93031252
93030660
97911796
93042304
93027244
97620912
93145980
92998548
93000364
93056492
92991988
92982108
93079580
92988404
93017300
93032420
93005436
93017436
93030340
92981916
92988272
93014088
93025036
93009760
93015528
93000564
93002296
93019476
93018572
92973756
93098956
92987920
92981676
93011360
93018608
97819920
93080296
93016272
93035764
92997420
93016472
92978124
92980364
92981244
93029360
92995192
92977276
93028432
93031124
92965684
93011200
93013920
92998628
93020816
92965656
93009380
92977100
93010568
92983944
93013164
93018780
92980848
93045168
93011096
92954992
93072308
92994980
92962464
97890996
93206220
93064436
92962184
93019380
93017688
92980344
92993744
93050572
93001012
93031472
93010840
92953784
93002244
93047460
92931808
93023808
93031740
92830968
93013216
92993308
92985988
92975640
93020076
92985548
92997484
93039108
93065172
92925284
93202056
93067852
92933856
98360684
93092148
92977272
93013996
93005160
93017040
92994068
93050596
93274144
93016560
92962728
93021436
92994884
92968364
92983600
93000552
92959972
92959692
93012828
92966160
92971568
93038920
92980044
92958708
93043404
92983476
92982720
93021156
93032228
92968096
92992968
93060292
93032928
93021080
97849324
93034516
92988960
93010448
93000076
92967388
93036076
92974044
92976276
92984820
93017232
92997716
93042164
92989468
93050092
93132732
93011820
92972504
93024016
93025432
92996220
93013864
93057456
93017476
92957724
92977416
93043832
92944876
92956828
93022524
93010964
92973256
93035208
97724484
93060324
93018564
93000888
92988884
93028824
92996592
92955416
93023468
93020312
92984948
92969628
93047368
92982708
92990688
93013860
92987864
92995516
93018196
92953720
92972584
93040020
92994220
92970180
93058596
93032172
93030508
92986168
92994048
92949448
93084628
93023672
92980276
97752804
93122732
93020432
92933620
93011352
93036236
92979696
92975584
93007380
92999164
92980200
93009820
93031980
93021364
93017600
92997984
93004668
93066988
93009448
92861160
92996860
92984300
93062856
93017748
93057692
93033548
92975304
93041996
92983716
92988220
93046660
92989720
92980368
96116276
93017620
92944852
93022832
93040368
92938624
92993300
93009076
92962916
93000308
93025632
92944396
93020668
93010924
92928088
93069768
93011004
93028772
93026060
92994944
92977884
92975988
93043792
92974324
92952824
93069244
92994660
92951380
93025720
93007316
93020168
93033744
93260196
93466576
93023424
92984400
93003632
93009420
93007260
93004856
93006608
93024008
92994544
93006292
93122776
93041704
93047600
92943196
93056420
93035980
92967476
93034712
92968868
92969548
93040936
92991816
92992120
93022352
92978592
93038824
93038044
93027692
93391008
93840452
93012548
99363244
93064800
93014576
93030472
92993348
92999712
92982756
93006120
93033928
92999908
92994084
92972868
92985700
92841288
93052928
92959308
93023228
92988144
93018200
93004756
93004528
93038144
92996220
93020492
93048820
92994012
93001604
93021920
93002188
93009536
92945252
93017808
93980196
92963632
92990244
93017616
92931576
93023320
93013316
92890488
93108020
93037196
92998424
93016172
92987532
92944852
93033548
92999984
92980416
92978736
93011120
92968572
93025428
93000396
92881476
93076012
92978272
93029464
92936476
93049284
92956728
93046100
93010620
92952312
95743464
93103112
92929152
93036780
93367404
93137084
93173384
93093428
93081812
93156896
93059728
93125908
93172744
93126272
93167944
93146976
93108340
93125896
93137664
93173944
93085684
93162156
93127172
93135100
93200180
93125296
93112020
93242220
93123388
93411164
93244428
93147780
93781760
100480208
93087784
92982524
93040304
93135580
93160424
93238356
93094152
93096148
93249724
93072308
93134296
93205704
93126796
93134184
93266884
93127080
93119248
93155884
93106712
93145332
93150028
93207988
93147836
93164772
93133820
93102800
93164168
93142984
93271436
93178004
93103520
93823756
93132240
92996540
93025652
93224488
93139744
93148356
93184008
93134776
93219636
93197640
93218768
93121332
93231144
93141640
93169976
93232020
93115416
93233056
93001148
92934292
93033400
93134444
93144188
93178932
93215436
93054108
93053192
93001164
93084728
92987752
92981996
93016400
93510604
93025872
92988848
96724380
93165288
92997292
93119252
92954148
93017220
93035272
93039184
93003200
93022232
93099548
93072080
92988972
92991528
93026308
92962752
93047044
92974812
93158140
93094096
93216724
93177144
93184680
93148212
93097148
93128844
93228376
93167360
93188260
93755352
93324620
93214948
93116328
95894992
93346376
93121988
93057828
93116624
93049812
93092252
93206164
93145364
93070104
93104716
93096052
93125728
93131872
93078360
93105776
93133008
93049500
93052752
93139220
93100700
93144536
93144224
93163352
93106656
93480204
93178764
93101184
98679216
93317644
93248640
93194348
93106624
100131952
93123120
93056476
93073852
93145348
93103888
93086900
93115780
93061600
93106580
93153144
93081772
92974640
93148512
93166016
93055836
93131516
93132956
93104676
93142264
93148224
93050908
93102560
93202576
93318248
93117064
93166148
93075704
98766208
93123296
93072884
93167324
96513640
93038596
93148984
93063064
93081984
93163080
93027968
93074032
93134844
93080728
93089128
93143384
93045840
93100188
93093472
93103544
93028928
93150836
93104628
93096424
93171588
93147124
93059952
93155236
93071516
93139240
93194164
93159028
96112708
93329512
93094328
93101640
93228264
93069808
100440424
93277044
93050020
93056524
93159400
93145060
93096676
93188028
93129744
93135352
93188780
93145860
93123968
93198932
93173508
93098616
93118424
93137356
93056784
93340224
93049124
93145260
93175068
93458568
93086388
93130380
98064868
93223228
93184968
93202004
93139496
93071012
93070764
95118348
93217516
93162520
93130748
93159876
93154240
93064188
93171496
93307144
93105392
93202364
93117076
93092412
93160384
93180936
93127096
93091584
93130748
93139784
93115876
93087360
93076756
93215936
93117716
93106036
94015300
93477148
93087980
93124000
93131008
93075972
93123556
93120288
97443200
93290176
93099672
93015048
93178008
93136328
92997188
93113380
93122640
93074084
93089176
93119648
93118892
93113440
93219800
93100972
93173676
93110952
93017248
93136416
93098640
93354984
93171148
93078020
93044860
98858136
93105484
93060812
94014132
93808656
93019404
93019604
92855292
93113376
92996028
92913452
93041904
92996744
92871716
92976244
92983588
92909880
92996152
92974848
92959832
92990552
93002024
92918336
93007408
92931880
92932564
92976564
93008988
92915936
93279500
92980716
92922452
97762888
93098564
92897060
92958832
93042000
92920768
93022764
93004516
92908180
96678100
93006940
100982296
115999376
116004792
115984184
116012868
93079928
93004716
93013680
92932868
92895204
92992928
92954468
92967376
93090752
93035316
93081028
92830352
93072340
92912200
92987356
94334596
93053316
92936944
93012016
92970120
92958620
93017392
92911800
93052324
93110840
96005912
93145388
 
93100516
93100792
92981396
93006260
92943036
92991156
92980004
92903504
93025492
92981080
92920844
93015948
93019448
92944484
93023420
92965112
92963828
93291084
93061992
92896540
93172996
97925292
92974384
92966608
92984492
92970792
93036160
92916432
93033812
93144912
93077828
96129760
93279804
93173500
93088496
93200684
93293040
93152360
93133512
93122908
93157440
93049760
92980960
93114288
92967520
93005264
93085752
93131220
93087220
93093088
93491592
92929104
92975060
98484656
93098320
92948300
92972900
93020700
93025744
92945524
92966096
93036436
92923152
92960532
97830008
93048204
93001844
92978124
92985236
93145836
93090068
93084100
93118784
92983624
92994688
92982036
92997640
93091088
93109432
93035576
93122796
93123584
93172828
93105944
93050512
93005900
95050836
93002540
92989284
92961968
93019480
93005340
93048096
93120020
93151108
93108076
93063712
98190612
93179264
93119944
92988484
92964280
93006128
92981264
93012492
92979288
92970908
92934264
93007380
93003404
92943768
93005200
93024380
92979700
93021852
92944900
92959516
92994392
97419788
92993136
92977296
92982416
93009808
93008668
93007116
92966684
92988224
93053320
92981384
93007508
97515608
92983012
93026184
92982636
92953904
93006320
92999008
92928972
93028552
92956248
92933676
93056336
93034156
92970220
93005300
93006972
92928716
93038540
92964236
92919164
97228516
93100872
93000180
92989600
93000480
92965296
93022272
92949776
92947860
92997760
93061752
92980468
93025984
95949828
93092220
93000804
92983028
93009436
93000268
92988292
92962808
92992212
92987300
92962672
93001888
93010180
92952656
93002436
92977996
92999840
93024632
92964328
92930712
95712988
92995640
92960808
92995304
92980336
92948076
92983540
93017500
92960248
92987568
93065988
92973292
93045296
95790280
93068160
93061700
93086536
92967408
93004528
92961468
93009648
92947696
92994148
93048840
93011064
93098632
93005048
92989404
92946836
93063988
93039868
93014680
95160648
93125508
92949984
92958300
93006556
93023160
92926888
93018148
93009880
92941884
93004092
93079980
92947264
92993220
95093096
93062152
93013832
93001504
92992848
92971660
93016212
92970800
92944300
92977036
93006116
92963612
92982768
93059144
93001412
93000620
93079628
92960236
93016932
95220660
92966004
92996116
92961020
92994772
92975084
92916284
92993300
92944820
92972636
93025872
93009704
92988940
95248196
93063152
92943584
93014072
92984720
92948088
93019904
93019588
92957464
93031924
92985400
92940320
93072380
92989128
92916896
92969092
93014684
92964020
93005068
93600136
93354704
92945496
93006720
93343792
93071668
92971312
92976604
92959752
92983744
92980196
92942948
93041416
93009152
92976728
95721260
93073308
93005620
92981096
92996588
93003564
92949736
92937232
92986576
93041208
93005484
93169420
93137800
93129424
93141356
93253488
93149764
93261744
96362804
93131832
93173936
93135776
93203192
93120412
92984228
92980960
92985956
92975420
93014284
92957432
92938640
93017020
92978624
95664816
93069948
93025756
92967732
93012556
92845224
92936776
92980792
93001528
92968916
93023224
93002488
93008336
92985100
93164468
92937348
93001832
96405472
93264056
93072164
93116368
93100196
93127540
92963796
93001324
92996620
92972640
92986848
92948252
92957588
93024304
92828324
92990108
95991760
93061068
92976412
93016272
92917048
92988048
92993908
92896812
92979400
93022660
92894644
92981008
92959992
92943900
92997984
92950312
92885464
95806328
92995044
92892640
93002136
93001796
92893984
92984680
92970240
92883964
92964260
92939896
92932408
93145532
93100856
93023244
93110844
96502376
93055140
93071500
93103668
93056400
93061620
93085112
93111448
93049396
93061816
93068200
93098588
93059356
93206596
93081808
93049932
96299384
93272952
93144708
93164848
93140816
93092032
93106196
93071156
93156096
93098324
93098736
93134256
92953832
93048656
93229380
93083980
92985656
95720656
92867184
92996076
92960744
92931408
93007700
92950660
92943332
93044280
92946220
92905268
92991056
93069792
93123596
93121300
93095872
93302324
93190508
93018704
93094244
93082528
93097760
93106492
93089080
93073736
93044272
93092440
93117084
93022932
93064968
93131764
93048108
93084464
96249228
93087028
93097028
93008592
93050988
93030736
93065568
93141844
93078252
93044444
93081748
93115448
92985992
92934628
92971192
95868512
92974128
93019648
93035028
93026548
92958852
93038032
92905592
92948560
93028932
93037320
93001652
93048360
93020972
93009464
93082740
93059160
92957860
95780512
93095956
93135944
93128060
93090088
93100832
93144076
93113964
93177360
93134564
93091996
93206440
93134040
93122432
98281104
93050052
92988348
92991912
93044916
92999580
93005668
92994088
92993964
93004036
93005264
92981852
93025248
93028996
92990272
93000464
93112648
93089300
93022920
98322216
92954196
92984808
92977984
93017176
93102388
93129888
93175980
93064264
93052672
93227616
93120200
93129304
93096008
96813636
93182096
93104360
93120456
93195212
92954112
92964676
92952328
93061976
93028940
93103020
93118404
92936480
92953784
92969944
93117900
93076572
92942872
92957848
95748744
92982084
93005552
93010852
92979228
92995888
92970648
92963816
92989776
92968172
93068880
92953240
92939360
95809728
93069448
92979332
93005248
92998048
93037532
92952052
92990908
93150632
93124940
93083664
93194360
93088676
93132472
93228500
93124308
93103168
93171976
93084204
93158456
96229724
93100704
93094272
93173092
93100224
93069148
93132996
93069132
93067540
93232156
93133624
93021200
93003792
94015012
92937596
93108368
93044652
93101840
93138840
93049248
93133328
93132468
93102612
93075932
93171408
93102476
93072464
93171720
93081348
93124928
93286576
93113648
93070764
96465868
93211636
93090808
93172456
93076552
93015396
92985084
93014516
93049468
93184164
93076976
93112968
95977204
93164100
93097288
93070704
93102180
93144876
93097676
93203132
93168876
93106476
93127744
93133784
92956320
93043924
92953840
93035740
93131120
93148452
93127656
93097004
93048000
96009308
92955408
92972168
93012868
92969844
92995412
92963476
92985680
93218056
93180644
93112832
98223876
93195652
93153892
93095444
93099316
93106876
93104200
93092496
93070268
93089060
93086364
93075388
92951152
93096384
93093956
92959596
93065884
93118956
92983632
93049912
93082884
92930928
97628260
93005032
93063688
93095432
93018996
92991592
93014104
93041424
92965180
93017832
93190960
93653716
93015500
93028232
92979140
92991804
92998888
92968960
92958764
93059236
92943336
92928688
92981852
92944376
92953580
93004040
93039556
92952184
93043828
92983768
92993808
93005040
99996576
93025508
93055232
92945836
93006872
92965316
92970908
93008160
92996656
92961968
93011228
98545988
93001404
93003208
92969528
92949464
92969232
93017796
93014968
92999112
93001052
93053504
93190096
93114488
93115608
93134732
93108932
93227748
93146440
93068576
92975616
93135732
93064824
92971056
93715416
93106580
93052532
93023044
93024272
93078052
93054736
93038460
92975504
94678368
93096212
92992584
92972728
93034396
92988900
92957056
92950060
92935796
93007948
93017732
92962172
92987888
93098200
93065380
93161164
93056852
93136584
93148528
93060004
93087972
93224964
93109524
93171112
93898480
93224776
92947612
93062632
93080444
93090608
93224076
93107672
93109476
95401236
92997776
93002644
93029420
92989892
92996412
93004108
92992968
93018600
93006252
93005316
93002624
93034636
92951024
93047200
93008816
92944904
92952044
92999228
92914760
92998676
93077704
92952984
93005520
95911764
93120976
93082432
93153724
93117096
93448072
93121712
93059496
97069716
93049192
93004160
93012036
92973780
93002140
92977136
93007548
92991228
93020684
92986944
93063964
93017816
93081648
93075452
93080624
93076652
93144956
93323044
93155364
93060492
93093272
93232792
93078608
93194592
97611176
93198608
92926748
93076544
93136936
93042260
93083396
93130616
99528008
93123276
93078048
93152824
93066532
93097736
93134516
93094064
93027040
93161036
93059692
93087848
93120928
93073212
93162904
93097944
93129640
93081236
93190452
93079796
93109564
93153792
93115412
93176712
92993612
96510196
93035988
93046152
93120272
93439916
93056448
93099284
98724848
93174748
92930076
92948392
92876820
93042664
92929820
92915956
92980736
92955920
92907572
93019728
92904084
93101132
93198732
92907908
92911276
92979396
92974872
92909600
92972124
92926524
92960996
93781236
93001208
92923604
99581496
93079892
92857204
93290308
93040252
92878600
95653048
93286168
92860744
92990360
92997008
92870100
93051120
92994352
92873848
92994828
92984200
92907048
92978876
93015980
92987412
92796032
93017056
92967556
93132512
93154480
92986812
93123708
93165920
93073668
93193016
93135000
93045092
100082248
93269528
93139236
93173632
93085804
93079400
98288356
93127656
93104912
93131140
93081492
93101472
93046072
93060660
93036456
93003220
92929792
93049200
93015204
92936624
92979724
93029796
92945440
92999884
92972972
92981436
92967216
92967968
92999444
93005044
93039184
93000772
92962996
95906676
92995704
93077324
92915088
92985452
96250700
93085476
92933772
93058216
93118232
93143224
93108516
 
93114548
93108044
93104368
93029508
93027100
93002848
92993580
92987668
92914096
93006468
93060264
93062312
93019504
93051208
93066716
93175808
93214836
92982784
93082952
92965688
92965492
96539448
93383156
93073128
92991208
92928356
98130380
92998892
93063676
93040576
93148460
93131288
93055912
93098188
93160248
93058044
93088816
93145248
93104784
93118160
93136312
93060756
93196628
93162072
93061652
93110072
93100020
93095180
93116572
93146456
93087808
93144540
93038652
93075692
95440308
93312824
93072116
93103692
95463616
93249044
93091740
93101956
93062804
93094512
93102880
93057740
93094244
93050620
93133592
93159080
92958720
93065604
93005288
92978680
92966100
92982892
92991736
92951600
92954852
92990320
92974568
93106984
93141556
93219184
93111308
93029464
93027004
97587944
93230104
92949260
97961292
93090728
92965832
92937644
93003940
92973908
92941800
92974828
93001176
92940736
92997184
92968960
92953368
93031560
92965928
93014348
92984968
92999112
93233076
92928032
92971472
93021024
92939672
93036496
93105632
93164652
93115700
93240568
93137492
93178748
97259872
93203568
93117744
93034056
93167604
93120884
93124864
93148180
93093520
93070000
93111544
93130228
93127928
93041092
93147068
92980600
92963060
92992988
92957904
92991080
92968872
92986104
93034396
92961664
92967056
93007556
93001348
92939772
93031876
93011276
93043124
93008544
98557864
92923672
92979692
97818592
93108480
92972844
92993212
92984068
92959468
93007560
92989064
92935184
92969460
92967340
93009916
92970944
92946576
93011092
93006740
92994180
93072212
93125844
93018096
93018424
92932992
92979840
93004728
92954392
92981656
92993700
92896180
93012144
93070300
92957656
97535248
93075884
93002040
92942300
93008728
92959020
92965428
92987664
92981392
92898676
92994448
93031832
92928208
93042368
92995680
92953492
93012252
92983948
92955020
92987024
92977516
92956528
92986960
92945752
93021840
93055556
92981260
92822904
92988676
92958148
93035672
93078692
92976244
97624996
93086596
92984460
92997328
92978040
92999644
92982108
93000424
93013432
92931628
93005824
92987604
92994940
93019940
92967808
93001344
93007552
92995472
93001800
92947096
93004672
92990364
93003228
92975856
92985996
92987124
93019932
92978280
92998688
92983668
93098156
93006872
92898124
97660012
93113244
93000024
92956960
92974856
92992760
92928976
92983804
92992432
92928824
92997424
93003312
92920632
93020032
93004072
92925176
92999624
93004884
92967304
92991536
92993252
92933544
92977752
92993740
92968476
93014864
93004472
92946788
92964016
92993248
93028352
92981264
92970576
97682956
93063284
92969948
93011392
92968120
93005196
93027392
92985856
92984520
93005292
92978068
93009456
92977884
93015948
92917108
92964692
92972880
92968128
92984516
92972556
92975100
93001768
92925756
92997052
92965372
93024448
92981064
92942800
92966120
93057916
92985620
92966764
93013224
97715640
92977644
92964520
92960660
93107484
93004144
92989480
93091036
93077108
92908256
93115844
93014708
92903008
93102112
93078444
93076096
93117424
93145716
93184988
93061088
93099700
93070584
93130800
93064456
92873136
93003100
92998576
92850904
93038200
93142180
92939424
93200188
98959408
93199880
92998832
93048592
92934416
93020468
93006936
92909040
93003240
92978416
92928348
92944652
92997820
92881076
93004664
92979724
92899240
92987312
92993144
92881956
92991928
93012088
92920264
92980876
93009632
92918464
92987292
92991212
92955416
93006292
93004804
92959172
93036372
97683532
92919412
93027332
92922912
92924208
92986616
92969572
92993040
93090652
93123504
93121284
93111752
93140048
93138980
93112772
93156776
93088332
93139108
93124988
93052600
93058328
92987152
92961980
92995452
92996408
92941600
92947200
92983740
92978940
93018764
93018408
93054632
93362680
93069784
92961824
93025472
92907612
92980068
92957552
92889984
92968060
93027624
92949160
92979248
93006036
92954028
92991792
92940380
92982896
92963744
92984668
92985092
92983656
92998828
92994564
92892736
93043080
93012136
92936108
92985652
92984224
92994812
92996016
92996908
93004488
94658672
93031060
92999412
92969928
93005380
93062180
93101780
93159572
93076740
93092020
92972476
93073516
93089152
93131316
93132696
93101492
93048968
93069296
93117396
93084672
93094400
93088200
93065632
93055276
93077196
93183760
93027464
93065828
93006612
93017820
92979140
93030808
96887800
92960632
92969472
93093460
92987628
93010756
92987152
93019668
92984124
93049864
93023552
92934372
93033192
93001380
92929788
92990972
93018920
92993208
93220852
93232892
93122564
93047264
93094768
93093648
93070348
93139976
93089252
93059136
93080024
93166876
93132504
93109424
93282804
93815216
93047712
93113116
96803868
93187280
93142128
93123704
93064220
93118608
93072744
93132656
93131952
93006236
93101456
93132736
93112304
93094104
93264064
93098712
93074856
93144944
93118988
93157760
93140540
93139132
93088788
93135560
93094236
93015724
93151248
93102352
93013792
94496044
93698824
93066836
93054496
94402184
93211840
93100748
93096972
93094028
93100412
93172572
93097384
93135936
93023304
93102724
93113484
93082720
93091196
93134024
93088408
93116180
93105648
93084724
93116868
93110108
93135088
93036256
93102628
93119420
93146144
93118292
93123956
94342072
93265964
93689256
93103896
93086800
94406100
93169668
93139668
93091772
93087636
93127948
93024532
93083756
93215248
93123636
93224308
93208392
93125176
93104640
93126824
93065024
93105484
93141556
93141220
93085572
93141792
93100012
93056748
93129620
93088568
93132652
93135780
93074216
94565592
93070496
93759428
93095504
94561700
93218752
93094472
93064944
93113776
93057928
93107636
93051112
93103792
93117924
93043948
93101800
93146140
93101040
93121068
93090900
93080328
93004420
93110956
93141688
93045132
93122944
93135052
93032388
93102840
93180316
93132616
93111900
94614676
93234828
93101992
93719876
93109584
93086600
96691920
93192268
93082464
93103724
93103640
93127760
93083668
93109072
93104848
93156360
93028776
93139384
93118560
93080860
93259584
93093152
93096912
93147748
93133912
93114280
93095944
93121104
93110384
93333460
93172592
93077796
93075556
97560264
93051252
93034964
93866692
93035272
93020936
99231828
93090940
92989676
92963488
92995024
93012500
93008208
93014200
92999896
92990376
93005960
92981424
92975560
93026836
92973752
93012048
93014184
93048652
92990000
93052072
93016148
93024684
92990476
93065820
93112704
93030436
94439900
93024820
93066048
93004564
92997996
93031336
93009620
94313276
93089232
93006052
93001640
93014328
92970280
92954564
92997220
92994032
93030864
92956064
93005972
93001980
92940104
92998552
92985456
93012144
93065696
93007556
92931360
93015964
93027800
92935676
93077864
93034728
92936612
94484276
92995676
93043000
93023980
93053808
92975812
93003524
96657320
93107156
93035360
92999184
93032380
92997224
92981616
93006704
93027768
93003584
93013664
93028700
93011396
92965716
93058544
92994872
93088156
93007600
93080352
93013244
92990868
93004864
93276320
93038200
92981772
97885852
93225768
92979812
92929440
92998864
93850448
92981780
93045744
99367856
93074836
93011888
92975840
93015484
93007184
92946840
93029300
92988208
92947012
92976612
93030052
92991828
92945660
93012728
92953032
92907480
93011908
92962192
92918448
92985148
93285000
92951548
93010048
93011128
97862208
92940440
93007924
92914452
92960692
93079796
92942616
92944508
93616316
93045004
92944636
93061392
92927508
92959992
92985668
92911708
93008076
93004612
92920704
93052284
93128128
92914212
92989724
92967696
92924856
93054992
93005148
92947984
92965536
93054400
92924400
93033756
95173652
93005288
93031572
92997048
92893288
93016892
93046752
92900680
92978348
97154316
93033384
96181204
115941116
115906144
115951432
116010720
115851076
115968296
115987312
115933868
115955968
116060092
115962020
115963392
116021160
115884352
116086720
115995636
115868816
98407324
92943004
92935024
92997612
93005844
92930200
93012372
92990128
92943492
96072036
93104256
92934952
93015212
93000516
92943340
92999288
93002128
92980864
92990576
93018572
92944140
93013876
93033068
92960576
92972808
93033132
92946952
92936088
92968088
93008508
93005540
92987016
93484000
93026008
93013324
93006284
93058568
93020408
92982984
93009720
92925196
92951512
96643552
93089096
92976108
93008784
92985476
92943596
93040200
92981388
92956788
93024228
92980788
92943552
92993196
93016856
93075440
93026296
92989548
93013652
92990996
93319680
93016916
92960884
93049120
93995684
93016240
93007416
92973420
92992452
92997212
92932104
93025944
93022932
92970836
94302596
93101316
92980004
93002056
92983324
92988740
92998044
93070392
92968152
92914588
93002584
93012232
92931628
92995824
93034540
92955152
92971504
92969644
92972116
93028092
93036892
92971164
96925124
93226720
93007288
93008200
93029256
93041440
93024852
92989500
93024336
93014304
93042696
96745948
93107692
92999632
92899876
93034016
92997720
92920556
93003028
92982232
93016416
93105408
92999128
92923784
93054244
93026068
93013096
92983164
93013640
93016720
93027780
93140964
96036508
93270012
93003276
92988956
92997408
 
92959952
92936368
93005984
92997964
92932316
92970548
93029280
95954556
93069388
92993276
92948096
92913164
92970676
92995980
92955256
92986932
92968352
93037784
93001372
93039140
93232896
93004676
93025720
92968916
92986448
92997856
92986428
93003688
98000596
93066188
93084352
93003056
93133288
93071352
93036688
93264284
93085016
93126644
93121684
93136240
97384652
93322712
93042772
93154180
93208372
92994456
93023144
93013284
92989720
92977648
92998448
93005432
93171536
93000612
93023252
92943020
93123880
93273188
93051880
93024828
98029600
93176944
92971940
93017220
93040496
92959632
93012648
92965748
93044000
93485648
93854240
93989492
105070516
93137552
93003164
92946252
93018772
93003804
92966008
93000756
93038400
93009400
92965100
93015976
93097836
92979400
93023992
92972288
92925448
93288304
93128576
92897528
93056968
98122316
93030664
93024020
92979904
92950944
92997536
93005440
92963720
93048344
92963680
93076604
93024196
92970480
96677012
93102356
92993908
93005764
93013580
92987716
92983056
92998716
92997328
93059512
93032804
92946468
92979508
92987584
92944728
93007360
93070340
93016932
93010068
93381016
93098544
93007408
92992844
92981872
92989524
92981724
92943172
92975248
92987716
92974108
93031564
92994700
93028360
93349392
93120632
92995068
92988704
93010848
92971572
92983068
93092844
93114868
92943432
92999396
92975292
92959296
93016784
93020460
93015888
93008384
93012332
92917168
94427968
92986404
92974676
93009380
92985524
93016872
92986500
92987784
92987028
93014420
93034204
93039032
93013948
93013620
94316500
93086268
93016088
92973124
93005796
93000080
92969260
92919328
92991108
93013044
92943608
93002056
92945824
92915104
92997432
93073640
92909412
92987184
97419944
93061940
92972944
93007152
92985644
93008776
92989976
92983832
92925896
92995232
92990376
92999176
93049916
92949436
92979876
99089976
93090444
93009900
93019372
92994076
93042924
92986080
92964196
93011896
92990972
93030372
92981708
92966852
92954684
93066600
92992864
92941412
96830820
93144188
93036208
92957192
93551368
93115168
93127220
92984472
92948900
93003040
92951840
92986968
93136204
92934608
92978800
92992544
97821816
92962728
93032792
93023464
92984812
92984268
92999756
92973896
92987104
93030872
93014576
93028744
92996532
92971224
92942540
93052860
92973500
97720288
92968388
92989588
93030940
92975340
93020964
93141232
92993688
93000044
92997420
93016356
92996324
92982376
92869112
92906312
92850432
96956668
92923360
92893452
92850204
92882004
92878892
92866556
92864384
92896948
92889928
92890460
92881216
92812232
93201712
92875656
92888576
95760360
93108740
92839584
92889872
92880572
92846648
92802896
92921600
92865656
92874476
92919900
92856552
92854356
92910420
93047924
92773608
92915400
96530264
92958052
92830684
92840920
92865900
93125668
93209028
93111764
93155412
93171636
93085404
93150072
93437320
93178292
93112272
93067040
98066764
93132284
93099852
93058584
93108588
93108516
93012900
93125308
93137140
93110500
93096248
93122108
93094644
93106428
94192276
93127384
93166736
99370216
93154260
93137868
93063500
93037228
93143896
93127640
93095352
93132396
93138180
93058960
93065272
93204956
92945672
93068716
94528280
93110332
93053844
93114432
92996584
93062836
93082608
93059068
93096988
93097132
93044540
93127680
93060708
93017224
93080084
93790932
93021340
93119208
94415260
93083228
93120948
93123332
93061616
93303096
93187240
92996856
93114636
93108176
93027316
93106712
93166336
93090868
93049532
94490216
93074884
93073812
93052888
93030664
93097264
93085436
92994712
93113492
93128880
93017664
93136664
93093972
93043424
93148400
93674312
92989720
93102444
94350400
93112688
93085108
93104764
93104328
93135584
93114612
93085504
93020564
93132048
93074268
93121048
93102988
93101096
97182788
93083276
92980128
93016312
93013604
92995288
93038748
92991504
92945916
93016536
93007136
92982224
93012172
93008684
92963792
92964672
93157468
93010144
93007016
97986652
93065092
93017884
92953364
92946272
93077040
92968652
92936956
93021980
93010908
93123168
93115460
93017360
92948320
95109464
93027328
92941544
93013548
93006028
92970344
93048280
93041748
92963344
93039040
93000136
92949932
93049052
92973104
92925820
93041260
93889632
92970748
93015092
99245332
92976316
92964656
93142628
93129696
93041660
93051092
92988484
93025020
93056328
92972100
93024836
93059632
94325196
93050804
93007448
92940796
93043292
93013408
92948056
93020352
92971024
92966816
93024320
93039852
92916088
93048592
93007472
92893220
92997016
93105768
93023192
93027128
93760212
93032188
93057704
92996444
92947440
93038132
93019820
92974268
92960648
93036084
92968328
92958452
93510260
93300140
93069416
93063872
93015556
93008388
92943268
92958968
92957936
93010176
92985128
93030140
93008116
92999940
93017764
93004280
92969292
93048416
93352816
92991372
93490964
93094492
93009476
92990308
93004792
92998496
92957564
92999724
93035064
92945632
93004256
93003700
93000836
97823956
92997808
93017056
92993052
92972676
93032068
93010916
92989248
93000988
92972492
93007664
93005324
93047404
92971148
93018424
92997200
92961796
92991656
93811336
93054932
93017168
99330624
93101156
93096896
92959356
93019764
93029452
93020900
93023016
93051092
92975992
93004660
94345004
93096440
92924888
93034324
93003584
92959876
93003152
93035168
92989044
93025008
93013028
93023452
93011792
93036104
93065548
93009508
93027416
93013712
92958892
93059012
93018556
92969256
93466392
93103552
92970844
93083860
93014168
93025008
92979128
92998000
93025196
93011376
92993256
94536944
92922308
93012220
92995884
93002272
93018348
92974684
93032092
92990680
92969360
93024844
93003536
92970508
93013180
92992432
92998692
93017392
92996304
92985648
93050496
93003576
93044232
93377556
93149740
93126024
93066600
92970532
92949400
93047880
93015848
92957184
93034256
94291752
93128164
93017960
92989060
92972544
93014096
93013812
92929584
93027220
93006876
92939632
93044252
93001952
92922732
92984932
92974280
92925124
93006628
92977992
92931152
93074896
92990712
93036968
94322648
93134120
93061392
92952700
93009484
92955240
92930688
93129608
93011376
93003052
94313800
92974212
92995040
92999316
92991688
93026552
92964496
93022040
92994008
93009492
92986952
93042412
92954640
92989384
92987848
92945028
92988248
93034372
92930112
92995696
93078148
92954692
92989872
94332940
93110652
93048764
93025872
92989924
93003624
93053728
93032672
92931748
93404356
93281968
92986168
93001536
93007768
92972544
93029372
92969232
92944476
92988944
92963388
92983012
92951732
92951224
92996640
92971420
93003404
92977004
92994916
93044324
92981420
93029408
92982336
92976992
96586300
93093960
93032120
93030000
92947620
92993904
93274244
92981872
93041676
97983952
92986012
92986140
92983200
93013236
92934680
93012424
92971860
92978064
92977996
93008040
92978372
92977444
92975920
92901556
93023396
92974984
92897588
92941912
92986836
92891300
92968976
93020920
92919688
95314560
93233580
92931428
92997368
92947988
92949772
93000016
92959440
97193532
93311676
93003108
92871604
93028144
93020864
92878628
92987936
93001592
92887872
93067776
93017704
92898720
92992144
93022124
92938384
92957940
93014568
92942316
92971176
93019180
92988332
93880656
93005664
93049900
99367460
93130244
92878208
92988352
93008224
92938008
93015740
92971328
97692248
92993064
92948492
92943188
92998856
92959388
92945424
93021616
92960244
92996828
92980672
92972392
92952324
92989044
93008460
92963456
92987444
93028012
93086064
93116808
93162684
93065328
93858148
93045044
92987960
99784360
93038656
92976268
92955264
93273560
92991496
93013244
98177136
92968964
93049160
92984152
92912520
92995248
93012408
92897380
93005236
92970180
92926044
93026912
93036052
92865616
92996992
93016572
92915408
93013804
92978000
92906728
92930208
93038340
92914948
93026368
93015896
92965368
96835792
93052320
92923564
93076796
92975284
92913000
93012220
96091100
92877040
93028156
93025004
92870012
92987860
92989228
92906700
93042936
92977372
92862768
93056632
92991108
92904140
93028632
93007556
92870060
93039988
93015440
92901976
92975792
93024388
92940896
93014072
93046904
92909936
95921008
93162764
92876748
93067924
92946980
92942188
97817552
93087436
92890016
92998896
92993772
92900108
93005808
92988940
92910608
93000736
93013184
92916624
92978340
93025320
92935652
93002308
92994284
92935924
92981300
92998208
92977808
92933704
92998652
92967232
92978208
93061708
92991984
97748044
93044244
92988724
92997804
93028892
92936860
94370932
92993840
93003572
92946984
92972480
92983764
92935044
93010056
92979444
92952176
92980580
92994556
93008792
92995228
92994564
92976936
92984164
93028376
92969716
93029692
93031688
92965152
93008512
93060552
93165384
92969916
93002772
97783116
93181112
92964184
93008780
92980100
97736312
93060112
93000216
93002556
93009272
92993604
92976860
92991728
93059660
93030456
92983532
92943936
92978480
92999972
92958240
92988784
92996532
92928488
93030992
92991592
92972008
92981032
93010552
92962116
92996112
93074404
92960560
93448608
93054012
93095328
92987148
 
92981048
93342704
93336864
92996448
93008804
92961412
92934876
93033136
93029180
92948052
93004444
93025344
92972568
93026296
93019460
92944232
93026764
92989728
92944444
93064472
92984676
93033880
93049400
92990800
92973804
93051904
93030004
93042500
92966644
93013416
94291040
93122700
93118404
92972052
94305664
93105792
92983488
93023296
93017160
92969488
93044432
93018608
92987488
93068552
92940032
92983920
93025708
92962660
93025936
92986180
92993812
92983616
93058024
92963664
93007704
93059984
92955464
92985148
93043852
92992204
93032340
93086944
92978172
94324260
93114040
92831520
96216884
93196516
93035772
93002700
93001272
93020492
93008916
93011984
93008852
92965996
93062132
92992688
92994596
93046496
93030176
93004092
92985112
92999704
93051720
93017380
93003076
93006712
92987864
93004340
92990124
93019336
92965644
92943452
93029052
93018412
99918980
93046560
93060564
93073904
92986252
93052864
92983604
93002080
93040272
93004644
93061520
93012444
92993700
93251576
92981112
93006596
93024336
92976912
93017868
93034864
92909160
93092596
93020980
92986656
93015720
93074444
92950080
93103624
93193180
93033716
93886992
93050644
93280212
99346888
93098556
92989040
93015564
92981920
93030808
92973980
92972244
93000772
93041664
93014444
93019628
93027164
93036444
93030540
93013040
93059364
92991740
92999928
93062532
93022120
93010120
93032708
93022148
93013712
93026528
93026544
93078620
93043128
93000244
93044476
92981972
92997496
94359988
93086788
92951112
93061312
93028408
92961020
93000112
93057960
93026204
93004860
93011216
92983732
92974636
93041928
93007572
93008016
93007776
93001116
93008804
93066744
92936236
92964916
93027716
93010048
93006756
93034096
92992100
93021448
93015600
93025308
92951088
93077496
92997760
94292064
93104464
92998612
92919636
93011848
92996804
92916000
93221896
93033216
92899228
93006976
93001264
92909972
92933824
93021512
92881608
92951964
93011692
92909832
92988020
93014132
92869196
92961192
93010196
92890024
92986336
93028968
92928672
92953664
92991596
92971024
93026368
93005356
96562736
93171612
93041112
92942636
92996396
93001436
92880120
93009876
92937316
92854104
93008624
93025192
92846780
92997384
92983848
92886892
93004188
92958372
92923400
93014012
93008840
92853548
93011724
93027520
92967460
93015880
92990812
93030220
93004924
92961708
93946784
93010376
93028236
99365784
93135884
92997624
92927624
92997324
92989180
92948948
93014412
93021124
92878520
92983864
92984948
92887744
92985464
93001172
92894140
93010616
92979284
93072528
92967684
93002880
92945680
92975820
92995972
93014376
93130188
93128280
92924380
92900612
93032504
93041024
92989396
93072036
93415788
93043412
92993604
92964348
93086560
92968880
92998620
93002960
92988724
92987992
92964504
93010724
92998808
92983216
92961028
92994708
92978980
92981316
92969500
93003564
92975544
92971588
93017636
92957104
92971972
93119212
92973124
93016100
92961872
93081776
93035244
93004332
93064248
94021096
92979208
92979916
92990796
92937496
93032564
92966828
92960976
93054944
93016484
92972780
92994172
93078388
92999876
93022156
92986412
92994156
93027248
92988300
93088296
93188628
93174916
93003128
93005136
92995600
93044020
92985052
92980740
93002236
93016488
93102784
92997236
95884456
93029144
93012108
93044800
93015056
93005864
93074752
92958084
93053552
93031636
92981868
93011424
93029568
92959632
92971412
92992816
92950500
92934124
93026016
93032756
92905804
93085280
93031988
92928504
93069472
93034224
92952996
93030884
92991044
93013572
93029940
93098356
93055040
94228660
93043788
93087384
93019476
92987248
92979740
93005300
92981140
93010992
93024172
93095220
93019656
93015820
92988752
92963248
93003512
92990212
93018456
93008216
93115776
92944264
92947448
93005008
93016288
93008992
93044056
93045580
92979136
93298360
93015796
93949292
93046328
99346580
93074408
93089648
93022580
93011052
93006568
93000964
93067908
92969912
92974384
93064992
93000732
93001972
93049176
92991520
93047240
93001300
93048396
93119252
93223364
92987308
92951412
93003296
93055068
93160252
93100660
93177944
92996392
93053100
93374548
92994952
93015208
99496632
93119024
93021084
93092652
93016684
92993548
93035212
92997540
92992896
93016628
93036072
93046576
93028876
93032968
93050128
93024356
93009028
93032480
93009008
92952032
93009820
92945728
92956876
93044060
92973840
93045168
93047068
93025216
92999660
93317164
93006708
93015076
97096216
93256496
92962608
93044200
94088872
93071764
93017460
93011536
92949492
93057404
92995716
93037756
93033256
92982904
92987504
93036244
93062040
92973568
92992448
92985540
93009664
93024816
92916572
92978228
93075440
92972500
92982600
93040624
93027932
93018248
93050940
92988516
92984944
97290120
93075316
92957972
93034100
97862628
93074328
92974920
93028732
92941268
92999392
93005220
92969012
93042976
93023660
92989172
93005616
93026980
93014788
92988800
92977656
92976528
93108748
93001748
93011444
93006456
93031624
93006916
93016960
92950280
93096476
93012472
92981864
95820216
93148776
93066088
92940788
93014232
97750288
93105688
92980904
93050144
92991884
93028736
93009008
92998704
93043476
92993252
93029312
93048216
92975712
93026836
93055524
92964864
92974688
93040832
92990824
93012816
93096844
92978896
93008720
93038660
93003524
92989100
93076240
93042196
97732544
92985136
93102352
92990952
92966284
97907808
93114964
93032504
92985144
92982956
93064120
93051756
92992540
93022804
92985528
93006520
92994368
93003868
93044244
93053964
93024608
93000508
93020364
93042188
93011488
93062068
93083280
93122644
93080612
93088096
92999832
93262296
97351032
93088284
92953688
93057560
93005956
92995408
96686680
93098604
93051420
92998628
93045428
93080024
93045180
93045556
92980420
93025392
92990324
93055872
92982068
93032852
93011028
93001508
93000784
93009884
93036996
93036544
93040252
93103316
92987220
93282872
93042812
93014232
93071132
98317332
92995004
92974416
93893260
93014488
93001248
99265408
93081476
93029296
93013644
92904116
93074772
93054608
92997356
92986812
93014684
92977584
93014880
93026636
93017396
93036380
93041660
92934160
93036972
92988716
93055128
93022076
93038240
93011656
93330576
93108632
93047748
97946368
93133092
93037428
93070636
93832788
93012580
93017520
99184560
93152092
92942208
93043928
93044988
92980456
93085712
93072352
92972124
92997428
93026492
92987792
92997912
93011232
92947440
93062888
93040440
93041548
93048692
93030820
92943096
93080040
93063184
92975172
93069808
93034124
94231984
93001796
93024952
92976012
93233460
93078108
93032972
93382896
93101860
93017196
93061272
92988656
92940952
93037368
92975412
92953020
93041860
92971284
92968536
93025084
92983244
92983556
93018072
92974484
93024500
93059520
92964076
92990032
93052344
93223536
92993004
93059512
94448752
93009948
93070896
92984804
92914260
93397916
93018120
93000852
96934168
93058008
93005532
93016580
93021240
93000328
93050532
93061884
92997996
92971732
93038556
93006484
92985252
93047168
92838984
93026160
93025812
93031300
93062928
93075848
93123992
93094960
93024036
92994552
93012324
93228984
92992312
93041192
93010616
93031800
93075992
92996916
93028176
96707108
93052392
93039320
93028536
93021344
93054224
93052700
93017784
93043752
93069064
92972284
93040040
93045532
92947032
93007912
93037260
92981528
92974212
93015124
93009484
93032892
93263464
93023744
93043552
98193648
93015040
93036160
93083000
93023760
92971228
93935000
93002264
93001012
99284092
93122288
105454428
116607740
116530768
116599112
114372144
93042448
92951596
93013996
92997804
93008264
93035968
92993308
93073364
93052292
93010732
92970884
93066132
93055532
93019648
93001000
94447280
93004124
92994180
93000992
92861572
93020392
93017644
92962004
92995240
93014020
97035488
93123320
93043692
92925708
92973596
93005076
92897736
93032952
93003724
92817824
93027308
93016708
92999248
93018880
93046516
92910348
93029196
93063108
92887656
93038404
93026936
92831244
93013092
93452360
92888460
92995716
93049444
92886124
93008864
93034600
92930384
93055052
93472372
92941248
93035016
93024580
92893684
93026708
93017628
92868784
92990188
93108048
92892760
93036476
93018264
92887300
93065880
93027612
92925680
93017556
93024744
92898744
93057400
93051176
92920884
94244472
93167740
92953240
92960604
93055932
92939124
93033188
93014632
92961568
93017844
92964952
94213076
93088556
92931892
93008296
92978992
92975448
93013136
92997116
92996024
93009076
92971632
93006220
92975380
93025716
93019200
92971072
93024000
93092980
93079500
92965668
93030484
92942876
95019848
93028560
93012028
92930352
93020956
92994916
92958948
93009040
93018828
92973940
92858712
94311792
93074660
93019536
93010844
92966188
92963244
93018372
93001912
93051164
92991072
93001484
92980552
93030160
93019828
93107668
92982840
93003204
92999732
92991964
92994200
93033092
94227460
93084140
93037576
92991404
92990320
93022164
93030784
92951080
93037872
93027236
92918436
92990024
94799356
93081900
93046568
92988916
92939340
92949740
93009808
92959748
93019400
93186928
93073256
93170000
93153280
93003612
 
92987148
93003144
93037940
93041400
92969656
93006756
93013272
94450004
92991888
93026216
93008888
92999720
93057244
92988616
92978220
93054408
93041224
92991004
93042184
96656948
93073936
92998732
93032252
93030036
93012120
93039024
93015544
93023632
93059176
93028312
92976196
92996848
93031884
93007032
93034636
92974692
93284708
93079368
93010016
98096064
93225844
92966068
93064244
93012364
92991652
93050296
93011800
92993704
93017540
93872892
92938028
93065572
99346660
93081956
93058160
92993620
92981384
93025012
93009284
93021612
93020932
93001092
92991056
93052324
92984420
93002920
93033700
93040508
93271272
93019628
92973440
92998284
97527152
93024252
92980780
93049952
93011584
93011580
93031532
93014640
92995040
92994948
93129316
93028388
93022768
94262064
93115224
92997560
93060928
92995940
92979792
93000488
92977820
93016076
93003684
93021472
93022628
93033860
92962968
93011592
93079000
93137492
93005556
93006740
95035408
93066696
92995316
92997416
92971924
93041684
93008608
92964732
93029924
92986564
92986028
93044672
93013208
92955480
94304128
93095612
93025224
92990776
93044436
93004520
92929184
93009420
93027444
92972120
92995272
93062948
92944684
92987516
93050528
92977624
92935572
93008976
92973112
94416816
93033308
93036672
92949036
93047932
93027316
92885304
93047720
93036248
92857556
93022088
93119664
92937212
93033516
97421524
93134864
93125220
93160064
93041036
93160012
93073068
93054176
93160940
93134356
93085392
93159016
93094160
93050936
93092304
93144316
92980764
93120008
97735220
93032836
92982900
93065564
93452712
93115296
93060324
92984384
93043448
93029088
92890148
93042308
93010396
92930664
93040108
97795904
92888432
93045364
93033644
92946172
93078776
93026436
92921412
93085608
93040616
92946224
93014852
93033140
92910780
93069212
93064012
92971096
93427772
93948692
92906724
93053444
92995428
92936188
93020876
93045384
92900112
93039824
93023656
92984960
93036596
93083720
92968304
92991012
97922668
93050628
93021472
92975640
92960820
93038620
92975828
93035160
93053596
93052932
93010784
93011940
93095900
92995196
93066992
93043656
92991388
97991948
93025572
92995180
92986296
93029320
93053980
93010124
93002572
93014328
93047024
92965848
93031248
93014968
93030616
93011344
92988888
97881328
92948268
92968608
93009728
93042032
92992364
93001956
93050592
92952372
93047504
92994904
93008240
93040612
93174464
93135612
93049152
97839764
93107904
93014476
92847308
93036732
93029124
92875812
93056172
93017552
92869236
93021916
92998728
92930984
92987524
93081772
92905264
92973616
97763804
92993628
93025096
93001036
92933012
93011328
92995036
92950712
93037176
92965104
92952236
93136868
92950208
92955124
93000496
92998980
98276052
93058972
93004812
92908596
93044248
93020316
92895488
92989512
92993988
92934980
92959228
92997452
92977380
92954540
93098080
92951288
93022228
98015188
92934704
93045092
93001956
92968120
93001412
93073128
92996440
93068308
93006252
92924464
92958292
93093136
92972108
93014460
97902640
93001232
93009404
92970556
92962872
93028540
92991632
92968092
93016576
92934416
93035912
93034480
93011704
93024208
93053180
93052248
92973628
97892144
93106760
92927596
92993236
93031472
92978872
93013636
93041524
92995708
92967032
93039056
92968132
93042896
93029800
92999972
92970648
97745340
93017316
93029400
93034688
93014560
92992584
92996280
92958000
93000808
93046672
92945876
93042048
93041780
92994564
92998952
93097176
92973376
93003324
97826960
93068892
92999320
93024120
93047192
93031100
93021116
93006784
92981260
93013068
92977604
93024296
92975208
93030888
97691692
93128980
92964156
93000976
93011660
93012612
93008612
93047944
92990432
92926292
93022064
92996052
92947984
93016276
92984740
92952852
93099188
93003744
92930248
98072944
93138456
92978732
92999852
92989340
92986048
93014876
93016672
93007672
93005920
93101480
93046052
93202612
93404736
94145092
92978884
93019384
92980012
92979872
93051532
92987564
93011188
93005200
92983552
93018352
93130152
93001332
93003604
93063368
92978524
93019596
92982740
92986312
98006872
93150852
92934408
93021884
93060788
92960884
93027800
93011804
92935676
93054224
93006832
92977464
93027496
97899708
92960360
93002248
92989188
92990540
93028684
93001036
93050088
93024460
92974524
92968400
93033276
93007968
92981108
93082316
92990544
92982088
93063644
93028252
92956772
97778996
93130408
92951272
92981788
93046264
93031268
92970436
93027828
92999616
93013076
93065292
92981384
97716380
93092400
93013852
93029304
92993356
92989340
93048264
93063512
92991060
93067652
93003212
93002624
93032528
93014308
93037784
93050364
92985220
92944248
93091928
93004220
92934692
97876280
93153256
93115908
93013552
93025280
92988876
92993980
93033436
93036696
92990308
93024960
93036520
96725464
93023456
93023300
93021892
93004468
93030528
93044720
93014332
92928384
93038736
93032460
92984420
93048040
93091908
92998300
93054436
93006840
93008584
93068320
93028720
93023000
95707180
93096536
93049560
92990636
93030432
93017752
93040436
92981984
93035836
93035712
93022408
95267376
93242192
93035196
92979776
93053772
93049072
93007988
93064836
93032300
93011984
93044100
93047948
93011412
93063512
93007564
93016008
93022476
93016632
93008436
93029544
93024028
92995768
95215696
93001660
93022720
92987828
92997124
93032660
93031140
93062356
93112124
93142248
93061664
94015596
93048684
93030256
92978680
93070092
93016420
92945460
93034292
92994928
93000852
93043132
93036616
92938260
93052076
93010700
92958592
93035252
93023048
93012036
93070888
93029860
92969952
94339312
93145292
92938688
93008212
93040632
93028736
93000664
93059596
93061592
93011656
94466640
93094144
92998020
93094604
92950628
92987768
93010440
92861608
92985092
92980792
92904240
93040252
92963608
92920736
92998064
92942404
92913268
93033652
92996072
92930084
93052152
92987148
92907824
95945708
93085476
92870340
93034036
92991372
92885040
93062508
92966024
92945824
93791096
93167940
92852168
93014752
93041132
92865396
93037956
93023420
92893576
93022992
93047764
93005144
93028332
93024748
93071108
93195172
93008560
92918928
93030352
92973380
92892140
93004600
93012400
92939392
96976076
93074508
92892596
93030164
92971072
92879628
93329812
93001428
92890796
98083396
93048904
92859280
93036332
93079048
93046816
92966092
93064916
92985992
92936052
93018148
92984488
92933560
93040884
93000496
92953100
93056600
93045136
92984064
93047288
93001460
93850748
92964572
93054036
99642348
93126700
93001228
92988412
93046544
93366284
92980660
93054924
97994680
93094812
92969808
93050680
92985124
92988348
93025852
92980848
92997740
93015640
92992724
93013960
93009488
92997428
93001696
92978996
92941360
93047304
92942420
92954496
93010072
92960552
93065804
93050092
92999436
96016468
93039352
93018388
92896208
93051340
93064040
93051004
93098320
95347112
92982292
93052864
92985936
92971908
93024372
93092540
93015920
93006668
92960980
93002700
93035020
92946856
92993940
93030924
93015472
92989188
93017444
93010072
92979064
93009744
92992720
93059016
93082284
92975704
95751828
93130248
93018296
92968524
93125944
93029940
92970152
95780144
93130292
93014728
92987860
93020492
92990592
93036200
93000572
92982420
93046376
92992784
93028520
93061712
92983128
92998312
93012240
92964820
93002168
92968200
92977348
93037412
92995868
93040256
93067352
93033628
95799992
93085480
93027108
92998288
92973260
93104916
93007312
92985872
98263648
93023208
93025464
93019744
93007536
93035440
92968956
93045916
92889076
93069700
93054288
93079156
92952248
92984352
92984160
92958932
93012768
93010364
92944840
93022984
93019052
92963092
93023208
93116324
93018200
93025448
98677896
93158660
92957712
93077404
93017828
92997200
97859360
93103268
93011708
92980868
92914424
93033764
92988064
92975228
93007412
93027992
92973332
93004728
93009064
92948580
93033372
92995192
92984532
93025288
92916232
92953824
93025316
92962996
92950944
93008384
93107344
93028180
93035224
97834496
93037404
93129952
93023944
93006920
93031016
96185576
93010316
92999700
93031952
93024424
92985940
93038732
92993800
92978432
93066712
92997528
92973308
93008824
92988220
93032344
93026304
92980612
93063088
92979900
92973156
93007964
92970548
92975340
93036788
93119812
92982172
93068880
96173756
93091180
93108316
93023464
93075216
95809468
93241632
93015464
93007120
93015548
92963132
93022992
92983592
92967800
93007460
93007820
93004488
92979216
93007788
93003888
92983328
93013084
93005572
92976632
93005440
93021152
92981212
92997152
93016180
92979916
93117624
93010152
93043716
95821456
93167700
93029824
92991348
92984544
93194232
93049624
92968104
93001632
93009492
93014564
93047228
92994640
92944944
93026504
93050244
92956236
93029660
93024196
92970284
93035008
93030656
92932560
93015748
92991864
92967420
92996664
93006700
92966984
93047664
93124108
92972700
93034888
95869824
93147268
92986604
92996764
96074984
93108340
92995048
92990852
93010712
93033404
92969728
92997496
92959852
92990740
92968160
93013304
92988568
93020088
93057272
93020512
93021456
92971780
93006168
92999244
 
92940736
93023640
93009428
92926496
93030220
93039256
93079424
93047328
93010652
96097812
93178960
93082756
93200696
94222488
93052408
92937812
92980732
93003448
93003012
93003872
93043224
92952288
93028376
93041288
92985684
93125240
93026296
92985636
93012780
93027476
92987908
93026200
93006588
93028148
93000068
93058532
92992024
93021680
93100020
93030624
92946772
92999864
93401112
92967424
93001320
93003656
92979436
93014740
93000248
92869656
93032728
93002248
92851444
92982536
93022124
92882988
93101804
93017800
92939176
93213516
93023892
92905732
93056828
93000144
92933560
93056736
93021964
92927676
92971544
93061212
92937428
92974768
93125364
92951452
93036832
94842772
93048224
93142468
93154616
92927708
93042144
92975692
92886536
93027500
92979972
93062512
93017328
93011612
92870188
93054988
93039572
93010172
92977580
93023580
92860660
93024884
93050268
92910168
93027832
93084676
92901708
93005932
93077828
92934904
93025336
93868188
92971984
93253116
99625472
93105688
93095936
92987552
92884512
93004296
93035352
92869616
93007752
93018212
92941480
93052972
93023124
92973240
93034276
93044748
92995932
93024156
93048676
92966444
92946308
93032340
92957520
92955068
93048800
92957772
92984756
93074020
92940188
92993236
94037060
93222460
93046636
99907580
92929924
93054432
92967140
92876436
93035228
93050012
92922100
92965880
93009120
92870736
92954928
93040976
93045776
93165544
93177564
92929972
93075824
93069296
92881504
93032120
93024444
92893536
93008020
93016624
92894444
93092604
92942404
92905140
93041388
93009136
92911652
93022952
94858384
92993736
93008612
92977564
92874628
93028608
92983456
92870160
93015752
93018592
92911132
92978676
93029160
92925064
93015124
93029036
92849976
93014212
93025580
92855596
93037920
92996124
92857584
93035980
93009952
92891520
92872292
93010812
92946520
93015148
93077200
92944660
92977316
93466952
93234212
93044956
93014204
92864508
93016372
93023744
93065540
93028324
93029160
92899212
93036260
93017808
92916932
93023108
93028888
92913036
93057364
93008336
92963044
92937852
92992984
92967364
92962176
93031272
92985500
92995380
93015652
92967156
93038924
93042256
92955548
92988136
96755452
93010916
93049784
93036228
92896140
92954880
93093460
92919784
93008532
93018664
92941652
93040088
93055644
92946384
93216924
93013152
93014020
92971924
92998512
92942100
92953788
93015988
93006716
92980852
93006668
93004848
92972432
93058628
92957856
93716912
93896000
92980628
100102928
93098272
92987384
93026252
93021596
92997040
92935544
93044220
92988836
92938024
93027364
93001780
92998828
92973548
93033356
93001832
93007300
93024524
93014356
93083672
93013444
92996336
92959900
92975540
93042028
93023604
92981672
93045244
92948540
93045748
93044088
92997544
93041100
96867652
93068632
93019036
92934688
92998244
92999456
92988004
93004360
93016792
92940780
93016368
92989564
93015364
92992536
93055560
93003508
92998356
93023984
93048168
92960696
93014280
92980308
92998780
93046152
93039348
92971772
93042600
93005312
92989088
93312976
93072232
93830500
99501536
93102368
93063540
93044188
93002756
93038712
93038672
93013196
92998764
93015576
92965016
92986232
92987872
92981596
92980756
93037440
93046620
92975304
93020592
93020764
93088196
93020796
93011480
92960036
93046780
93004812
93009540
92990232
93000968
93295808
92971668
93074048
93870600
99540644
93015320
93010860
93000148
92965536
92945236
93092032
93034780
92967788
93008448
93006712
93012668
93013660
93013308
93031648
93050148
93006728
93017024
93023656
92921824
93015344
93027612
93027780
93069376
92964112
92993264
93035996
92954748
92978096
93303336
92993016
92988876
100346960
93194140
93090932
93090452
93006416
92996704
93038012
92962000
93001680
93016524
92973752
93004772
93013436
93043576
93035980
93031376
92990768
93024452
93052788
93000648
92996948
93251612
93281908
92969104
93057232
93054368
92963248
93019032
93028356
93231448
93021344
93088536
92988724
97909192
93022468
93010320
99265716
93099396
92973408
93030796
92997540
92935528
93026748
93007240
92976976
93054368
92978164
93021808
93011380
93041344
93016476
93051836
93020416
92977804
93025780
93025124
93000032
93008056
93004388
92975740
93035764
93021040
93052608
92961788
92995912
94409380
93174804
93010100
93029256
94333412
92970588
93003452
92984304
92982504
93019328
93037204
92981932
93010232
93036532
92950444
93026956
93009724
92941388
92983448
93005128
92980452
93006476
93018208
93038172
93000572
93107312
92985164
92972796
92997324
93014188
93025080
93041540
93038988
94958632
93104484
93007160
92985020
97196020
93159532
93038864
93032232
93013536
93038500
92994228
93032456
93013052
93012660
93056864
93034640
93023688
93008896
93031756
92996916
92993036
92998964
93007288
93052240
93011684
93037416
93013892
93050532
93017612
93329520
93035428
93055788
99775260
93083204
93858652
93030728
92993048
100210008
93110196
93026680
92993628
93034780
92989272
93030852
92974392
92996776
93056336
92995528
93021068
92974636
92994492
92931396
93000392
93070856
92962348
93035580
93027672
92970820
93018692
92992068
92952556
93089404
93039572
92943988
93024132
93307068
93066108
93111420
93006864
93015272
99322592
93072544
92993732
93020328
93012980
92968132
93029564
92979208
92970208
93030712
93049512
92950060
92999904
92997184
92947572
93031280
92989648
92899460
93032628
93027908
92940068
93000568
93010400
92956996
92988260
92985888
92903272
93358576
93099856
92951196
93083988
92997212
92980832
96647968
93149108
92919816
93027932
93014948
92847864
93002004
93011520
92899572
93014692
92991428
92897988
93021676
92941988
92894284
93006272
92966308
92945924
93060796
92993432
92966512
93025208
93013084
93235664
93082328
93031236
97323664
93237436
93034548
92911528
93786936
93015936
92947336
99661440
93082516
92909296
93013348
93019708
92864840
93010656
93007628
92906056
93030680
93028652
92897732
93027840
92998020
92942020
93025064
93057148
92894720
93080692
93032028
92986544
93006552
93011756
92979664
92999728
93021272
97744084
93029300
93003824
92949216
93777664
93010500
92938944
99205084
93140772
92967260
92983444
93022732
92999988
93026972
93033428
93006944
93005408
93034568
93008816
93029560
92968656
92996068
92963596
92993896
92985584
93026364
92973544
92984312
92996292
93082324
92957620
92995388
94498804
92991780
93015376
93041124
92976348
93054400
93038328
96505068
93069964
93025220
92937884
92974716
93008124
92936468
92950952
93092092
92926112
92970932
93026912
92891836
93009084
93057972
92946060
93043664
93035124
92995780
93003932
93028936
92926404
93072008
92993168
92926044
95102864
93238376
92960076
93127492
93050072
92889204
93050784
93014420
92855252
96667968
93077028
93030240
93149512
93001112
92960268
93022272
93011048
92934612
93017836
93008076
92928140
92987852
93036428
92903484
93040848
92957868
92915652
93000880
92929252
93212712
93075716
92971244
93027444
97771584
93013044
92911360
93006448
93022112
92957324
93020260
93011048
92935660
94241432
93100720
92930308
92992456
93021644
92954168
93066600
92927384
92900664
93029836
92944048
92956572
93025156
92972420
93000728
93009316
92988704
92982556
93033916
92993644
93060944
92981244
93002992
94291592
93113300
93002692
92941460
92971436
93022148
92958024
93043116
93021008
93011320
94327292
93118648
92933728
93059212
92963384
93030268
92968248
92930476
93000344
93010876
92995716
93019212
92965540
92978932
93018440
93104464
93039524
92983168
93022532
93027268
92961100
93010108
93016652
93433272
93010292
93057432
93008296
92990288
93014868
93011188
93046828
93021424
93022304
94266324
93120512
93013344
92995636
93054608
93017792
92988080
93016712
93054940
93005364
92968028
92990016
92974068
93022432
93016936
93020060
92992460
93058204
93013056
93048012
93022136
93007184
94855288
93107444
92862992
93037080
93036516
93013876
92997892
93015684
93031408
93014456
93002088
95591192
93082740
93007736
92991280
93057280
92998476
93030468
92996056
93024384
92981572
92983784
93068952
93008932
93018252
93064936
92970148
93042308
93006492
93281568
93005908
93001840
98255924
93338636
93065268
93092344
93002972
93041332
92991864
93011372
93064796
93573988
93072220
93140664
99600096
93209332
93155560
93100124
93166152
93165072
93071264
93095376
93132184
93096444
93100944
93127420
93162892
93082060
93166928
93110800
93057756
93388780
93110732
93136836
93125740
98118596
93124444
93104096
93089800
93081432
93096584
93080876
93095060
93150432
93096212
93051940
93139652
94366096
93111776
93150988
93096152
93092644
93124924
93069940
93152828
93084472
93067864
93150232
93104444
93084948
93121080
93115964
92977096
93158280
93119364
93077512
93148612
97569412
93141840
93131296
93113036
93054744
93136272
93075844
93075408
93112356
94205272
93116756
93131516
93121336
99612996
93026552
93051068
93001368
93041472
93035032
92985280
93030232
92995272
92911236
93043984
93033552
92934456
93081656
93056720
92944180
93329056
92994848
92987164
98161780
93221640
93034616
93026088
92956360
92975752
93042556
92972420
93029856
93000532
92995004
93905140
93114532
93068604
99360432
 
93185884
93120544
93102048
93095324
93126224
93086084
93087224
93031140
93125084
93151956
93037876
93104452
93145992
93126924
93120260
93139100
93106460
93085168
94555400
93124544
93089220
93207500
93146056
93061108
93150472
93137956
93070556
93061708
93097540
93651660
93120148
93085552
94476700
93188956
93070148
93122528
93102204
93105408
93082424
93129360
93119200
93122316
93104188
93135188
93088188
93113164
93124240
93069848
93086620
93099856
94443744
93208148
93172100
93258364
93088140
93117624
93119172
93098592
93140292
93077236
93114424
93095820
94191676
93139312
93102248
94441564
93227172
93111664
93044316
93123888
93090848
93123648
93107692
93094012
93107024
93155168
93154128
93070840
93108216
93213312
93105732
93044848
93103928
94133904
93123736
93088128
93132416
93192852
93093292
93089452
93095412
93086832
93044056
93124128
93105992
93987800
93149592
93172332
97299392
93183888
93119624
93116744
93076644
93147372
93072844
93098272
93080560
93113528
93136508
93094236
93080464
93143268
93371484
93124572
93114952
97832808
93214664
93074388
93147768
93689128
93182992
93146176
93119512
93152512
93077392
93055608
93124704
93075940
93168012
93102152
93095096
94464668
93193780
93124116
93007660
93136488
93120532
93025528
93148472
93120144
93114940
93121568
93143064
93067436
93111752
93139148
93084784
93602928
93195808
93137996
93123664
93033708
93121076
93114392
93122876
93047764
93129456
93114144
93107964
93127012
93135212
93712816
93129896
94489396
93138164
93142156
93103256
93071664
93090748
93141924
93093112
93171080
93097400
93071936
93091296
93154232
93073316
93065140
93080636
93106488
94423568
93192716
93155468
93124148
93105556
93116004
93116468
93090408
93096320
93118032
93103228
93100772
93120264
93094204
93730576
93155364
93100148
95439092
93188100
93095812
93115376
93088908
93121164
93134528
93074748
93148856
93137852
93070704
93151620
93199732
93125364
93112976
95746364
93214480
93097648
93189316
93260264
93077596
93110332
93101396
93148244
93067672
93156168
93086896
92913248
93121512
93127012
93830456
93106040
93100872
95782328
93127336
93113280
93026760
93115612
93083592
93020764
93181792
93103704
93013900
93135024
93057460
93076356
93126832
93103212
96307060
93032684
93025288
92891296
93036640
93027612
92921272
93002000
93035992
92927540
93056216
93027692
92944312
92951216
93029540
92985432
92984452
93049072
94286900
93077644
93025588
92927784
93020112
93036904
92909104
93064856
92961784
92886720
93024484
93037120
92998792
93064976
94437328
92981672
93028364
92999496
92934116
93038480
93065612
92913104
93016852
93025904
92935064
93017404
93020632
92926032
92948284
92997016
92984536
92964380
93027212
97350280
93117380
92970996
92967108
93069796
93012256
92969196
93040380
93008736
92974988
93104824
93018452
92860208
93007456
98219048
92957000
93016016
93020340
92910500
92972952
93025656
92951008
93036328
92943288
92951108
93071656
93020796
92979248
93041832
93017736
92996936
92975224
93027440
98421824
93116856
93046224
92995604
93049328
93022176
92923828
93004700
93053824
92899644
93099912
93062868
92958904
98566600
93100528
92985468
92999996
92989320
92972616
93031464
92956848
92969792
93003140
92997828
93045920
92979968
93007136
93019564
92991472
93054608
93113472
93008064
93010596
99788712
93021180
93035156
92986408
92983600
93039184
93004716
93034232
92982788
93081260
92973832
92982408
97447640
93190556
93074388
93039804
93062728
93164500
93011540
93007972
93023568
93035608
92975280
93048336
93000156
93015032
93052360
93003456
93006348
92968936
93046056
92998940
93006912
95537548
93121356
93027204
93037224
93059064
93057832
92979004
93014480
92984260
93003540
93032424
93025844
98451484
93025328
93044508
93032920
92988200
92966636
93026620
93018076
92842560
93047096
93016504
93044924
93052880
93022108
93005492
93073880
93069528
93043064
92999640
92986200
93032224
99548712
93079336
93004244
93008024
92999260
92946784
93006896
93019728
93330060
92997308
92995164
97859008
93141440
92984384
92992008
93013028
92902296
93032324
93016336
92960692
93090824
93042616
92971304
93004956
93035324
92976744
92981460
93004592
93040356
93067676
93833344
93010148
92977912
99430992
92984056
93046376
92992380
93004456
93030224
93028764
92958012
93002388
93017404
93156576
93221868
93029144
93003376
93027400
93030544
92987720
92995012
93018844
92999140
92996332
93015024
93027364
93040316
93010980
92992796
92996288
92975676
93005952
92976876
93081548
93005636
93008948
96643844
93117180
93017376
92996336
92972780
93016520
93020960
93210320
93045744
92974304
97779616
93139912
92991652
93005956
93017408
92980712
93038316
93022120
92997076
93007552
92976924
92936352
93004236
93029140
92986124
93008172
92993244
92993500
93003604
93026704
92992300
93016524
93005240
95517904
93007092
93033864
93016356
92931984
93041944
93324172
92966888
93029864
96114748
93278084
93013612
92980284
93059516
93133440
93012104
92974116
93027088
92992432
92941184
93064280
92988256
92932968
93006580
93019716
93057312
93040008
92984244
92981524
93046936
93875060
92950724
93019032
99653728
93099064
93031788
93022812
92977220
93037788
93064076
92989532
93031524
98542824
93037956
93025772
92955004
93017676
92987792
92987492
93031416
92979756
93050732
93004308
93025080
92988580
93033460
93000832
92997064
93027412
93039764
92976480
93020408
93021264
93613920
93142660
93186696
99393328
93146368
92961948
93117960
93082424
93237100
93117996
93116904
94552908
93205120
93138020
93145588
93083580
93127864
93117732
93075580
93098580
93114684
93057864
93124336
93112140
93111456
93146288
93143808
93102180
93156936
93136268
93166104
93097792
93746288
93165832
93139168
97145088
93145060
93134408
93148516
93022492
93188428
93117636
93096832
93558836
93180940
93074432
92960928
92993472
92991304
93024212
93004228
93019508
93001140
93015932
93033860
93013684
93003456
93017108
93051784
93002592
93019888
92992444
92968644
93025000
93013720
92939188
93056092
93044172
93018996
93952524
93093972
93033960
92934416
93017948
93007460
92988124
96807328
93047684
93024436
92983140
93032180
93032736
92985320
93057184
93039932
93001560
93009780
93037584
92974624
93045048
93017224
92980300
92945000
93046468
92968700
92973080
93055720
93008088
93030196
92957144
93005340
92992060
97250324
93093920
93041944
93078900
92955924
93025808
98095820
93100020
93014484
93010820
93050160
93096008
93007352
92984720
92988800
93017516
93010772
93002400
93041540
93023556
93005504
93017552
92968852
93026340
93000416
92980720
93070448
93007508
93019780
93040528
93045528
92994452
93006080
96163776
93040908
93082768
93035004
92941352
93062484
96343500
93030064
92944164
93010856
92995328
92933200
93041156
92987388
93017656
93000588
93010628
93013928
93014908
93001924
92954940
93013852
93006968
92968160
93026764
92974532
93054468
93006164
93017880
93064656
92963784
93030420
93000624
94308728
93036896
93085948
93020764
92988584
94385756
93142492
93026428
93008700
92980396
93001868
93041136
93018428
92959316
93027772
93004580
93012716
93015896
93026732
92996796
92979384
93039044
92982252
92969172
92977476
92858164
93012132
92997208
92991448
92983244
93041108
93034924
93023016
96676236
93300972
93054540
93000644
94562368
93207024
92983600
93037576
93025592
92957444
92968728
93015840
92993284
93017024
93040144
92973900
93005808
93035564
93005864
93048500
93029580
93013660
92979092
93025832
93030636
92979728
93083712
93035736
92940292
93043220
93080400
93004564
93000736
97381632
93081324
92988664
93014284
98391384
93050476
92993764
92819488
93057912
92994980
92881184
93038492
93005420
92913568
93021596
93043332
92887704
93021764
92988812
92929384
92977316
93016932
92900388
93034760
93002300
92957960
93042868
93006852
92881856
93026188
93065228
92978160
92952936
93670840
92931684
92956920
94395268
93028656
92996808
93023548
93083832
93131732
92959824
92951720
93022844
92982000
92931500
93041440
93027944
92964560
93034344
92871852
92942396
93045468
93014012
92953384
93056972
93042516
92919844
93080276
93008828
92929904
93002052
93091228
92971332
93070532
96651532
92998428
93011220
93082976
93011156
93035280
92957168
92965724
93002488
92954644
92987236
93045136
93186936
93013512
93041936
93021040
93010352
93031392
93008812
93028956
93052172
92987216
93008476
93078396
93007484
92988700
93054064
93036944
92996692
93039432
93998640
93008880
93061988
99909448
93074236
93063264
93072328
93086320
93014156
92974576
92937852
93050544
93024908
92969024
93067920
93023772
92969344
93064080
93029668
92976988
93019868
93002908
93050748
93014024
93013916
92992132
93027892
93048584
93022684
92956920
93154896
93076680
92959484
93915248
93302672
92954732
99070248
92977172
93010412
93018824
92894080
93044616
93015940
92870024
93009832
92996784
92865636
93014216
93018528
92903356
93037988
93041528
92929652
93016972
93026024
92917780
93006976
93031008
92961456
92962776
93015068
92970504
93010764
92989280
92969472
93014528
93089604
93013708
93003212
96965504
93005636
93054136
92982964
92903076
93016356
93009248
92933812
93004192
93020048
92974352
 
