Procesando...
  Filtro             : mblur
  Implementación     : C
  Archivo de entrada : lena.816x512.bmp
93696116
92803756
92823884
92779224
92736068
92745144
92791776
92727956
92686216
92612080
92778268
92728496
92772944
92836252
92809072
92788888
92875728
92836072
92724820
93151216
92812364
92767620
92830704
92793780
92753892
92822928
92787024
92819660
92905780
92791452
92755900
92870536
93090084
92970724
92792488
92874988
97381736
95939796
93372956
96528188
92954584
92666208
92785268
92740460
92670524
92778432
92723316
92725552
92759508
92685268
92735164
92745796
92692912
92739192
92699032
92705704
92726220
92721588
92899772
92780940
92647180
92702880
92752636
92640468
92738492
92780260
92797020
92708500
96851624
92799056
92728032
92718360
92703384
92733936
92701324
92711460
92774368
92937608
92865376
92754084
92693840
92712144
92779600
92693868
92672264
92734620
92705332
92697344
92728892
92711136
92714412
92714832
92725656
92679388
92663396
92696128
92720992
93231544
92875628
92749504
92721496
94512472
92911692
92719324
92685556
92713652
92744592
92723300
92716348
92715328
92744756
92744024
92690892
92723416
92765864
92689932
92750528
93310608
92749012
92734504
92707088
92737236
92803056
92684216
92738400
92789872
92696848
92765840
92709512
92765396
92748380
93421940
92798912
92726028
95481308
92899788
93242260
92833464
92752600
92722396
92706192
92710408
92700436
92731828
92718020
92763644
92731936
92726020
92720652
92680036
92718384
92730832
92665468
92719388
92772816
92759140
93163936
92979528
98843840
116195980
116267572
114205028
92873264
92988276
93130392
92760704
92734232
94634436
92898204
92729972
92741768
92760240
92704392
92732164
92803164
93246488
92721912
92687288
112598108
116222344
116148164
116193328
116225260
116205920
116223000
116159388
116238460
116177964
116246872
100641272
92729516
92772812
93255560
92793480
92737632
92748244
92701320
96079708
92782520
92731380
92761424
92783152
92718100
92673820
92747096
92752896
92696240
92760104
92744436
92730496
92795692
92909216
92845320
92714308
92706352
92722436
92679544
92744216
92717356
92670664
92761596
92713196
92640524
92737448
92726452
92683816
92834132
92683204
92697428
95700592
92919884
93157036
92808528
92763876
92710152
92788028
92699816
92720492
92743592
92666616
92704832
92797012
92660764
92700468
92747400
92707340
92692968
92694172
92700976
92714488
92578856
92830256
92713916
92695976
92768548
92691620
92790916
92769512
92713000
96488832
92681900
92700704
103214404
92839668
92663616
92731760
92714000
92625524
92738288
92708308
93146064
92856776
92693916
111992896
92697252
92714316
92705512
92758696
92703024
92705536
92724024
92764336
92681720
92775772
92702712
92718372
92731292
92745860
92732200
92958756
92864272
95609912
93725648
93192648
102860436
92955052
92804936
92887112
93153672
92851788
93158560
92997704
92974620
93190780
93025800
92955340
93128348
93005324
92973408
93595620
93111464
92943864
93076888
93041544
92975852
93230496
92961560
93040464
93181340
92935164
93027344
93209988
93070084
93140604
93232236
93837580
92955084
93169500
98591696
93224952
93236776
92956716
92961760
93133328
93025416
92926408
93249276
93046848
92937144
93184740
92998044
92974872
93215676
93054892
92943484
93229652
93039324
93075940
93535660
93058484
93031784
93165604
93033272
92939728
93220752
95057516
93042028
93227136
93360788
98072708
93180728
93126740
93004452
93272372
93044100
92998868
93273068
92979884
93007708
93230316
92994076
93086172
93179852
92971344
93080000
93211620
93068336
93009688
93186424
93082228
93017468
93198072
93043060
92966472
93238284
93023740
93011668
93236576
96063120
93013212
93195704
97085596
93227672
93240744
93019820
93010896
93195304
93017868
93091064
93226240
93027480
92972048
93183700
93045208
92975032
93206208
93030556
93087360
93155776
93066568
93042140
93243104
93040956
93010744
93189292
92997992
92978972
93245620
93039132
92962020
93310064
93046280
92999816
93221528
104634064
93043712
93230832
104402296
93227656
93229040
93022276
93044844
93244336
93013628
93032692
93247984
93088892
92985008
93237148
93023912
93012620
93208432
93033196
93065112
93234684
93052784
93021396
93252476
92983264
93060020
93156776
93050684
93545688
93280272
92998588
92944516
104242100
93461196
93011324
93235068
96707488
93163000
93198776
93062720
93078692
93212516
93023868
93080764
93214616
93057288
93028056
93233192
93010268
93003380
93240012
92979584
93019740
93181868
93009552
93075544
93206972
92999596
93098616
93144488
93122336
93229332
93583812
92977388
97610956
93082092
93213836
93348644
93058260
97879860
92990280
93105724
92886644
92874872
93063520
92872636
92803344
93172596
92849032
92889860
93110688
92899372
92852636
93050908
92909412
92879600
93033748
92888964
92887412
93001880
92900120
92922464
92948228
93064568
92907720
93054772
92942876
96027268
93165040
93193976
93078152
97624732
92957932
92963512
93135252
92813080
92956240
93130556
92842916
93003908
93089012
92870732
92970940
93091160
92921248
92956536
93059776
92880344
92944464
93087320
92921924
92920612
93080560
92869896
92979020
93069292
92912612
92899032
93090268
97972252
93160828
92899276
93366992
93234064
93022160
98060916
93093412
93117648
92912748
92898724
93036388
92933464
92964516
93106604
92869092
92887664
93099920
92837904
92903688
93156012
92908232
92926768
93130452
92873816
92961096
93080464
92947456
92940336
96109672
92810084
92979840
101551956
93103764
93022772
92995008
93229320
92926132
93082248
98067728
93122896
93035072
92972892
92908376
93055784
92920260
92978396
93094044
92965612
92958412
93116128
92939360
92978976
93094004
92957120
92961264
93036888
92935416
92976288
93104404
92922280
93082816
93161216
92947632
92949996
101312868
92836292
92768572
93018696
94511968
93044852
92992480
102317504
92937120
92920040
92979320
92819540
92909792
92973408
92833952
92870628
92909580
93031968
92998564
93285956
93329764
93236736
93322000
93240964
93354664
93266136
93098732
93201596
96328528
93360716
93207724
93360452
101525484
93105932
94010300
93237712
96618312
93594852
92963740
94354624
96995016
92872144
93052652
93125660
93032136
93099964
93161680
93020296
93185740
93142852
92994116
93057084
93210564
93024740
93085116
93181216
92961240
93111708
93198480
93042172
93145044
93300960
93003112
93043072
99799528
93103604
93134800
93272992
93036112
94979376
93723812
93058764
92980960
107437780
93038908
93083820
93110220
93057680
93038104
93078128
92974988
92996952
92917592
92875264
93046888
93051672
92994512
93081652
93017252
92992288
93080304
93087680
93554604
96151944
93196920
93143964
104726524
93279116
93112536
93066960
93118792
93171276
93199668
93628780
93140236
93050244
101090492
93137544
93020208
112381340
116055088
116091056
116105744
116000124
116033344
116106764
116021912
116044952
116084084
116103160
115997680
93160536
93234336
93122176
93159280
94379020
96758596
93108024
93134156
93069980
93152328
93081392
93066960
93314720
93536308
93065172
102528420
93204388
100989572
116092168
116137992
116048048
93110940
93054132
93149444
93167440
93091472
93129480
93149936
93113680
93074484
93074856
110917532
116165520
116087316
116135816
109850732
93373788
93127836
93045832
93091588
93115224
93176080
93107380
96599796
93122096
93108964
104574312
93215188
93155312
93143088
93102064
93109068
93090748
93096756
93067608
93155544
93165272
93060840
93157428
93124784
93032984
93109128
93147204
93112852
96329608
93351352
93114496
103454812
93209632
93158000
93129352
93177380
93162444
93192632
93062300
96786696
93202140
93163864
93106204
104874248
93189736
93092268
93158584
93127852
93106460
93190132
93082768
93077260
93112828
93101516
93093252
93223392
93183928
93091420
93219796
93110260
96107092
93209556
93169196
102838528
93394996
93085868
93093212
93206724
93137756
93012980
93187404
93134800
96256944
93202392
93110124
93132400
104239224
93263256
93089968
93085820
93115116
93095300
93166248
93138092
93146024
93120516
93025448
93045188
93136348
93076292
93125392
93141744
93145360
93069848
93133980
93257796
98541980
93157928
92983040
93029840
93083412
93050796
93080524
93110200
92995660
93128352
94101244
93196300
93231848
104849764
93219912
93157148
93251804
93231236
93195508
93186620
93219320
93243176
93212968
93205620
93259140
93230720
93219656
93201600
96190760
93274156
93140372
93273120
103484184
93224076
93277644
93133888
93110928
93302596
93156540
93123900
93292440
93307700
97072292
93264220
93152064
102016692
93243404
92945536
93232456
93133652
93241648
93257784
93254528
93247872
93190936
93241324
93183064
93196868
93258000
93193468
93241716
93320180
93146636
93118648
94369784
93278228
93119784
93180212
93240628
93077756
93105372
93193788
93074648
93132768
93789172
93120096
93121152
93193776
98261308
93363352
93147096
93078200
93160216
93200408
93093628
93248368
93194772
93146644
93145252
93184464
93080692
93190912
93194276
96151096
93347384
93118940
103051144
93241860
93175444
93055892
93132592
93221512
93133924
93165580
93145516
93069912
93123452
93819188
93111144
93165520
96526528
93282284
93105736
93182256
93099408
93129096
93186860
93165788
93161984
93197804
93110400
93097560
93184576
93113580
93205232
96138020
93228008
93040636
98291428
 
94026460
93077280
93183660
93118540
93041872
93078840
93147576
93108624
93080248
93193572
93088032
93137164
93113656
93077416
93150412
94405564
93183136
93090740
93159744
93053768
93131884
93164908
93015160
93028348
93161088
93041800
93112960
93164192
93104024
93105560
93145528
92952424
98232316
93188500
92986500
93073488
93122228
93017388
93101416
93087080
93059704
93148552
93067776
93071112
93108588
93168864
93088120
93131020
98209608
93217324
93083604
93162428
93054708
93127008
93120704
93049196
93092660
93172812
93085216
93113208
93172712
95966208
93136144
93114352
102957736
93259196
93122372
93045352
93123948
93185912
92997036
93052316
93133796
93018468
93115560
93166348
92998164
93793624
93236940
93031536
92992900
104748936
93125992
93039640
93196340
93067604
93087172
93094932
93075408
93058440
93098296
93080432
93097000
93372604
93006664
93121240
98942356
93226792
93031676
93023732
93086860
93117264
93129848
93093488
93080880
93006416
93114580
93067000
93033996
93166644
94033064
93110200
93129508
93065308
104695512
93270856
93009064
93069252
93181272
93016868
93084784
93120860
93057876
93087356
93095876
96048228
93229356
92968464
102396028
93036324
92942688
92873100
92853052
92928916
92900560
92859748
92906652
92916756
92846692
92895132
92910876
92855756
92903620
92975940
92953148
92933424
92928500
99542604
93093268
92895180
92935692
92997960
92905500
92832560
92944884
92910772
92841964
95867108
92995588
92785196
92807284
103299396
92847032
92868560
92919304
92864364
92934880
92907380
92805776
92838948
92949376
92832884
92880936
92872432
92856120
92854684
92931856
93045292
92874960
92893356
102140140
93002328
92951660
92794684
92915304
92937036
92777472
92841656
92911404
92763932
93020964
92942600
92770420
102067792
93074568
92800272
92908112
92902024
92763948
92809788
92875080
92851080
92856316
92929916
93137040
93106732
93393920
93101248
93142364
93266880
93728936
93173404
93142232
105581964
93135692
93062188
93098636
93085748
93083536
93064980
93164504
93056800
93479444
92988828
93028208
99208824
93168632
93057128
92962172
92972280
92978956
93041448
93063448
93037216
93021636
93031636
93096612
92925692
93089588
93159580
92972980
93002008
96630124
92969940
92925832
95274872
99112624
93033524
93044516
92965764
92950652
93049476
93010180
92989396
93266436
92976268
92989204
93078788
96424276
93115180
92982380
92981988
93059136
93117872
93006564
93092668
92978596
93053776
93045016
93080100
93027508
93097228
92992796
92998796
93078412
93168168
93057328
93067084
98007096
93061344
93106044
93071564
93026304
93080544
93059684
93017836
93163280
93086348
93133860
93212260
94297904
93226156
93020980
93097392
93035532
93051956
93022624
93016676
93096356
93002520
92986760
93080268
93051624
92997636
93128696
93087560
93022728
93068700
93250412
93177224
93068516
94186312
93207556
93115416
93052504
93031616
93082156
93028524
93025116
93340112
93093892
93048792
96704696
93285740
93022080
93064216
93101288
93008608
93098720
93064796
92989420
93009904
93093040
93072096
93112832
93085108
93037688
93066816
93045296
92999652
93093168
96578532
92989796
93066272
104580760
93105708
93099584
93009496
93031032
93075892
93088136
96021568
93072780
93115464
96856724
95541552
93097396
93059916
93104508
92997488
92967072
93107136
93075920
93012344
93141060
93017712
93009840
93093248
93074472
93042296
93045320
93021288
92981268
96179064
93167768
93132876
93021568
104692236
93204956
93007912
93038984
93004744
93056976
95982380
93082640
93143508
92999668
103325340
93115800
93045548
92981968
93070500
93090144
93042956
92962800
93065936
93038116
93051360
93111372
93062636
93056104
93030220
93042572
93075716
93111536
93060772
93169736
93038092
93078312
93122348
95482092
93102748
93091228
93019516
92999576
96059120
93054240
92996808
92972052
104367492
92992644
93061752
93043948
92928944
92970396
93018176
92995332
92994628
93046220
92965152
93036172
93001108
92959420
93016928
93010408
92911296
92966452
93093416
93052476
93118600
93164080
101943484
93097816
93151316
92957608
92996264
93121588
92962200
96168224
93479636
93184420
96381696
93257728
93097660
93127728
93125620
93047220
93174060
93209212
93099236
93114528
93152532
93122408
93108200
93155928
93154200
93180068
93204592
93082224
93209316
93155804
93130336
93183720
93237796
93028628
93067592
100048244
93059956
93139156
92974876
93197276
93102584
93057444
100037432
93208288
93010288
93008168
92984096
92999600
92942576
92993384
92996572
92959080
93001640
93020400
93148436
93089152
93105244
93153412
92985880
92986468
93153164
92990676
93014900
93118160
93113552
93073364
93191100
92998628
102019656
93045436
93046400
93188608
93028520
93050084
93066804
96664940
93126208
93051096
92966428
92983076
93027796
92983016
92970660
93033056
92962752
92987332
93012788
97583144
116057928
115908800
115911228
115913516
101755260
92994404
93048624
93051508
93144104
93176336
93073760
92992540
102644344
93092416
93173676
93127900
93040844
92915404
102551812
93017324
93002736
93086264
93038860
92953288
93058420
92993244
93065336
93052264
93011948
92951740
93043364
93029268
93015084
93051616
93030124
92938108
93064104
93035420
93001796
93082444
93079280
93000884
93323840
93079728
93010184
94619704
93043336
93144160
93102096
93018456
98877540
93199336
92942320
92979704
93011108
92930988
92974516
93074068
93014336
92942120
93015480
92940604
93005304
93124320
93004112
93054644
93045032
92981900
93015924
93062116
93032240
92959588
93063436
93072508
96503252
93132748
93050708
93000424
101939832
93264756
93052644
93117828
98682920
93344196
93053884
93082908
93001860
93089756
93076128
93037340
93029840
93025996
92948964
93000884
93018696
92986208
93001204
93124220
92995956
93045820
93073804
92985504
93047144
93073524
92974932
93105420
93086076
93001776
93472308
93303552
93154084
107585904
93077168
93037424
95354476
97413584
92982184
93035356
93052572
92973484
93005148
93016076
92978776
93036984
93047484
92974644
93021552
92969984
93005236
93022896
92985496
92993952
93007760
93018816
92994376
93021388
92881828
92936144
93065720
93003472
92984800
93040328
93049220
92987216
96089428
93008552
93125736
93005384
93078696
93037316
93037064
93013204
92960148
92962960
93091512
92969712
92959228
92944456
92920468
92966188
92978328
92983304
92982252
92998820
92984324
92966648
92988856
92895620
92976372
92958272
92909196
92990668
92978984
92953812
93281628
93060324
93206724
96774324
93200028
92948004
93050016
93038048
92965960
92917248
92965176
92988188
93019476
93019476
92927412
92960820
93030240
92967776
93075924
93027652
93055228
92962224
92977484
92948312
93073588
92982048
92903700
92919164
93029328
92962168
92998768
92894976
92924700
96622748
95896044
92994224
104653316
93081452
93044288
92927768
92997396
92921644
92934232
93200912
92944456
92943812
92994844
92939524
92934788
93043092
92914172
92946396
93041352
92952800
92948156
92982468
92957868
92917572
92937036
92951140
92952548
92943456
92985040
92912584
93015336
93012512
93163404
93154412
93014776
99842784
93028408
93077824
92930584
93080524
92953932
92945776
93028344
92961712
92987048
93017872
92974416
92971308
93062552
92845144
92955024
93097076
92919816
92935772
93058544
92947888
92973900
93083856
92898008
92994232
92996816
93090720
93010428
92963664
93335536
93056580
92965472
103699460
93167508
93034008
93137748
92993620
92938300
93115948
93020236
92940824
93142124
92959968
92929248
93130048
92985188
92933116
93147440
92964220
92891008
93159872
92967928
92915264
93119212
92954240
92921648
93173428
92921004
92931996
93164040
92982176
92905844
93418396
92977808
92996168
102668324
93043920
92911760
93138712
92969128
92921360
93135728
92990920
92861016
93111196
92931416
92869012
93186408
93005504
92882172
93091908
92979268
92923024
93205260
92997980
92937828
93150656
92895096
92938568
93178076
92957588
92925360
93187892
92945220
93109036
94191640
93075272
104614040
93402588
93115772
93049592
93301856
93108956
93018808
93330488
93172892
93046624
93317484
93095144
93044360
93269688
93106204
93044260
93320140
93115868
93105540
93267376
93102576
93043988
93288296
93102564
93151516
93343472
93032568
93104996
93314616
92994880
93115580
93408204
92997068
92910224
98310536
93080460
92816044
93433732
93040212
92978988
93041396
92993044
93056396
92999204
93006464
93315788
93084852
92962576
93065800
93074216
92981324
93066568
93159196
93075228
92988800
93002456
92849336
92994408
93137564
93007376
93076816
93076972
93235032
93011420
92908784
94177228
93057672
93045816
92899356
92850484
92908740
92941232
92863368
92915636
93022868
92842912
93028676
92964864
92862580
92922992
92800324
92940296
92941688
92993060
93006128
93120964
93060848
93059652
93063640
93010684
92959232
93061132
93046968
92886628
92987480
92928004
92877608
92931136
98172952
92939676
92835924
92845484
92875724
92895708
92849288
92879764
92935044
92856864
92854272
92916192
92895564
93004424
93011460
93021712
93016384
93085788
93080864
93042692
93069332
93047800
93044316
93073724
93087940
93000688
93088572
93066456
92999720
93198372
93047668
92969252
98720388
 
93143012
93026376
93020788
92998032
92990248
92931300
92946352
93019840
92984160
92981592
92978988
92979232
93004736
93036352
93091580
93015388
93022820
93043628
93078032
92965920
93078264
93025668
92974184
93031004
93010304
92965636
93086272
93006136
92976960
93040876
93009140
92989396
93246164
93033968
92998988
103507460
92991532
92774352
92929628
92830604
92916900
92938212
92888012
92888420
92933204
93049792
92898036
93001044
92925752
92861988
92980520
92833280
92991260
93072328
92928952
92979412
93131988
93010100
93039572
93168256
93012004
93218832
93063640
93020964
102913536
93226936
92941924
92992836
103103016
92951268
92866304
93049680
93045884
92971508
93071700
93079252
92962604
92993856
93066460
92946256
93050140
93033948
93003768
93348720
93019876
93001372
92996100
93009504
93014504
92990916
93024592
92990788
93031480
93148184
93099172
92974004
98575800
92832820
92744108
103797072
92887516
92822628
92852248
92787940
92851532
92813056
92867860
92849368
92840416
92866296
92876412
92796084
92845580
92844732
92814872
92877660
92838752
92814804
92924568
92851668
92782720
92916708
92845064
95705996
92856260
92819224
100191300
93024676
92852228
92788936
92969244
92853764
92840636
93308080
98157840
93085080
93172712
93037716
93049292
93153940
93047024
93071232
93133684
93065968
93064440
93163556
93067024
93044008
93123712
93022616
93051548
93153832
93092768
93132056
93161572
93215256
93078240
93156388
93093884
102076652
92852624
92863904
93054988
92990240
92938396
92981388
102485640
93065752
92924440
93027056
92929680
92923608
93029268
92953576
92911084
93000964
92954764
92848272
93074192
92990728
92904812
93006656
92950704
92959188
93067764
92979576
92993424
93009164
93100944
92895056
92969256
102489504
93075872
93061004
92940052
92908644
93127460
92979208
92885960
102459092
93057284
92932016
93049748
92928024
92909692
93078452
92881060
92945460
93144252
92934272
92899864
92955632
93054656
92961836
92916992
92961324
92924996
93012964
92929336
92955836
93123796
92993712
92949788
101886080
93136072
92971044
92957320
92920436
92938796
92960260
92923572
93081208
102210536
93133728
92962700
92943612
92970976
92987960
92961496
92923572
93004456
93000812
92946568
92979776
93026368
92928248
92970104
93061128
92938824
92996948
92998004
92958464
93094124
93095596
92912668
93009584
96281032
93115668
93101348
93011352
92959224
92930640
93033680
92920432
92998584
94226848
93103508
92973316
93048140
92964952
93012708
93051692
92915620
93010684
93021952
92865296
93002320
93060240
92967008
93022412
93029916
92955044
92999676
93047364
92949960
93202400
93026208
92934980
96847380
93159984
92947128
92998012
93021472
92930744
93010588
94203756
92971752
92959544
97552992
93112796
92971056
93063268
92988188
92925356
93046472
92947488
93012296
93065696
93011724
92990088
93108292
93035128
93024644
93080528
92932684
93057292
93002240
93116144
92995884
93003040
99511688
93244452
93055932
92906404
92935724
93011236
92992488
92996872
93239388
92965864
104071952
93069800
92914404
92895264
93044860
92930172
92912372
93058056
92926240
92921296
92979544
92961340
92972544
93069404
93002016
92942616
93028260
93006836
92966168
93076604
92988216
92917676
92947916
102523452
92956576
93003360
92888936
92885116
93009172
92909264
92929816
93131128
92915268
92911712
102329776
93080724
92934200
93036268
92956000
92930376
93024324
92930168
92913024
93057804
93024256
93000084
93013676
92954424
92932548
93043632
93000064
92944744
93171624
92929868
92948016
102147428
93047384
92926780
93053484
92930132
92973784
93016864
92926344
92953632
92955364
92962572
92884704
102381696
93015992
92906072
92993672
92928852
92936800
93025316
92882504
93000956
92994944
92975880
92920708
93046312
92946040
92941116
93108888
92949708
93107880
93093844
92953444
102354368
93171172
92971428
92828152
92980824
93089460
92962892
92994004
93216568
92972048
92978012
93064132
102440616
93018544
93055472
92963196
93014984
93062344
92968516
93009188
93133824
93002824
93021348
93079888
92962536
93029644
93179848
92982008
93119544
93160148
92916832
93063116
100792892
93023768
93031548
93121836
92941620
93054148
93146760
93019292
92974432
93103580
93024932
92982012
93105808
94116912
93169960
93005972
92988164
92969208
93038108
93004844
92980996
93006216
93026296
92959808
93107920
92949340
92980720
93131056
92901900
93149268
93106396
92953860
98067612
93283156
93033512
92998228
93104392
93076336
92996324
93041320
93049904
92975728
93083936
93187084
93015772
93087316
96922568
93153884
93104544
92973564
92911188
93061100
92960228
92985708
93090744
92946624
92963568
93164064
93048672
92961796
93133880
95961504
93013152
93025256
103574872
93135304
93108472
92967364
93033216
92930780
92907852
92922232
92992364
92954496
93008416
92957692
93074764
92957444
92936780
94136516
93015484
92925504
92957660
92965192
92965008
92979352
93029316
92914188
92985632
92946216
92982688
93003820
92960356
93061784
93008184
92969128
92929984
97112968
93055680
92959904
92997180
92962712
92953756
92979564
92951960
92995180
92973592
92959804
92997040
96468548
92989504
92977500
104495024
93112232
92914936
92969948
93030104
92952488
92963880
92963180
92963468
92985276
92983608
92913704
93025720
92957364
95997184
92931864
93042360
103406256
93274848
93116304
93127552
93716892
93148920
92980716
92959296
93015628
92997080
92933232
93012580
95323456
93039128
93038992
92891912
104607932
93204572
92927164
92971056
93037296
92939724
92987016
93010264
92925220
93039080
92968420
92934168
93015540
96083804
92948588
92939980
103217776
93250508
93009012
93028788
92974664
92963820
93004460
93000852
92994568
93129560
92955784
92978896
93013280
105248652
93006456
93120004
92930040
104610468
93041688
92926668
92941840
93024996
92914936
92903252
93024536
93016716
92922524
93043736
92912044
96030324
92977776
92957488
100712956
93292884
92947056
92953500
92958168
92956280
92998800
92934112
92964968
93002188
92963576
92942544
92954008
93039056
93721708
93042960
93063960
92955980
104655356
93008228
92941880
93012668
93061812
92919916
92988524
93109996
92933972
93086384
93056348
95924316
92968084
93026864
92979732
100247292
93046900
92953932
92991776
92963072
92983768
92941312
92991992
92925336
92938028
92960484
92974668
93977044
115891284
108286700
92992564
93079364
99734804
93314900
93005900
93016856
92954916
92951748
92964432
92966180
93018440
92998248
92881040
93143680
92972780
92885032
93304996
94371912
92991164
92976048
92940316
92998960
92986812
92949648
92959884
93005796
92953688
92961452
92992912
92962584
92884104
93687672
92959872
92943124
93063456
99480504
93053128
93095996
93036736
93045920
93050700
92887768
93050500
93014456
92927488
94001068
93074320
93002936
92931640
104462996
93083716
93027232
93156200
92961360
92946112
92976064
93030616
92942108
93048500
92949052
92977240
93030644
114458044
115844104
106174536
92995244
92998072
103155364
93250792
93012528
93017388
92931392
92903444
93070780
92972684
92927288
93058608
95898776
92959252
92990524
98112312
95326608
92970944
92986520
92987656
92978328
92909100
92998476
93108932
92941256
93012324
92989988
92913368
92973436
93017376
93608228
96909428
93103460
93005100
104157080
93186300
92922800
92875388
93027624
92899660
92918344
93065004
92973068
92928260
96020392
92957784
92921708
93048516
101053908
93004384
93135648
92895600
92962332
93025540
92923312
92931508
93069980
92949340
92969396
93062004
93201652
115788248
97759960
93030576
96815276
93196264
92954448
95871368
98851832
92978108
92973300
93135932
92915204
92984800
93108844
92941808
95900036
93024184
92975576
93033560
99721976
92942720
92979220
92966152
92951504
92990172
93056324
92953940
92979012
92977388
92934368
92970912
92958672
92958272
93011632
92922900
92965144
93037364
92990532
92929532
103298600
93031872
92964812
92913624
93003516
92964872
92892632
93023240
92947220
93026296
93042336
92959688
103106568
93104588
92929640
92956752
93010108
92919104
92915256
93003704
92930516
92940360
93068212
92977836
92931060
92977728
92972048
92917680
93012316
93049312
92987664
93012412
92915604
101821576
93008852
92961348
92980268
93001072
92918740
92990196
93041604
93075760
93009164
92969436
102229240
93025420
93123388
93003376
93038952
92959368
92929760
92982364
93001548
92908332
93012840
93028256
92945972
92955188
93002228
92972728
92888960
92982632
93003308
93004708
92989888
92941540
99236084
93209360
92946048
92979256
93037876
93022116
92961700
93130560
92935772
93021416
93973012
98533060
92935476
93016092
92947256
92952748
92989712
93068928
93024040
92933592
93192596
92969924
92947460
93198240
92928884
92971044
93175428
92899884
92960388
93157956
93149216
92908608
93163712
94421496
93088828
93151520
93059080
92891832
93207368
92988000
93065496
93172608
92952020
96750128
93264652
93027576
92931332
93092540
92966228
92904016
93110644
92931380
92933476
93111880
92941544
92912564
93121012
92945112
92924956
93144860
92928184
92983608
93100724
96956732
93014972
93261356
104267192
93165720
93287760
93116720
93035636
93247700
93218528
93091384
93329472
98082712
93276064
93279628
93057292
 
93073384
93250040
93067456
93054012
93262420
93086204
93059680
93235072
93103940
93071732
93234964
93114292
93067664
93245988
93108968
92997620
93855944
93113744
93123104
93269280
98575780
93181280
93291196
93160928
93000904
96231168
93169708
93054448
94566728
97098956
93135704
93325444
93056548
93075668
93275584
93019476
93057360
93199648
93119132
93024420
93317704
93164872
93012128
93258304
93054776
93063956
93301440
93109496
93047220
93987556
93168372
93064360
93263728
102049848
93144604
93298404
93138428
93131732
93272512
93173604
92983008
102554464
93034640
92917020
93423728
93305588
93089476
93243248
93148848
93052052
93234000
93127080
93162664
93237420
93086068
93039340
93268544
93095288
93046348
93181940
93091160
93096912
93978936
92973164
92938640
93126516
104592892
93065812
93170072
92994296
95951008
93151448
92935808
102977132
93296764
92990356
92933076
93128348
92948840
92920780
93168328
93041828
92906080
93142264
92938220
92868988
93097152
92977472
92920536
93076592
92994764
92974116
93132812
92915180
92967116
96687692
92982992
92988288
95325080
99247720
93032768
93061504
95935568
92936884
93123836
102534804
93206584
93229172
93164632
93073784
93200624
93100784
93056880
93215668
93114184
93060432
93195164
93160576
93026300
93159580
93111140
93068696
93232988
93103160
93091260
93238852
93098356
93726412
93309036
93074824
93112036
93272632
98226184
93235708
96091880
93021304
92969464
96226716
96109076
92982600
93049388
92978624
92950544
93077792
92953284
92928152
93103924
92998768
92930996
93067012
92954076
92931504
93075748
92948168
92920232
93157624
92927724
93008816
93032220
92988140
93031340
93935836
93070300
92931240
93089552
104000336
95994232
93081772
92899804
92937964
103065948
93012952
92963168
93039668
92989236
92934460
93058084
92982068
92910520
93035688
93026004
92882712
93056852
92970000
92928760
93119112
92958804
92927856
93126716
92900276
92935944
93120228
92992212
92948688
93173784
93009444
92937380
93172104
99750200
93267132
93109768
93048952
102504576
93158812
93027504
92917940
92994148
93057612
92916872
93143292
92891352
92934528
93068020
92961000
92991372
93155584
92982148
92959500
93125968
92958300
92912184
93099188
93025540
92981188
93128876
93118144
92962640
93331080
93007544
94159996
93317580
93062656
92907552
93041588
97750768
93063632
93057876
92978692
92951556
93053244
92951148
92917160
93094764
92981116
92950708
93099256
92949316
92958444
93110456
92960220
92884184
93071272
92901840
92998532
93050872
92981580
92954920
93045236
93001168
92985676
93298064
92970112
92924528
99288008
93020544
92939912
94908736
94863512
92923576
93058588
92994668
92954632
93088512
92930272
92988864
93057612
93006220
92962936
93034240
93009632
92983256
93110436
93018948
92926792
93071948
92956824
92915056
93091992
92968188
92984336
93094340
92912084
92946480
93405956
92950452
92995228
98515740
93062228
92927820
93104628
92980228
92955144
93056044
92980456
92986984
93024520
92990496
92870948
93113104
93013752
92969160
93089232
93000764
92957840
93200700
92975808
92912580
93087676
92985080
92906260
93105576
92957308
92890668
93107668
92928040
92906396
93275788
92951824
93041104
98183800
93101412
92941328
93096680
92978888
92975948
93114032
92984532
92921636
93065516
92965692
92903588
93091348
92935548
92917268
93060824
92967236
92936528
93086524
93012828
92901968
93153208
92983388
92964120
93128884
92986260
92899364
93131284
93014040
93004064
93286012
93033896
93036860
98345544
93161204
93007092
93301720
92982924
92951940
93059752
93099852
92955348
92985068
92944596
92941192
92984356
92996492
92908652
93046036
92998572
92960292
92976264
92942904
92970640
93049964
92943644
92931548
93002896
92947116
92905292
93003320
92895524
93376548
93170176
93091628
92965788
100238444
93116468
92939984
92981096
92954812
93071984
92980928
92966872
92985548
93045952
93010464
92968228
93032524
92918712
93003656
93013188
92922160
92997860
93084216
92947780
92962184
93047416
92962304
92968032
93035312
92999320
92981204
93068584
92932412
93354524
93282328
93003976
92937412
99844120
93117324
92987016
93013064
92928112
92933660
92982676
92959184
92916340
93027328
92939412
92943760
93023748
92979688
92946752
92997464
92945080
93001848
93002524
92971684
92956424
92994768
92962052
92930436
92998628
92990860
92875584
93013568
93013936
93420772
93179800
92970940
92931776
98939448
93056932
93031172
92961084
92918924
92994892
93027592
92925136
92953208
92989240
92981820
92973004
93054820
93049676
92957184
93117960
92956764
92881736
93041236
93033100
92905588
93014132
92984596
92943708
93022300
92964016
92867480
93082088
92957416
96252664
93892928
92942472
95508376
98883256
92967020
92989140
92976532
92992680
92962664
92943520
92924008
92951820
92974004
92925856
92943088
92995600
92932832
92939124
93014976
92897372
92948352
92975080
92879868
92914804
92973908
92963128
93006476
93034244
92980576
92934344
93037120
92985936
92895580
96142100
93009024
92916776
104029460
93260540
92924956
92975572
93051296
93099500
93055700
92969368
92928796
92991060
93003492
92936732
93056708
92890620
92942212
93008160
92969928
92969304
93030124
92933664
92921624
93046116
92944548
92931100
93026768
92908336
93000452
93016952
93122796
92989396
92936756
93977000
93321108
92981908
92979764
92949604
92993336
92911684
92916144
92976544
92982724
92903408
93022976
92948200
92878592
92978868
92947340
92900484
92995724
92967224
92909400
92984860
92929152
92927560
92984560
92931556
92918824
92994988
93013616
92927080
93063936
92943932
92962824
93134260
96787540
93042444
93048036
92906748
92905488
92931072
92907352
92936300
93006760
92911516
92993964
92926740
92880904
92927328
92925364
93005048
92935876
92959220
92901204
92988164
92997448
92958108
92954980
92932584
92983860
92994556
92942828
93048500
92948400
96202728
93000952
92930460
107973352
93095632
92987472
93087248
92951440
92969344
92945900
92974156
92933284
92933248
93003924
93009060
92924324
92874104
92833180
92968748
92930392
92936120
92892712
92980332
92929276
92975200
92925816
92924144
93009916
92993660
92969508
93058296
92928308
96002772
93031576
92970440
100438292
94791136
92989644
92985728
104284168
93076188
92937708
92935256
92980976
93001972
92951072
92919720
92941816
92903688
92934908
92945064
92930860
92914420
92958800
92916864
92917728
92958416
92946908
92950276
92971776
92880696
92928892
92944544
92963048
93024308
93016392
92866312
92859416
95486188
92943852
93018976
92775132
94099756
93266912
93321640
93077264
93136872
93043360
92973884
93008916
92968192
92919780
92976084
92961824
92940968
92976312
93000340
92982520
92932372
92949756
92940156
92946124
93005888
92965320
92910836
93007400
93007076
93549384
92984180
93015480
104115504
93569684
93641696
92991424
92943496
102479524
93084040
92995412
92945528
92933836
92960288
92966836
93017280
92965888
92973152
92864412
92998416
92990592
92954724
92901284
92939632
92919600
92948892
93011108
92945492
92973396
92970712
92981096
92959452
93502600
92939092
92971504
95325280
96135252
93015924
93118620
93023120
93043908
102271392
93100468
92985580
93025668
92990728
92977636
92939972
92974336
92969492
92944552
93021284
92989540
92987724
93021868
92943020
92966224
92989588
92965228
92971196
93025868
92994748
92949816
93021212
93442840
93044416
92968836
93029628
102431676
93049652
93633844
92974792
92967620
93075168
101693008
93026752
93119296
92977828
92876888
93061500
92975388
93031352
93040972
92953920
93027984
93041880
93076896
92969724
93002020
93092484
92938500
93026336
92926824
92927808
92976116
93001664
92872092
93173468
92993632
92982668
102625396
93103856
92968420
93197708
92921860
92894272
93979640
93012804
92916696
93002848
92970588
92963712
93004328
92978916
92913376
92949440
92952584
92937864
93020748
92987832
92932824
92980864
92944544
92995956
92896716
92906104
92931100
92949952
92954964
93116688
93044536
93032344
93690828
96972208
92993368
93011952
96817192
92975264
93038668
106598104
93062180
92933116
92940572
92975784
92914336
92988836
92892208
93027656
92977412
92922948
92921176
92984764
92917920
92926976
92951676
92886584
92967316
92963668
92939344
93006676
93036420
95721196
92939264
92985956
92917860
103349548
93053204
92951492
93799288
93134468
92972992
92894700
103218076
93088340
92921552
93002872
92975268
92895412
93019788
92899628
92894596
93049280
92897848
92923452
92941864
92911548
92974508
92964248
92970860
92952096
93038656
92968676
92940272
92978396
93101164
92987672
92999584
98329968
93093004
93056612
92967824
92956844
94137480
93022084
92920640
104222416
93054824
92951728
93087156
92989108
92930016
92903072
92931460
92996556
92925468
92998000
92958232
92947360
92951720
92912332
92983868
92987572
92881960
93006908
92967684
92930676
93088020
93018660
92897548
94362708
93757380
92908912
93077676
92919260
93630212
93161876
92865760
92954708
105207224
93083508
98019704
93116724
92904704
92871224
93075832
92911236
92918364
93033884
92965344
92945384
93081644
92988020
92887596
92990132
93005184
92904080
93026224
93004580
95936596
93016540
93024264
93039368
101031088
 
93036972
92955528
93066768
92978488
94963220
92986944
92979716
92924544
104745444
93061648
93004860
92900340
92894816
92979572
92950808
92974968
92971800
92925152
92957024
92917000
92882392
92921260
93010204
92941848
92919368
92977320
93006672
92928328
94993972
93033360
92938064
102382796
93103700
92950528
92948220
93013004
92895056
93036004
93134816
92953328
92920356
98455924
93082512
92974456
92964872
92878260
92985516
92908020
92935444
92960456
93041704
92972476
92948640
92964980
92953104
92956312
93005856
92919616
92955460
93008668
96026640
92983428
92946208
103194120
93130996
92966108
92938072
92936000
92988004
92966768
93296052
95484252
92982520
92971228
104435752
93009056
92953828
92936544
92932020
92975756
92925328
92939504
93011076
93005836
92963252
92934492
92972332
92963612
92974532
92935900
92934000
93013252
95914108
92939380
92973504
97065284
94489980
92950040
93028548
92983624
92902956
92980920
92953076
94081680
92979392
92973064
92935972
94120484
93049224
92958656
92956756
92913396
92945580
92948556
92936884
92854776
92923948
92959876
92970248
92901704
92899028
92957828
92912004
92945684
92936060
93058360
92898232
92940796
96839248
93075640
92897612
92988840
92935904
92906456
92973180
93636488
92929872
96526048
92970380
104435844
93094944
92957780
92917932
92915156
92938136
92948456
92918572
92948972
92951120
92900736
92987892
92923928
92959076
92929036
92948020
92895764
93081084
96018380
93065704
92883896
102600980
93063100
92899472
92956600
92998048
93009592
92916364
92958220
92940688
92972268
93070492
93015988
92980828
100779508
93091612
92944352
93043420
92984028
92944196
92997112
92943188
92965448
92948744
93008436
93005216
92954316
92955920
92968324
93002516
93038556
93034548
93002172
93513632
98250064
93027580
92913704
93081496
92995536
92921564
93306272
93231076
93016704
93075736
93222708
93066948
93063632
98342028
93080968
92988208
92989932
92923716
92800900
93023152
92919520
92907684
93062584
92989444
92913676
93065276
92969400
92983376
93060712
93015464
92944700
93026004
99067360
93202764
93148084
93083948
93104564
93072012
93095512
93065308
93197128
93038628
92984900
93175068
93082716
93033572
103335524
93190420
93022344
93103016
93066988
93049204
93044732
93057088
93057264
93144760
93081076
93024544
93090184
93124924
93076856
93211460
93094352
93020884
102272824
93051664
92886632
93056276
92962052
92852268
93048672
92902224
92929768
92987600
92846036
92873452
93153792
92965596
92872640
102393596
93053704
92955384
92956732
92974612
92981384
92869892
92922368
92915356
93021520
92938604
92915200
92909064
93006240
93032052
92943108
92964816
93722836
96313300
92979816
92930436
92936068
92933576
92924684
92904444
92903696
92880060
92924452
92802396
93074676
92893132
92943916
92903028
102420236
93043356
92943984
92900548
92953516
92904144
92905540
92959604
92985780
92934060
92998824
92999084
92947600
93039232
93038752
92864436
92937704
96234316
92996056
92936560
92932328
92913052
92924080
92889668
92819984
92925364
92943096
92865504
92965832
93002044
92927860
92952856
92979508
102970972
93058460
92932932
92990776
92931492
92853600
93128736
92969020
92918128
93061680
92966548
92918084
93083056
93142180
93054240
93106192
94267696
93210168
93115152
93161712
93093584
93130796
93091080
92976140
92951204
93039576
93128340
93096252
97115976
93088756
93092120
97521212
96439888
93101804
93146284
93180852
93023712
93060428
93117036
93051216
93032908
93069756
93122528
93075496
95721652
93136564
93063820
101561596
93214324
93102516
93033500
93032028
93114832
93105204
93063176
93032468
93060216
93051972
93098084
92981284
93755596
93065696
93054132
93115396
98334024
93149704
93044280
93086656
93122584
93085772
93103432
93073964
93023436
93101292
93170916
93120952
93242548
93046416
93077876
99476588
93306520
93061420
93054264
93156528
93034468
93044412
93076160
92995840
93064236
93109580
93067968
93091952
93080044
93008232
93358572
93002352
93036292
102891884
93064968
92970536
92934756
92969248
92934832
92932228
92938164
92950960
93000620
92971092
93059876
92975580
92915720
93024548
96264156
92989616
92945508
92972636
92915832
92975612
92922196
92967208
92935764
92900992
92909388
92915168
92908224
92915308
93068004
93016500
92966904
92971888
94149744
93056780
92941124
92954700
92973740
92939304
92910972
92913372
92973244
92991196
92968488
93085784
92976652
92906924
99540028
93072092
92946616
93013088
93010692
92929632
92948260
92933584
92936328
92992604
92788108
92964488
92960052
92977020
92855544
92939876
93046620
92948760
92921208
102959568
92994708
92956944
92965700
92994012
92900996
92982304
92946472
92960588
92940936
93172016
92869028
92984748
102486156
93487460
92929636
93697916
93379292
93087316
92873088
92921004
93004172
93029652
92979968
92987672
92964184
92954904
92964912
92946216
92925288
93135116
92932640
92927488
102791316
93069204
92923396
92978480
92915964
92903244
92917388
92898552
92880052
93033396
92932496
92919276
96272052
95513296
92949484
92931328
92954824
92906648
92935424
92921828
92913228
92943964
92952728
92931872
92928236
92968572
92922460
92932300
92922676
92904888
93052088
92889556
92942992
102494828
93068004
92940584
92967944
92994092
92933564
93012440
92910604
93016208
92996260
92987476
92956436
102506844
92976172
92922860
92916240
92949960
92943440
92927700
92873340
92979672
92909392
92971752
93040372
92967828
92968984
92958132
92921480
92985976
92993844
93030572
92909352
102650160
92978688
92924836
92996960
92946556
92929140
92967316
93013976
92967124
93064060
92925728
92946684
102486064
93076060
92989080
92899188
93006204
92969980
92905708
92985068
92946028
92989620
92966060
92916632
93045420
92967288
92960304
93005224
92997164
92981684
93024684
93051592
92911280
92995856
94329380
93047892
93032604
92902552
92922892
93031280
92906508
93047932
93067200
92892800
92946784
99987512
93010808
92874636
92989772
92924012
92931888
92947180
92996488
93027108
92996816
93181728
93001424
92924372
93121056
92936192
92947396
93190164
92930388
92986604
93337972
93030632
92976180
102692088
93151532
92961452
93131908
92933244
92988756
93095944
92968508
93009208
93072804
102378020
93188900
93086808
93015476
92912380
93139280
92995796
92913496
93140868
93132588
92898456
93234280
92961480
92966256
93153376
92960276
92968328
93095712
92922380
93022224
93304244
92896348
92910888
94381424
93087704
92879380
93137760
92955708
92945040
93264100
92972972
92906464
96948632
93191676
92962192
93116936
92940916
92919612
93111628
92909508
92929524
93097144
92931116
92921736
93100660
92942076
92947748
93091352
92973740
92919868
93125516
92953648
92975040
93347308
92970612
92938984
103110400
93066664
92975052
93179840
92877744
93033504
93154440
92946512
93011300
102946444
93000444
93022024
92984476
92988780
93039592
93040616
92961764
92977972
93039772
92977328
93000436
92997976
92900164
92948656
93005788
92916256
92949276
92976448
92967504
92963660
93114568
92940516
92967640
102483776
93045248
92928416
92996232
92913424
93068460
93033956
92922588
102291812
93099596
93131148
92959660
92954984
92998816
92943404
93007464
92987848
92943784
93029884
92960284
92938964
93017628
92916112
92909388
92996564
92981608
92999072
93044328
92930556
92907628
93204856
92845356
92980668
102351244
93048440
92992144
93012576
93021804
92979208
93006420
96856964
94488972
92957084
92984480
92964900
93028868
92913364
92911040
93031676
92947604
92948172
93033912
92949052
92942924
93017072
92957552
92994420
93045452
92949312
92977756
93077244
92976192
92940016
93280200
93006148
92899968
102440056
93052460
92926808
93115808
92927988
92934564
93030380
102442284
93004480
93047768
92957724
92986160
93045392
92967136
92923476
93142080
93090284
92901936
93041340
92980488
92979624
93051784
93012952
92926592
92994076
92940684
92943964
93013656
92983528
92885136
93242452
93003908
92941716
94308724
93140160
92940084
93195880
93015144
92958196
98422452
93195484
92922776
92850116
93013000
93018296
93071928
92965780
92931760
93036784
92972900
92995428
93016840
93029764
92954424
92947268
92895140
92964576
92942808
92908568
92955596
93060028
92933752
92971304
96454344
93054912
93054752
104827296
93172376
96052104
93040824
93076628
102857784
93263820
93116992
93053012
93012548
93098180
93033312
93038864
93064108
93074820
93065852
93113796
93053872
93176872
93056836
93057600
93161312
93073668
93064608
93151004
93037144
93055560
93178588
93037616
93755736
93155284
93126888
93035844
98249612
96242688
93170508
93047476
93018100
102521384
93118756
93045116
93120900
93086256
93105540
93076332
93190740
93039244
93088652
93148260
93111496
93111256
93186140
93071832
93144300
93083100
93120184
93021528
93092964
93059828
93188816
93119868
93159420
93094524
93176624
93091884
93071408
98156100
96167368
93129860
93103396
102430948
93168712
93097440
93092796
93026452
93132668
93119080
93041232
93076236
93081548
93014312
93132728
93050564
93116652
93088480
93057396
93038204
93063216
93097940
93053756
93096576
93046136
93032612
93052152
93110200
96998184
93084044
93055668
94828116
99106628
93033880
92961768
97651624
 
93130036
92926712
92918876
93001516
92908360
92897156
92954300
92889784
93076248
93129920
92971684
92980048
92931932
92979204
92949440
92897932
92974756
92957144
92928480
92938152
92957268
92899568
92945548
92981996
92945780
92896976
93064700
92960420
92987920
94377352
93160040
92915436
93003592
93017308
92882876
92967680
92950304
92924636
92952356
92976876
92960096
92942248
92993412
92929164
92977308
92950996
92899012
92912684
92994220
92983072
92891684
92977132
92918756
92910404
92954792
92929964
93009316
93085776
92945276
93126504
93144720
99063504
93048168
92893156
102729544
93077484
92989568
92905380
92984276
92992364
92971560
92989988
92942952
92937772
92962672
92937800
92889884
92981408
93004948
92951760
92982300
92951772
92906560
92983060
92929932
92901908
93023444
92939356
92920420
92970568
92957504
92929132
96748260
96060156
93154324
104785664
93205152
93140060
93147328
93052832
93070968
93050532
93105072
93046624
93077432
93086360
93050808
93078248
93103244
93120348
93146376
93123468
93060608
93094488
93128172
92987240
93102724
93057856
93105980
93038632
93100256
93124784
93018692
93132324
93108680
93131452
93168636
93130928
97651908
93197256
93063836
93122632
93077868
93027516
93073196
93077492
93003360
93040184
93106264
93080480
93044192
93194644
93112840
93084504
93052148
93091776
93024420
93074200
93003624
93061456
93096536
93075108
93147272
93106404
93081744
93112800
93118732
93070476
93852348
93111824
93013504
95797208
93218772
93097464
93089840
93063896
93089500
93011204
93079152
93038708
93022772
93144972
93257080
93072292
93117924
93054220
93060672
93098392
93040356
93027904
93097348
93003456
93082152
93056320
93106820
93106888
93128912
93104620
93082280
93108868
93154404
93654440
93096972
93154068
105091156
93122804
93040232
93100396
93173712
93160952
93105512
93194872
92989044
93125784
93092644
93043492
93091124
93146276
93036348
93105524
93080252
93151736
93101236
93083824
93080736
93027248
93110040
93144312
93036900
93116208
93065028
93050996
93087104
92995292
93559104
93145588
93100228
95247576
93188868
93027100
93101528
93078684
93041732
93136272
93114064
93025052
93111920
93131832
93053516
93056604
93063808
93055588
92994192
93116852
93071232
93057932
93140324
93030924
93051800
93133652
93060292
93057804
93145656
93065100
93077644
93154340
93157412
94220076
93126884
98524504
93042520
92929412
92944136
92898040
92977736
93024296
92940732
92924576
92962396
92896656
92955908
92980468
92866016
93043372
92887996
92978640
92986796
92956720
92875316
92963780
93016864
93007808
92937280
93022800
92983772
92966972
93068956
92933072
95990316
93048680
96924952
104807828
93107128
93023396
92926496
92995448
93009144
92979388
92921424
92994116
92884992
92936824
92992044
92920168
92918104
93034884
92909644
92974304
92909976
92940544
92936992
92992056
92902200
93026052
92958720
92941432
92963800
93024004
92953264
92936780
95962796
93143436
92931328
93863340
95483752
93053824
92997840
93035052
93126292
93030232
93061404
93087256
93041276
93125900
93262556
93035312
93031560
93106616
92980792
93083508
93220232
93026716
92972840
93113524
93076480
93010560
93095940
93113932
93018120
93082984
93066756
93146812
93165744
93091988
93084696
93123668
99744136
93251412
93094104
93106848
93072024
93003924
93144480
92976348
93026360
93049808
93048188
93081344
93073064
93013232
93104952
93066536
93064060
93092048
93069008
93103760
93053184
93084444
93192800
93121564
93086952
93125712
93088244
93130996
93058332
93042368
93167668
93071696
93091100
94195336
93080460
93054492
98269376
93204784
93127048
93057512
93086648
93036052
93062912
93064692
93027600
93097256
93105664
93063120
93132600
93159696
93149736
93141480
93101944
93043760
93066088
93108636
93112944
93067528
93145728
93155632
93074108
96007804
93165132
93136708
93067260
102688440
93166040
93021828
93075984
98625196
93142664
93095176
93010512
93077344
93072084
93052208
93191928
93087532
93036752
93072340
93096900
93095596
93049868
93087584
93057564
92997572
93105232
93125732
93067408
93194928
93037476
93044532
93124416
93129696
96098240
93107236
93110100
102684160
93159552
93098684
93086372
93022608
98634864
93247200
93087112
93060720
93033908
93067008
93124920
93111724
93049576
93145256
93063240
93007496
93117716
93106804
92989732
93067968
93077492
93105748
93079504
93057476
93051916
93059472
93134568
93002620
96056156
93151576
93051200
103328708
93299892
93621472
93076540
93152520
93127040
97813400
93103068
93039644
93136176
93108056
93201876
93089220
93118144
93066788
93091248
93063488
93138812
93106652
93056860
93030980
93088876
93018456
93074364
93097076
93115948
93060392
93106068
93107296
93166448
93119456
93068708
93229296
100688180
93074072
93112556
92969448
93754528
100141024
92983708
92931728
92985824
92986924
92983980
92990696
92948188
92964296
92948796
92988828
92917904
93022984
92943180
92913520
92992204
93027828
92911828
93017740
92925760
92951132
92950692
92972020
92984076
93045592
92979576
92967608
102956144
93152120
93021024
93101164
92936544
92982628
102579676
93087700
92941752
92972176
92997568
92952292
92998176
92883184
92938724
92991204
92938372
92928924
92984300
92927392
92987956
92977600
92928932
93013428
92993956
92958432
92902372
93006664
92945564
93084704
93052756
92930212
102217812
93114536
92971172
92964204
93125616
92912424
92955996
102342296
93046212
92933640
92953860
93027764
92933792
92934156
92904056
92969256
92965580
92939168
92953852
92974584
93020752
92962632
92949272
93082728
92953260
92956884
92955700
92937692
93004204
93026576
93002580
92937640
92940548
94209048
92991052
92950700
92961436
93119048
92929096
92901724
95837612
93091760
92954808
92955476
92923440
92902212
92949224
92906800
92909688
92948676
92909452
92917548
92898744
92875568
92924116
92939500
92919448
92900668
92891068
92933260
92932200
92928980
93086556
93036468
92837384
97945720
92877296
92859880
92839908
92847348
96713948
92866548
92824028
104842732
92917980
93110180
93220260
93071716
93086420
93086960
93077652
93074172
93100280
93130312
93079504
93092208
93153252
93034868
93130224
93110200
93030784
93088544
93034288
93121124
93626748
93046600
93137548
99550292
93308836
93053076
93177800
93014408
94047428
93239364
93119092
93104648
102545240
93133288
93033508
92982648
93095376
92934948
92860532
93111840
92915804
92995740
93103584
92901900
92958156
93132652
92930192
92940936
93131748
92891072
92916880
93071852
93464948
92965708
93412800
92953472
102555212
93014672
92977064
92904240
93066300
92968088
93332000
93050960
92964524
102380696
93121964
92928628
94831272
115969752
115858156
115822736
115976060
115913812
115765628
116043672
103102404
92945676
93041932
92980952
93050904
93097996
92959692
93501292
93112416
92874632
102448336
93076184
92898128
92930424
92936580
92951388
92921936
96114428
92936652
92964068
104812748
93015724
93003156
92939936
92913464
93029428
92940448
92919008
92940148
92973524
92957488
92962848
92968000
93006604
92979512
93022820
92895288
92925892
93010100
95883264
92954412
93100580
96759108
95488820
92976040
92970692
92893848
93021756
92949576
94846140
93113568
93064300
93071356
103455188
93089224
93035420
93098196
93080424
93068776
93117324
93014616
93082980
93104148
93043060
93087616
93107916
93054964
93097608
93030736
93040484
93161540
93185076
93056560
93040848
93142932
97883036
93137124
93011044
93070044
93094880
93044588
93052116
93102964
93142028
93042804
93154564
101465040
93094092
93074864
93059516
93123968
93084416
93064884
93079572
93083100
93048480
92997340
93096520
93170524
93055144
93070620
93120984
92994800
93052692
96051584
93123808
93071128
102461840
93105900
92994784
93070988
93063516
93016420
93046472
93047856
93010352
93142736
93092264
93060496
104202920
93017496
92899116
92965560
92916724
92950008
92996608
92929308
92976240
92959236
92946056
92958504
93029380
92942228
93000268
93074636
92934308
93226256
93012392
92943036
96485920
93147976
92964400
92941888
92917400
92949232
92917024
92898356
92944816
92938728
93010284
92960756
92953692
99401732
93088256
92902444
93020040
92932480
92859288
93005796
92950700
92934744
92978264
92936776
92999016
92971104
93002180
92856712
93007860
95883108
92917508
92906952
93048564
103735108
92917232
92970244
92914724
92953456
93033280
92950632
92903276
92938020
92917784
92863140
92936748
92926108
98508656
93091728
92899132
92958912
92973440
92925432
92880368
92966312
92964212
92975512
93071224
92932744
92954120
92898284
93067300
92962972
93121312
93063188
93018016
100903228
93109968
92974168
92935680
92982156
92928820
92965776
92879084
92924036
93004992
92939908
93115716
92932608
98069888
93034648
92949572
92961484
92986764
92931224
92922356
92934280
92939224
92853404
93002380
92976568
92916540
92993144
92992668
92901096
93060280
93088196
92925384
97679620
94585064
92908984
92943172
92955944
92922372
92963144
92920132
92907280
92968620
92984768
93026060
93191084
92967176
92993568
102309348
93137912
92943464
92932708
92989028
92958100
92918416
92904080
92962704
92955596
93049112
92955152
93003956
93006308
93066672
92984324
92949404
 
93024144
102685892
92980480
92937528
92917576
92943840
92951736
92933080
92940376
92942412
92908432
92946112
92983504
93055920
92982620
92943284
102354412
93147528
92929380
92946316
92972220
92949916
92887856
92968576
93035584
92889328
93003712
92943548
92907544
92952696
93124072
92934704
92988200
102413144
93083492
92931340
92912168
92930056
92990608
92946656
92922912
92942132
92906104
92948196
92961836
92939204
106361284
115914064
116160604
95904612
92981460
92969880
92925240
92929236
92975280
92956312
92940984
92937792
92940840
92903560
93041940
93045688
93008588
92976464
92983004
102484384
93227332
92998136
92900640
92992540
92965628
92935580
93006264
92972084
92938412
92951752
92909780
92932804
93055032
92986476
92901720
98294644
94269060
92927244
92925992
92957748
92919116
92978020
92955740
92981936
92974236
92945968
92957684
92995340
93087300
92956272
92977012
102465288
93073076
92965344
92943420
92933400
93005004
92985068
92902824
92977772
92963660
92943224
92993704
92961188
92901592
92818732
93010200
92873860
94319224
92996424
92898388
92975540
92970756
92866700
93027472
92956632
92989236
92969884
92964964
92989548
93096512
92955080
92930316
93264504
97689724
92910280
93053660
92986592
92936424
92990032
92905952
92860260
92984436
92929320
92903556
93115076
93092892
92946756
93112372
92879220
92892564
104158880
93043696
92947788
92919480
93018284
92931352
93008796
93037296
92926620
92908348
93083260
92977036
93032696
93041452
92979260
103398864
93319856
92915420
92966976
92966736
92947148
92970116
92985132
92931012
92917252
93013868
92932848
92856204
93051204
92915804
93011516
93037624
92952428
102367084
93054068
92911648
92931928
93058908
92867856
92891928
93034988
92917864
92939016
92997640
93044440
92993016
92971764
102871456
93136636
92972856
92875368
92936720
92999656
92908176
92917056
92997176
92916236
92919156
93001528
92886504
92930624
93014780
92874072
92951172
92971560
92906996
103351208
93119712
92941052
92935132
93018148
92946820
92884328
93021352
92893708
92929784
93127688
92963216
92880068
93031856
101411272
92909272
93008420
92945248
92852568
93013760
92956236
92855492
92988308
92909532
92857920
93016360
94182888
115779088
115998008
115894540
115854784
115968440
104297088
93023616
93002416
92861484
92982376
92946840
92973044
92925444
92979192
93069916
92965276
92960540
92911096
101767616
93021132
92863672
92934820
92958576
92924736
92920664
92965048
92905512
93008996
92983248
92920144
92944020
93046392
92899200
92940516
93156408
92947232
93013872
102232672
93032744
92928932
92971976
92934444
92984752
93028124
92892388
92946288
92977652
92979104
93035852
93010468
102322656
93110788
92943936
92951840
93008428
93032100
92995372
93006952
92953204
93019904
92955296
92945196
93019100
93078280
92978220
92927840
92920416
93141812
92960780
92888024
94186900
93072956
92888800
92923228
92919040
92933304
92901076
92880896
92908532
93062552
92956852
92954068
93290532
96219752
93021904
92908696
92883220
92951076
92937408
92902808
93006568
93011684
92946440
92955808
92935580
93037936
92962068
92987500
92882920
92984084
93241216
92925956
92916156
101203224
93070668
92896044
93033696
92929916
92940044
92953124
92929732
93040180
93011360
92958632
92911200
100476584
92995660
92894364
92944600
92930148
92926532
92972320
92928728
92949304
92951460
92935712
92927396
92925936
92884248
92913416
92942252
92865596
92973712
96869504
93009856
93021916
104592012
93211476
93116536
93053404
93057340
92985300
93133428
93085836
93196836
93076752
93049244
99470056
93243208
93042892
93077752
93121884
93022164
93026992
93096188
93006604
93096996
93051276
93079128
92983480
93129908
93064552
93015744
93102812
93129756
93021164
93202792
93157980
103283944
93023308
93004236
92975696
92980868
92953152
92936620
92948184
93110620
92940184
92955180
95722812
96119636
93023244
92934932
92963676
92973848
92945588
92971920
92874628
92897704
92975944
92893280
92948192
97328884
115929388
115870904
115919800
92896844
92913612
93111168
92921688
92905208
95149200
94501064
92955568
93023936
93016408
93014580
92944584
93193428
92976448
92949472
104570592
93207880
92921808
93170096
94980288
93108884
92950108
92980588
92942684
92973904
92970924
92982840
93010912
93096632
92925848
92940892
92889348
92993080
92907600
92935188
93163816
92981552
92949392
100335988
93049872
92963448
92853340
92976768
92906368
93081520
92975816
92970796
98311308
94210504
92987752
93012252
92987436
92980064
92960252
93007904
92878416
92961216
92964492
92876580
92907212
93015824
92913812
92975132
92940268
92910844
92944384
92933292
92924856
93099660
92923464
92975132
102332300
93100848
92996096
92970984
93018764
93101104
93004208
92983884
92918156
102618612
93014268
92956524
93008320
92981236
92976384
93000424
92999764
92994324
93034328
92957268
93002000
92985452
93022080
92908452
92958708
92979568
92958936
92944212
92944188
92965968
93015152
92928780
92970824
100215864
93144484
93047716
93142308
93034376
93235780
93034996
93050848
102723812
93306984
93064272
93007036
93107420
93065920
93035984
93093992
93043784
93074340
93107216
93024852
93076780
93140228
93024420
93090160
93076452
93036848
93035480
93114828
93068896
93117856
93182244
93010428
93058292
102605096
93172864
93057384
93110908
93290300
93092528
93046824
96960456
94754632
93097136
93052076
92979500
93123228
93074360
93089340
93047168
93059592
93042092
93029112
93032360
93162488
93096940
93057444
93017092
93109516
93087844
93064664
93107132
93060588
93032712
93104136
93073068
93078988
102402972
93162844
92873576
93116328
93023004
106505324
117295300
93163020
92949800
92968896
92943856
92937624
92943884
92968512
92951540
92947856
92933132
92945808
92935540
92993112
92789184
92918668
92951244
92950584
92952004
92996852
92923584
92919872
92974968
93120016
92947320
93026996
96952152
94657564
92982416
93085128
92936308
92927848
94458876
97147540
92987848
92890720
92932460
92963528
92948160
92947852
92942808
92952792
92989612
92970564
92958848
92992960
92972132
92920108
93036336
92947388
92933244
92964184
92962408
92944900
92898068
92971524
93086860
93055264
92886720
102342564
93108844
92977328
92997440
93004576
92957728
102443344
93148560
92904212
92923892
93017184
92893296
92946920
93120612
92904936
92951808
92933220
92931248
92927984
92933804
92931956
92904076
92977096
92955812
92964300
92945188
92912964
92927132
92912224
92928420
93544368
92967424
92916056
102717884
92984000
93172028
92995772
92926584
102484992
93114068
92964972
92914080
92914372
92981300
92945544
92905108
92957844
92928516
92891428
93047228
92889776
93013856
92990016
92987892
92899888
93062908
92968944
92862248
93007680
92959608
92891816
92990932
92949620
93039532
93053880
92948804
102282768
93154200
92949604
92886724
92956844
101216452
92967160
92961776
92810676
92938772
92994952
92901052
92954900
92982848
92875088
92942716
93007816
92913084
92932572
92958744
92847872
92886744
92934604
92925812
92920144
92892200
92905384
92922780
93002864
92923608
93757884
92950476
92949544
103604928
93228316
92910720
92876528
103419876
93039652
92902676
92897808
92914348
92885264
92972052
92904012
92921512
92903408
92896504
92932440
92995836
93076220
93036200
92928420
92876592
92868392
93053916
92976340
92901876
92973972
92890548
92872800
93008448
92891624
93108524
92984672
92917468
102967460
92870388
92803608
99483684
93108752
92908584
92787796
92937876
92883364
92880744
92990156
92911764
92901836
92922324
92903324
92894280
93025792
92849240
92933708
93021528
92913684
92970952
93027388
92940444
92942820
93009492
92876160
92969248
92995324
92927596
93615276
92994844
92890892
102524844
93048004
92901036
93005344
92991336
92908928
92924676
92974148
92908936
92964404
92939696
92966732
92935984
93013216
92865868
92982148
92959024
92962388
92879840
92971836
92910620
92894576
92938036
93001696
92912468
92998416
92893004
92957072
93040836
92916744
93772548
92912992
102859296
93074416
92848968
100245108
93477604
92884764
93086184
92922208
92865136
93111716
92887060
92839276
93106624
92888448
92920124
93094996
104107312
115893084
116130932
92842300
92889896
93118968
92843608
92919440
93152292
92887548
92894236
93097516
92851260
92897172
93286508
92961532
93014776
93637812
93596444
92860692
93081136
92928056
92840508
93095068
92910500
92901268
93068988
92881200
92861524
93075224
92891040
92866992
93142240
92945448
92864420
93128652
92931772
92921404
93158400
92931328
92870412
93194116
92932036
92900008
93156640
92906124
92956548
93345968
92981516
93054408
98129796
93055304
92979212
93088592
92853712
92918404
93140344
92928692
92919132
93134160
92890552
92912668
93107588
92896780
92931748
93047452
92999504
92942008
93082236
92875272
92929956
93067040
92901160
92932968
93096488
92863568
92953460
93100108
92881484
93028876
93206140
92933900
92907432
98440572
92986624
92959412
93076676
92952416
92919408
93071772
92896104
92923732
93047232
92927100
92974028
93123808
92942196
92914652
93052132
92973200
92869452
93062804
92930788
92947244
93056604
92914584
92883564
93209400
92968644
92916184
93079068
93027552
92886176
93269752
93002060
92941296
 
100436636
93016592
92874956
93126652
92960680
92902528
93145392
92969888
92855060
93127896
92903728
92903892
93152872
92927800
92907740
93116188
93057444
92907672
93100608
92972200
92922468
93143304
92970372
92878392
93155356
92966288
92894008
93093368
92997608
93019260
93257784
93003580
92910680
104585244
93018444
92921128
93047728
92968660
92953452
93094596
92931732
92898432
93104544
92923920
92910568
92997336
92909520
92870812
93064116
92898152
92885128
93089012
92937456
92902680
93111364
92978688
92907932
93149536
92899960
92939240
93137136
92939764
92871616
93241640
92972960
92904908
102588128
93092132
92916920
93026160
92880432
92919412
93014724
92986704
92927936
93013480
92949604
92951660
92975108
92960380
92951212
92941664
92925180
92946972
93027256
92958944
92900188
93057120
92897328
92891992
92985048
92888708
92924256
93019152
93048536
93037040
93197208
92983812
101918892
93041996
92960644
92896992
93034996
92843008
92929760
93082688
92915356
92944960
93004964
92885844
92965696
93147988
93091372
92935348
92903284
92954804
92928136
93099684
92898028
92947672
93035088
92929980
92948436
93075988
92971652
92928528
93036436
92936252
92896960
93299840
92923104
92878612
102800520
92873408
92921824
93060240
92955116
92890436
93041980
92894472
92967636
93083052
92986188
92957956
93048488
92949676
92863852
93074428
92906628
92888160
93085684
92912892
92884864
93156996
93010716
92896444
93095816
92971944
92885776
93188696
92944872
92931636
93280680
92978368
92937752
96341528
93123464
93037912
93210496
93030404
93121196
93199800
93053792
93048316
93242728
93051764
93052404
93212092
93044756
93027996
93313980
93064076
92937936
93316320
93088504
93171760
93250464
93066232
93031748
93243684
93124356
93032224
93251376
93078024
93004944
94025968
93119408
92983480
100330052
93193032
93060856
93281204
93018676
93040940
93207388
93064172
93033548
93245616
93098572
93031976
93208240
93037268
93007216
93210064
93030208
92976032
93264688
93015440
92972820
93317264
93014972
92978560
93300480
93054160
93007164
93073824
92964668
93129232
95323668
92929616
92906984
102329696
92906176
92746592
92947244
92799036
92750696
93010792
92798160
92761412
92993116
92985092
92978688
93036004
92938328
92869684
93143804
92918344
92908872
93129140
92926592
92885404
93172896
92960616
92828392
93008996
93015364
92966580
92900584
92736204
101868636
93445432
92666300
92761480
102609304
92893532
92777168
93034160
92755940
92760288
92992656
92829944
92799884
93005248
93111708
92949172
93227920
93047148
93008404
93216440
93061076
93022520
93145416
93056692
93031584
93155976
93090564
93073392
93126256
94430900
93004312
93034996
102442052
93267792
92976664
92790048
92908708
93694032
92873336
92861792
92954172
92857584
92947332
93074320
92902488
92914732
93076884
92905840
92963976
93089192
92861112
92907960
93081488
92930196
92955288
93107892
92921704
92938360
93159452
93059768
92924560
93242184
92862436
93051660
93723776
93385472
92854216
93041004
92844000
93885740
93108580
92917188
92925716
93122592
92886876
92923592
93107384
92955736
92888136
93163328
92928328
92903904
93177736
92956008
92862948
93133560
92884868
92918828
93140376
92857128
92931056
93062436
92974504
92926944
93106084
92978524
92879880
98272044
93056800
92944448
93273008
92901544
92924856
96792852
93033920
92907228
93107096
92936436
92921832
93157264
93001832
92927312
93140824
92902260
92942776
93123980
92939596
92919636
93199692
92912792
92905492
93141996
92952148
92958824
93153728
92938132
95929880
93125416
92901340
103346468
93324804
92985404
92860664
96741464
92846152
92965280
104778008
93039468
92935260
93110168
92912392
92926340
93103224
92887936
92883124
93108152
92840180
92893144
93075904
92966840
92924956
93105476
92894940
92873268
93103084
92867780
92963728
92952504
93072192
92895244
93140864
95476404
93192896
93158264
92856372
93006212
92974664
92873856
92914576
98102908
93039580
92906452
93065104
92931264
92916272
93072464
93007852
92997484
93002104
92957584
92914384
93096996
92902036
92910228
93036168
92912176
92939360
93050656
92921140
92872436
93193088
92940428
92883820
93011024
94153128
93127748
93109596
92876248
92873832
93217476
92930616
92887840
96777300
93025324
92883428
93078188
92826872
92891000
93071652
92892196
92874484
93005576
92982892
92877688
93101452
92863720
92915528
93103476
92940264
92870860
93073536
92865452
92902372
96042336
92940496
92891336
102178156
93026216
92926068
93094252
92873188
92947504
93813316
92967612
92909200
96873528
93068916
92958256
93042632
92928140
92867004
93114288
92960032
92907436
93017808
93006692
92902436
93044432
92872204
92869796
93148408
92955124
92925320
93101500
92985152
95837304
93055476
92893628
92906372
103043240
92939868
92925900
93053988
92949592
92919488
97018292
92913032
92919864
104629472
93015448
92862828
93011276
92892292
92930692
93009396
92887732
92911392
93078060
92921204
92892144
93043116
92864016
92995312
93031056
92844152
92955760
93075904
92883072
95935484
93071124
92954316
103288828
93107400
93001712
92879488
92975836
92877484
92903464
94355572
92885084
92850016
105330704
93093544
92866728
93000208
92970816
92836436
92959980
92890132
92829296
92946600
92948876
92902484
92985576
92893536
92959600
93002544
92938016
92982940
92973692
95880232
93352424
92757612
101923640
92920496
92817148
92840156
92763612
92871896
92789892
92740624
93201572
92799040
92775348
103891588
93003604
92953532
92968932
92979508
93012868
92930028
92925416
92917732
92963772
92972832
92811240
93009948
92908064
92927572
92960844
92934432
92964760
92992704
92955964
92895720
92924400
97249768
93192808
92983908
93074892
93044696
92977956
92980116
93092992
93057284
92908140
92947532
99197824
93026396
92928584
92888908
92918624
92812132
92950196
92950552
92938996
92879148
92909176
92958960
92880372
92922456
92925760
92958308
93033728
92860484
95932300
92971032
92881764
102146864
93067136
93051176
92860412
92909396
92900668
92970892
92895328
93617936
92925900
92911124
92912996
100147892
93107504
92932160
92865504
92893756
92860676
92941648
92949616
92879024
92928944
92958084
92906596
92950008
92927652
92980968
92898644
92962192
93040148
92874252
92917264
96871308
94238632
93131800
93032100
92913652
93038320
93172616
93053440
93015404
93069588
95432500
92989216
92977248
102621040
93051292
92907856
92861236
92910616
92945056
92744140
92954580
92929156
92880680
92864324
92955652
92846500
92960112
92964784
92892532
92982532
92810216
92799300
92895840
98057052
93132388
93003040
93086180
93026056
93008784
93091000
93089520
93040656
93826624
93153168
93063876
93054956
98715368
93080616
93080684
93028280
93038480
93122164
93002020
93023664
93101880
92960636
93022284
93029900
92995000
92988524
93083748
92976176
93096856
93041356
93030080
98689368
93140392
93000084
93060056
93041292
93027132
93031088
93063068
93032580
93068156
93069664
93748676
93064468
93029504
103335840
93107764
93045588
92878400
92927504
92842864
92899496
92851328
92887060
92888404
92840880
92861672
92842888
92876976
92894360
92965804
92887280
92926668
95800968
95494852
92932664
92840448
92883040
92887816
92900980
92930344
92966756
92892884
93048052
93020188
93122708
92935352
93861592
92902988
92919040
92796248
92897976
92895224
92811416
92929360
92930316
92874712
92905108
92936332
92882464
92910452
92906092
92874700
92921728
92872668
92878444
97041624
93042236
92901976
92833216
92835136
92925872
92892476
92925508
92920248
92792836
92905176
92962612
96387960
92898544
92997408
104396940
93094304
92949280
92839224
92983164
92924664
92893108
92925972
92952460
92924792
92925932
92950092
92920296
92937220
95948192
92893104
92999312
102864268
93060460
92895464
92960880
92812232
92901468
92971120
92871772
92938092
92945252
92904908
92945804
92959884
95493808
92849452
92901872
115263778
92905260
92824732
92787216
92872016
92761272
92839324
92846644
92772508
92821968
92836960
92822820
92846952
92963804
92777724
92815788
92807484
101631256
92706836
92757268
92583628
92628576
92601780
92614960
92639548
92627120
92587364
92908256
92916304
93379612
92991052
93033756
93105176
104811772
93043956
92895388
92894024
92923752
92931460
92915592
92911800
92981336
92882756
92969960
92976736
92909096
93122212
93392420
92858740
100557440
92946436
92780884
92839768
92827460
92714404
92777364
92822988
92710868
92829248
92805208
92890484
92797464
92967724
96458244
92975668
93117368
104601960
93011008
92921772
92882252
92875916
92907116
92884284
92926456
92805928
92925184
92922776
92887260
93004032
92810948
92845124
96750380
93003504
92856908
92780888
92827548
92901592
92918840
92895124
92970348
92923252
92892388
92935500
92951312
92942248
92994240
93039148
92879728
92951852
100124708
93017428
92895288
92885836
92875076
92930128
92896780
92930144
92858848
92908868
92841948
93094376
92877480
92856800
92945664
100317700
93032192
92952268
92803656
92909856
92923072
92839256
92898056
92962076
92847548
92859116
92808556
92925320
92934000
93003760
93037824
92908724
92968176
103980712
93032660
92854640
92902112
92943692
92988052
92872776
92889484
92933140
92959388
 
92928472
93164956
92861028
92980080
102229032
93057164
92857868
93005984
92901140
92889716
92989732
92922624
92860740
93002104
92894852
92905016
92957772
92919572
92867952
92880404
93091436
92906512
92987820
102333884
92990540
92989552
92883112
92958320
92931500
92769820
92873836
92941584
92812944
92978264
92968272
92817400
92845604
102563184
92836432
92859740
92893860
93971360
93019160
92988008
92961404
93035864
92999732
92953308
93006488
93037552
92930592
92984384
93087160
93004588
93000124
92989480
102318848
93063844
93013124
92946980
93059392
93025532
92910112
93062944
93033968
92941272
93089188
93016952
92965460
102094524
93082604
92946432
92850384
93012968
93004956
92996532
93043496
92939452
92984104
93003300
92984240
92996036
92975604
92955956
93127272
93185524
93005892
93027128
93055220
101594816
93011296
93020660
92973400
93035332
93023728
93013640
93075672
93056988
93057660
93011680
92990412
101738336
93079300
93029400
92920872
92989712
93018920
92924300
92994832
93034120
92939740
93019696
93032480
92934584
93000592
92968192
92934620
93020916
93046148
92985512
93072416
92988388
101802384
93085516
93042912
92940952
93009936
92984180
92910832
93035440
93029120
92937336
93039888
93610760
97985632
93046860
92956904
92907556
93032008
92968216
92908308
93024376
92983368
92902864
93021504
93032880
92923420
93071560
93007260
92907176
93023732
93036952
92888680
93031596
93054088
101637792
93115244
93017064
92908836
93000640
92989360
92915052
92983196
93013472
102048556
115946380
99792048
92909848
93020980
92998528
92904144
93002632
93031576
92894428
93032556
93048116
92908112
92951008
93063660
92896156
92968264
93018896
92903284
92964912
93162956
92957828
92981812
93029584
101737604
93062700
93038872
92920476
93028296
93073700
92932760
92982900
93013720
92917996
101895124
93149276
92879752
93036848
93064028
92921828
93046916
93009152
92894660
92990792
92993652
92908988
92951116
93035120
92936420
93009772
93037728
92902708
93075164
93024000
92822576
99648856
93075088
92909892
93027880
93009292
92906108
93039044
93010612
92967708
93409104
93001832
101696840
93080700
93017908
92873144
93048752
92992684
92910004
93040036
92983204
92915960
93035712
92943988
92929512
93017332
92982068
92927088
93091432
93095324
92909716
93051980
93045236
92924908
93051828
93017324
101519276
93117716
93015164
92922492
93056396
93035912
92932364
93037000
93672216
96293740
93064092
93023672
92867028
93047292
93008964
92882196
93041264
92983780
92869020
93018380
93032700
92967876
93029184
93009020
92908724
92973572
93027596
92891808
92979528
93064172
92874560
93018584
93028596
100228756
93006756
93002136
92898652
93065236
93090308
104442384
115145980
96299388
92820804
93047696
93023696
92859000
93044476
93018808
92800224
93056052
93061076
92864940
93058124
92993872
92866272
93045380
93027076
92814940
93007744
93006368
92855940
93115128
93074420
92836616
93064872
101151200
92885188
92998040
92979756
93035708
93048300
92995508
92842420
101678352
93048236
92889344
93005308
92977980
92908108
93055512
92931184
92881624
92983912
92955404
92902500
92974508
93020212
92879416
92993108
93033692
92866156
93037596
93050508
92887224
93011160
93041988
92857916
92989056
101791140
92948412
93023828
92944824
93001748
93041544
92969164
101819376
93082536
93013996
92822072
92958264
94757300
93035460
92995028
93027784
93025752
93004920
93056828
93022872
93016760
93000000
92992800
92994492
92943264
93046780
93073968
92984428
93009588
93039296
93025768
92937556
93010100
101918324
92930140
93054680
93017084
92946176
93057216
93716588
97112948
93116632
93020752
93531684
93115944
93037784
92869104
93044612
93025164
92857152
93023996
93044820
93012420
92987772
93021312
92847940
93154972
93178732
92924880
93020868
93067264
92947208
93075152
93043092
92916376
92973324
101631680
92997064
93094624
93078368
92888156
93022036
102457568
93102148
93045036
92990960
92953392
93040168
93056956
92844756
93076156
93035876
92854512
108609156
116658668
116423188
116583872
116540012
116430900
116526560
116529704
116503344
116490476
116587716
116347428
116536508
106959672
92996948
93038944
93054144
92915868
101863180
93107964
92903304
93015208
93011900
92866344
93021732
93071796
92929012
93027628
93146204
92830148
93008812
93070064
92860060
93040732
93058260
92830492
93038036
93063092
92882440
93013756
93053784
92807816
93016908
93131436
92856544
93032036
93241660
93130952
93017188
93011328
92992184
93614056
93038412
92845800
93041708
93019816
92894288
92999032
92993284
92864728
93018344
92961068
92836972
93052008
92987476
92924964
93000928
92946956
92852044
93030692
92965132
92903320
92992856
92938244
92906572
93056320
93065836
92949500
93046772
97415576
95847856
92966044
93036084
101216528
93139568
93037508
92834252
93023028
93007244
92842564
93033092
93033336
92839084
93029132
93015740
92857828
93029036
93019944
92995600
93025044
93028780
92916292
93000120
92881796
92844636
93024524
93017204
92928808
93098972
93065548
92910764
93030104
97931288
92988152
92912700
101984648
93027224
92917520
92862336
92747220
92897896
92872176
92791508
92870168
92872828
92771676
92877424
92882300
92960588
92866272
92860596
92792520
93159716
93280572
93111148
93167888
93171940
93070808
93188756
93186272
93121820
93132696
95423256
93053144
93252284
103303472
93146732
93038040
93107468
92983468
93066468
93026076
92983276
93059040
93035060
92983312
93028060
93013756
92904112
93013632
93018144
93031240
93043492
92980008
93032712
93026992
93023352
93027176
93071952
93057564
93071456
93068240
93029588
93024128
93065776
93591424
93064948
93078904
101976800
93157652
93033308
93017572
93073556
93054548
92991048
93048976
93045176
93026892
93028072
93009000
93225336
93010132
93047280
93058252
92986420
93026944
93041624
93016932
93052132
93017344
93013092
93031080
93037176
93059640
93044736
93003760
93044504
93039332
93528604
93113108
93017364
101985144
93077576
93089076
93076536
93046864
93030720
93022928
93034548
93064936
93054328
93004296
92973848
93066652
93047464
92968556
93025244
93072524
92979432
93066516
93055280
92992864
93051312
93062524
92984900
93066840
93041396
92995132
93052196
93009148
93033924
93421764
93185208
101752996
93136416
93071272
93066860
93059476
93030856
93004524
94276572
92922976
93040988
93035260
92942668
93020976
93026516
92918068
93043960
92985160
92905776
93032040
92984080
92863448
93068704
93023720
92899892
93026208
93033216
92898176
93057328
93018844
92858248
93046804
93697356
92906500
93127124
101803400
93033484
92989252
93000184
92863704
93023828
93022696
92858656
93044776
92961244
92876496
93030564
93047900
92952748
92979192
93044864
92897952
92995072
93098752
93038924
93012172
93036988
92910244
93004592
93018924
92932428
92993816
93050732
92960536
92999880
94274996
92901748
93036772
103414664
92999072
92953188
93029540
92939740
93025868
92993220
92915324
92956668
93040996
92916388
92970008
92998444
92984392
92986616
92987832
92937156
92971572
93027860
92921004
92988936
93079232
92933780
92992632
93060312
92911064
93002072
93066844
92942048
93130072
96724196
92909520
93093832
103156836
93033588
92995652
92961412
92946868
93041800
92985240
92914832
93042724
92992088
92939436
93042880
93026280
92925772
93061968
93007620
93161284
93054652
93013168
92897636
93039892
93030076
92897004
93070400
93045936
92896612
93082496
93006956
93012364
93082640
93634112
92923572
98264180
93056504
92923192
93004856
93026148
92933968
93009636
92991276
92889640
93012920
92954372
92917392
93045680
92983112
92991864
93035968
93014580
92872208
93023004
92996792
92956664
93014904
93021752
92901224
93036800
93037788
92921312
93020400
93018416
93168240
93070716
93123284
99108468
93106440
93047820
92901852
93013448
93002204
92901044
93035340
92994192
92948120
93033124
92989224
92873980
93042336
92998808
92984212
93005656
92968960
92867972
93040048
92974260
92879420
93031000
92985884
92899624
93025948
92994764
92929356
93011136
93080816
92954108
93029696
93128048
99422840
93012188
93053912
92881132
92990720
93032248
92858644
93045144
93010572
92869920
93006628
93175144
92925260
93008196
92972616
92904636
93000256
93002576
92976240
93113040
93017744
92896508
93016784
93012560
92898120
93004844
93006512
92895128
92990600
93083164
92903156
93028780
93079784
92941980
93040872
96737908
92989328
92983972
93028616
92843512
93009316
93016308
92884380
93034664
92992068
92866044
93003784
92980584
92884948
92924084
93029720
92916864
92972692
93006088
92927420
92989708
93066076
92880452
92995492
93050124
92943096
93056728
92981064
92878096
93001360
93100352
92932724
92992488
97722580
92957680
93041644
93025220
92909304
93009008
93005444
92891340
93021536
93016092
92843892
93012880
93014720
92810748
93018880
93029444
92878676
93024320
93144352
92852344
93153048
93032468
92913876
93022656
93064768
92864024
93006504
93015264
92913908
93016220
93143136
92891564
93029356
101197808
93047108
93048680
92997240
92811720
93016116
93013376
92862192
93012460
92999860
92852616
93015800
93015928
92841336
93007100
93025348
92841824
93056988
93038436
92865664
93069400
93023544
92844592
93045172
 
92977204
92918124
93015900
92996524
92912548
93041624
93110132
92887144
93031224
103351408
92976576
92985056
93031744
92852824
93001652
93024176
92908588
93041008
93039508
92895472
93013104
93018036
92783308
93014004
92997612
93049324
93030912
93028892
92945872
93026660
93043044
92945124
93060752
93046240
93044752
93040460
93005336
101539460
93175192
93027496
92827976
93032936
101876648
93019760
93022084
93003700
92910876
93014136
93002516
92954056
93022048
93024008
92944716
93027276
93030452
92868048
93038980
93157528
92942772
93025752
93030592
92895104
93006180
93035044
92916932
92982012
93072428
92914088
93010784
97084348
96210500
93003720
92972404
92887852
93026948
101683276
92916948
92987832
93031424
92914492
93085664
93014532
92897728
92976816
93017136
92897224
93020432
92981304
92897128
93034688
92947096
92936876
93004364
93101328
92943136
93063204
92996196
92895536
93078572
93029344
92954032
93018052
101644096
92996404
93060964
92846052
92877300
93055068
93681036
92829468
92990488
92993664
92874660
92957188
93048168
92903772
92977460
93028412
92895748
92982972
93045644
92910748
92956556
93002672
92911984
92977192
93011048
92890996
93043232
93042840
92934804
93076568
93096724
92922144
96801460
93130784
92962212
93031592
93103248
92876368
96826580
93018464
92908532
93045208
92977168
92900956
92995248
93035232
92908856
93009720
93053200
92829640
93008332
93034644
92830872
93023468
93018500
92871736
93037292
93010876
92875816
93094936
93053076
92957588
93029016
93026004
94963008
93178224
93018512
92894256
93066384
93022772
92890512
93045808
97374648
92892744
93096576
92999220
92859052
92993588
93063216
92967576
92983672
93020168
92888456
92955344
93047236
92894172
92980532
93067240
92893988
92989996
92979624
92906304
93036364
94227480
92967020
93088228
92978108
102191076
93126532
93008936
92754420
93063212
93042732
92858876
93002832
93857496
92904280
93031212
93025304
92881964
93030772
93023076
92858172
92992576
92985436
92867556
93042260
93145192
92873712
93005900
93041280
92843572
92995792
93027608
92911076
93010392
93003220
92867864
93009192
97223788
92971804
93055784
93025700
92848012
93004428
96693264
92881760
93199616
104844516
93097944
93073436
93024644
93014748
93015512
92963948
93011836
92953704
93015356
93149156
92989464
93183240
93183576
93163552
93087080
93163092
93068860
93023372
93010840
93060924
92973672
92990784
99610788
93114956
93045688
93009540
93004444
93038128
93015572
93007100
92979524
93046824
101813396
93128520
93019136
93036440
92973312
93005996
93022192
93017600
92981840
93146220
92991272
93114256
92973436
93003720
93043868
93168780
92996928
93031924
93021836
93135992
93081644
93008336
92996212
101947568
92972440
92947016
93000636
93006016
92945764
93103844
93001772
92937904
92995588
100270812
92929376
93119576
93099548
92920496
93056700
93020716
92897904
92994644
93049984
93043684
93141996
93200500
93128236
93095784
93014308
92982188
93033784
92951376
92881316
93060840
93032028
101538864
93112100
92939464
92966808
93031592
93080360
92973816
93108336
93016340
92943908
93021128
94404512
93097876
93111396
93023808
92938632
93050536
93075040
92899116
93032900
93040888
92955380
93015632
92999916
93047644
93032392
93059892
92994300
93016072
93093992
92968668
92986780
99150196
93036760
93067416
93013040
92920260
93029192
93048944
92944208
93004716
93331800
93000636
93030924
103156428
93018980
93082460
92980344
92914248
93022068
92982268
92849212
93095780
93144124
92900720
93042260
93073852
92903020
93041852
93071376
92912028
93086560
93031828
93089860
93140372
102119464
92860992
93035860
93137620
93072108
93158024
93231604
93119964
93113036
93190400
92954928
93063900
101624744
93067224
92961308
93041964
92896192
92988196
93042712
92886680
93013112
93046024
92911264
93034512
93009560
92949284
93004344
93070908
92923272
93136568
92958072
92917144
101919796
93145228
92898060
92971920
93030564
92865212
92988144
93020280
92897416
93055528
93027548
92879516
92984612
101953744
92787584
93020080
93100580
92951268
93022192
93006276
92948460
93030356
92983740
92931608
92980380
93022628
92956828
92982628
92991976
92964124
93008660
93028276
95219376
93261440
93061408
92913376
93090948
93185072
93114704
93216732
93168628
93167924
93157740
93398800
93139276
93136428
103081856
93237768
93152284
93111612
93081112
93121220
93182296
93136348
93131060
93187284
93170060
93218104
93100088
93197092
93165112
93296856
93122140
93195784
93156780
102597428
93004900
93060272
92891544
92997596
93023260
92892012
93020736
92974080
92908440
93038500
93100672
92935744
93021204
102735192
92901572
93073620
93023164
92853636
92947260
92986292
92878020
93040708
93031368
92883824
93007812
93036620
92927876
92997692
93065524
92911752
93016032
102986252
92993660
92991108
93006576
92797244
93054224
93001500
92896520
93011256
93011000
92871824
93005852
93072508
92919660
92952120
102756500
92980164
92948652
92999740
92909792
93084384
93114800
92838276
93009504
93062160
92908708
92996896
93079124
92918276
93110048
93021880
92885248
101897236
93146652
92823588
93075428
93004664
92863940
93004756
93009336
92883948
93036612
93012908
92855352
92959412
93089612
92875200
93114888
101749388
92994336
93010872
93099668
92872916
93024684
93034228
92850628
93045280
93012028
92853516
93040820
93033188
92906504
93053424
92986248
92884636
101865712
93027240
92912020
93041364
93015376
92937960
93016652
93019488
92902684
93026672
92973060
92901184
93084532
93043348
92855492
102044800
93005872
92893912
93019516
93019120
92880416
93112788
93015808
92998520
93094020
93128596
93040836
93209612
93133656
93161988
93191124
93127832
102553984
93327652
93172496
93071992
93144288
93129592
93067320
93092624
93137264
93064604
93090324
93103072
93085132
93196740
93288580
93098076
93077348
102503136
93061008
93167084
93205696
93099472
93140924
93103124
93104260
93121892
93127744
93103524
93102868
93231056
92975200
93190304
101801984
92999856
93035204
92996876
92864968
93013680
93030144
92880580
93026604
92995852
92923156
93010784
93000872
92864700
93084840
93033716
92874472
92995248
101271856
92858328
92994976
92957212
92884964
93000080
93020516
92923056
93066060
93007464
92849376
93103684
93001448
92874200
93048992
101392744
92909160
93068796
92996208
92877696
92996756
92957428
92902640
93030024
92926980
92863788
93040052
93011232
92880284
93026344
92981032
92874628
101772012
93101772
92911736
93045248
93082872
92860088
93016900
92964872
92876272
93016904
92995132
92875924
93011708
92948812
92891868
101794740
93120448
92857492
92989800
93000504
92894076
93005952
93001960
92920448
92993724
93011716
92904408
93014696
93035632
92905644
92980768
92920824
92907968
101738260
93121516
92873884
92957480
93011780
92903436
92998260
93038516
92915372
92998728
92994220
93040064
92961412
92971544
99519148
93129448
93034600
92887856
93023620
93039472
92826452
93020816
93069232
92896328
93051908
93016388
92889332
93044084
93040704
92884568
92978132
93008300
92788080
101908608
93139116
92899116
93029288
93011464
92888192
93012296
93017048
92911052
92956224
93030736
92914092
92966288
93029776
100012956
92989652
93013644
92955768
92956668
93037108
92910688
93011588
93042064
92948208
93036948
93047132
92924552
93030176
93003524
92965296
93042120
92949840
92925844
101772340
93052204
92944564
92987804
93030280
92943856
92980340
93021284
92977220
92998440
93163984
92876636
93041132
101913396
93062380
93024100
93030592
92895236
93001308
93054060
92907180
93018684
93040432
92859752
93006224
93023688
92932880
92982332
93018452
92903468
93035452
93020880
92951864
102037384
93055572
92907112
93030416
93067996
92944548
93058116
93048292
92934948
93034056
93081436
92905888
101610872
93093800
92849784
93043604
93017712
92901468
93005900
93019900
92871756
93011952
92996384
92908712
93016396
93060964
92821076
93084864
93039796
92912536
93125448
93026252
92890468
101499660
92891888
92880700
93059928
93065728
92866552
93028820
93063444
93019168
93015484
93012644
101616084
93129192
92979300
92913628
92997604
93042196
92829644
93032628
93054504
92934492
93052924
93017308
92915596
93111116
93014576
92862144
93061996
93018920
92973048
93064900
93029096
92936344
93583240
93039052
92888204
93037420
93015136
93112376
93046276
93057056
92821864
93036436
93025624
96120180
93086244
93035844
92923276
93010696
92997744
92889496
93005008
93008088
92941800
93037148
93003372
92874040
93053320
92955716
92931872
93073344
92968600
96448924
93058276
93032228
102921828
93107916
93040080
92930548
93050236
93042592
92913516
93011568
93115360
92868396
93029752
97493844
93079196
93017644
93013936
92914300
92998628
93028536
92945712
92982736
93028340
92916600
93015268
93030748
92965424
92999756
93008680
92881860
93044324
92989044
92826204
93014532
93034132
96052952
93113704
92991584
93010128
92962696
93065276
92973928
95857720
92982072
92956892
95165636
96445256
92906148
93009920
93002884
92946896
93019448
93041452
92889596
93077264
92980796
92882404
93050372
93000252
92882248
93017688
92976696
92978516
93026080
93013316
93807700
93116296
93181572
102284500
93208956
93183700
 
