Procesando...
  Filtro             : mblur
  Implementación     : ASM
  Archivo de entrada : lena.1024x1024.bmp
28745404
24741988
24351300
23833572
23758588
23799796
23817868
23891164
23705520
23693740
23750244
23757684
23691028
23836492
23867384
23711004
23573508
23792848
23943204
23736772
23837656
23838812
25197892
23772832
24076244
23748884
23805092
23615596
23822188
23796948
23769376
23767536
23795016
23783580
23911900
23757476
23725176
23813640
24514676
23714208
23835116
29170508
24340124
23712296
23787440
23868656
23923188
23716248
23751656
23914300
23783088
23819360
23944084
23897688
23778324
23754560
23798004
24467488
23744864
23868732
23841700
23821204
23758556
23878524
24552796
23879148
23786240
23755528
23913792
23784576
24449212
23801076
23900852
23749840
23782000
24437512
24487444
23756808
23563224
23788636
23736008
23761448
23801412
23785180
23821964
23763100
23782272
23804752
23808320
23721200
23784912
23983136
23883088
23637988
23731304
23904112
23790616
29759480
23796708
23834156
23826640
23757084
23769328
23905720
23729736
24375388
24586924
23694260
23839704
23771268
23796404
23824268
23739840
23750112
23828388
23818672
23840444
23841520
23762512
23802492
23729084
23829488
23818560
23821064
23713348
23806352
23827184
23780920
23670028
23916320
23813008
23831184
23805896
23816668
23773488
32014244
23812488
30546308
23872456
23838804
23773996
23865856
23869816
23701732
23847024
23890696
23832732
23846100
24131076
23919008
24673272
23844724
23850728
24439212
29670504
23784824
23573728
23888536
23714068
23661912
23871612
23797484
23792796
23713840
23902412
24592824
23654196
23793944
23967488
23822960
23681364
23708536
23344732
23681744
23866448
23893236
23824940
23824772
23676860
23823804
24237020
24479532
23867900
23722772
23768024
23796800
23811332
23753376
23825648
23829668
23827788
23902460
23800472
23745916
24482368
23789096
24540556
23710436
23746568
24469008
23709128
23716868
24441328
24381292
24429136
23690316
23815800
24327412
23775988
23576232
23687708
23849292
24429104
29337136
23682772
23767224
23758856
23753500
23772212
23664944
23671576
23754164
23747140
23909300
23601656
23725756
23725932
23759820
23705128
23803024
23787280
23777176
23802472
23749384
23791196
23661264
23686700
23723092
24459900
23782628
23619820
23835936
23788904
23711388
23678684
23694144
23815056
23948784
23775548
24015748
24335960
23658012
30206548
23791480
23848716
23780300
23783800
23755532
23802220
23773064
23761716
23832812
23766644
23710756
23719952
23572264
23493024
23727452
23706020
23792684
23882532
23741572
23731484
23809676
23789072
23793004
23727784
23838028
23713096
23751304
24381480
23717584
23879616
23653464
23772828
24566832
23846820
29012544
24441456
24514216
23820220
23877972
23905688
23831072
23802668
23722044
23798132
24489968
24480400
23779528
23703796
23500988
23719924
23767944
23773224
23854072
23832820
23803424
24536756
23872252
23805044
23852412
23908792
23766108
23725636
23855968
23782928
24712180
24491588
23775644
23872340
23842360
23832292
23845764
23811672
23861380
24429372
24657884
24429560
23757992
23715020
23847944
23894316
24479116
24430260
23825016
24310660
23809140
34263632
23812864
24499576
23901608
23725888
23863428
23955932
23672792
23613608
23872980
24515132
24410508
23805100
23817092
24502416
24483864
24453412
23806056
24586880
23633896
23577784
23774036
23838492
23835632
23830420
23724100
23930756
23737088
23728708
23764772
23782004
23744356
23767312
23874920
23794204
24472092
23834208
23659104
24442892
23783564
23771860
24480928
24506244
23841580
23730548
23884332
23707316
23740340
23893888
24475444
24480232
23784212
23815860
23886536
23789776
23627164
23835816
24547872
24471980
23987816
23857440
23808296
23836712
23855176
23914356
23771888
23813964
23789840
23802380
23739536
23835068
23756148
23814764
23688344
23827676
23709124
23813600
23691588
23749608
23765564
23782332
23665148
23795032
23848016
23783448
23668976
24408484
23791124
23819080
23778024
24531908
23769292
23772696
23753004
23910664
23795564
23897124
23917416
23845776
23857964
23680308
23767448
23898580
24460884
24571732
23862396
24423356
23865360
23794488
23780908
23735500
23811332
23712112
24160828
23656896
23818376
23791748
23809252
23713332
23789104
23677124
23756380
23875892
24435060
24517296
23768912
23758184
24563076
24072652
23752676
30955244
23783916
23707492
23826492
23702352
23711132
23666116
23901080
23692020
24349944
23816652
23788660
26403856
24485920
23806220
23843332
23780648
24413080
23798364
30823476
24508224
24503912
24492800
23769040
23866356
23732768
23763108
23780652
23838344
24219868
23745456
23915216
23716012
23672920
23821836
23872924
23811000
23956836
24595628
23827820
23870996
23883748
24017988
23833780
23825280
23775820
23849804
23933016
23801468
23877588
23901716
24017764
23841968
23832780
23806724
23830876
23806576
23721508
23781676
23785168
23730052
23794248
23875748
24323716
24491056
23903820
23831688
24441612
24925056
23815660
26706376
24342436
24453580
23823348
23847964
23720420
23793856
23653056
23797732
23684724
23842076
23840612
23898832
23783264
23872628
23801556
23798380
23752892
23908252
23811324
23726676
23726076
24434768
23919728
23723544
23723308
23802184
23707368
23709504
23720208
23771796
23721568
23704300
23765932
23832564
23734812
23723648
23729432
23792072
23757900
23804188
23881360
23716552
23751628
23722288
23819408
23711364
23760968
23777288
24411068
23892712
23820160
23742324
23809512
23757416
24426444
23786896
23739116
23894576
23826312
23724232
23768304
23777872
23743788
23820464
24362752
23663248
23660616
23955092
23831844
23723904
23751512
23741676
23728640
23725224
23810488
23825772
29247188
23830996
23758984
23780764
23783708
23740776
23694836
23759224
23783048
23809544
23720980
23745328
23870928
23757536
24531872
23801800
23803520
23668424
23876832
23902780
23893644
23790212
23764228
23874196
23745468
23715580
23921872
23755116
23755356
23872224
24426232
24559240
24431928
23763604
23824008
24842772
23816712
24586496
24482044
23811528
23762596
23904680
23788348
23850604
24348328
24451740
23892184
23823560
23769976
23790720
23780736
23696136
23852544
23920396
23839792
23714400
24148832
23759748
31105924
23712708
23789688
23915804
23789608
23807020
23729404
23768788
23720808
23836252
23868344
23843076
23838584
23840888
23927688
23913032
23736528
24169748
23767716
24000892
23780620
23714016
23874340
23796892
23809100
23842236
23672904
23726664
23734404
23795064
23731152
23672104
24345292
24479212
23725524
23690588
29281396
23759424
23800504
23679704
23757316
23751644
23789604
23596928
23889104
23678256
23755604
23602916
23824696
23816624
23732104
23689256
23766624
23805888
23766824
23775260
23916228
23814448
23700132
23674144
24287040
23702260
23722012
23697408
23881068
23783924
23666456
23420528
23433452
24084192
23628760
23544332
23756424
23721244
23850328
23716640
23736736
23737608
23901964
23670588
23824764
23767632
24480696
24384864
23831696
23709632
23721716
23611972
23712164
23781668
23788752
24887232
24423904
23852584
23695776
23864852
23828600
23797324
24365088
23758844
23882036
23865040
23735696
23763812
23777708
23833356
23754688
23897084
24321884
24415544
24462444
23786264
23917092
23744536
23813732
23819236
23677676
23756892
23800340
23894788
24624916
23741292
23786200
23814708
23983192
23716096
24501544
23801932
24469504
23775176
23876560
23918956
23828100
23794636
23857952
23888432
23761152
23753952
23728160
23845956
24524548
23792276
24557020
24381228
23827056
23869248
23827640
23794284
24270104
23688828
26795856
23767108
24336360
23582880
23749404
23844456
23693832
23770300
23724380
23703976
23754788
23758560
23901092
23701396
23737332
23771288
23792396
23681816
23768304
23772408
23729804
23649648
23822716
23783660
23713568
23715340
23732500
23796288
23630156
23648232
23753064
23822084
24428804
23754776
23784632
23853632
24108076
23735020
23995324
23859868
23725548
23768948
23873508
24638824
23790692
23776848
23834100
23840624
23732904
23838420
23872988
23685712
23819424
23824872
23842596
23683596
23741980
23824980
23999636
23822680
23810824
23821408
23850808
23842688
23848468
23861132
23754380
23760448
24521796
23883012
23765776
24301320
23791584
23735192
24799988
23642520
23806804
23860168
23795592
23721884
23744760
23949612
23822504
23675308
23814796
23844512
24422924
23790632
23790236
24466832
24473412
23700388
23849272
25421960
23520828
23521848
23692200
23658112
23701520
23789840
23739772
23806004
23879988
23667896
23652652
23786788
24543364
23757592
24190068
23790244
23846288
23782916
23688124
23705224
23792736
23869252
24307676
23816632
23870944
23703296
23726456
24556648
23827008
23734304
23746800
23797212
23751596
23778824
23749532
23850156
24632184
23817504
23843096
23962048
23900520
23852136
23770620
23802916
24487728
23857264
23754024
23845380
23767124
23794732
24574684
24580048
23708328
24440372
23902816
23826876
23801876
24175304
23534972
24028440
23732524
23799816
23792092
23896392
23768212
23807200
24438792
23910180
23725396
23914600
24448464
23837296
23743980
23811732
23907244
23840772
23705512
23763508
23793172
23860672
23815128
23785828
23939064
 
23809120
23873928
23778812
23809812
23492648
23722432
23853800
23875892
23752880
23772468
23795532
23866420
23701216
23660620
23857752
24007436
23796440
23908536
23812760
23879428
23798168
23770776
24562420
23791120
23841728
23774800
24485920
24384724
24453712
24403680
24563404
23799472
23886688
23838496
23617724
23707092
23886616
23767296
23760076
23872272
23888428
23744760
23772484
23762924
23767272
23791636
24443640
24500472
23826924
23700332
23725016
23730496
23817908
30376744
23809656
23838368
23966000
23735992
23778720
23843240
23854352
23651028
23714616
24432792
24496864
23742884
23861124
23861324
23804328
23730176
23835900
23772096
23872896
23723864
23829908
23874268
23828132
23831960
23773884
23726636
23738604
23553604
23526360
23616856
23543200
23447472
23684388
23842148
23724740
23645028
23883444
23796356
24547380
24433088
23829912
23859012
24402936
24469348
23765448
23809348
24476864
24488812
23945740
23769544
23881048
23636392
23682188
23801232
24396188
24497852
24484544
23744260
24487732
23820280
23821864
23704920
24257912
23893644
34659412
23810072
23807068
23671168
24314948
24460380
23728692
24534368
23760380
23782584
24530452
24522484
23741376
23729104
23815736
24523984
24377096
24466392
23700800
23818368
23740884
23770724
24537568
24421736
23669860
24484848
23764988
23865624
23847228
23708776
23727868
23671572
23820428
23758940
23644620
23838716
24478720
24426400
23843192
23932560
23761940
23790388
23761448
23713612
23752832
23742140
23737840
23681172
23846252
23744104
24402308
23619456
23837592
23775188
23685124
23620600
23747696
23819680
23992488
23787172
23925096
23755052
23766320
23732004
23828880
23813072
23763956
23862824
23702340
23827220
23710244
23832424
23897620
24538552
24522120
23817892
23877364
23709304
23735696
23793112
23826348
23900236
23776120
23797068
23779828
24436352
23802920
23891300
23786640
23688404
34924944
23825844
23717820
23555524
23712128
23792544
23749144
23714592
23806528
23858840
23815220
23705252
23852124
23784256
23820744
23698840
23852040
23848020
24423856
23731848
23825224
23757292
23754604
23811068
24035456
23771628
23752704
23700860
23851384
23917508
23696324
23899424
23918972
23823376
23773240
23897756
23878980
23804152
23840720
23796712
23765688
23854404
23778104
23784748
23774164
23855480
23865748
23866328
23799380
23708584
23733204
23778084
23631584
23870504
23642992
23987676
23787536
23739220
23854444
23863228
23870192
23747228
24078404
23894904
23820952
23802236
23759676
23848944
23859608
23803848
23825156
23805552
24539528
24509104
23827380
24487212
23893516
23757224
23904244
23727976
23912212
23780728
23765236
23655792
23878484
23820216
23662876
23683528
23865724
23812068
23901944
24438532
23775836
23912324
23801436
23745628
23788576
23858592
23821476
23809108
23815160
23791012
23859840
23784164
23901088
24564524
23812012
23813180
23862296
23800456
24568600
24429424
23786780
23817544
23911432
23757276
23730780
23828372
24429476
23698052
23788380
23751160
23691072
23708604
23790596
24440432
23641188
23841072
23787440
23781420
23686756
23784176
23939524
23779800
23793288
23740208
31428824
24532748
24458248
24461912
24451896
24426000
23763916
23789984
23757652
23789592
23825372
23860692
23774040
23758540
23777520
24599932
23826612
24055212
23982624
26610928
23754700
23710744
23679368
23764880
23866724
23617668
23706540
24479196
23868732
23674036
23670880
23762560
23863168
23595612
23747604
23709796
23828312
23690632
23749068
23914168
23726936
23762560
23924052
23729076
23578424
23752196
23771040
23663420
24371856
23703424
23682072
23722132
23832792
23784296
23878520
23550060
23742988
23854412
23740864
23684912
23679680
23767960
23732984
23691252
23659080
23789800
23793604
24420920
24487508
23734784
23732988
23679500
23702560
23774452
24369172
23645376
32231024
23886840
23358720
23417280
23742708
23731960
23693640
23767656
23816616
24443664
23710864
23755552
23880492
24484596
23771412
24053080
23751012
31636152
23769916
23706408
24108076
23835504
23665912
23691732
23727176
23709636
23712916
23752624
23772156
23650964
23671052
23887536
23749532
23705076
23677372
23745724
23782736
23688344
23741128
23829232
24459172
24367260
23786612
23816080
24428944
23805392
23717392
23797724
23853796
23632892
23864096
23790944
23748804
23785340
23794720
23815316
23763692
23819900
23731728
23762792
24612036
24471068
23717368
23668520
23746256
24535124
24470196
24505340
24537004
23734616
23774748
23664324
23602236
23717300
23816976
23887928
23741540
23679164
23702900
23744164
23777040
24418536
23659120
23769492
23878024
23639904
23458440
23540268
23705064
23836036
23719488
23739288
23782968
23710044
24311336
23470960
24096580
23535092
23752176
23748496
23839616
23674548
23823104
23821996
23845348
23694420
23664000
24461008
23822504
23766132
23732844
23818256
23864236
23756988
24497824
24583512
23954000
23775448
23715952
23765048
23704740
23879924
23971836
23812928
23676024
23635984
23750944
24571844
24403816
24072500
23776860
23826340
23652064
23933136
23804976
23776124
23669836
23821788
23814700
23843600
23753744
23892084
24498648
23822516
23842112
23889184
23985376
24494488
24002084
23720148
23843472
23837124
23782884
23829132
23827072
24384012
23570976
23848572
23873748
23836220
23815056
23844616
23893776
23755588
23782572
23754432
23735140
23901620
23883448
23707512
23742104
23867968
23832988
23676516
23942644
23839680
23791232
24420400
24612908
24431336
23660332
23653876
23789172
31167136
23779920
23775420
23791416
23782896
23709104
23703368
30532000
23753788
23692768
23857644
23772376
23775672
23740368
23821524
24490228
23651824
23795688
23723684
36350604
23772124
23738684
23889980
23870780
23683332
23758800
24435228
23897644
23659632
23765380
23841416
23747656
23765492
23757332
23746680
23695252
24003440
23735944
23736008
23737616
23742172
23790828
23816796
23686912
23683116
23717228
28672776
23746028
23773788
23823120
23832448
23950784
23856300
24040728
23937712
24131788
23851948
25103104
24580856
24557320
23771636
23820544
23747828
23623392
23803252
23615860
23621720
23824828
24403816
23888524
24423556
23940376
24137504
23868604
30041428
23803844
23831860
23820824
23754496
23709180
23856652
23800964
23659396
23788104
23862392
23743740
23621264
23723796
23870060
23589324
23832008
23971468
23726008
23748844
23894604
23881640
24488288
24454216
23801144
23708216
23777328
23863608
23794400
23789816
23816144
23741548
23771172
23799528
23750820
23748620
23628772
23608552
23715416
24440160
24175320
24078488
23752872
23856436
23749092
23606028
23329664
24028572
23480060
29441612
23638616
23674664
23571516
23511460
23843840
23900496
23489960
23612316
23557816
23445656
23423232
23609228
23642112
23540948
23497384
23479748
23584540
23527564
23632756
23540368
23548384
23535408
23555808
23630368
23535656
23383932
23578152
23667460
23680156
23812328
23485388
23642252
23624736
23524592
23532420
23451784
23446636
23499916
23659928
23498704
24484208
23969964
23810828
23835668
23863520
24087376
23538556
23472980
23510484
23605784
23524856
23620088
23560520
23544688
23611012
24360656
24465976
23559988
23412788
23490676
23549028
23505996
23428396
23589292
23511836
23664252
23837560
23713224
23804596
23886580
23669088
23554804
23460792
23429532
23511340
23539708
29695056
23526596
23529584
23631852
23506304
23540368
23683588
23683116
23519456
23496240
23434720
23560300
23730840
23756700
23736460
23631184
23488932
23451544
23631424
23648152
23577856
23436736
23585844
23831648
23839356
23738400
23788728
23808812
23643332
23909048
23870640
23774560
23529568
23539152
23518432
23466376
23517744
23485600
23567856
23482896
23487652
23553300
23508472
23677552
23515872
23452848
23512564
23643340
23693056
23711372
23693328
23786492
23681032
23714676
23538576
34510236
23423392
23521636
23416000
23403584
24280508
23666536
23874464
23665156
24581380
23780112
23721716
23703360
23835616
23851076
23833200
23858020
23807344
23765028
23714516
23774152
23970628
24126096
23724660
23804388
23785068
23892112
23699832
23740272
23727120
24416244
23696564
23745500
23853224
23802216
23532256
23835408
23768180
23653680
23760616
23834100
23776172
23745244
24070784
23777412
23862784
23513784
23594364
23822432
23785704
23794356
23813940
23840140
23554628
23786624
23786472
23734332
23950148
24436824
23789236
23885164
23891456
23689076
23755284
23855540
23864204
23639228
23897120
24494340
23713184
23824796
23803252
23884576
24479304
23907772
23754944
23746276
23786772
23513708
23767008
23763184
23730548
23850788
23841700
23861524
23702880
23931664
23792900
23769208
23721552
23657756
23618624
24461744
24430788
23777980
23748300
23881448
24581684
25777996
23837364
23850764
23558268
24285752
24334864
23835356
23796680
24460252
24516564
23964288
23733840
23811268
23838928
24500048
23758048
24470180
23767116
24395972
24600644
23416976
23681076
23626504
23619596
23800496
23805460
23848860
24409680
23745868
23858276
23751808
23682932
23712128
23805188
23712100
23695096
23771608
23763008
23823872
23845128
23900952
23773972
23730104
23649680
 
23799852
23811608
23763284
23595648
23640032
23810872
23714652
23713280
23682668
23738216
23798336
23937276
24546444
32124080
24501892
24379172
24000072
23920980
23759584
24423456
23755304
23484244
23660612
23656832
23535256
23519736
23398652
23462828
23587632
23462496
23459976
23469200
23696732
23757496
23656656
23489356
23870620
23807536
23762776
23605708
23745340
23813976
24310244
24311636
23827788
23759576
23754604
23690636
23681896
23664360
23747828
24449860
23898980
23819864
23762904
23850800
23938856
23844140
23817944
23811164
24429648
23939360
23946044
24462648
23784324
23843716
23853392
23715924
23857352
23942540
23857776
24869608
23763500
28564080
23819188
23737808
23890976
24355836
23860716
23851436
23807284
24372624
24513172
23703672
23842768
23817160
23708900
27343180
23741848
23810796
23662028
23772396
26799268
23716404
23748612
23741864
23759688
23944008
23781564
23736616
23805504
23793552
23728576
23922956
23718408
23812540
23903804
23865484
23858336
23703128
24356804
23809872
24474484
23752324
24422808
23787116
23775796
23701732
23883416
23691652
24409892
24427728
23728816
23794352
23807656
23746236
23717188
23832936
23794908
23692920
23823692
23800636
23695548
23472084
23735652
23839692
23651960
23858436
23953376
23950692
23730696
23757412
23923032
23766940
23785540
23702460
24612608
24557688
24472116
23768968
23803896
23801188
23881784
24568372
23782232
23852816
23751832
23653928
23839932
23749436
23708300
23820784
24031324
23723608
23647764
23834668
23808032
23805832
23857788
24014996
23818132
24317996
24373316
23853184
23828708
23847352
23815976
23709296
23765240
23755232
23762368
23900576
23767660
23766588
23819896
23858396
23742484
23864832
23803732
23716792
23851536
24540544
24091588
23570448
23836252
23783488
23838716
24473428
23735220
23758760
24662428
23784864
23686768
23673236
23811232
23813012
23684888
23812028
27985924
23799012
23743480
23707844
23860876
23698704
23716264
23673712
23819124
23735720
23783684
24036012
23731368
23809852
23663140
23756136
23883700
23741912
23708192
24511684
24205280
23672508
23689072
23652712
23868136
24231328
23890432
35276924
23792648
23789268
23761692
23768712
23755612
23822752
23702676
23722428
23719732
23853968
23874696
23741552
24452908
24519292
23762272
23840240
23805476
23819320
30908996
23534796
23807052
23757600
23818820
23748648
23719460
23865760
23774132
24572648
23469032
23576700
23488092
23694776
23801752
23839844
23741800
23873996
23794360
23835768
23814596
23884576
23881332
23798348
23770924
23803812
23751004
23874600
23776696
23883140
29019092
24523124
23873976
23964772
23990192
23856164
23834076
23859900
23374452
23542684
23771564
23959820
23795204
24511956
24484392
23904940
23631480
23471460
30129204
23619552
23455936
24094296
23778744
23718868
23825616
24162168
23691856
33652328
23846152
23783804
23705900
23771792
23681492
23692452
23812816
23709292
23765940
23738180
24403912
23764596
23652424
23747516
23919076
23723944
30502148
23944224
23785664
23754556
23835216
23850984
23953300
23973592
23945592
23944092
23841568
23581328
23890988
23847660
23797716
23800076
23909092
23786196
23683472
23954080
23752380
23793168
23653144
23798040
24501900
24473652
23728056
23849184
23798432
23675572
23757440
23750732
24424992
23720796
23790048
23775380
23766916
23749180
23747456
23761204
24541600
23704564
23880624
23778780
23826240
23456080
23751564
23825256
23700208
23720808
23725340
23910012
23825180
23617160
23740892
23741696
23804260
23762512
23946268
23858128
23768124
23701420
23757340
23831440
23619764
23859172
23737036
23491632
23465764
23492448
23567716
23789704
23666284
23732284
23772424
23741372
24506252
23780092
23799464
23796548
23810468
24400360
23765328
23828116
23675344
23736472
24501608
23734852
23681900
24365468
23877404
23842984
24339572
23959020
23898172
23754220
23713876
23911952
23637000
23714404
23695512
23733464
23870728
23690412
23778272
23764360
23728160
23648660
24725972
23727564
23750640
23753112
23616184
23734864
23827700
23704296
23810900
23772948
23688248
23607312
23801420
23747920
24368768
24392036
23770124
23698208
23705504
23822224
23756432
23779552
23768516
23745192
23798532
23841608
23685452
23780612
23824352
23830796
23640316
23766532
23919800
23800340
23753620
23707352
23776244
23830692
23770536
23818796
23815028
23997512
23694392
24654480
23478132
23435852
23488812
23879560
23795256
23706364
23762296
23596404
24038704
24434060
23719924
23743308
23741440
23682792
23758340
23983076
33900036
23499388
23635308
23601468
23777608
23762260
24520136
23755116
23548016
23497236
23636876
23777816
23794360
23652656
23984760
23683256
23361924
23546316
23450208
23511596
23409184
23430840
23632084
23746824
23542796
23537916
24268524
23717252
23548208
23466064
23541048
23441704
24402016
23398612
23684768
23723040
23436900
23528328
23360800
23505652
23503212
23425024
23605384
23447160
23399512
23373900
23478096
23495920
23752044
24337400
23751736
23821276
23638628
23690172
24472096
23618808
27951800
23640276
23774024
23513992
23801432
23573348
23811024
23566580
23370796
23498244
23476080
23534496
23566600
23481504
23518116
23516032
23501768
24349280
23584152
29018120
23481680
23676912
23453944
23428252
23495956
23790676
23666324
23417956
23623540
23883676
23709672
23824868
23578572
23536444
23672152
23690092
23531760
23505200
23611568
23507168
23550056
23542032
23703468
24458828
23772572
23863276
23618260
23554896
23675848
23635900
23425592
23714948
23646356
23594216
23615744
23477956
23758932
23539092
23668392
23676280
23687676
23654060
23705208
23701456
23786732
24305884
23796888
24332340
23768280
23691944
23845424
23763696
24375324
23682692
23670048
23945572
23658648
23675364
23707968
23732904
23734312
23622204
23656288
24537924
23646948
24404792
23748512
23795360
23496144
23538440
23821120
23743640
23621236
23742644
23555100
23548640
23758200
23812688
23638792
23690176
23649272
23814392
23759784
23458380
23366852
23559244
23877516
23702612
23552492
23617460
23482296
23577052
23546312
23435832
23511372
23457748
23486872
23634040
23641080
23522676
23527888
23938096
23792672
23616664
23733016
23657944
23799576
23672860
23762548
23773028
23698004
23611896
23469744
23481456
23492648
23348336
23518656
23575100
23793128
23738040
23719536
23752576
23800144
23938388
23787132
23799084
23479732
23690592
24355968
23885084
23720600
23832560
23701020
23842324
23791592
23727344
23696820
23910472
23540804
23779916
23733684
23811340
23733752
23853896
23736648
23774608
23763192
23755584
23716700
23803620
23824848
23944380
23896568
23685296
24457408
23721296
23644052
24064564
23480284
23606348
23700644
23801480
23649172
23706376
23707320
23774524
23771136
24012748
23707624
23682364
23806992
23675860
23783424
23739632
23747640
23545952
23788860
24377864
23797924
23680600
23824680
23595116
23592724
23631988
23611088
23648908
23336112
24242892
23603468
29663948
23609100
23542936
23538908
24242800
23717192
23791672
23688436
23756812
24396668
24449636
23736840
23824132
23689300
23739148
25728584
23537788
23529604
23527820
23495572
23428356
28660028
23555728
23546532
23388448
23413596
23445264
23460756
23364944
23384140
23461072
23464644
23500952
23429004
23517640
23603028
23707904
23529004
23953228
23881348
23735168
23622724
23522480
23919008
23862212
23780352
23677420
23755544
23560968
23623216
24274032
23429128
23565716
23630100
23680888
24386620
23893236
34165280
23451944
23610112
23625324
23495468
23497240
23616424
23608700
23573196
23755736
23402208
23500868
23436480
23631372
23456012
23512912
23379600
23810204
23624472
23644328
23504328
23545700
23571812
23467948
23645840
23740972
24507888
24356756
23743860
24323848
23779688
23758332
23705396
23538720
23790592
23744588
23714960
24384608
23905568
26286884
23521052
23593384
23596868
23541884
23601504
23670584
23811820
23783812
23807184
23640548
23586880
23619960
23972664
23661260
23853228
23541888
23848088
23630112
23483360
23536084
23473972
23500024
23472444
23652476
24456192
23704004
24135224
23618932
23811948
23772212
23613356
23513872
24371980
23771300
23834908
23772872
23767604
23809140
23785224
23665592
23447172
23659656
23602876
23693912
23602068
24456380
23560844
23489748
23690284
23886712
23838676
23729448
23749856
23825896
23872208
23664268
23848480
24538928
23891276
23922312
23760148
24376764
23772468
23753584
23870772
23832144
23478848
23585912
23750568
23534240
23559224
23545812
23493264
23661492
23465504
23475976
23494300
23808812
23855196
23723844
23716820
23835600
23694628
23733100
23661272
23819612
23597460
23684540
24067440
23666640
23705692
23492236
23589176
23573356
23701416
23708408
23863512
23687432
23777692
24468100
23761520
23782420
23787848
24153840
23792980
23686892
23597988
23868320
23814216
23683828
23764908
23543624
23648056
23860380
23912448
23601700
23781904
23741200
23495180
23506068
23614112
23461500
23779848
24472188
23609636
23693884
23876368
23692632
23651032
23739880
23541392
23726432
24342008
23763848
23536752
23613592
23428156
23938820
23736904
23735632
23601460
23541152
 
23442924
23400840
23376796
23499616
27325396
23455552
23611404
23526116
23565592
23446180
23523172
33315976
23516800
23510796
23524588
23485844
23606580
23371448
23512836
23423992
23530780
23385040
23494172
23632764
23435100
23573920
23540844
23545088
23479196
23593456
33531644
23577356
23386768
23517076
23659532
23531984
23496184
23703676
23817344
23834620
23746636
23800000
23687172
23522980
23499684
23532728
23842684
23615820
30077272
23629504
23497444
23590828
23498812
23566204
23445768
23482752
23409948
23523704
23677816
24366228
23733956
23714192
23474468
29163760
23418768
23312524
23416396
23647676
23499560
23657940
23575576
24291052
23784700
23761016
23897944
23644280
23724284
23594588
23780024
23636436
23744964
23800212
23810332
23796676
23807560
23741252
23863924
23740240
23706072
23772092
23466208
23554808
23451416
23577800
23446440
23566728
23732224
24629092
23757956
23621064
23461160
23736028
23769444
23577544
23379920
23445060
23445176
23592148
23492048
23530260
23350796
23450964
23527092
23798408
23723992
23693060
23677896
24521680
24562520
24462164
30615304
23642564
23669940
23784644
23812384
23759004
24546260
24434688
23654056
23593064
23599120
23635844
23561352
23477448
23385860
23954840
23754112
23753172
23712612
23801308
23758948
23543616
23489668
23480100
23506640
23473204
23507080
23541520
23454628
23456184
23448252
23427152
23465244
23470872
23449912
23480268
24496680
23766896
23743860
23651504
23777804
23744608
23722400
23759200
23727904
23631620
23836248
23767404
23757472
23816528
23781804
23749776
23642300
23729072
23817924
23814904
23838200
23765076
24407464
24448740
23850472
23741844
23772420
23820396
23698624
23641096
23592128
23748156
32379656
23639024
23501184
23474740
23798260
23815552
23766144
23862652
23542308
23473636
23560836
23514096
24314068
23362080
23672856
23752596
23857816
24423136
23567020
23538532
23628632
23789704
23870712
23775208
23834936
23682636
23844588
23859564
23820680
23840900
23700240
23542004
23466780
23550848
23529884
23559272
25705564
23530892
23386288
23733136
23794024
23863476
24450800
23694900
23731400
23756924
23665132
23694940
23724604
23887696
23863088
23794252
33421436
23807168
23729980
23721680
23752508
23771104
23798172
23708092
23852512
23830176
23761876
23740696
23846116
23715812
23690192
23741360
23763712
24594484
23933528
23632136
23674248
23719268
23592916
23785816
23776464
23882512
23766192
23777348
23871660
23962260
23862012
23593336
23507500
23821348
23706600
23689104
23861292
23715632
23745400
23803464
23656876
23893196
23614808
23761356
23750336
23718404
23766312
23816960
23758636
24354420
23816820
23764236
23798456
23888324
23805488
23796196
23823660
23718368
23743764
23969196
23808048
23882072
23501576
24206752
23504696
23620196
23885408
23833492
23788228
23868680
23587872
23556948
23689708
23733384
23791216
23676972
23831688
23713660
23598780
23658624
23796876
23699408
23715932
23577416
23441492
23590272
23616236
23482668
23584684
23418744
23499124
23451632
23473664
23438448
23764728
23481008
23659892
23789268
23783724
23886100
23715572
23648832
24477284
23716508
24478444
23576676
23886700
23753364
23789844
23825068
23755516
23752848
23719400
23723632
24441728
24353744
23724148
23822544
23857904
23767200
23430460
23557928
23492424
23432464
23432336
23724120
23731268
23790032
23814648
23835308
23906552
24395764
23744536
23832312
23782388
23748700
23719576
23794744
23727744
23876884
23808496
23700612
23353300
23675484
23495360
23732428
23690812
23728384
23791712
23728948
23946320
23570776
23569696
23402540
23418312
23478884
24025040
23723760
23465484
23458260
23759132
24413880
23563412
23702744
23554080
23598916
24433380
23726100
23614416
23498188
23508288
23343004
23446824
23520492
23520304
23497876
23472396
23456708
23407968
23721288
23640756
23641648
23589160
23512928
23737400
23582920
23703816
23468984
23415516
23392388
23453572
23450896
23647576
23815672
23774568
23814852
28586872
23651604
23398624
23442552
23356440
23616052
23428196
23410692
23466620
23389324
23389840
23529764
23449636
23460568
23453028
23565356
23493216
23443696
23501488
23580916
23584616
23399232
23592660
23485436
23438396
23482792
23549824
23400804
23499928
23565692
23435784
23526672
23597220
23375872
23501812
23530192
23454340
23573444
23503852
23336852
23436808
23493156
23544844
23531400
23491420
23539392
23518964
23581972
23503816
23429660
23332604
23526112
23459188
23424996
23470260
23572732
23477424
23511408
23382908
23546332
23454276
23581776
23553500
23515620
23520784
23450384
23463820
23539436
23526412
23476164
23366208
23418184
23520228
23501092
23508520
23501852
23484704
23582224
23518256
23493988
23563808
23722196
24240144
23832252
23706184
23501464
23463184
23410984
23421460
23492576
23704572
23482872
23392968
23526860
23527140
23482232
23524596
23648336
23418432
23546204
23627068
23485332
23480876
23564432
23556672
23550332
23507912
23465512
23544104
23429308
23452312
23591184
23501064
23597288
23598376
23408156
23430824
23634496
23631352
23547800
23752548
23824556
23712656
23841756
23537536
23473704
23732496
23721916
23887764
23658480
23558812
23489552
28707336
23408536
23414096
23464732
23502288
23578336
23738624
23480984
23454488
23537076
23391444
23556348
23504456
23496416
23477704
23476024
23514152
23521268
23526960
23530640
23426948
23499692
23517228
23492412
23451452
23358428
23621684
23558640
23624272
23463976
23600924
23518456
23606976
23558140
23455740
23454820
23526028
23496240
23692956
23466528
23342684
23358616
23418672
23557500
23544944
23476456
23479896
23483624
23543912
23556444
23827120
23545720
23510332
23464640
23492236
23496744
23490860
23512664
23385956
23384536
23507784
24380152
23554048
23509264
23446768
23522632
23416252
23538960
23528132
23513392
23429964
23419836
23509612
23541180
23500588
23517232
23459872
23467072
23572680
23508904
23503896
23419680
23395868
23557408
23545804
23394964
23459020
23583508
23480256
23438692
23527912
23483188
23550816
23460592
23542576
23404176
23546500
23537416
23442324
23385652
23536116
23430980
23547996
23510928
23444256
23514324
23489740
23480592
23487388
23488028
23526316
23632216
23566268
23516960
23495124
23382468
23473752
23477872
23563552
23615444
23430580
23570488
24065452
23512676
23475100
23635512
23539484
23446404
23833736
23700996
23620564
23517240
23447972
23546956
23468496
23580020
23715424
24025532
23452128
23529504
23542952
23649280
23479248
23501216
23539788
23430008
23596072
23644728
23464480
23455416
23574600
23587576
24071576
28561084
23451816
23416468
23457328
23385712
23530816
23508048
23481364
23415276
23469412
23465696
23616668
23450844
23443456
23477676
23378340
23371008
23414952
23400448
23459540
23479128
23479672
23297668
23520868
23526308
23442644
24114684
23509780
23545256
23526372
23438720
23366856
23619488
23627984
23786364
23835032
23747324
23372436
27205728
23576932
23650724
23466076
23538288
23503072
23595020
23563928
23453460
23478988
23517228
23491756
23612284
23487724
23453640
23654472
23465724
23570252
23455736
23454364
23347768
23462004
23385912
23558432
23509304
23485944
23445980
23464860
23483076
23610632
23475952
23489936
23435632
23568168
23428672
23529948
23417912
23555856
23588460
23534908
23488556
23516836
23530196
23834380
23516872
23583488
23472508
23630380
23496716
23564692
24119168
23443400
23750636
23447856
23418612
23474428
23461324
23422376
23591464
23500784
23373328
23523044
23724920
23442448
23785848
23779588
23855600
23925968
23612168
23573388
23544540
24337496
23550752
23514520
23492196
23534360
23316056
28915816
23488808
23565136
23501708
23476760
23518740
23595260
23555184
27586344
23581076
23600176
23603836
23528896
23546300
23611988
23456980
23554084
23470304
23436868
23485148
23511308
23528788
23527600
23490848
23494272
23487444
23459680
23551920
23540104
23514184
23401884
23556256
23499832
23564408
23446372
23574744
23426476
23465664
23429832
23646956
23578032
23594980
24367720
23506044
23539724
23595368
23825692
23778664
23883540
23537856
23401076
23689988
23573380
23578444
23582060
23573896
23479468
23603288
23583420
23548816
23528216
23545532
23477384
23663288
23661284
23536928
23435732
23495848
23657316
23345088
23406628
23501464
23533768
23537468
23709268
23668320
23535944
23593104
23433272
23545272
23434048
23699488
23569960
23430692
28319648
23532168
23442832
23570964
23523568
23393364
23501088
23479456
23475212
23601832
23520160
23658324
23479964
23485304
23532088
23368760
23614736
23545080
23394640
23490220
23385936
23518548
23672188
23547092
23487384
23443372
23347396
23500552
23567428
23590096
23525384
23455644
23374020
23479084
23538856
23478548
23508044
23511312
23447044
23538996
23557676
23522708
23464208
23389384
23543512
23485476
23490284
29213052
23601716
23566300
23591092
23499892
23777740
23531484
23454672
23517936
23618216
23544756
23538612
23514128
23563348
23604796
23487912
23486868
23572400
23443516
23474092
23533724
23492508
23469444
23433364
23349876
23507872
23595984
23538676
23614156
23582868
23474072
23513160
23500796
 
25560992
23677812
23510564
23527916
23555004
23545560
23581672
23717248
23632776
23535548
23517500
23589408
23536860
23499944
23451404
24280392
23621340
23531432
23605968
23478096
32879748
23452064
23531060
23568492
23688000
23822136
24362900
23464080
23550984
23602556
23546628
23496256
23543820
23777048
23582160
23759240
23813864
26034440
23690292
23537508
23685500
23890748
23490804
23658292
23724672
23839568
23764392
23855756
23608040
23729920
23790784
23877144
26975728
23451056
24046084
23601888
23686516
23710628
23729688
23681540
23565720
23422544
23441228
23453584
23503348
23541424
23781856
23567052
23640736
23814712
32398080
23774304
24525524
24720968
23724372
23863832
23799496
23642168
23495480
23484588
23810396
23815848
23762512
24492724
24183192
23491064
23852388
24037260
24109480
23748300
23664128
23742208
23860264
23806732
23816888
23773532
23734120
23501828
23570868
23442520
23448700
23557380
24174556
23843660
23760084
23752040
23646740
23550540
23525268
23593636
23488900
23472656
23509616
23515372
23527044
23635244
23597216
23458656
23555888
23597488
23632380
23966080
23542872
23338764
23510880
23569920
23505404
23415348
23456476
23504472
23549972
23441508
23475228
23548956
23442300
23465112
23566352
23463788
23423768
23525092
23732232
23411752
23502044
23491292
23531116
23541048
23830740
23472452
23709824
23787964
23583648
23528908
23498420
23791076
23561752
23414016
23429012
23377560
23514964
23554788
23534380
23527300
23531672
23463032
23525308
23622644
23491176
23615652
23454572
23531304
23487016
23445236
23566764
23612268
23468808
23460464
23486432
23502024
23585416
23376140
23546872
23515684
23516948
23683032
23593284
23609808
23642576
23644756
23899640
23746868
23701500
23788080
23749496
23669024
23635596
23581484
23671896
23683064
23762492
23810828
24247904
23711528
23637484
23789772
23748724
23687972
23835144
23783772
23402908
26646660
23489920
23500908
23520476
23464460
23623680
23859396
23575072
23457832
23376344
23530388
24361508
23709808
23740068
23607436
23785704
23649892
23661664
23459584
23525092
23460976
23799260
23664320
23792496
23839324
23507136
23558460
23404520
23457268
23428108
23449020
23551880
23611272
23370956
23469476
23448280
23539212
23515092
23630416
24505664
23832068
23735800
23729420
23694684
23524204
23972612
23878040
23776512
24415516
23634184
23878028
23787008
23502932
23477560
23543916
23708088
23595080
23617128
23794808
23866576
23870092
23694760
29275820
23798456
23748816
23482928
23364080
23610996
23664096
23521112
28593344
23887552
23675228
23559648
23514724
23282020
23427312
23476648
23479196
23435896
23396384
23322500
23456108
23410404
23506992
23510060
23400836
23465560
23557712
23454296
23505980
23615112
23617172
23540792
23527904
23579004
23419512
23544872
23502912
23495860
23456120
23487100
23501084
23560840
23431608
27183552
23402592
23412320
23456460
23418852
23441952
23710024
23511988
23491112
23408144
23433560
23449348
23520164
23508888
23659628
23494508
23541984
23623472
23540816
23500096
23460016
23403272
23462244
23479968
23614936
23529140
23475524
23511568
23559772
23544848
23593396
23583548
23418980
23573088
23431760
23441352
23394464
23492904
23567836
23559556
23446136
23589476
23488720
23487260
23538968
23379348
23435152
23408392
23580940
23556256
23486364
23467736
23429624
23509196
23581708
23534240
23591100
23535852
23646000
23386512
23571908
23507516
23521056
23446888
23505540
23456956
23302140
23559024
23543004
23455308
23374648
23485544
23463836
23571248
23554076
23528304
23415148
23542112
23836716
24461512
23665240
23362580
23474852
23490528
23499980
23531332
23399612
23410528
23341624
23436752
23621548
23656964
23447712
23404004
23364264
23589236
23535428
23679684
23683628
23948956
23740396
23685504
24400264
24468036
23464140
23637224
23836676
23757520
23490216
23792880
23640604
23784288
23830296
23371872
23561432
23389672
23472760
23563820
23476980
23556504
23478604
23908520
23420852
23735248
23490640
23394988
23434504
23535036
23572980
23452684
23385008
23419300
23478308
23551464
23632340
23579856
23856872
23384204
24953408
23506576
28897408
23490876
23726916
23353880
23480132
23441796
23464608
23485220
23545352
23371652
23559828
23521236
23470736
23361596
23430152
23670028
23553984
23596364
23462192
23363708
23373360
23456948
23466912
23569648
23538916
23368276
23512348
23465792
23444676
23525052
23448744
23407900
23475224
23606720
27679952
23527916
23400468
23378468
23354972
23471064
23537528
23415004
23550020
23480772
23516996
23401456
23491708
23498788
23872328
23508292
23504260
23731024
23693488
24388592
23682952
23481640
23540856
23528868
23493604
23718680
23480408
23663148
23428444
23538300
23521544
23508912
23644500
31642888
23387520
23572588
23399440
23359864
23556640
23494948
23582132
23489368
23535700
23698420
23308456
23389028
23573408
23480392
23430664
23403072
26638088
23572312
23595704
23584960
23511372
23496188
23410900
23550796
23516716
23434036
23510456
23729056
23630064
23639364
23466204
23379012
23520336
30918100
23685700
23772740
23498812
23457096
23488256
23494656
23491832
24024792
23525508
23758512
23741392
23436820
23555932
23467388
24144656
23812912
24206844
23480128
25612020
23426396
23584688
23733420
23720516
23482104
23462020
23394960
23463560
23513752
23431784
23500452
23474720
23543884
23527244
23526296
23400248
23557472
26024076
23411032
23622864
23809656
23919348
23791496
23412340
23385464
23718300
23690688
23803600
23829912
23744092
23651036
23963768
23845480
23745628
23504636
24376796
24200128
23569388
23449932
23446348
23460620
23415696
23397764
23552132
23465176
23517864
23519456
23375612
23448964
23412948
23455256
23565336
32840004
23449040
23693760
23581312
23563656
23534628
23454368
23417028
23397832
23720184
23498612
23481612
29001504
23479144
23517584
23803344
24485284
23844152
23472144
23396620
23451856
23519512
23791484
23765408
23676696
23519228
23488756
23430616
23667056
23844308
23795808
23753920
23468484
23235044
23472476
23584944
23515224
23602504
23484280
23422468
23470168
23624536
23527512
23392600
23559020
23531972
23497468
23410004
23420768
23513352
23415240
23564548
23560424
23368944
23491308
23423480
23526288
23533992
23537716
23616008
23472848
23443488
23490308
23790188
23511056
23536536
23465416
23470108
23537304
23507652
23643992
23710616
23517744
23402184
23469476
23522732
23539896
23528804
23576688
23392356
23442980
23470856
23438592
23638376
23466180
23413420
23502816
23497640
23535688
23578664
23470024
23506384
23461116
23462856
23409000
25952160
23449884
23713492
23434196
23469524
23529476
23537416
23406712
23544580
23375940
23514528
23651844
23446756
23387812
23489420
23464664
23489768
23498372
23409936
23454580
23446960
24054916
24282920
24259600
23581564
23499012
23426828
23496532
23527772
23411920
23482136
23540852
23467960
23506748
23785068
23587580
23711688
23607284
23526264
23390036
23434316
23462784
23518836
23564540
23481176
23584624
23528524
23563632
23475760
23615068
23474124
23515932
23612712
23481820
23469656
23508012
23408384
23590676
23501332
23483532
23583252
23472480
27506180
23523416
23537448
23578948
23842292
23411428
23572812
23458480
23491832
23706408
23525524
23457632
23495372
23517868
23499640
23603856
23534580
23417248
23516604
23539312
23514624
23472672
23463756
23490960
23544488
23550748
23518816
23359124
23428336
23513260
23503792
23507456
23503684
23671020
23595896
23549004
23572456
23468252
23506232
23502460
23366508
23498520
23545440
23415772
23314996
23325952
23392324
23460532
23370008
23357036
23528336
23463160
23434848
27788396
23476716
23600272
23530924
23585888
23527484
23494184
23544232
23546768
23529460
23502428
23557928
23475992
23659804
23582240
23547804
23599072
23492988
23427644
23524048
23481092
32176544
23523572
23591432
23503432
23535128
23527872
23570316
23496868
23637444
23526532
23431964
23506400
23421432
23625044
23523484
23504080
23505760
23752300
23582512
23621756
23541636
23495256
23440828
23662032
23608392
23522644
23485324
23490632
23492756
23598660
23530204
24060920
23605496
23489996
23531188
23556616
23535800
23557628
23561064
23470212
23536928
23522504
23452736
23544176
23548688
23439616
23526888
23643748
23552760
23632976
23814820
23780040
23907176
23915992
23577408
23555304
23513404
23754800
23727656
23806032
23450512
23599368
23526392
23581060
23627252
23504648
23495000
23507912
23509476
23453848
23570972
23525420
23495076
23398648
23540632
23612760
23481096
23643440
23552132
23453528
23563248
23491740
23490220
23445732
31879112
23629844
23518064
23573852
23625932
24483624
23565100
23563416
23568332
23632996
23398588
23553924
23519792
23566984
23525144
23560908
23490800
23537384
23539028
23490660
23395436
23568368
23501056
23373236
23565492
23606744
23426364
23496724
23485144
23591888
23600436
23476932
23468256
23545740
23804820
23449276
23516612
23444116
23458440
23445856
23523308
23486116
23484640
23420820
23518048
23427388
23475812
23706096
23689588
23478736
23510640
23502644
23416984
23427840
23645324
23739020
23533468
23331868
 
23461112
23820872
23792592
23712880
23810648
23495268
23507616
23534060
23556472
23470864
23732276
23337436
23576888
23455684
23496868
23418584
23467836
23364480
23535152
23487396
23518172
23375852
23431820
23435572
23511572
23505460
29351472
23684836
23755784
23391576
23559540
23372236
23491732
23382704
23428588
23459184
23453564
23317892
23475296
23383052
23458324
23518276
23444176
32334844
23451256
23582616
23574872
23447112
23394740
23422224
23491864
23412700
23600068
23487612
23427936
23425644
23438348
23495988
23451196
23465728
23399892
23378956
23784004
23577580
30676780
23499764
23495080
23543044
23612024
23486032
23559268
23763440
23545064
23497408
23522560
23504748
23459788
31823700
23660568
23537792
23613868
23756640
23533624
23570276
23651044
23514880
23574908
23589668
23594808
23511960
23457056
23607420
23603836
23539832
23565088
23501224
23481804
23500932
23685804
23428032
23788624
23863668
23716556
23517940
23578304
24434668
23687632
23786740
23847372
23725656
23492080
23447456
23482608
23461820
29835088
23512404
23499440
23587800
23512596
23550856
23353468
23386104
23573352
23473544
23475572
23776488
23482092
23623636
23817392
23748536
23373068
23468972
28176116
23604848
23523668
23557876
23492000
23506744
23420280
23592884
23525024
23403228
23737920
23634728
34744592
23492488
23486752
23557216
23580608
23533020
23513872
23525856
23416596
23520556
23624632
23447956
23494292
23557236
23455468
23675156
23598048
23549488
23743940
23713804
23613740
23554224
23564416
23318024
23591676
23583888
24222932
23475780
23713108
23606796
23612460
23587484
23483824
34010960
23478232
23510904
23500592
23471056
23612400
23870548
23823084
24041276
23795700
23445388
23496716
23548324
23559032
23505800
23434188
23642980
23512292
23647356
23559336
23509952
23458656
23461244
23529012
23522688
23529056
23498044
23520456
23527128
23517156
23531276
23474692
23485304
23392916
23538740
23498900
23483888
23437708
23616464
23401996
23475672
23562288
23433944
28574888
23507160
23521880
23553952
23492212
23479652
23504988
23350244
23433564
23553888
23537252
23459764
23385784
23453204
23502076
23550392
23469756
23482904
23583940
23464084
23578608
23519592
23529856
23423820
23408184
23434016
23645948
23549512
23556848
23563488
23420004
23383904
23324392
28379000
23484792
23540888
23451524
23415116
23440496
23523960
23454416
23505904
23387916
23499740
23589792
23522984
23539496
23500388
23461308
23614176
23537676
23447044
23388400
23424444
23628500
23573296
23422540
23499992
23466368
23512956
23559568
23529632
23434028
23388100
23522448
23448084
23450764
23464280
23586180
23503112
23579536
23480568
23359916
23458000
23487672
23549904
23547268
23407832
23414516
23442320
23464324
23475748
23476644
23471324
23513464
23420572
23458844
23516776
23464888
23441440
23555060
23397024
23506820
23503516
23509664
23429176
23445500
23480172
23504336
23460772
23458956
23569616
23515884
23432324
23491796
23611208
23475520
23510372
23494192
31325856
23548768
23522568
23482448
23465976
23435840
23376200
23347320
23528756
23504876
23500052
23567968
23425380
23495192
23578380
23742860
23359584
23640712
23544484
23540140
23466824
23392640
23438324
23473348
23495104
23568564
23486576
23435772
23554288
23418020
23521432
23368816
25413932
23563772
23487064
23593528
23526340
23467940
23398428
23512616
23638460
23517136
23390260
23500600
23504836
23573204
23545076
23521604
23373836
34279120
23589756
23526616
23552692
23570316
23502788
23584900
23501692
23478984
23495104
23435828
23518048
23580264
23420160
31323724
23598424
23469128
29563760
23741484
24235072
23739084
23919040
23659640
23692144
23442852
23486632
23534208
23474744
23351904
23467688
23436368
23502180
23485496
23389748
23412948
23575824
23460984
23516888
23557408
23331388
23518504
23352696
23380200
23528928
23493420
23481988
23578060
27825028
23633200
23716572
24003512
23642404
23630452
23503276
23503704
23388332
23537352
23511968
23582844
23561928
23485252
23440840
23504956
23510528
23590256
23550864
23525712
23538920
23539812
23524876
23443784
23465668
23441508
23481656
23564544
23518008
23394768
23494856
23399524
23553304
23550104
23438432
23400508
26482792
23516784
23452768
23507036
23431780
23517248
23511352
23530012
23540472
23471052
23479512
23363996
23545876
23550376
23434760
23627260
23819444
23582060
26720312
23505484
23455088
23427316
23413584
23404652
23490928
23585720
23488212
23449748
23511328
23474188
23488140
23488728
23522968
23435240
29380832
23446772
29123188
23488756
23420412
23516776
23360132
23547180
23296684
23416292
23406856
23447336
23388992
23403832
23506512
23439976
23453620
25380768
23601612
23490336
23483544
23447024
23394616
23507828
23450320
23487844
23576624
23409820
23322192
23519032
23433048
23636116
23467404
23520192
23426912
23440416
23415564
23382788
23476640
23512408
23463432
23509656
23480068
23402496
23495960
23545896
23569080
23475208
23462392
23483592
23365660
23487792
23560104
23507476
23501032
23412920
23547556
23566576
23423540
23451000
23419916
23532848
23575708
23468792
23448960
23522316
23403632
23392580
23457792
23520240
23465348
23430804
23433692
23654576
23429612
23456308
23471016
23490560
23506576
23464388
23545524
23525940
23433644
23363032
23456764
23462564
23441232
29024172
23452288
23456716
23557624
23472136
23326700
23342296
23424560
23525580
23393452
23441504
23375088
29281188
23437456
23496072
23505744
23480520
23453512
23435396
23383184
23904096
23723268
23540360
23620232
23762160
23591488
23744820
23783348
23813800
23793168
23848848
23768048
23442436
23525748
23418640
23396880
23417016
23423148
23389916
23368944
23466104
23474008
23442124
23520152
23869040
23837652
29465744
23773232
23899884
23505940
23505764
28926808
23494828
23501064
23418804
23571660
23739296
23734168
23767156
23787812
23705996
23682004
23727732
23796072
23865876
23710508
23784432
24440744
24378936
23794956
23864912
23912720
23628728
24016216
23429800
23642664
23647456
23696528
23840868
24168932
23665920
23515296
23470444
23785748
23834552
23669768
25554452
23772624
23579784
24264968
23636284
23816920
23844900
23901308
24374740
23927320
26011888
23537584
23931968
23951700
23880664
23731324
23558732
23443232
23521948
23490772
23463620
23403128
23513668
23476376
23463668
23598104
23496052
27843036
23649200
23591236
23479612
23550324
24513052
23537276
23478080
23475708
23820308
23530356
23462904
23715880
23495044
23405140
23812656
23512412
23479216
23524688
23597660
23731724
23823256
24187308
23519584
24057208
23642528
23715328
23446620
23510624
23516028
23480684
23511704
23471296
23460952
23416640
23652468
23434488
23373696
23461656
23421788
23411116
30906972
23331964
23442820
23478924
23407648
23692544
23547180
23500568
23693556
23394516
23861456
23520488
23545364
23493516
23419236
23630792
23538176
23462004
25515936
23453920
23395472
23577992
23562384
23422380
23646452
23631956
23551428
23507408
23547028
23442300
23582016
23564948
23553436
23461516
23455484
23552412
23507052
23618380
23586192
23548752
23453580
23588368
29439480
23660892
23527708
23504596
23533372
23524184
23533916
23628948
23668460
23678636
23404688
23587348
23585700
23552060
23528768
23675520
23633664
23812468
23779028
23852628
23453416
23615820
23587564
23597500
23566708
23542776
23550192
23683292
23633380
23589020
23601148
23620060
24204152
23486216
23585920
23454824
23700280
23608348
23515216
23469336
23569044
23512604
23624892
23529920
23597748
23535576
23397752
23616076
23527704
23514284
23619716
23562716
23478996
23519524
23509200
23493204
23408140
23319548
23438908
23496432
23434684
23511000
23391880
23287656
23485892
23476368
23427592
23393684
23482748
23389232
23565056
23493356
23480112
23478784
23420244
24262080
23468584
25228940
23397036
24006284
23552668
23315608
23515548
23420396
23449816
23668240
23577004
23437364
23515940
23491100
23590220
23588364
23509300
23480360
23369952
23543276
23440232
23359628
23572948
23513004
23559288
23424852
23518748
23493184
23471344
23466568
23399104
23459844
23538508
23584156
23493160
23436700
23451156
23484156
23565612
23505472
23504376
23400800
23420012
23450344
23575284
23455468
23453480
23544480
23443496
23576596
23504468
23921392
23622908
23492280
23440516
23519308
23527064
23455368
23527804
23453488
23419004
23504912
23491604
23447060
23296292
23394708
23497896
23410376
23360416
23548512
23432412
23495568
23465476
23533396
23549920
23619076
23633768
23543776
23467484
23661816
23540348
23538396
23429940
23557700
27244268
23585224
23587580
23396236
23498264
23425456
23399528
23578324
23431612
23360540
23393744
23500032
23510660
23740352
23757940
23495336
23389048
23572472
23552152
23508764
23477364
23464196
23670512
23534192
23525244
23464568
23451824
23521612
23953640
24113536
23614200
23538760
23362448
23473532
23555220
23498028
23447648
23471312
23395996
23632784
23500624
23399012
23520100
23513520
23377308
23812164
23426952
23549916
23438960
23402252
23573204
23463052
23493924
23506248
23553036
23349200
23445736
23613640
24009136
23485136
23572420
23455972
 
23557144
23503568
23508500
23537696
23386976
23361192
23410328
23745616
23615176
23482308
23410836
23482832
23689012
23678028
23708600
23397476
23587108
23855920
23659860
23778020
23354764
23374892
23434156
23529256
23462936
23500796
23397872
23413316
23864108
23600064
23651584
23860756
24348352
23495592
23732872
23720680
23647248
23579432
23570008
23509100
23452728
23628092
24159932
28069732
23590784
23736500
23922744
23530312
23697508
23771824
23914696
23881344
23956808
23795512
24090176
23991744
23960560
23773776
23800948
23753520
24037428
23551656
23521704
23551724
23500912
23525072
23620328
23792764
23661876
23508212
23792644
23791616
23788132
23551604
23565092
23414400
23605336
23483996
26895704
23511180
23523460
23856964
23904052
23572904
23532360
23491192
23811412
23735404
23669064
23373736
23664884
23675100
23484700
23597600
23538784
23390884
23427568
23479360
23595056
23801976
23776716
23804068
23737292
23600936
23413120
23551776
23613560
23906552
23762528
23761976
24175816
24159728
23800908
23830340
23776996
23775664
24079160
23946396
24095992
24248896
23877188
23703688
23825600
23717312
23446172
23494100
23415108
29919676
23742988
23592328
23891752
23401784
23482664
23588476
23620208
24027328
23636408
23349140
23671276
23444496
23583284
23544732
23447724
23523396
23563828
23810452
23581452
23584892
23396820
23844020
23767444
23928572
23890160
23688072
23788596
23774908
23739452
24632988
23498180
23479160
23421484
23529248
23577312
23545988
30721408
23506856
23653720
23627716
23544504
23565680
23575584
23400188
23523660
23563940
23508728
23576056
23501552
23460532
23574140
23504832
23429168
23447164
23579872
23620528
23595696
23495208
23459844
23607796
23510828
23474008
23633804
23533092
23440140
23580736
23510720
23497348
23478636
23568644
23527456
23584636
23632712
23477968
23484456
23414828
23570084
23432188
23543916
23460368
23573232
23562748
23491824
23432296
23561648
23460456
23890304
23570724
23509312
23444940
23427556
23496560
23620100
23640396
23516116
23465980
23359500
23442840
23601236
23669468
23601368
23560568
23568052
23405096
23582728
23491640
23484716
23520692
23485364
23510384
23483332
23496800
23591728
23595772
23432464
23522560
23523620
23430160
23598508
23428988
23546492
23515292
23464956
23518440
23480856
23357288
23454056
23354636
23288228
23429632
23418968
26305136
23418120
23476480
23482692
23505980
23389828
23390816
23476768
23540736
23507276
23478396
23807608
23757264
23457616
23563892
23574932
23437796
23710812
23503748
23500620
23597116
23451760
23490968
23441120
23549520
23662232
23422332
23731548
23688204
23690460
23475500
23523776
23559176
23581236
28008508
23530572
23334628
23533332
23475228
23547244
23355756
23455100
29291236
23644196
23557548
23487076
23510576
23381140
23442076
23451800
23451944
25069116
23475936
23416844
23474392
23547752
24419744
23993588
23403704
23422776
23467952
23536196
23512276
23377320
23361004
23362708
24133552
23746392
23870268
23797216
23632608
23623996
23530784
23460272
23527432
23473456
23436144
23645600
23565200
23483216
23367524
23365696
23478612
23552176
23614184
23588788
23575244
23619728
23896096
23977660
23919840
23743364
24595256
23900452
23689084
24602324
24398192
24432588
23679228
23619148
23721936
23726888
23996768
23622508
23544420
23510212
23741924
23445684
23500968
23505560
23396360
23476024
23424216
23497996
23290120
23479552
23484152
23613692
23609508
23516080
23398980
23389200
23435552
23571956
23568376
23474320
23344608
23414368
23439252
23512224
23453040
23582348
23411860
23561572
23476520
34846572
23503944
23573500
23413592
23498240
23496396
23527412
23678724
23442868
23573880
23564988
23522416
23554212
23502408
23451228
23563352
23517556
24620272
23497108
23507464
23670308
23488896
23536936
23512684
23467528
23333644
23474020
23457164
27990376
23475752
23425752
23485828
23522880
23706620
23608532
23835100
24025892
24048016
24476628
23529868
23621424
23648680
23451000
23505056
23661684
23504276
23604728
23498828
23508772
23547864
23704944
23581636
23499896
23578364
23503780
23511560
23600392
23464044
23489188
23520424
23491060
32497128
23444280
23441000
23416344
23475476
23607752
23524136
23448980
23557368
23502220
23598552
23575752
23447572
23473312
23438824
23556540
23528524
23465712
23453252
23486040
23454056
23551704
23508872
23528152
23497232
23431356
23548592
23567276
23496404
23464104
23475640
23483560
23532604
23602836
23444720
27442348
23404296
23545248
23655536
23572476
23482456
23428784
23474144
23345704
23519916
23512984
23510056
23380116
23469824
23494872
23502116
23308280
23617376
23622248
27218928
23523624
23390300
23531516
23428096
23574060
23420852
23490932
23537776
23370676
23387392
23446872
23536728
23478256
23486884
23488060
23468784
23507908
23349356
23541444
23481264
23382216
23497156
23426900
23472056
23367032
23497040
23555648
23532584
23435912
23430652
23482712
23481384
23519476
23488868
23437940
23437480
23467036
23591168
23539312
23461672
23408512
23474928
23294060
23537320
23488628
23362444
23478072
23382572
23546912
23490500
23474564
23439900
23440592
23459692
23348116
23533460
23648540
23488748
23422008
23455716
23517684
23612544
23577156
23510260
23797412
23514892
23622164
23456872
23603836
23545212
23728272
23545696
23647448
23589240
23841668
23900492
24563988
23888020
23668148
23483288
23509764
28013528
23537980
23506408
23425772
23412364
23535348
23488784
23496244
23583624
23437072
23347356
23467252
23454572
23527608
23532216
23431520
23699160
23456292
23504896
23583196
23480704
23408908
23517736
23525216
23406056
23604572
23315972
23526684
23484984
23445636
23536068
23425496
23579104
23750888
23435972
23620928
23544016
23464492
23747024
23850896
23746264
23555996
23398272
23436888
23486588
23514776
23514572
23477756
23419340
23593288
23611860
23491024
23606364
23641612
23488172
23659872
23892692
23879376
23552712
23615752
23475852
23573968
23582216
23463808
23624356
23480176
23543720
23613352
23503244
23487812
23445424
23353492
23373780
23539404
23508260
23633256
23477896
23454784
23396208
23553740
23560596
23363772
23317632
23479272
23543292
23521940
23464336
23539456
23462392
23373084
23558844
23342292
23566676
23374576
23616124
23425248
23434080
23523212
23418880
23464220
23532392
23447572
23477816
23639808
23482024
23623780
23578484
23609392
23368060
23476616
23506588
23467888
23554792
23487492
23431204
23522420
23415424
23538872
28410956
23447264
23393296
23497768
23558120
23503572
23385224
23437844
23418984
23585580
23511144
23456904
23459516
23408044
23655604
23603496
23501160
23476844
23383368
23380704
23652952
23619888
23679316
23780488
24031388
24333228
24739184
23798740
23890352
23925600
23791908
23781072
23745492
23899620
24190772
24503956
24238256
25371328
24333040
24334848
24399316
24391168
24585120
25120176
24026080
23920416
23946692
23531244
24897516
24777456
24859784
23971312
24714816
24750392
24771168
23949636
24006304
23990844
24635744
24808412
24625080
24844104
23990576
24072236
24812536
23912532
36024072
24723060
23986048
23941960
24001872
24057240
24117272
23869120
24665928
24660284
24877080
23956884
23957964
24005952
23950888
24132228
24660944
25608824
23716940
23549112
24065528
30209004
23696948
23874916
24178020
23938940
23964780
24086368
24752616
23899636
24651916
24741764
24011712
23959672
24824084
23973292
23913012
24073252
24065976
25456588
24766044
24717952
24663936
24052608
23991520
24140672
24061808
23955512
24677080
24769676
24729764
24025956
23990664
24011864
24051316
24068028
23960440
24844948
24013380
24082264
24668204
24717768
24098436
23909192
24550864
24700156
24022236
23945380
24122212
24681492
24120528
24007624
24589948
24084252
24663648
24640040
24044520
24004536
24651480
24115600
23971820
24134216
24057372
24059456
26295540
23975104
24057224
23994164
24064948
24163948
23958080
24019204
24650092
24639612
24056460
24066092
24041140
24158320
24010508
24081924
23991088
24765076
24793740
24707704
23987212
24044084
24631400
24078644
23954068
24780340
23925224
23977112
24069532
23977912
24679796
24851248
24683928
24020664
24107512
24517772
24761348
24638204
24656088
24772328
24735208
24723536
36780432
24172004
24703488
24213168
24688620
24738652
24734588
24773324
24811740
24730832
24778448
24792736
24745356
24864240
24359884
24714848
23721728
23724556
23831964
24068420
23927112
24049832
36269708
24068216
24746404
24481160
24671408
24661236
24722448
24786244
24613936
24587508
24714620
24912412
24839080
24691692
23994320
24636352
24812124
24968704
24683780
24731056
24671124
24831400
24723944
24698728
24738312
23879176
24730636
24578332
24575948
24664768
24680832
24701152
24733748
27478916
24789904
24561464
24849460
24626484
24764908
24027212
24572060
24699524
24721060
24701316
24727956
28922816
24735160
24734248
24600356
24589204
24626940
24633584
24713748
24568060
24654588
24641296
24735104
24675032
24680708
24650724
24706864
24676960
24695456
24637404
24754784
24752900
24697992
24848956
24753868
24780556
24625888
24612768
24542904
24832852
24572120
24614956
24623780
 
24683936
25686868
24657760
24017616
23973720
24643496
24594692
24535396
24559792
24681272
24606292
24695264
24532680
24574528
24296772
24406156
23872408
24211196
24146776
24302324
24296624
31821632
24154484
24025940
23902912
24055868
24253016
23834456
24333892
23987636
23938268
23712696
23875680
23788932
24326352
30075536
24275112
24681624
29332016
24710844
24764748
24804468
24862804
24599088
23914020
23759888
24267080
23907540
24520320
24511656
23680048
23853712
25227612
23762544
23751780
34227000
23788696
24234392
24268040
24565868
24620888
24359732
24282904
24317604
24349680
24278564
24330132
24343072
23697428
23778404
23755228
23903312
24526764
24131800
24518788
23878524
23780536
23661068
23703572
23648284
23636428
23755924
23533528
23569872
23728504
23490024
23487064
23714452
24047592
24017228
23770440
24222012
23786732
23684504
23708432
23607732
23667344
23752616
23577048
23661176
23677856
23522392
23726656
23652032
23690300
23645348
23682832
23704988
23603956
23635680
23698560
23584032
23714064
23727288
23667020
23650464
23656068
23605836
23734120
23753548
23608156
23596332
23543036
23670820
23513508
23553276
23694548
23605288
23758308
23595120
23758800
23677140
23696092
23796220
23668376
23708920
23622788
30151544
23580044
23788564
23628404
23592680
23683460
23622432
23564376
23714828
23670400
23662304
23689844
23572256
23665468
23687960
23579084
23616168
23691932
24133464
24115440
23651772
23706772
23736132
23697924
23783288
23747356
23551076
23663868
23625112
23563888
23713772
23640128
23713152
23592008
23524976
23558616
23616012
23601316
23694132
23589184
23482616
23583120
23709144
23632556
23750160
23572248
23602044
23792420
23669736
23668844
23644852
23672384
23645372
23578400
23742840
23531876
23581132
23570108
23663452
23678640
23473204
23657064
23576472
23529772
23579088
24410268
23683216
23600528
23630276
24219088
24206908
24320392
23983692
24568184
24758248
24677296
24572288
24633400
24617416
24540384
24711288
23992988
24635592
24471520
24623736
25150844
24671628
24681180
32135840
24795472
23752468
23755600
23657112
23737328
23682888
23740088
23528284
23690140
24324144
23590536
24673800
24690436
24500892
24670672
24674688
24768780
23882716
24573688
24373832
24199440
23522976
23548408
23476220
23570720
23464684
23709184
23771216
23517100
23475040
23529168
23541232
23531096
29609284
23559604
23652056
23492788
23593024
23488760
24560472
24361772
23612288
23573416
23574100
23607760
23637096
24198004
23765416
23605504
23675024
23739904
23573304
23473060
23664896
23589008
23387096
23540468
23572012
23512564
30259668
23702032
23709220
23551764
23665232
23591808
23523676
23649512
24713884
24773188
24638440
24742456
23885608
24651036
24516588
24647252
24693224
24388864
24525112
24707924
24791872
24758252
24695608
24743676
24407316
23560788
23626972
23703172
23551704
23652604
23501256
23700112
23694588
23628556
23573428
23649640
23538060
23634596
23587832
23596100
23656480
23698452
23609312
23615304
23742992
23497196
23615712
23331808
23648228
23679340
23565508
23571004
23773928
23607392
23700492
23628744
23535508
23534660
23675116
23626968
23729716
23591736
23607892
23528540
23512572
23484912
23584596
23509464
23642652
23651740
23593500
34409348
24120108
24529804
24567124
24730776
24628008
23682184
23575932
23615724
30040528
23574676
23553988
23421988
23697948
23730676
23634548
23757104
23731676
23762832
23689784
23671052
23666220
23530936
23643272
23604208
23596992
23673036
24378280
23761920
23621640
23697952
23703784
23510200
23580856
23568816
23666352
23637944
23596560
26552584
23706244
23837888
23730916
23464416
23726260
23613304
23616028
23718352
23718004
23686724
23566112
23640036
23521496
23668872
23718172
23505576
23512696
23680088
23671760
23655552
23714280
23595064
23670072
23665456
23661620
23543604
23668212
23566496
23573944
23769288
23629204
23694656
23646632
23613596
23725152
23617920
23673328
23692928
23563840
23728536
23560032
23524920
23751836
23575236
23458900
23568912
23671880
23596396
23774124
23655984
23615240
23698084
23579732
23737992
23617124
23620852
23454112
23756000
23735824
23736372
23682876
23638984
23445308
23692232
23660940
23705388
23579688
23669428
23721008
23613004
23611304
23696920
23673224
23617504
23563284
23872988
23527520
23551672
23507100
23715852
23727584
23584388
23790976
23850696
24591180
24570388
24642152
24557204
24676016
23843276
24597404
24622676
24391312
23612460
23643992
24008936
23659048
23579104
23665664
23916344
23758376
23729676
23790524
23786148
24041068
24526572
24710924
24675680
26188576
24726896
24723648
29483484
24690948
24687724
23978608
24832952
24839812
24252724
24659228
23901968
24663872
24541552
24677432
24541556
24692980
24864724
24683916
24257856
24285844
23717848
23753544
23728752
23643180
23696352
23832456
23631140
23821136
23780828
23575868
23511448
23633784
23654012
23481952
23563884
23575944
23602824
23718488
23430340
23531064
23527884
23782028
23532784
23498516
23562944
23683392
23572100
23647340
23519704
23625500
23519752
23721032
23767908
24229076
24657320
24364144
23686000
23819852
24209848
24732552
24652140
24989748
24679772
24715112
24710388
24790848
24715744
24849532
24819412
24809768
24702360
24666412
24764816
24688244
24539512
24505968
23569724
23650384
23741096
23724276
24378736
23746680
23788456
23686872
23580680
23639544
23712652
23705316
23794272
23739380
23640276
23664576
23566408
23657308
25518996
23664564
23554928
23837464
23662888
23673980
23851632
23568108
23736644
23660672
23690432
23640660
23669316
23707064
23670716
23598576
23631616
23981048
23655800
23761952
23726052
23761960
23621780
23565368
23757952
23613424
23623752
23740552
23685116
23740756
23807892
23479576
23638264
23598156
23568068
23594380
23675324
23641340
23717376
23659424
23567704
23672480
23546884
23660812
23800360
23596612
23609588
23783388
23858556
23704760
23513996
23629992
23718860
23602680
23786932
23727672
23734392
24023812
23779988
23545000
24281596
23777476
23766844
23860340
23852728
23719604
23709528
23791652
23721720
23816444
23866580
23800684
23766372
23796788
23700212
23674404
23736920
23738664
27719516
23806496
23745872
23629864
23797988
23720752
23748752
23885328
23698432
23717492
23708744
23763488
28190500
23768744
23762168
23660852
23759324
23714212
23631340
23659428
23750984
23666480
23691144
23654792
23715916
23728568
23693028
24246660
23730456
23842048
33079616
23748816
23690052
23693956
23789880
23744596
23653572
23699176
23756248
23596300
23635416
23668076
23546144
23746096
23710784
23649860
23637620
23570632
23717808
23599628
23567064
24044584
23702316
23594764
33011628
23737236
23846948
24697580
24715540
24964628
24854940
24820652
24984096
23586064
23709768
26623808
23826464
23652620
23594488
23612484
23729540
23944864
24308300
23727632
23805980
23807544
24454880
24575732
24876692
24830372
24786580
24837588
24771180
24745996
24817916
24919036
24633780
24756968
24665816
24722112
24699892
24827392
24493272
23681712
24626328
24773260
24042024
24791612
24758160
24716004
23976916
24503132
24677320
24065284
24714144
24585244
24752516
24729068
24057556
24623688
24711704
24877036
24192476
24682536
27611364
23960936
24447292
24435580
24772984
24734668
24785180
24762036
23867152
24469508
24093024
35009604
24075828
23806660
23822300
23869004
23721320
23761164
23753336
23819608
23818168
23828216
23685544
23756076
23757564
23848928
23796520
23772460
23760032
23689540
23807108
26407336
23708740
23732640
23681280
23752948
23688780
23712960
23719392
23623424
23658892
32416412
23682380
23756644
23729128
23782436
23798596
24064600
24034412
24051628
24056376
24704832
24069308
24165100
24142172
24657768
24049332
24106916
23764056
23778452
23743236
23699976
24462592
24218160
23691872
23558872
24279688
23737476
23665676
23460088
23446692
23766092
23653272
23777552
23699664
23851740
24647296
24722984
24027996
24681820
24558868
24730812
24833764
24022816
24747592
24548448
24668252
24632496
24788808
24784780
24025732
24589200
24663504
30595220
24816528
24841132
24802100
24664600
24139352
24806912
24734744
24737448
24488784
24676476
24666812
24751280
24661228
24793596
24671500
24676396
24698908
24496984
24646132
24829620
24895588
24721332
24775284
24655764
24582948
24731248
24752940
24687900
24649088
25285216
24574320
24689544
24701528
24565404
24722980
24629932
24653596
24817948
24549552
24654524
24657564
24720552
24631672
24718184
24587868
24355984
23716864
24691168
24116012
23573168
23675936
23719860
24060104
23723500
23694332
23683100
24002908
23587436
23583492
23916320
23731396
23621528
23589968
23635660
23580268
23656180
23826192
23705860
23554768
23581440
24233036
24177928
24469616
24642948
24555016
24609484
24587268
25136096
24523396
24581328
27746224
24620856
24809784
24623380
24628080
24177676
23794400
24398064
24186632
24108020
23774956
24160024
24403096
24106560
23984892
23595140
23470572
23487624
23593704
23580612
23643828
23641876
23602976
23368884
24345756
23464172
23568648
23744456
23478420
23628784
23543612
23560812
23676688
23715044
23612788
23708200
 
23697700
23633068
23595620
23683980
23761892
23690196
23704576
23668824
23547308
23736784
24266388
23676132
23748848
23648504
27853896
23569960
23710668
23693472
23755192
29456640
23711104
23655656
23733248
23448272
23414092
23581384
23511672
23639916
23355900
23689240
23648912
23465944
23632644
23683080
23690332
23755372
23577068
23635520
23494424
23682688
23686768
23706848
23517716
23694792
23638636
23697556
23594984
23561256
23577992
23618380
23612296
23893240
23820328
23641628
23588192
23749776
23618980
23588888
23671164
23659076
23535764
23807996
23809792
23599300
23603128
23646320
24694760
23732424
23821116
23565340
23521136
23650968
23712824
23793296
23632508
32390968
23836932
23785916
23647900
23655368
23749708
23655840
23403648
23542584
23603740
23532188
23729396
23554856
23629532
23694320
23734232
23597960
23675120
23542348
23625460
24615560
23547560
23573672
28078816
23689268
23660948
23596160
23690848
23734692
23691812
23693188
23643392
23708864
23672660
23711452
23585552
23631960
23710636
23577676
23638132
23628412
23448876
23803576
23681012
23713388
23468652
23619212
23649664
23588252
23590944
23628988
23607772
23754032
23690824
23692424
23615076
23476324
23546476
23694768
23746992
23732124
23682808
23737744
23623280
23676844
23562468
23620632
23425980
23633852
23499008
23585456
23664404
23701856
23690696
23606640
34257968
23626272
23694648
23712944
23710988
23664488
23591408
23643956
23594732
23710816
23692308
23485096
23674092
23605104
23614028
23701400
23598544
23595216
23765676
23723176
23755812
23541756
23596032
23637804
23808160
23571988
23647308
23603044
23757832
23646204
23674592
23603332
24743868
24675760
24585156
33453736
24728048
24842736
24617248
24801460
24790732
24451248
23877152
23859404
23731000
24268984
24853884
23719040
23736884
24250048
24666156
24736728
24757700
24664072
24731776
24753892
24722856
23680008
23654212
23640244
23595500
23700248
23647700
23690772
23933704
23691692
23546132
23623732
23561648
23602980
23507420
23674176
23699224
23587564
23691312
23756436
23801796
23704884
23688868
23516112
23577056
23778792
23578812
23599556
23620744
23477188
23715436
23644996
23541960
23747728
26611560
24306752
23740648
23517436
23692428
23570716
23635092
23668316
23598852
23781048
23721280
23514284
23610536
23560200
23539696
24403076
24087448
23637456
23689840
23797728
23671148
23726152
23674060
23522820
23795668
23671704
23610800
23936764
23774296
23831136
23879324
23765768
23420812
23515280
23815816
23833812
23773920
23619888
23652556
23630836
23644736
23686640
23603508
23779732
23744632
23769608
23534616
23710724
23624388
23642596
23707540
23675988
23782580
23559072
23589620
23512636
23477168
23689560
23644676
23574952
23602068
23677936
23589968
24686980
24729980
24674532
24782956
24651500
24611832
24585880
24634160
24738740
24711244
24587764
24230300
24013016
24209576
24283132
24228048
23681208
23616216
23941836
23740176
23527008
23550780
23630248
23702632
23581216
23625424
23618300
23665892
23619452
23634076
23539812
23483028
23653200
23648424
23620352
23643284
23570144
23602824
23786868
23696392
23664552
23750696
23689304
23591032
23603788
23644796
23600872
23696896
23746412
23730480
23859904
23745640
23688436
23723592
23736864
23638544
23705224
23816272
23686876
23749536
23705392
23721764
23770468
23885788
23636332
23704552
23720216
23736644
23625780
23711864
23581096
23632848
23704432
23744508
23558408
23703688
23732540
23595956
23627972
23757648
23710152
23800772
23682808
24534112
24625972
24836144
24662696
24700124
23663792
23570164
23679220
23668556
23714356
23681624
23792828
23752432
23901452
24238996
24394280
23629496
23640564
23636628
23510044
23683892
23698668
23582052
23513804
23637572
23634428
23556820
23293980
24443364
24548284
24527876
24691728
24775228
24556044
24597560
24697904
24733112
24678460
24343888
23798124
23749752
23642048
23678512
23712212
23815696
23545488
23639576
24107804
24126708
23765116
23668128
23617584
23718700
23764624
23558904
23726756
23723424
23593472
23667652
23637908
23729836
23658508
23638880
23698808
23642736
23720440
23701180
23655700
23652604
23666464
23645744
23554664
23802688
23628080
23710488
23660380
23477972
23572500
23583860
23516840
23616672
23656420
23549280
23578712
23653356
23623884
23619880
23544588
23676824
23585220
23659196
23521992
23634640
23623544
23648644
23527704
23603688
23647904
23672484
23651360
23707836
23785816
23766020
23719988
23684312
23632580
23673680
23491444
23709780
23785592
23722628
23674576
23745776
23713816
23748120
24050660
23616164
23624724
23708248
23574376
23643356
23819592
23601092
23740432
23773188
23717700
23530400
23649520
24252376
24639196
23646624
23659156
23554636
23644944
23740504
23660412
23748172
23706632
23587316
23879408
24422176
24413300
23577800
23718812
23673232
23550456
23555208
23664876
23641424
23809152
23590972
23542508
23696552
23616848
23561532
23682408
23710416
23441200
23660432
23661384
23549144
23584640
23746024
23564496
23613880
23717516
23814444
23713224
23731000
23723484
23552240
23567932
23954604
23518360
23748720
23568680
23659864
23748676
23795736
23660896
23874620
23904852
23736564
23619420
23583696
23851056
23837288
23756416
23779468
23733720
23781736
23773996
23766840
23743964
23735180
23877452
23711968
24062640
23802516
23808672
23576552
23598072
23826008
23623216
23786608
23656520
23646752
23772160
23823908
23824840
23622328
23684964
23576244
23703092
23645872
23610696
23611840
23745188
23726364
23586868
23639208
23625568
23533704
23649436
23661264
24747300
32906056
23856704
23567600
23641436
23565904
23616704
23653952
23689204
23483596
23720204
23757768
23622848
23710964
23735484
23633632
23595228
23671700
23828816
23580312
23751180
23724404
23570852
24241456
23763136
24196116
23877536
23647920
23938052
23657164
23658088
24085116
24333624
24233900
24174132
24215900
23785576
24099428
24225516
24206764
24230544
23878800
23676060
23674952
24220936
24119224
24213884
24196772
23817908
24232444
23815580
23705168
23717304
23432160
23591256
23743500
23474416
23696768
23620704
23569460
23651324
29355592
23756896
23720808
26597700
23613584
23769532
23714632
23667008
23681316
23814256
23743068
23692220
23596428
23678296
23619588
23761820
23620644
23715012
23615436
23657252
23501116
23640168
23654584
23593740
23691860
23806788
23622108
23651000
23565892
23703996
33479612
23654224
23667548
23725068
23656316
23746940
23693232
23613524
23493076
23713604
23539748
23536412
23601848
23528192
23642628
23697784
23582980
23500224
23540476
23528172
23592500
23647604
23548800
23703044
23659016
23652132
28750308
23687428
23770492
23616592
23933836
23601260
23683716
23719980
23520404
23554032
23663384
23656008
23667824
23543284
23719156
23665124
23663936
23628180
23578484
23654256
23694812
23588612
23629216
23547296
23672616
23708300
23476372
23599736
23659012
23523012
23756720
23602020
23687156
27209868
23890284
23601012
23759664
23691108
23686208
23763736
23505512
24330656
24512456
24522588
23787064
23592608
23553748
23667784
23624024
23650496
23656928
23601476
24534004
24067064
24625064
24674880
24557872
24684600
23626004
23705744
32477140
23620088
23727424
23683572
29406012
23763604
23727000
23737780
23734312
23974500
24693752
24726300
24712284
23660960
23748760
23791368
23695120
23584964
23510908
23714820
23657584
23484728
23612756
23587032
23589308
23690332
23562080
24207572
23643536
23660212
23700784
23731056
23493704
24285148
36285332
24436628
24304376
24570132
24235064
24379588
24560812
24704720
24517660
23846548
24666000
24704992
24658616
24495544
24546080
24754528
24191068
24228904
24322012
24200356
23688920
23967160
23904448
23623064
24091820
23441948
24082792
24215108
24585604
24643948
24662500
24806864
24597392
24534272
24540484
24771544
24672804
24013512
24725016
23971600
23632216
23925172
24613148
24899140
24532672
24696900
25851048
24636476
24543764
24085308
24038160
24767668
24695340
24391676
23882464
24220564
24202512
24607408
24556768
24687272
24639016
24683112
24677060
24732764
24676820
24736540
24677532
24633608
24607744
24550248
24497868
24495468
24531108
24624424
24601164
24524356
24731868
24789924
24707360
23917088
24695708
24446200
24552080
24652632
24660756
24486464
24554736
23921680
24558832
23870032
24487540
24670764
24553400
24655488
24184796
23873252
23689140
23618280
23740772
23716896
23628540
23631000
23586300
23508828
23710872
23821404
30193356
23603180
23599960
23687108
24495256
24615440
23612952
23650220
23791572
24744192
24608748
24652372
23874884
24690832
24784980
24721920
24594128
24709024
24785664
24579640
24549280
24720348
24664812
24636164
24563172
24356528
24610544
24756544
24667376
24624156
24511812
24064180
24684024
24743444
24767108
24691664
24707972
24914456
24709264
23664512
23691976
23631052
23758080
23716160
23630564
23727052
23664848
24373728
23509112
23606768
23571172
23683016
23580244
23689952
23625840
23608312
23590232
23732348
23887840
24161864
24095540
24578932
24545352
24188496
24157196
23882752
23804368
23690804
23725356
33981388
23555968
23586544
 
23650596
23728192
23624904
23581584
23575856
23712748
23709164
23509616
23614372
23608332
23566864
23659080
23683128
23566040
23704552
23743080
23671440
23620164
23636660
23533196
23706212
23764024
23639344
23627420
23686960
23678940
23502772
23682980
23711032
24280924
24627252
24660072
24355916
23833348
24177756
23709772
24177412
24230708
24619276
24818620
24612128
24505296
24786364
24694644
24224376
23939208
24062960
24669788
23780916
23708220
23643616
23660460
23680240
23816640
23755968
23788904
23728740
23569756
23645012
23731680
23658076
23712504
23580664
23594464
23762560
23664648
23674180
23615036
23532508
24273112
24492928
24960676
24750132
29017196
24451676
24647024
24651228
24646660
24749732
24571944
24263796
24427976
23785356
23724056
23657972
23594700
23569992
23642744
23747664
23618372
23735084
23518916
23726588
23749144
23662700
23649448
23643912
23543932
23732752
23644332
23824052
23562032
23726160
28487112
23652204
23792516
23683580
23633196
23652504
23647368
23651996
23727896
23766480
24729412
23570796
23603632
25765808
23639628
23599848
23584428
23573276
23659588
23590732
23853476
23778632
23670776
24368952
24531880
24787332
24499892
24640344
23902648
24637208
24782884
24579436
24504412
24849984
24717436
24820900
24752392
24648060
24669688
24869240
24623252
24788636
24833580
24793736
24766324
24687964
23986416
24647848
23715888
23773848
23548720
23638336
23876848
23749288
23661696
23640524
23764404
24706736
23873384
23744760
23780680
23655096
23674736
23583188
23494196
23708696
23758448
23706548
23516492
23621268
23527776
23621056
23719720
23648280
23528804
31570256
23678700
23549556
23756928
23783336
23619436
23566560
23693660
23659464
23567224
23669680
23642516
23683140
23718052
23539048
31414892
24756964
24715512
24658404
23569968
23530028
23520180
23597180
23655300
23570196
23597632
23637964
23641720
23783428
27236756
23664900
23742040
23647296
23661956
23630564
23609196
23707284
23718172
23759704
23763660
23714780
23613744
23742608
28886976
23658012
23825200
23611172
23627320
23519316
23662536
23735084
24643860
24772912
24836752
24692784
24798296
24653216
24626316
24663104
30291348
24118496
24059456
24024960
23921988
24218512
24778288
23921288
23467728
23613608
23529144
23664428
23624184
23561652
24199624
23631764
23435908
23508012
23550024
23671404
23495164
23555748
23580336
23706936
23780992
23756348
23749268
23750696
23646716
23769164
23579044
23571136
23736956
23502084
23600328
23657168
23532956
23678956
23672000
23760236
23567644
23668840
23386720
23646452
23634704
23561008
23608800
23637464
23682636
23598100
23650684
23507008
23605084
23639752
23483660
23602096
23674624
29986132
23738100
23685128
24147700
24216564
23724632
24165336
24487792
24626392
24648392
24712800
24608788
24412248
36291912
24177132
24352192
24263800
24162464
24116856
24228160
23826700
24218672
24346256
24063576
23704996
23625860
23728532
23503316
23594176
23619128
23688776
23768084
23640508
23773076
23711208
23625788
23662632
23633140
23636092
23687236
23656436
23601132
23738120
28745908
23705108
23794700
23633156
23509092
23599836
23510660
23680648
23656300
23710164
23707900
23688620
23523956
23640064
23524480
23658144
23782640
23748620
23729096
23972500
23766532
23615704
23741016
23787524
23537872
23472760
23721788
23607028
23649788
29750804
23658476
23706308
23654676
24325396
24669376
24798808
24758764
24630716
24739144
24782716
24658160
24096980
24662652
24676196
24642996
24760144
23759044
23814508
24029028
32324592
24389560
24316220
24373632
24235196
24498764
24066228
24019644
24394252
24342464
23970544
24084600
23554724
23589080
23852148
23767048
23797936
23567844
23693920
23656952
23615004
23589792
23690064
23774632
23741716
23776852
23687168
23783384
23560900
23552732
23487936
23716412
23625668
23854940
23549972
23685020
26236524
23688500
24545004
24874060
24101984
23556284
23595436
23677508
23485292
23702648
23750332
23781348
23700556
23702432
23675860
23612532
23688028
23913148
23507024
23676364
29069344
23664136
23767960
23739800
23629628
23632376
23795816
23450128
23552160
23578192
27650296
23791828
23796000
23725180
23674480
23680856
23704792
23561756
23803764
23773744
23761176
23630508
23639444
23579112
23583640
23664956
23688084
23760028
23550080
23562076
23591592
23767996
23661204
23671404
23735860
23619572
23687552
23662448
23646644
23762152
25113424
23689832
23700632
23619180
23760428
23729820
23732196
23666160
23754876
23679896
23692840
23564784
23580092
23758232
23577388
23659196
23585228
23617904
23724524
23652188
23392796
23725220
23718824
23634236
23795220
23662884
23686960
23735572
23669988
23551116
23817348
23786180
23645936
23616432
23806756
23820396
23623364
23663192
23624380
23744260
23727004
23769936
23580376
23608272
23728072
23669672
23698148
23722664
23783068
23922960
23775648
23730916
23737264
23693876
23704276
24748716
23751676
23550492
23630776
23665752
23679792
23442024
23542592
23662168
23655032
23574044
23591332
23720384
23693592
23501536
23665256
23543096
23674452
23570032
23919656
23590716
23488108
23770628
23840292
23618344
23509832
23604776
23625472
23679180
23612956
23724416
34332964
23727696
23680024
23614484
23705332
23492840
23577460
23587616
23501236
23649772
23627008
23522628
23556432
23531452
23630464
23569640
24635500
24806524
24771416
24872608
24625552
24174888
24232368
23594120
23689952
23683096
23688852
23551412
23634220
23638168
23753244
24077688
23596328
23870220
24786096
24754948
24676232
24618276
24667932
23915872
24051364
23862852
23551948
23639604
23718932
23739788
23642892
24611052
24606408
24056568
24603768
24515080
23726956
23732452
23684376
23504560
23677452
23589156
23536888
23639736
23725052
23476940
23572952
23763024
23607188
23580324
23714968
23698056
23710072
23728092
23689212
23544704
23710220
23678536
23619576
23695924
23672640
23750908
23734800
23606744
23482368
23533584
23606660
23709732
23761860
23591132
23682268
23738292
23814900
23723188
23782756
23846328
23564440
23712868
23823780
23705944
23707804
23723788
23603892
23683884
23692652
23684924
23525132
23696656
23702676
23497604
23601796
23670280
23719112
24513648
23638652
23626984
27057912
23863484
23683212
23596740
23555224
23645396
23772612
28149808
23778056
23676828
23415424
23617120
23641676
23735792
23470308
23557388
23571308
23726484
23729748
23511532
23581272
23628028
23634636
23675536
23748320
23480640
23582888
25035884
23647316
23715520
23692500
23583232
23779192
23574592
23819056
23736264
23720200
23733024
23801028
23521568
23645144
23563844
23500924
23633260
24004172
24528136
24751796
24687156
24674224
24660504
24555132
24500644
24550572
24830544
24628424
24891136
24774628
32191392
24678280
24763796
24681268
24644016
24700024
34973948
23682948
23648268
23690728
23621748
23651668
23593628
23628172
23535616
23596416
23573044
23632684
23595048
23626840
23692352
23693728
23506496
23542912
23514332
23469876
23645088
23786624
23624264
23760804
23775232
23836984
23590104
23729072
23501588
23642740
24842048
23695832
24053600
23706008
24245276
24528512
24686652
24739256
24586280
24874684
24867084
24700192
23534732
23675908
23757560
23683140
23560728
23730964
23676808
23660524
23645936
23797772
23625912
23632944
30642664
23576396
23693040
23776652
23710092
23783616
23751596
23719948
23775940
23702456
23728356
23538884
23528756
23537336
23540592
23616996
23614876
23594740
23621400
23694592
24410332
24144200
23602492
23558520
23706012
23517956
23565856
23584760
23638776
23668132
23681580
23860032
23774432
24432456
24627252
24720444
24663520
24793632
24641412
24479376
24637548
24576716
24625148
24643112
24707680
24605552
24612464
24551360
24571764
24609132
24531868
24586752
24766412
24424232
23573888
23478112
23910652
23851288
23600880
23673332
23805916
24537116
24152536
24677036
24618452
24536976
24629060
24558988
24624760
24658924
24083868
23571304
23577868
23564272
23588708
23675744
23661764
23549416
23695608
23478900
23440712
23636680
23605104
23661664
23615304
23668208
23570504
24401372
24292428
24193856
25684224
24248072
24218364
24169012
24261868
24746800
24542376
24685812
24615672
24621028
24640544
24250012
24095068
23946532
24271124
24084180
24246316
24684924
24583136
24563028
24667364
24580048
24682692
24577036
24680884
24666524
23992120
24519324
24389816
24785776
26545276
24670256
24827476
24837212
24887328
24822384
24623520
24531152
23689844
23582276
23521924
23653968
24661680
24582960
23839240
23763180
23587304
23637680
23707412
23433368
23553180
23613520
23682548
23659496
23793448
23642920
23600576
23601388
24201896
23445296
23552476
23630292
23545596
23594820
23703280
23740004
23634756
23874264
23740616
23681940
23706356
23693760
23877372
23693404
23611364
23599756
23769880
23619488
23667288
23478180
24434712
24574372
24616508
24723672
24623408
24597504
24758844
28889360
24685512
24622196
23762468
23800288
23758460
23714792
23600040
23825596
23747564
23647616
23696768
23781228
23754732
23654372
23907268
23907112
23724044
23726612
23592588
23577092
23594764
23379512
23732976
23597912
23759724
 
