Procesando...
  Filtro             : mblur
  Implementación     : C
  Archivo de entrada : lena.512x512.bmp
37036720
38027788
37381040
37446896
37412404
37535084
37453016
37442292
37538060
37401764
37680876
37390848
37427972
37376188
37454076
37500512
37523516
37482080
37424288
37441892
37528448
37556204
37431880
37404640
38205416
37445496
37575076
37415424
37468320
37925504
37458368
37541032
37430372
37397520
37402024
37430784
37405776
37430996
37417728
37430384
37404660
37370424
37422504
37426568
38422496
37938380
37567836
37433208
37469236
37454192
37542324
37466852
37339072
37420760
37451080
37540764
37389652
37498684
38222888
37500252
37531892
37377584
37377352
37401820
38071964
37874828
37400200
37528636
37489196
37949936
37339248
37505608
38138712
37536720
37625624
37580600
37462476
37964720
37417340
37615748
38003416
39268380
40389128
38496468
37627808
39738188
37698308
38547136
37612436
41393908
37675712
37475216
38079652
37397248
38235132
37431800
37414332
37418140
38086676
37775728
37480960
37407556
37474464
37487164
38202852
37460908
37381708
37800420
37492712
38004508
37426956
37415420
37426808
37562168
37414468
37362496
37361276
37443752
37443152
37447052
38266392
37430600
38233280
37435176
37374152
37441008
37481532
38058436
37467352
38235800
37413196
37532296
38221856
37494052
37502076
38274808
37437468
37568204
37410704
38166492
37411648
37699788
37755476
37470708
37319068
37485060
37402320
37450716
47862452
38109420
37570436
37483300
38053268
37443708
37447996
37812904
37574480
37382160
37822344
37555088
37382692
37550908
37444860
37412576
37833252
37497344
37548852
37493344
37423180
38025164
37743092
37568284
38185092
38207032
37546884
37466128
38141564
37392352
38285356
37806896
37455800
37477888
37409144
40211916
37454816
37377020
37457684
37429304
37384200
37389916
37366988
40283804
37441684
37396932
37541036
37534232
37790548
37392060
37453608
37494180
37579452
37447792
37447652
37421036
37606296
37617200
37914000
38062148
38328256
37440280
37605084
44134224
38100056
37408288
37392124
37372708
37382640
37341428
37429276
37428396
37377408
37388100
37412772
37367032
37517816
37921720
37379128
37458580
37423744
37996844
37386224
37353244
38887960
37549260
37481976
40258040
37381580
38218852
37794240
37619240
37469564
37949368
37570956
37324452
38109104
37316492
37402132
37328196
37951364
37403948
37680844
37416112
37502248
37452396
37486000
37561288
37483440
37437964
38022660
37700728
37510640
37430052
37953464
37491876
37493640
38292020
37492060
37441908
37411612
37888460
37452312
37436496
38118360
37933940
37799744
37459204
37465692
37467880
37446776
38405724
38230872
38692088
37569456
37434708
37610536
37464896
38292404
38065396
37495196
43681868
39085304
37691716
37561948
37426104
37589448
37411352
37384040
37365088
37359960
37412092
37404092
37352276
37433800
37501856
38169064
37702536
37426424
37610356
37481028
37391052
37455492
37411052
37398288
37481980
37363064
37337908
37470336
37366500
37413456
37371112
37390540
37488196
37501164
37463708
37427448
37399648
37541520
37598252
37356692
37364640
37450536
37547140
37467304
37417444
37858252
37584276
37559544
37602008
37488092
38203208
38966604
37329996
37403752
37656424
37650612
37723156
37422148
37440116
37376228
37558120
38497700
38139748
37336712
37475068
37643652
37471172
37376780
37515920
37469464
41131024
42356284
42222576
42785656
41606336
41583916
42109016
42177288
41687880
41638676
41651620
41732248
42386280
40254672
37445856
37434268
38373956
37563056
37429496
37393420
38344096
37399980
37834864
37484952
37378328
37401992
37444688
37535184
37368216
37427580
37437096
37429760
37396920
38219988
37433640
37602528
37496428
37417460
37455852
37736620
37548472
37597084
37495332
37388228
37462976
37454852
37560980
37494224
37351564
37386636
37454248
37561320
37403308
37366916
40299020
37515336
37409616
37404448
37333904
37704712
38238580
37522248
37448584
37685012
37413112
37356816
37291908
38092380
39812208
37552544
37785184
37417656
37196284
37336368
37300636
37306204
37940472
38147908
37999572
37872684
37499228
37372932
38050972
37466324
37467672
37289984
37944616
37425656
37477552
37504596
37725444
37486792
37436276
37589284
37897372
37644596
37478264
37332928
37347908
37619024
37411324
37504108
37430888
38246544
38142960
37512316
37401244
37471948
37370380
38204212
37441524
37375972
37859708
37512716
38194368
37423860
37376032
37435868
38667472
37487844
37443392
37377780
38331276
37437752
37482856
37456908
37453428
38371040
37512828
37432784
38363428
37419552
37463500
47840040
37334212
37328412
37211424
37261676
37900056
37290072
37290144
37242208
37263596
37992512
37776080
37409848
37312536
37917656
37399680
37341904
37357640
38251732
37398584
37387520
37549064
38258612
38022432
37402792
37270328
38071364
37463564
37480692
37368400
37405904
37414840
37408004
37596076
37476092
37373548
37414212
37391576
38110268
41815316
40597436
38354044
37908140
37333076
37422768
37405576
37538448
37749968
37336628
37392588
37418016
37576920
37658904
38175008
37428872
37381940
37453840
37497084
37393552
37411012
37407748
37669264
37524000
37420932
38997704
38334808
37381388
37402836
37358704
46364156
40313928
37548584
37323764
37411712
37389420
37377104
37530632
37396724
37994608
37447764
37429704
37435304
37324180
38210700
37407996
37296996
38316276
37345940
37323852
37556608
37397352
37341100
37790072
37365696
37430508
37490944
37380012
38196624
37904688
38177564
37482032
37679720
37398996
38078404
38458816
37526360
37351664
37368068
37327960
37631940
37547128
37412068
37522476
38222656
37830804
37396432
37383436
37427088
37726896
37464972
37381364
37428400
37414376
37518240
37502568
37377000
37407664
37397644
37955996
37499372
37433844
37548384
37448964
37369528
37669096
40647888
37622664
38977684
37476148
37938556
37406052
37383340
37447332
37417592
37619668
37370004
38285304
37725628
37348832
37476084
37389500
37575572
37444192
37407884
37421816
37353436
37431260
37478888
37390156
39760740
37323456
37327128
37440752
37907652
37342996
37323796
40225144
40294916
37935732
37454484
37430084
37443764
39925372
37703020
38237340
37950024
37930568
37514980
37500704
38016048
38135312
37578840
37439716
37433500
37439468
37539864
37567520
37580800
38732708
38081212
37549456
37311176
37406004
37383736
37331952
37503984
37410924
37605528
37454572
37443200
37415856
37479940
37583080
37441188
37481916
37512004
37475732
37487076
37436720
37908244
37500840
38590276
38146152
37553408
37411936
38071788
37846628
37499356
38303440
37554772
37453732
37434684
38139004
37467832
37637004
37483880
37402856
37512988
37439060
38305684
37459488
38155328
41484172
37587936
37556164
37517396
37765316
37634672
38235812
37465208
37487640
37529148
37555908
37472244
37452840
37607660
37565764
37482560
37463576
37451196
37743268
37540092
37547524
37400760
38914740
37686872
38309900
38140660
37677652
38343880
37526196
39827020
38458984
37480512
38220928
37500584
37487388
37389256
37410820
37680932
38485912
37520352
37413536
37427324
37441512
38085260
38225756
37459432
37657712
38289132
37490520
37548160
37514212
37433176
37494684
37730532
38400536
37364184
37494124
37488336
37419692
38121392
37469600
37392584
37675220
38194688
37786228
37455848
37490008
37525344
38040480
37714572
41415644
37812904
38318604
37608748
37483856
37423804
37440460
37789924
38057264
37647416
37491696
37529520
37547780
37459460
37434920
37677124
38422668
37463604
37867856
37537816
37392388
38095884
37568660
37522552
37461716
37497804
39070028
37560052
37419564
38025672
37419956
37522876
41616512
43011672
37424700
37445924
37641076
37481988
37354696
38191088
37445448
37408608
37374532
37410912
37379156
37465040
38200276
37448700
37377164
37395268
37518228
37578316
37844236
37484104
37363752
37393084
37575012
37445696
37348780
38126964
37431400
37480660
38258052
40123136
37464768
37467904
38009792
37374308
37397416
37498768
45025812
37617368
37438852
38155976
37528732
37493424
37377476
38229200
37474760
37430664
37523168
38262392
37958864
38105056
37424476
37531820
38219032
37437960
37470104
37486992
38312756
37417048
37428960
37537152
40503648
37453556
37370836
37330960
37495536
37511980
37942744
45969600
37773408
37642716
37289512
37968004
37468552
39299912
37415904
37533636
37427716
37527500
37525356
37404960
38369784
37354052
37981296
37286296
37338884
38120852
37794144
37420400
38338772
37359752
37332772
37306040
38074508
39722852
37359920
38116532
37339720
37289928
37251108
37314376
43441948
37496808
38064992
37792164
37327196
37271844
37344272
37238692
37362916
37311684
37322020
37268052
37294648
37709528
37336884
37268424
37312788
37735204
37302352
37316824
37328964
37313980
37241456
37252984
37979200
37332844
37323620
38177856
37394072
40885376
38109320
37378644
37576320
37352700
37511640
37406316
37432340
44660296
37338672
37343500
37265500
37273200
37224756
37280592
37246020
37994548
37343964
37551004
37373700
37321824
37372856
37486212
37494436
37922660
37335848
37353424
37292544
38061032
37806380
37297884
37316652
38207924
37323096
37414752
37589084
37329976
37933500
38092504
37987036
37326776
37272252
37185904
 
37342104
37285528
37254292
37264304
37198408
37876340
37286664
37284480
37255272
37290440
37354500
37264004
37377172
37212332
37275880
37271256
37250300
37281288
37232336
37334492
47366380
37312556
37270800
37219584
37284568
37253220
37242428
37295164
37250668
37292552
37241952
37279712
37280336
37287000
37283984
37959972
37266624
37296424
38114064
37299044
37251704
37316480
37221600
37991880
37309360
37287748
37228608
37978896
37345856
37360720
40238488
37921584
37514756
37491700
37450772
45877052
38103572
37458260
37480744
37448384
37382452
37456224
37465184
37456924
38003104
37408880
37438600
37270984
37765896
37360804
37414248
37453852
37416104
37363280
37434476
37392356
37560380
37498472
37492000
37876936
37385948
37359952
37580800
37460000
37380748
38256388
38820588
37472712
43649440
39569948
37262216
37230360
38245432
37341956
37315708
37246356
37925488
37323808
37297448
38101960
37263896
37198496
37396840
37272208
37671284
37397904
37230456
37315628
37203596
37589076
37302808
37224672
38170684
38129780
38011812
37269240
37283100
38151044
38111064
38576704
40968364
37437484
37345304
37208716
37237732
38701552
37332780
37249696
37194104
37687944
37252560
37263748
37268572
37297756
37225672
38146536
37292224
37327144
37297992
37169576
38443124
38071528
37279348
37278884
37343344
37410356
37523084
37391484
37427484
37440176
37334216
38242452
37658588
37355736
38303536
37392444
37884216
37415328
37367216
37821128
45521676
37617144
37489616
37458992
37393928
40279668
37525184
37361652
38024548
37411984
37459644
37431172
37680028
37397444
37362804
37422576
37509044
37434420
37401284
37560008
37343700
37744100
37792852
37372832
37588816
37465152
37536576
37338636
37977896
37972448
37301744
37597488
37413972
37312724
37487024
37447352
37469848
37383296
38269660
37429948
37436440
37634700
37396760
37461556
37401152
37432816
37618888
38207852
37452744
37464308
37362672
37862204
37440976
37375296
37509308
37468832
37418712
37497084
37419264
37578784
37557040
37380256
37636040
37523700
37425076
37569800
37299264
37454612
37320840
37253064
40149600
38057280
37338732
37216660
38228336
37392248
37407816
37403036
37397124
38141904
37551940
37479316
37455832
37538560
38197448
37723856
37436952
37438948
37754376
37405624
37482240
37378016
37739204
38320816
37435804
37440176
37451140
37410852
38195256
39303640
43072760
37430700
37289764
37293556
37519956
37487284
38149624
37427344
37476712
37506232
37401000
37808492
37378660
37395760
37544940
37339676
37290100
38118940
37364208
37376884
37351024
37903908
37529112
38270644
37508236
37397500
38224296
37434960
37385408
37351744
38096804
37722032
37532084
37488944
37592036
37400688
37984528
37436980
47571168
37355512
37337392
37809932
37390300
38251552
37956164
37424812
37817772
37371328
37369808
37796932
37356168
37536636
37542504
37413004
37895728
37692420
37552548
37571224
37815184
37249360
37892232
37401544
37561328
37411460
37917804
37458636
37419440
37430432
37425132
37459552
37525364
37473816
37443788
37476048
37408056
37550628
37575864
37405932
37421204
37384336
37710364
37360924
37317896
37348496
37876908
37337896
37393608
37331636
40754904
37243916
38041588
37487552
37431864
37407460
37507124
37437524
37437836
37373700
37487476
37570220
37513152
37400928
37362104
37463156
37498288
37571784
37471424
37404276
37390600
37392908
37680096
37464788
37384624
37495632
37390636
37613668
38149452
40676968
38338112
37383464
37271072
38048724
37464828
37369760
37547512
37994180
37435520
37473960
37438900
37431196
37553600
37442576
37388772
38094872
37524256
38049168
37406448
37553444
37315340
38223604
37394828
37390308
37681068
38324784
37424032
37474712
38218472
37488380
37480364
38064888
37645728
37408468
37428408
38331356
37402536
37391716
38196772
43888560
37605416
37449888
37445108
37478544
37943876
37510892
37483284
37344996
38063616
37404856
38220540
38067864
37397252
37499028
37444644
37956104
37398724
37523920
37609696
40188880
37480604
38266332
37450612
37351016
37539988
37379672
44706240
37521892
37861428
37444768
37396540
37412676
37482036
37325796
38142964
37387532
37417552
37540880
37380340
37550604
37445852
37392420
37329760
37513612
37409652
37625228
37365368
37407088
37386028
37520900
38335768
37973808
37450632
37380580
37469004
37925812
37402224
37322100
38073740
40645740
37581820
37362908
37393420
37471100
38129380
38224740
45173780
38161448
37402268
37417068
37736932
37416848
37335144
37809972
37496468
37349872
37340532
38154504
37427816
37506124
37370492
37240428
37537092
37484984
37558884
37352264
37850632
37556416
37347832
37408708
44155204
40250192
37510936
38291620
37350548
37346364
37372252
37424528
37548976
37405932
37371304
37375872
37423608
37486992
37401624
37770332
37345440
37409724
37477828
37619540
37415772
37357956
37803956
37455836
37594276
37324116
37344292
37384084
37410124
37291780
38281212
37460764
37431220
37667172
37357316
38320524
37590808
37469124
37355764
37395944
38322228
37837156
37418268
37372748
37985948
37367752
37536628
37474584
37397416
37398032
37362048
38227964
37438636
37335660
37473504
37464652
37493508
37519600
37463480
37599428
38429872
37959616
37507920
37692140
40079784
38026292
37467700
37323428
37998388
37405624
37419640
37640888
37391672
37371244
38118860
37479272
37585648
37401388
37393244
37461776
38327600
37373636
37956508
37420620
37539296
38245524
37403932
38960556
37413328
38460752
38028804
40205148
37989228
37419752
37470528
38385796
37414184
37436224
37372860
37371096
41268172
37504784
37329380
37432516
37278252
37649152
37369924
55722884
38418384
37537656
37510020
37366440
37976540
37519780
37486788
37290400
37580380
37353148
37457324
37852520
37782224
38157564
37779144
37524476
37675008
38170884
37683724
37420540
38162604
37366724
37616912
37308800
37517100
37414088
37722020
37353788
37344232
37588388
37463028
37440212
37343540
37367792
37515936
37533604
37372488
37388164
37350324
37457132
37503192
38171132
37380356
38197272
38351492
37494832
37352316
37394652
38072652
37388676
37385568
40631364
43427708
37406176
37328336
37305656
37308164
37387584
37541128
37601404
37414780
37414580
37411056
37404020
37423420
37424192
37353964
37871000
38252048
37509972
37615780
38201184
37411824
37371896
37394600
41291448
40503976
37499688
37466808
37406720
37415340
37394116
37544724
37298236
37969676
37401768
37265656
37420704
38311184
38032116
37392240
37323212
37412748
37479792
37344760
37358032
37351284
37415060
37458208
37310124
37785688
37443632
37462024
37922628
37368768
37411264
38376396
37547484
37467776
37447696
37375392
37523992
37510704
37395948
38251780
37427996
37411124
37543320
40849588
37394008
37395504
37427180
37625444
37402976
44327916
38996884
37559828
37458728
37437204
37362160
37575212
37376752
37520844
37367420
38088756
37372720
37420996
37559896
37419992
37660544
37507736
37401672
37400448
37370848
37413976
42876092
37413512
37253532
37326860
37408900
37421760
37522536
37368312
37430196
37399420
37441224
37533580
37409512
37330196
37451224
37594716
37486176
37414916
37396036
37410676
37322432
37359420
37381404
37315488
37435772
37287540
37473964
37404128
37316820
37393420
37437420
37377884
37347972
37348608
37428796
37484984
37747500
37491152
37313800
37361816
37529708
38141028
38086152
37690432
37428588
41343196
37493628
37355852
37520780
37386176
37369212
37394216
37357180
43201808
42027596
37344972
37362772
37390620
37410764
37583604
37395080
37416740
37468748
37454200
37408728
38143216
39898660
37364920
37951148
37776100
37284488
37644768
37375636
37817180
37545608
37366436
37445684
37461268
37447060
37476084
37365572
37456384
37536896
37527840
38263928
37328908
37398504
37311924
37579472
37431228
37430264
37364016
37464280
37566620
37332304
37336264
37436196
37401812
37463052
37313728
37353208
37439608
37402148
37355840
37280980
37355256
37450368
37484532
37331644
37410184
37580296
38959848
38209952
37425872
37478356
38187356
37953396
40344140
38985856
37600920
37446192
38365380
37516104
37814992
37421176
37565560
45852704
37591160
37340316
37583140
37739868
37406460
38272760
37438816
37785768
37643492
37612572
37434172
37452860
37490464
37344084
40339740
37414616
41918384
37419980
37469412
37516252
37350348
38035100
37473964
37416328
37392316
37424168
37447560
37448296
37463656
37542952
37927328
37447944
37376352
37945300
37466960
37435444
37391572
37584556
37487536
37433088
37351492
37403700
37431388
37492364
37320312
38923584
37397356
37444752
37991180
37330840
37330976
37434540
37292992
38206328
37364876
37393472
37501580
37407324
37342304
37394748
38486360
37553364
37461696
37420684
37535632
37477356
37459352
37522720
37408384
37407180
37392184
37447840
38331552
38324968
37495344
40283496
37428552
37407180
37310088
40215908
40321352
37503560
37415840
37467444
37984076
38910008
38332724
37460004
37441292
37382524
37400440
37550700
37409828
37515652
38170300
37507852
37547752
37511248
37399140
37953440
37408244
37446296
37433796
37453948
37856332
37406508
37562496
37858760
37420044
37390516
37392624
37401636
 
37439164
37484828
37571580
37602668
37478884
37540372
37454044
37457336
37551260
38302120
39734000
39018196
37562148
37481256
37344496
37405304
37466140
37483876
37464364
37402400
37788740
37658260
37512628
37430240
37424076
37448332
38354684
37576628
37424144
41002036
38110136
37510164
37543132
37367064
38141988
37427536
37504492
37496156
37426304
37408708
37409960
38252884
37396780
37450152
37404156
37367968
38181152
37375668
37733352
37413972
38280500
37965940
37507088
38289764
37419896
40310816
37446916
38177488
37404100
37643092
38343740
37414604
37373312
38174904
37435956
37496944
37400688
38867756
37406896
37341160
37396268
37481652
39287536
37502712
37418088
37771572
37588396
37462928
37385432
37698140
38392764
37525884
37451932
37791616
40934548
37463440
37393276
37382104
39928696
37475752
37529404
37546832
37370840
38148328
37852872
37587700
37434476
37527864
38771740
37487212
37507208
37349012
37819812
37383124
37346580
37555084
37356288
37380068
37400136
37404536
39472180
37389536
37434696
37516744
37400208
37375808
37766096
37373532
38224644
37535336
37773396
37398484
37627568
37370492
37690680
37364864
37787700
37713500
37387480
37530892
37387992
37421976
37394620
37371568
37482592
37270304
37930688
37449428
37361696
37432860
37326668
37316616
37733456
38288552
37431380
37393640
37783048
37936624
37594180
37369988
45470896
37617676
37389092
37473448
37408452
37350916
37453140
37462992
37531656
37399124
38320556
37519104
37413496
37541324
47137316
37704984
37478888
37350644
37589532
37736140
37439712
38189164
37982912
37333940
38067500
37651880
37466380
37466248
37429812
37416496
37431324
37340676
38213092
37374196
37415552
37387336
37392592
37822304
38031216
37792740
37396076
37398096
37458824
37604032
37498760
37354392
37424584
37437804
37383640
37394376
37416480
37421016
37518784
37323860
37507784
37419808
37386992
38141384
38814256
37504468
37394696
37367316
37650508
37745656
37558812
37443004
37914332
37574000
37388640
37462800
44368948
38414044
37474132
37938572
37258956
37597840
37465616
37560180
37479776
37459424
37393160
37621124
37365128
47136656
37537460
37361040
37447468
38161048
37540196
37985864
37477136
37411968
37405632
38356536
37502948
37463068
37440188
38141716
37886956
37390128
37435564
37508120
38345340
37506976
37531584
37422196
37553408
37478732
37481768
37462160
37394236
37482076
37493588
37389904
37460508
37380676
37443452
37528992
37447196
38283152
37498104
37423692
37578080
37630312
38299984
37515932
37435040
37424948
37406820
37785056
37568652
39160344
37480604
37403008
37401324
37473300
37540008
37343304
38482076
41540916
37526956
37521268
37464676
37651616
37555960
37380024
38364176
38085996
37472440
38006388
37484640
37408316
37407792
37469616
37911220
37600072
37389128
37382000
37754480
37523760
37516852
37390260
37354348
37394292
37441240
38106200
37435552
37381580
37370940
37418068
37521600
37426772
37417740
37475100
37392712
37409852
37367756
37431964
37525404
37321656
37549984
37386972
37448864
37404376
37655344
37496304
37383460
37351660
37481592
37365244
37459620
37439140
46577048
37540052
37657952
37641596
37581420
37374816
37398456
37417088
37806304
37338556
40002836
43883076
37563044
37486872
37292888
37574076
37314108
37450288
37363712
37390284
37453392
37467236
37373304
37320652
38093560
37574296
37516452
37394092
37973064
37708524
37544068
37455728
38002256
37431432
37338916
37527940
37535948
37318996
38195648
37899176
37369200
37459884
37553336
37383848
37383820
37414016
38386712
37411412
37376952
37619248
37395776
37352324
37435120
37744380
37512292
37350128
38160464
37758244
37484896
37392752
37416748
38367876
37515016
37448280
37408916
37417172
37458208
37630032
45996228
38256036
37579704
38318344
37960628
37676316
37426404
37445564
37394352
37285024
37284928
47489888
37919872
37401976
38949144
37587768
37479544
37518020
37367000
38296204
37526044
37482972
37463424
37498308
37470388
37571064
37589524
37459340
37776540
37469884
37626988
37670960
37475000
38434804
37451464
37870340
37594132
37453308
38031556
37419560
37582488
38320276
37955864
37641176
37988624
37696156
38317240
37437764
37753672
37633616
37471236
37497252
37393296
38143572
37616788
37535012
38319756
37418888
37720788
37534904
39042196
37540804
37504096
38241328
38400384
37611636
37443320
45451288
37660124
37444400
37832872
38184096
37415236
37445052
37500168
47144780
37928012
37550488
38318640
37526076
37667600
37396844
37434396
37482348
37566224
37410908
37449012
37362268
37585800
37476492
37411968
37434264
37379468
38207944
37480832
37381860
37474372
37616688
37411272
37349452
37862984
37368296
38386524
37554928
37377172
37391152
37385648
37448444
38394156
37956124
38296984
37553292
38053340
37914172
37421836
38229864
37427160
37387224
37475124
37361836
37360708
37443504
37379004
37371060
37852232
37412460
38330564
38089380
37582088
37486504
37391888
37500312
37543824
37756648
37416148
46748788
40337968
37549012
40211628
37381940
37397128
37366592
37658520
41834572
37993740
40206268
38453068
37419884
37346960
37694612
37462788
37403668
37396752
37353032
37425264
37441880
37496792
37416164
37446628
37342384
37469420
38054348
37409436
37415692
37402016
37936804
37512468
37384116
37360644
37589676
37395284
37517900
37405456
37314524
38155360
37411696
37422456
40302896
37404468
37709692
38401836
37461140
37381508
37473984
38301720
38106980
37415844
37441540
37410540
37418236
37448728
38021100
37717880
38179552
37643568
37600496
37418852
37366140
37436564
37370772
37501536
37376604
37563072
37501076
38190524
37591400
37413740
37339192
37393432
37527024
38788308
38754888
40439272
38059760
37440236
38199360
37464836
37508588
37519640
37461732
37370052
37487644
37463408
37404364
37483304
37383380
37370528
37488684
37401244
37390752
37337320
37399980
37524712
37460880
37369220
37333728
37592188
37423336
37474820
37368152
37371652
37417176
37423812
37538524
37418368
37451824
37348792
37428856
37538640
37426060
37627272
37489964
37734500
37448816
37344336
38099884
37521588
37555384
38372784
38263420
37485152
37517528
37498552
37354220
37365752
38110084
37375412
37525856
37316048
37375676
37465268
37414720
37556392
37373308
37391052
37429788
37435608
37362048
37842884
37426904
37465416
37455308
37430596
37368784
37420752
37368392
37403560
37382016
37378708
37343168
37302868
37861852
37422008
37328548
38028284
38151512
37513192
37370592
37386440
37286732
37554124
37458972
37377632
38270100
37436516
37438588
37377052
37313548
37440652
37503888
37380856
37461056
37409744
37441284
37412704
37399844
37488936
37463664
37392056
37446680
37426808
37919240
40500908
40210180
37479588
37480948
37552972
37362768
38276976
42727484
40432468
37410636
37532084
38289992
37922108
37784072
37352172
37618596
37433088
37417080
37453672
37486504
37462024
37471344
37388060
37347232
37430740
37418444
37627340
37547340
37418212
37449808
37386340
37611816
40427304
37407436
38533236
37389584
37383940
37538228
37411656
37431372
37412776
37461836
37477840
37380188
37344604
37375432
37392792
37420528
37354028
37342880
37479620
37479500
37401844
37355768
37363808
37528748
37434904
37424500
37326332
37944080
38212124
37607868
37356724
37407624
37390256
37467432
37790444
37440388
37393436
37426156
37399412
37606208
37466552
37404784
37596396
37506516
37342076
37375188
37418752
38547388
39008628
40135600
40247504
38084840
37392764
38345908
37485796
37790560
38924328
37499456
37486320
37382456
37310976
37434244
37416484
37496456
37343260
37439824
37444732
37381860
37399128
37424964
37369300
38339256
37392360
37510532
37650332
37406888
38116276
37355076
37271748
38213852
37489008
37709780
37537928
37396168
37912180
37468588
37385904
37513908
37353448
37437884
37378472
37399600
37481892
37373052
37434304
37467952
37359160
37933848
37609304
37398420
37473008
37445060
37474452
37366148
37414544
37630908
37458752
37394644
37329240
37951216
37442712
37649280
38177776
37413892
37620048
38611992
37471396
37308296
46624248
38510876
37408328
37389036
37980008
37529052
37509164
37510332
37415448
38022936
37368504
37478332
37496784
37991560
37703596
37444380
37458116
38035340
38029192
37381936
37309404
37388980
37499308
37387896
37309376
37694476
37386256
38092804
37333836
37395308
38303772
37431484
37514752
37412108
38162952
38150480
37448780
37346272
37937552
37382768
37448248
37512600
38125812
37376476
37362296
37395124
37518280
37403560
37336860
37413696
37461528
37434384
37359232
37396404
37500172
37404556
37885640
37391160
37324704
37617812
37499792
37428648
37894276
37678576
37407988
40236100
38781936
37512480
37355876
37484616
37550852
37524160
37399104
37444836
37458940
37501492
37339272
38014064
37433596
37372188
37441748
37392120
37422084
37441316
37415676
37494304
37644772
37500256
37384664
37404436
37796600
37380528
37377280
37387296
37387584
37390364
37393308
38111184
37360904
37548076
37397860
37456632
37434132
37426072
37426172
37426356
37441928
37446776
37387524
37408448
37382672
37393972
37621880
37489432
37430144
37337180
37408908
38436184
 
37496364
37322068
41760292
37486460
38391360
37565740
37390492
38155128
37426504
37436772
37460956
37280940
37403528
37382912
37400248
37973148
37728316
38346516
37466836
37371792
37436492
37390188
37426504
37316676
37390232
37340888
37543724
38186860
37448540
37449156
37357052
37410472
37911408
37427444
37361432
37388180
37492396
37332444
38311528
37467768
37441684
37390596
37427936
37429720
37418308
37431476
37528164
37443504
37467624
37652772
37704752
37517832
37403464
37358180
37406304
37451384
37433844
37460508
37428512
37462856
37389484
37479264
37426492
37412900
37403532
37495660
37487924
37551420
38269320
37933464
37372428
38098860
37459660
43633112
39133168
37616404
37753680
37426712
37423948
38163440
37434500
38240008
37712368
37425692
37420552
37512000
37415132
37379108
37346384
37421808
37493896
37540012
37415072
38072536
37346060
37466020
37368684
38036272
37462764
37367888
38242928
37388048
37423720
37574348
37510844
37409052
37815112
37441736
37543548
37517748
37397796
37461488
37426632
37501876
37580684
37421744
37385096
37364116
37515980
37545152
40692304
37932616
37521800
37378100
37352328
37394376
37363708
37485340
45760964
38501076
37839364
37571896
37368028
37413868
37352092
37365260
38255016
37430744
37476844
37340448
37401708
37931784
38240040
38022676
37386320
38311892
38035972
37344992
37366712
37334268
37386136
37458648
37433848
37438212
37387184
38198404
37571148
37505804
37415768
37349404
37724384
37490844
37551288
37398708
37323772
38199696
37636652
38444288
37349016
38145920
37420184
37469104
37461160
38059484
37352644
37443388
37332632
37350372
37435136
37452820
37462540
37497028
37372720
37425820
37375440
37546976
37603332
37438668
37376272
37291344
39084688
37535828
37411904
37400900
37400188
37697664
37475512
37398576
40032024
38239008
37502260
37392952
37327312
37288524
38518864
37437180
39461424
38942928
37410912
38348080
37512472
37446412
37388440
37355744
37986276
37917056
37573824
37378428
37435412
37489008
37503248
37988436
38240736
37419868
37762016
37531004
37492344
37429692
37516272
37379012
37412432
37405444
37377948
38025860
37439192
37496472
37432944
37423568
37411356
37475676
37522336
37383876
37346948
38324012
38015508
37428544
37375568
37445812
37398560
37846264
37591492
37433860
37502068
37504996
37635188
38337740
37396588
37455264
37484568
37473964
37644248
37530332
37419216
37367936
37550256
38222940
37414804
38191444
40996688
37721380
37462344
37460632
37578996
37491884
37425968
37401704
37469004
37466572
38360548
37398288
37490768
37380484
38054188
37498040
37319792
38204104
37442432
37372408
37498672
38206156
37458572
37463744
37500984
37519244
37464912
37419672
37416660
38247176
37431368
37428676
37378352
37558528
37401952
37515504
37450148
38884924
37570516
37361032
37352044
37340852
37346376
37378040
37444928
37328420
37998836
37381092
38242888
37475580
37329400
37343796
37781980
37413232
37604172
38389616
37720760
37380336
37383296
37762792
37372160
37386680
37434180
37476884
37364320
37432484
37420772
37467720
38099160
38867820
37527704
38274736
37416368
37565216
37371192
42737940
39417656
38403016
37491736
37317492
37625912
37475224
38168948
37403816
37366860
37716780
37439852
37443928
38032512
37321788
38173144
38105980
37501504
37458416
37300340
38045456
37351200
37446464
37450044
40243352
37444752
37388344
37478556
37412888
37404632
37456080
37418976
37552936
37366488
37463684
37509720
37466624
37925616
38067536
37437212
37546972
38287048
37435160
37373740
37388288
37412736
38024892
37584180
37795184
37382184
38280676
37534228
37412628
37421948
37481284
37427208
37525868
37461080
38594476
37563276
37439712
38253620
37488084
37444536
37421656
41129592
46056664
38573468
37506548
38254620
37538880
37396476
37748404
38192876
38189948
37556756
37422600
37472768
37383068
37462364
37536320
37433608
37404928
37378916
37461036
37442428
38189716
37435116
37436704
37442232
37368704
37451708
37416476
37460080
37442340
37398884
37388776
37359272
37471992
37503112
37424456
37655424
37409532
37358684
37518952
37737072
37385788
38126352
37592424
37598628
37416708
37439384
37388460
37375748
37449608
37389480
41757820
40571644
37639548
37431700
37422924
37380708
37468884
37475704
37371148
45104616
37533596
37519544
37435156
37395704
37372400
37459964
37337036
37538900
37609296
37306076
38036900
37384996
37501244
37288168
37642060
37402272
37313548
37879732
37396536
37312880
37552240
38188144
37378296
37347108
37392596
37416672
37900864
37472472
37733396
37876108
37820804
37520368
37358364
37463868
37364916
37414344
37527692
37909312
37958440
37400624
37456936
37510904
37416960
37353364
37437344
37578192
38300404
37370416
37505496
37442908
37472912
37420100
38038996
37556420
37417996
40403600
37800008
37417096
38008108
37492744
43750156
39353968
37959820
37326328
37460404
37478556
37414952
37336312
37899696
42281052
37516836
37512332
37445192
37465012
37531356
37586660
37388596
37370412
37427976
37537988
37449304
37374068
37357628
37812196
37508768
37355460
37412636
37378000
37263264
37521464
37371440
37346000
37342612
37390540
37768296
37371016
38091212
37481168
37550660
38192680
37916820
37439100
37423704
38240668
37343600
37365384
37370368
37666552
38225932
37464108
37466816
37387532
37472272
37492616
37378716
38316648
38004956
37458680
38233480
37390224
37398784
37383028
37457692
37988488
37409116
37470164
37422784
37794132
38353544
37959500
37389612
37884096
46516544
37556912
37372532
38002548
37383756
37889056
37451232
37677076
37364244
37468900
47621844
37596740
37400496
37470248
37410092
37495832
37432428
37417548
37499052
37551784
38273944
37435704
37457264
37717784
37493160
38123452
37473164
37472304
37496464
37561616
37362292
37404148
37387296
38206036
37541868
37420548
37351716
37426776
37414784
37513696
37438304
37363380
37428488
37393364
37455784
38283316
37938044
37499876
38411448
37435208
37375808
38017508
37548696
37542032
37405216
37397384
37434584
37454912
37503652
37452508
37431172
37618916
37381300
37567704
37425808
38113480
37503952
38155352
37557028
38043968
37516696
37563504
37897112
45713556
37559444
37425152
38206832
37966480
38354404
37435052
37386584
37520568
37408872
37545716
37393844
40846120
37790200
37577176
37463000
37399208
37415292
37384244
37509844
37330788
38593460
37393916
38301184
37370292
38857736
37403548
38856628
37348988
37480200
37407572
37382932
37316812
37966780
37495480
37457112
37315180
37486592
37397516
37510268
37381844
37341908
37724932
37386160
37940472
37378884
37445044
37532416
37528104
37599068
37368220
37520828
38289676
37521516
37418488
37349616
37435660
37375772
37586976
38297792
38046356
37395232
37546072
38621436
37473840
37750656
37359060
37356668
40210204
40281260
41315260
38205084
37632480
37358356
37422516
37373900
39721432
37531128
37467108
37468516
38247444
37774984
37565884
37452620
37423040
37408672
37388588
37466904
37917292
37632560
37497224
37443180
37451436
37421556
37412840
37399908
37475048
37433052
37514968
37467248
37526032
37387964
37677204
37431520
37495344
37492024
37398816
37482172
38005084
37365028
37436524
37430432
37402188
37430068
37506264
38389504
37517828
37361128
37512320
38198984
37489964
37390284
37457008
44632060
37578704
37341956
37810760
37397164
37553284
37555516
37522360
37421024
37359952
37461516
37611924
37558036
42169660
37427428
37776764
37461200
37429052
37369784
37365992
38364000
38031996
37450224
37439820
38139056
37842824
37488176
37444040
37350816
37526968
37504428
37504832
37359196
37798748
37993992
37493972
37484884
37367268
37431336
37395820
38275136
37444812
38133092
37886088
37404292
37492472
37483076
37387808
37436872
40291172
37484244
37404540
37456944
37395096
37512664
37586020
38182096
37938504
37630420
37936020
37539704
37438244
37514968
37342984
37445236
37437704
37391668
37396928
38262264
41703772
38078084
37481428
37374196
37458940
37470108
37400332
37496676
38133544
37423332
37950236
37405544
37412100
37314652
37467588
41769564
38198136
37390784
37912836
37460752
37492528
37314872
38097144
37400288
37426316
37436932
38508936
42208664
41811176
42407200
41606348
41634444
41763144
41592504
42634720
42345568
41659292
41537572
41896796
42289008
41655132
41963068
41575220
37424244
37464572
38207344
37823364
37359956
38348032
37805240
37382532
37332792
37352168
37327672
37528384
37359260
37370444
37442164
38380108
37366536
37347352
37588612
37438704
38065728
37384324
41719696
37619768
37419588
37581068
37647888
37420376
37353304
37369092
37640072
37538268
37428888
37425860
37414072
37485860
37296972
37461232
43454828
37674664
37492500
40235692
37335120
37539556
37455220
37315196
37522468
37394412
37500876
37460860
37611664
37406636
37409336
37391380
37610656
37411540
37433948
37370624
37425036
37405268
38084464
37419448
37414368
37336224
38035516
37349316
37415848
37424260
39421892
37467388
37410284
37421576
37417920
37638700
37428396
37387704
37646040
37565220
38232452
37609708
38268464
38035260
37601820
37490628
38612300
38286440
37372700
37777520
37588052
41700540
37727100
 
37447560
37461960
37366020
37976184
37359080
37511680
37421068
37436264
37490080
37469216
37466432
37496276
37426620
37403960
37371076
41592188
37723760
37983228
37448032
37331964
37426676
37522984
37629236
37467024
37473640
37889720
37413680
38227500
38153900
37452248
37397052
37508772
38105768
37478160
37345744
37569572
37414148
37452860
37396152
37389360
37555212
38049236
37435056
37905660
37385316
37510908
37791852
37442384
37417928
38052148
37512968
37446524
37492680
37436824
37967160
37462972
37387052
38168784
37562340
37556920
37397016
37368832
40233568
37490572
37689320
38353000
37437724
37373044
37455024
44933276
38233588
37850976
37356972
37341708
37763388
37444604
37426376
37451968
38344568
38232392
37964988
37449588
37530656
37459768
37578928
37715024
37607228
37394980
37424768
37543712
37404232
37507348
37516936
37474760
37672840
37468040
37917820
37507432
38376560
37490188
37479476
37480096
37464116
38238536
37486940
37538296
38235328
37479868
37669884
37418440
37492180
38080076
37432508
37701312
37410176
37500608
37470928
37515480
38134588
37447788
37377548
40790848
37745800
37519860
37459636
37451180
37528672
37541396
37390324
37481416
37427704
37454664
38120592
37477320
37933116
37443272
37388320
38202080
37402332
37424792
40905124
44244624
37597048
37467940
37417904
37498152
37483340
37372520
37340920
37329716
38329700
37443016
37357088
38262872
37416824
37524992
37504948
38145696
37360504
37396000
37715000
37502856
38124700
37878556
37845504
37401196
38289868
37386672
37545672
37423528
37357232
37852060
37397940
37457984
37448044
38254936
37383216
37422304
37418960
37545480
37525984
37329144
38029780
37746452
37502284
37475644
37625360
37425028
37614164
38312744
37477484
37367320
37446332
41401752
37524344
37859044
37356204
37453152
37417544
37865976
37409724
37403288
37493308
37466288
37446328
37542056
37494444
37838064
37963180
37568656
40234476
39867316
37544912
37421288
37822592
37399228
37471028
37341012
38216172
37522192
37382372
37506944
37365888
37777904
37429232
37396824
37410476
37439744
37996780
37405988
37387608
38685716
37555308
37528628
37444780
39311372
37375088
37417316
37910092
37400424
37374384
37332436
37498336
37477772
37338940
37745516
38078280
37771224
37410884
37297652
37645244
37416564
37404628
37342624
37403168
37421796
37534968
41614908
37561352
37432988
37464796
37442024
37559604
37452028
37446528
37378284
37558864
37562196
37657524
37563408
37447316
38352056
37371256
39417648
38949572
37480732
37561716
37412784
37446664
38111708
37430796
38165220
37448196
37463052
38249780
37365900
37892268
37463284
37486640
37986732
37435444
37532972
38157372
37521524
37488320
37461424
37587484
37411068
37388988
37892300
37656292
37502540
37406952
38356288
37432972
38187792
38266348
37988376
37588860
37454080
37996092
37851112
37448504
37341328
37476224
37409716
37543720
37506884
37484544
37404628
37378784
40271608
37406844
37397952
37398600
43088964
37510656
37560548
37402160
37349292
37489600
37409732
38234548
37517796
37546496
37407128
38109464
37877492
37803804
37352876
37874644
37486132
37450652
37356920
41198008
37858844
37606300
37519928
37453324
38214592
37383160
37417840
37360504
37546396
37522572
37424436
37436036
37531732
37446848
37557504
37397660
38143644
37458180
37411640
38330868
37849320
37477036
37323760
37399080
38097560
37351104
37531584
37495036
37355924
37507524
37606804
37372200
37642952
38351260
37485512
37478452
37438432
38240764
37493032
37782724
37401300
37442564
37571484
37494944
37400284
42075196
37358824
37378984
37534792
37448288
37519212
37674096
37364744
38160312
37454416
37888324
37269156
37604352
37359200
38165800
37470540
37688960
38440508
38168724
37535584
37510536
37428480
37596588
37383124
37428276
37429424
37421264
37584444
37410208
37525928
37389444
37510644
37480576
37393144
37515232
37473904
37533240
38230916
37412836
37425932
37533440
37403624
38052644
39988700
37413612
38023452
37373492
37492432
37378232
37405136
37501780
43767640
39874600
37525712
38822028
37419808
37481520
37927744
37792888
37477228
37531344
37419936
37426624
37458160
37408556
37490244
37833580
37471064
37459216
37448828
37496408
37496516
37469944
37407412
37497712
37509076
37350824
38297580
37325580
37683096
37509912
37939500
37433296
37382692
37460212
37559484
37719864
37491708
37439904
38010948
37504244
38123460
38815132
37554584
37433852
37689108
37348436
37473232
37416956
37409160
38029592
37611332
37423204
37332372
38260556
38035596
37434788
37431648
37409604
38284396
37391404
37366248
37390116
37372516
37973112
37407384
37330320
37356336
37816648
37533148
37780948
38804916
37425728
37521176
37474784
37366500
37482128
37405104
37504116
37369940
37830984
37544100
37376540
37907856
37398588
37352488
37379784
38968704
37542208
37392524
37401084
37314456
37404240
38615896
37441260
37465568
37750756
38367276
37542264
37459768
37543736
37419180
37332024
39053424
38009424
37429744
37657116
37542536
37481832
37802124
37762604
41348112
37304084
37263092
38156144
37479820
37444656
37570304
37950028
37510716
38320052
37429396
37542492
37520964
37804380
37530988
38182252
37520240
37343504
38283032
37521492
40106364
37493716
37393192
37498524
37399792
37540204
37396940
37605248
43322260
37432988
37393068
37449992
37388408
37805572
37385468
37557512
37385976
38289292
37444724
37674324
37439152
37301368
38115068
37811476
37548512
38185984
37366768
37955824
37434556
38382832
37404288
37371632
38026600
37554864
37545812
38260200
37542996
38178784
37491672
37485424
37692240
37407548
37372432
37412948
37561568
37669344
45712944
38240636
38011992
37562112
37349084
38260084
37461128
37553552
37417656
37471048
37457076
37488520
37777388
37527056
37621020
37462032
37390592
37500152
37580352
37392212
37676724
40778228
37456156
37554132
37386568
37514384
37394216
37403820
38379096
42792772
38159792
37389716
37270304
37931372
37372288
37476844
37464512
37484536
38268304
37881844
37691456
37384000
37404776
37545032
37409424
38325500
37395704
37409064
37450072
37360964
37450064
37565340
38337672
37381648
40320076
37461712
37446036
37515836
40261760
38133776
38614504
37441608
37577072
39645804
37774580
37464264
37899876
38553840
37404780
37443372
37436404
38286100
37511576
37351112
37949836
37458084
37576824
37330224
37697056
37408784
38318996
37453156
41663472
37405344
37338464
37790736
37445380
37548396
37612796
38824280
37565236
37483164
37431148
38803760
40352048
38711224
37516180
37538284
43087460
37824760
37512728
37467700
37496924
37420156
37395072
37371028
38792080
41339324
37525976
37403260
37551536
37792872
37395012
38252524
37358312
37443192
37515164
37414300
37499388
37399492
37467416
37545292
37499568
37565704
37500412
37459548
37627496
37476352
37570952
38147048
37559844
37550268
37510716
37407400
43481536
38091968
37460028
37402116
37361848
38084208
37554896
37416464
37431908
37985596
37378696
37538584
37329468
38086688
37423848
37395240
37500152
37402916
37520056
37501968
37410844
37475788
37373120
37445676
37509032
37950944
37724272
38381488
37456304
37453868
37412656
37543000
38083680
37450560
37438904
40221308
37492412
37411724
37376800
38222888
37445240
37573868
38311724
37990604
37466172
37566348
37426008
37496592
37414252
41737844
40901080
38035920
37453072
37387380
37516476
37461996
37364516
37419296
37517940
37425956
37431172
38257408
37416428
37758940
37458336
38444304
37488732
37528892
37506676
37510152
37475176
37841724
43269024
38315024
37561872
37419088
37427784
37383084
37403400
37515932
37452352
37496108
37512176
37371988
37443292
37273572
37472812
37446872
37488452
38193508
37397676
37428668
37428208
37516036
37412688
37398156
37343344
37518452
37488208
37878272
37374832
37986684
37635224
38435644
37315176
37719516
37440092
38122100
37520296
37369984
40343892
37396500
37469940
37454240
37458312
38196320
37483852
38253100
44654616
37429544
37898024
37509892
38338032
38971128
37488028
37392284
38112092
37548236
37355968
37467536
37378060
37907560
37551796
37326696
40274484
37465544
37465128
37386692
37378048
40243108
37378288
40544552
41835536
37497592
37378880
37429024
37548368
37346820
37383300
37401064
37414512
37546744
37377884
38365680
37393580
37439744
37546184
37405052
37461960
37324852
37511896
37414832
38200824
38003256
37401404
37512508
37371752
37405168
37484336
37527668
37461516
37366852
37450928
37281564
37418348
37949200
37549928
37403944
37378084
37548156
37650500
37412740
37458556
37318492
37452004
37483112
37444940
38192648
44448400
37499476
38128216
37362660
37499148
38489328
37515576
37996368
37782460
37374680
37460324
37330644
37552812
37415348
37483612
37557952
37434476
38194644
37408948
37370920
37529628
37571484
46374076
38044292
37353112
37570312
37438580
37414988
37429700
37369828
37386180
38187552
37390896
37444112
37422096
37397232
37462492
37447856
37521148
37388640
37429896
37517656
37344508
38048104
37413868
37487136
37381792
37404120
37460108
38187660
41485276
42202272
41641072
41809784
41789044
41842976
41689100
41731668
42548800
41564684
41765088
 
41687912
41675784
42659076
42058012
43189508
41508824
44760564
39539172
37513376
37470860
37413048
37415900
37425268
37390600
37551608
37363836
37561936
37359284
37324884
37514952
37310064
38228740
37469668
37446408
40242296
37421372
40253056
37432472
44939916
37679760
37416356
37541712
37442616
38975368
37487448
37498008
37356592
39640656
38251640
37704420
37431552
37349308
37452432
37549900
37421960
37487784
37450480
37681380
39362544
37472712
37492556
37408196
37551248
37372692
37512012
40264976
42094076
37565208
37490956
37467920
37360020
37432580
37541092
37373064
37444680
37327852
37408248
37594604
37373776
37455108
37778180
40049148
38082080
37345236
37491848
38327376
37932740
37828856
37528848
43796348
37560164
37469352
37387776
38282780
37409192
37507012
37461168
37340024
37387584
37398692
37514668
37634552
37393000
37410580
37373928
37441300
37540896
37356740
37476592
37439068
37399920
37564964
37388232
37746500
37397376
37422312
37527744
37350960
37470672
37429512
37515504
37389460
38069392
37428416
37499976
37487252
37358876
37402708
38266044
38528544
41367500
37406244
37480040
37941904
37361128
44817792
40296216
37476848
37389052
37383488
37519904
37298144
37511588
37455724
37545444
37455616
38209156
37451336
37428348
38451208
37909424
37443984
37286204
37511476
37483824
37366676
38321320
45934800
37578164
38317812
37387840
37450472
37429996
37416716
37568768
37405068
37474040
37664728
38351740
37520828
37336700
37748352
37448320
37475884
37341736
37465352
37398628
37560256
37427460
38317048
37421956
37389456
37448416
37504176
37417292
37423728
37360792
40351492
37591952
40208864
39462636
38003672
37395700
37550584
37320688
37415272
37459420
37649460
37492524
37331304
37406712
37370092
38097576
37378980
38115640
45862396
37494236
37505712
37901536
37434100
37374552
37348276
38457264
37408460
37437400
37377708
38457060
37813932
37477044
37395348
37975960
37471532
40723564
42250912
37572852
37540556
37520880
37394968
37363084
37447012
37475780
38305492
38002292
37434492
37382720
37369548
37784648
37382644
37449768
37578232
37407184
37507544
37341832
37513948
37341824
37389752
37485996
37295104
38174632
37442316
37566140
37425960
38111676
37363440
37586684
37483696
38646328
37703812
37825244
37501044
37497292
37547224
37465948
37476496
37372716
37597280
37400508
37476912
37286720
38879692
43637576
37485732
37541420
37385180
37482584
37365660
38056196
37823464
37473384
38324252
37373728
37495852
37544468
37441604
37467876
37382100
37515420
37412304
37452852
37836524
40074640
37520492
37556960
37336976
37539516
37422232
37445716
37624440
37486776
37409044
37737752
37393860
38235340
37528996
37398292
37427220
37350908
37506568
37492128
37380908
37391976
37437920
37392360
37495156
37396692
37450580
37349100
37396540
37455820
37400324
37441976
37369784
37374992
37371644
37378832
37519052
37322844
37538772
37396292
37832068
37434612
37389892
38262548
37389692
37379952
37452804
37417360
37675920
37459820
37951020
37386844
37460164
37529444
37377536
40477928
37250976
37283756
38353064
37395136
37498764
37523260
37447580
37917096
37384532
40076332
37539284
37517520
37413432
37431312
37371416
37440452
44772016
37472952
37500620
37381548
38175532
37534244
37651480
37493624
37416028
37447692
37565288
37298452
38243756
38271276
38059012
37396536
37420024
37334404
38018892
37408620
37574124
37422980
37533452
37433440
37486676
37417076
37489548
37563680
37576584
37603632
37497152
37514412
37496176
37446472
37551884
37675724
41082836
37429416
38462460
37449772
37467732
37653936
38306608
37465216
37568568
37376008
37597388
37500800
37535532
37434720
37486124
37435056
37417904
37596612
40414632
37815196
37498656
37502296
37474368
38298436
37473040
37369848
37525484
37431976
37354924
37487468
37409576
37447172
37419420
37377724
37390780
37448908
37428036
37359764
37421496
37472612
37436316
37490464
37466068
37307412
37492300
37373580
37642592
37415000
37573948
37436556
37348968
37494608
37419640
37433420
37391668
37390316
37515756
37346688
37418196
38329092
37505660
37306468
38095000
40673296
37426784
37566572
37476024
37462036
37451532
37406228
40286532
37471104
37378424
37450460
37447520
37864748
37409928
40437040
37424324
37419908
37418612
37364700
37481108
37354196
38426712
42634780
37594420
38145304
38056736
37591948
37396156
37343744
37361604
37446276
38323644
38090832
37483412
37381440
37384072
39015296
37524160
38333600
37437976
37437224
38410160
37485836
37456780
37478944
37421960
37746968
37440120
37370096
37455872
38309164
37472672
37474372
38238740
38023108
37525988
37487500
37455164
37372208
38378784
37548536
37457196
37494684
38019928
37695276
37622380
40521316
37461852
37382280
37444992
37760408
37395084
37513740
41586604
39903616
37518332
37408960
38068664
37467936
37535980
38150460
40318440
37452284
37462152
37505620
37418604
37469324
37973904
43163104
38078060
37498056
37406148
37771704
37396000
37454844
37943588
37471536
38019988
37883432
37330656
37505396
37351288
37691408
37279420
37484524
37414076
37420820
37508912
38194932
37547344
37363256
38217368
37427736
37484816
37909428
37538316
38232152
37541436
37421080
38193164
37484332
37424740
37510176
37518028
37355584
37465440
37439276
37417132
37716836
37402488
37472172
37489516
37473932
37577088
37587156
37534240
40776248
37580932
37499156
37450188
37429944
37443296
40598840
37978640
37559808
37507336
37497300
37403740
38558696
37410580
37544816
38295568
37478116
37478956
37345672
37521704
37468176
41428592
37493540
37499148
40215088
37735836
37518796
37391212
37471228
37420700
37457092
37493136
38237688
38004496
37388068
37390780
37998076
37505588
37487056
37387604
37378484
37491676
37739120
37869660
37365880
37872844
37433132
37529072
37604500
37481172
37454768
37375652
37424232
37286096
37478100
37566448
37392312
37484000
37345148
37516764
37483508
37907536
37448268
37446972
37411940
37541216
37377960
37589104
37479272
37501088
37475680
37395856
37970336
37540356
38238660
37390236
43450400
40645848
37199168
40154456
37295832
37442308
37393792
37473392
37594424
37461928
37487360
37425064
38147352
39362536
37865580
37496752
37252632
37376432
37453224
37369688
37446824
37481016
37503856
37600044
38171268
37458132
37511188
37343300
37560492
37454884
37463408
37459376
37479316
37496960
37374452
37494980
37488060
37588632
37453020
37460264
38006608
37847876
37488260
38389200
37549800
37514192
37490336
37572664
37449172
37544104
38222740
40527980
37705800
37585848
37494028
37427452
37416804
37485236
40038232
37524612
37489396
37513308
37954376
37516556
37382816
38775384
42416620
38074156
37592092
37420764
38165092
37665284
37440340
37473564
37376432
37470180
37675772
38257868
37594620
37499100
37461048
37491216
37372136
37441360
37399848
37445256
37447904
37451660
37529592
37313744
37929640
37518380
37457320
37421100
37523592
37921416
37455808
37495632
37992108
37390680
37680924
37413620
37457992
37336976
37358780
37836664
37460816
37433980
37999060
37332284
37511396
38189180
37441696
38062572
37482212
37455056
40637468
37756980
37475128
38164348
37561572
37455828
37544004
39257360
43695060
37612684
38114820
37376664
39015460
37465520
37545160
37223196
37649524
37530800
38995524
41258560
38152200
37477012
37634476
37442560
38163620
37423712
37373044
37380188
37443184
37934220
38147928
37396808
37479992
37526092
37418232
38098112
37445756
37526164
37462240
37569172
37391624
37418552
37423392
37550316
37398184
40306000
37495332
37426004
37569740
38292448
37510840
37767792
37559852
38185360
37896768
37409628
37464548
37441456
37491344
37383948
37477904
37476308
37485096
37433164
37416032
37437796
37463768
40379896
37428436
37794720
37461172
38471096
37537756
37489052
37718508
44616580
37650952
37463620
38493452
37463792
40323080
37464668
37357000
37379388
37390548
39940180
39398664
37515832
37776980
37401596
37432784
37558296
37353624
37576912
37382420
37457028
37535296
37435220
37443548
37327416
37408424
37425264
37493200
37905568
37348608
37823196
37432992
37397188
37333416
37463616
37492388
37397260
37503540
37444660
37596584
37448112
37303748
37488420
37410092
37485924
37562120
37428832
37408232
37455720
37409012
37485684
38212292
37524824
37436556
37466224
37543368
37367096
38345204
37368600
37519076
37430144
37397956
37439816
38323872
37482512
40260204
37979340
37643124
37647804
38519608
45940064
37624944
38215204
37524592
37462232
37362820
37325888
37466020
39526040
43223484
37572200
37453516
37527764
37472096
37410056
37407668
37427180
37498120
37554020
37424368
37474420
37342236
37511712
37662468
37426692
37486452
38053760
37885964
37611840
37626712
37395992
38094892
37463932
38010804
37441580
37357292
37477816
37354608
37887160
37415340
37461100
37441128
37474572
37464028
37445988
37433952
37546520
37526188
37885692
37504996
37421960
37435008
37787888
37354804
37502740
37476704
37550216
37663580
37500884
37440028
37492088
37525684
37337604
38632036
37586648
37439432
40421224
37442632
37495864
37422156
41424164
37758356
37571256
37520352
37318928
38121016
37797424
 
37533324
37351204
38354428
37941008
38063320
38084056
37418812
37572792
38347092
37403200
37449048
37484304
37467928
37536564
37715552
37507320
38196320
37484828
37575592
37431976
37520036
37470148
37433904
37523936
37395876
37446168
37448384
37698248
38182108
37798988
37546408
37452784
38147664
37428856
37442116
47167072
37514416
39933480
38309932
37509392
37479276
37355784
37567112
37453160
40111152
41127760
37595896
37523780
37439696
37512672
37502944
37604404
37343764
37434216
37406800
37513296
38004700
37538048
38318984
37428004
37471476
37469204
37450660
37441388
37471908
37462012
37539192
37418348
37467028
37474436
37430692
37563588
37464464
37535440
37393640
37500776
38010384
37356168
37520120
37414960
37521700
37390820
37431784
37382836
37448964
37515508
37432968
37522864
37416880
37543584
37577480
37705832
37470688
37413988
37452760
37624172
37419652
37494812
37414012
37541028
37482808
38114200
37490016
37394304
37387388
40779164
37487728
37414448
37428964
37579684
37429924
37374056
39380872
44638916
37673076
37420940
37491232
37445096
37427784
37448688
38293680
37477440
37461684
37464964
37398740
38216896
37509196
37400584
37669420
37429744
37419604
37449948
38137248
37598452
37397300
37445452
37484220
37573636
37496580
37575044
37429024
37441684
37499048
37576400
37404216
37423692
37448916
37437232
38393152
37326008
37743044
37474740
37401020
38102004
37548928
38038320
37375924
37546460
38229676
37418408
37569548
37466860
37860512
37409160
37456660
37414188
37730192
37472372
37399396
37507024
38064904
38756728
37669340
37493492
37797948
37411508
37440172
37567604
37548072
38397468
40579344
37843912
37465416
37404144
37463572
37554008
37674944
37391076
37568008
37767860
37528500
37541140
37471812
37572572
37480268
38221076
37619924
37734448
37532404
37367956
38124592
37584496
37546620
38271348
37451596
38109164
37552000
40248068
37539940
37530388
37529312
37410068
40239992
38150592
37500160
37463268
37561200
38145260
37534820
37545840
37481660
37526296
37428536
37525380
37376032
37878204
37526616
37500164
37481812
40264896
37482228
38612640
37636068
38270300
37476556
37487368
37398912
37487988
37436900
37540032
38223600
37458008
37822916
37488604
38037552
37407148
37527560
37399724
37591028
37573104
37444964
37522516
38703604
40736920
37417348
37425936
38063248
37480524
37691452
37528504
37396448
37488140
37475808
37530628
37477540
37542044
37457276
37521608
37759120
37516708
38405604
37453424
37434468
38249876
37516500
37591768
38190628
37804036
37639796
38152024
37794584
37399344
37508928
37497340
38135340
37509308
37491328
37506540
37515384
37907560
37650596
37414392
37573408
37800840
37620040
37421164
37510392
37712268
37593332
38190460
37554064
37507060
37534452
37668348
37547572
38069032
37519112
37640208
37503460
37479512
37874900
37513616
37554128
37533412
38459016
37497196
38143796
37683192
37505288
37501336
40230768
41868356
39733592
37532488
38247324
37389616
37561820
37876420
37637224
37457020
37413728
38295772
37473068
38462396
37477292
38016080
38197876
38108480
37546640
37473480
37535524
37474904
37561464
37455236
37512880
38045316
37582696
37427360
37495384
37493352
37483756
37576228
37434892
37533916
37486972
37479192
37509804
37472984
37445628
37555280
37551556
37406312
37493456
37427608
37509756
37902412
37595720
38011220
37556336
37407312
37605596
37456372
37465428
37460016
37450376
47601912
37645364
37510296
37542512
37477732
38377200
37544004
37443800
37497232
37457592
37536700
37519428
37477376
37482916
37552868
37433196
37537288
37424488
37471104
37517580
37425116
37521036
37389472
37433660
37471128
37489656
37455760
37494404
37442080
38370948
37470320
37349948
37545120
37793108
37558196
37500412
37688340
38395424
37437928
37447392
37522596
38226012
37494048
37463804
37457684
38339096
37493200
37507976
37462820
37456844
37501532
37808020
37582032
37411564
38127940
37689104
37954124
37474036
37386528
37524860
37388372
37819340
37500008
38512064
41372440
37455404
38422612
37471840
37453840
37529904
42833324
37621916
37442764
37653372
37437148
37344940
37497012
37772400
37547556
37424760
37375812
37488572
37607872
37477364
37570976
37419136
37451684
38004392
37729676
37598132
37462308
38069468
37709128
37514224
37495712
37485856
37430040
38463164
37567564
37418704
38167072
37901812
37558364
37525040
37445168
37452200
37679052
37409824
37599524
38280816
37863840
37458472
37578616
37496416
37503060
37530760
37457272
37473332
37581068
37391592
37691276
37369680
37564468
37520824
37502448
38296108
38117352
37533520
38314184
37530400
37906944
37480976
37460896
37533196
37497740
41381368
37872848
37570680
37409756
37515388
38040004
37540468
37380624
37925264
37516492
37520888
38128784
37558968
37539772
37564164
37571828
37455852
37616240
37498684
37595376
38237728
37489844
37551672
37528088
38164220
37533312
37494480
38042932
37503540
37467592
37535632
38031768
37456472
37447904
38024876
37499048
37509272
37486208
37746320
37559516
37508576
37610980
37773932
38469320
37517352
37487868
37647704
37414372
38405680
37443924
37488692
37763656
37498500
38116188
37477092
37474272
37604564
37367080
37636476
37482608
37472060
37612264
39890496
37383008
41283468
37399060
37266892
37359500
37510468
37440800
37606352
41475464
38333672
37489356
37467820
37514848
37406788
37388620
37461380
37537944
37751996
37918252
37483640
37388164
38227108
37421840
37488632
37547472
37479308
37400912
37361424
37718412
37393820
37464724
38282364
38196540
37812444
41620656
38281520
37579944
37462252
37387668
37770112
37442004
37590928
37926272
37485316
37457436
37467756
37462672
37405136
37380192
37406436
37530136
37379760
37433228
37462732
37668396
37488096
37455488
37446924
38221040
37454880
37884044
37425768
37379532
37502724
37651440
37543612
37481484
37625244
37475288
37487616
37608060
38096904
37591108
38319156
37550164
37474916
37987228
38845748
37557108
37665396
37529512
37526992
37640612
37590500
37460648
37503896
37544248
37442728
37749596
37634120
37474732
38890708
37505224
37450200
38138612
37487696
37439420
38237740
37421904
37473604
37414992
37474596
37412544
37490624
38369208
37491004
37511440
37450100
37543008
37407336
37534360
37554180
37493532
37448288
37859340
37460188
37429580
37326680
37602684
37600912
37412588
38054604
37385532
37485572
37471040
40521008
37405024
37372512
37399188
37411476
37480132
37383200
38590224
46335044
37503432
37368536
37508072
37449108
37403856
37344544
37303780
37355624
37501964
37383756
37403524
37417572
37400852
37456288
37423912
38660180
38333260
37403504
37842168
37442856
37511456
37513356
37619736
37385004
37925356
37467256
37491256
37563240
37409888
38278344
37546176
37529704
37610584
37464124
37586976
37492144
37487708
37534044
37996140
37705168
37454912
37778888
37595604
37530448
38325412
37522748
37516932
37629448
37363972
37521920
38167964
37587768
37455456
37560700
37572956
37482640
37441076
38856828
37538524
37517432
37540760
37492944
38057968
37563340
41217488
43092820
38240968
37557700
37499692
37452204
37399464
37530736
37419112
37547924
37418872
37568608
37758844
37548528
37503128
38028220
37954132
37490120
37408308
37510072
37435884
37773860
37507760
37409184
37521160
37415044
37575480
37506736
37493812
38813312
37506260
37612620
37884944
38152416
37474644
37387276
38287300
37402324
37509136
37418148
38445620
37391280
37431024
37432972
37468268
37515232
37427368
37509272
37481860
37501560
38445088
37444432
37406316
38377532
37417924
37713600
37432844
38552940
37509736
37413208
37773032
37444424
37502812
40592960
44299896
37457680
37601168
37434548
37518536
37357908
37954692
37473708
37477376
37484836
38111348
37521868
37503848
37453084
37372268
37750960
37440836
37417980
37475704
38825652
37641532
37518388
37574688
37544880
38415308
37955828
37981056
38195188
37923760
37643696
37454788
38050788
37538036
37457188
37580364
37962192
37706700
37352120
37755312
38250216
38192444
37517072
37517760
37559892
37617452
37802072
37547144
37955484
37538884
38380452
37649256
38439040
37436496
37609116
38288584
38116952
37500932
37471568
38353416
37530152
37791444
40088748
37992072
37826348
37633448
37557108
37505164
38372244
37771616
40504564
37460316
38309956
37499380
37556540
37407132
37510088
37496752
37574436
37386392
38163752
37536024
37514796
37472980
37587120
37532352
37548816
37587916
37535056
38127124
37773004
38199184
37510312
37677516
37539320
37505488
37557544
37475924
37554540
37452376
38166980
37935024
37707472
37486444
37601004
37526104
37510684
37972848
37659156
37638408
37560744
37561520
37539920
38400464
37579380
37509696
37542732
38506136
37602804
37938168
37565864
37485816
37549888
37598928
37538660
38352916
37527988
37654848
37540112
37565628
37784732
37602304
37451028
37877516
37509676
38765696
37696996
37538036
37528296
37431296
38385904
37582388
37825748
37793596
39838016
37537568
40330796
37694116
37458592
38214660
37671776
37511968
37528036
37461920
38015916
37471924
37609324
37469192
37510216
37511108
37428616
37557216
37941916
37520792
37503132
37531364
 
37521552
37485064
37487384
37491732
37976912
37575848
37512628
37568668
37412544
37606356
37461172
37506068
37542832
37466268
37521728
37411288
37497892
37424328
37515580
37468924
37520624
37481164
37475040
37605144
37723188
37522532
37478496
37535088
37637500
37462952
37677100
39386844
37491096
38147716
37529816
38481700
37487872
37496016
37510004
37447148
38103872
37418852
37459364
37451276
37410008
37483576
37599912
37574764
37485720
37492972
37460236
37577188
37597600
37498876
37475432
37391804
37642396
37579780
37518672
37452336
37854260
37436972
38324024
37505800
37440036
38119132
37484316
37576120
37457176
37536588
37462052
37492340
37484828
37464664
37538852
37508792
37558024
37454612
37512484
37503380
37467888
37566892
37552424
37509204
37510396
37382024
37739380
38355164
37623904
37741068
38326584
37601244
37454416
37420148
38477020
38658648
37870328
37483140
37492096
37396276
38926820
37519732
37491452
47038484
37511316
37578712
37408412
37518080
37511892
37469972
37541760
37756768
37515924
37506292
37896640
37572460
37495088
37439768
37458664
37399472
37512772
37376468
37521240
37394548
37551232
37433872
37409444
37407660
37497480
37533592
37471020
37471140
37485396
37478436
37622608
37418024
37464740
37506048
37372812
37647760
37414216
37445912
37896692
37568708
37546420
37456888
37495276
37509344
38314824
37547000
37464364
37516364
37403120
37570808
37354624
38135608
38120864
37876808
38002112
37862176
37496528
38121432
37368452
37392616
37450324
37509252
41746388
37576948
37692972
37497132
37569272
37449732
37409208
38309916
37451872
41433936
40483576
37398584
38383368
37499888
37487060
37484476
37542396
37481220
37483740
37506992
37411072
37590888
37516608
37390664
37495256
37355548
38081484
37445972
37503288
37459044
37463696
37592396
37382024
37496556
37537348
37448304
37521428
37427780
37488636
37433652
37565488
37432488
37478520
37423388
37425248
37561512
37422560
38205720
37897572
37433496
37535244
37443956
37948400
37497012
37346464
37531420
37979700
37549836
37530124
37540912
37482416
40386868
37458556
37535584
37532848
37431436
37444920
37535640
38041128
37683944
37356572
37302592
37343044
37324556
37345836
37478664
37492340
37440464
37690736
37427696
38129928
38397560
37295236
37227760
37366384
37298364
37368780
37281236
38075468
37365764
37283004
38368472
37358680
37374492
37414464
37370472
37516656
37345952
37469844
37377696
37380280
37532804
37322584
37430160
37387676
37506840
37445260
37560956
38251272
37470312
37453828
37448252
37511472
37554252
37513880
37432964
37390176
38285128
37457188
37493204
37432644
37393772
37345612
37338096
38309432
37561652
37281324
37756212
37452604
37984036
37403312
37568096
37426840
39310364
39462540
37386880
37534516
37404176
40758220
37506916
37320656
37449912
37515780
37371576
37743708
46166372
38148856
37737808
37424312
38176304
37438572
37600752
37430392
37501564
37427104
37541256
37511684
37411196
37474320
37411068
37553500
37475700
37491692
37479204
37482520
37334148
37576484
37497608
37465056
37533944
37368472
37299940
37305240
37412460
37466620
37444200
37514968
37535644
37412040
37602636
37404884
37361924
37565388
37503996
37388284
37452808
39094320
40398088
37750364
37406784
37229436
37958792
37408164
37325696
37275188
37315608
37522844
37390492
37487568
37583324
40939048
37353584
37326472
37336008
37221756
37324116
37328160
37421468
37473808
37239184
37685300
37399096
37316416
37991092
37230620
37331660
38092372
37334156
37590088
37366368
37332120
37311132
37240340
38095892
37794932
37368448
37431532
37319656
37912820
37553416
37398468
37445500
37897628
37973236
37532724
40220292
37437180
40261228
37552724
40348664
37433040
37386660
37534244
38158872
38079048
37533100
37487916
37499988
37461372
37633676
37462848
37422468
37382012
37611456
37436276
37430148
37846640
38538144
37756488
37358492
37321416
38045464
37562504
37631520
37404688
37484016
37543936
38849148
40128612
37407576
37351704
37381196
37314452
37477244
37318784
37365036
37399548
37310764
37943888
37344012
37354056
38084216
38002884
37645496
37480244
38159828
37394364
37504184
37405652
37587524
37420044
37417996
37495504
37453132
38189492
37410036
37404860
37487804
38128584
37829024
37517680
37369320
37773836
37509328
37397528
37970804
37696140
37519032
38127312
37449060
37394248
38335980
37379332
37355604
37596868
37296040
37414184
38188032
37410612
37449244
40030124
37448180
37566560
38245724
37451092
37202840
37757860
42335656
37391500
37216468
38051516
37335396
37304580
37382536
37677552
37311980
38169544
37337472
37650700
37522444
37485696
46117704
37773096
37442380
37503228
37602932
37438784
38285396
38011600
37435856
37564488
37417524
38360808
37530736
37428364
37558428
37453728
38031092
37424256
37552236
37459412
37439948
38281308
37463484
37582324
40220972
38111496
37481204
37505276
37595764
37439428
37512544
37495316
37498744
38007684
37547068
37521864
37487500
37446540
37564552
38204104
37459356
37460336
37464924
37434540
37762892
37480140
37571112
37596896
37504164
37548904
37439924
37518524
37624496
37479224
41579852
38176464
37222932
37340840
37320584
37343168
37395800
37365764
37562428
40417948
37409128
37516524
37491668
37531272
37482824
37434636
37568688
38578696
37848316
37555264
37433720
38496900
37517160
37423904
37440172
37647988
37480776
37556532
37602108
37535920
38097964
37492564
37603104
37573980
37463380
37854432
37464320
38316116
37901788
37691828
37479364
37494984
37502292
37418652
37490296
37481696
37603472
38927216
37462320
37644588
37480440
37560648
37519932
37438508
37430516
37364964
37678220
37441880
37496320
37498776
37413760
37719204
37518104
37652748
37472692
37509476
37767804
37381156
37460040
37450716
38102596
42827676
38370568
37447200
37689000
37382516
37555264
37514176
37629104
37842572
37706544
38284448
38126252
37928460
37697624
37398944
37411688
37464240
37446164
37497652
37581184
37509912
37492288
37500884
38304172
37589048
37533700
37528704
37402120
37493768
37563208
37462108
37448628
37522208
37477552
37498008
38306356
37486404
37394172
37548448
37430776
37499376
37492104
37501344
37495584
37603680
37500068
37584044
37441860
37488336
37528104
37455248
41561880
41167748
37689240
37412888
37505396
37468040
37646004
37515640
37481192
37511244
37502516
37412212
37557244
37523820
37637916
37481412
38119332
37572720
37423168
37421928
37481744
37503292
47033352
37600916
37601740
37525208
37543672
38381792
37310108
37628896
37323940
37528660
37583916
37425440
37431764
37498100
37589020
37411460
37464592
37540172
37520676
37425016
37383820
37410160
37518028
37968144
37514156
37392552
37383184
37434588
37650276
37351796
37380092
37330456
37451304
37421092
37357656
37901292
37417740
38344740
37470796
37390248
37439440
37396920
37528016
37445028
37354628
37483700
37522608
37528832
37491248
38110336
37519456
37377580
42215632
38255220
37478144
37437792
37398024
37478572
37405156
37685376
37348104
37482952
37409232
37638492
37394148
37594080
37476116
37440712
37425828
37344292
37507204
46938536
38008936
37682564
37409544
37520044
38006684
37471636
37342676
38195108
38038696
37659312
37380344
37412040
37464416
37509244
37466720
37394840
37357324
37517368
37552436
37412232
37383528
37420504
37512612
38301216
37399852
37460932
37380492
37527296
37558296
37474424
37392416
38162468
37711244
37565880
38074520
37786452
37431100
37442304
37536944
37371460
38321752
37415316
37594244
37437796
37363632
37370200
37471356
39545308
37850104
37433428
37408324
37481392
38226456
37411736
37738428
37350136
37558784
37361088
37410544
37383732
37323772
38007656
37548124
37418092
37418576
37379336
37425204
38590536
44597016
37408240
37594724
37492828
37914564
37501804
37331800
37821996
37607848
37346184
37858396
37572912
37401900
37531220
37355556
37504936
37412696
37381044
37559216
37858776
38851984
37414716
37489676
37321036
38465920
38196308
37321180
37491812
37400824
37386900
37339940
38262044
38093084
38030380
37800744
37515968
37538264
37575540
37431536
37487112
38228584
37381660
38216000
37664848
37449420
37789372
38702664
37492560
38298912
37416568
37509476
37574788
37384584
37461892
37406324
37468880
38355124
38034540
37728320
37384292
37520296
37511456
37427344
37578156
37383988
37712608
37486076
40163164
42970248
37557500
37478092
37463084
37438632
37422208
38022832
37532960
37324672
37997076
37721760
37436640
37743700
37570352
37431852
37339332
37442420
37421492
37487712
37371572
38276084
37344436
37410904
37911936
37418208
37353952
37509436
38249364
37844960
37350744
38354260
37535356
37521596
38014520
37699224
37472852
37549820
37479064
37570532
37442552
37450160
37421548
37553768
37443404
37385440
37432900
42265772
40261668
37475604
37330500
37456276
37505256
37371980
37607168
37360340
37516300
37389964
38224260
37813312
40239532
40293228
37714464
37349836
37398820
37331352
37420404
37444528
37367936
37349636
37365288
37374736
37482624
37389280
37399240
38457584
37533416
37793700
37408032
38159088
37497508
37539580
37377588
38222508
37397784
37493796
37582908
37426164
 
38052092
37479436
37458888
37546216
37398772
37611036
38340620
37454228
39834536
38727452
37553448
37403988
37426100
37424528
37430112
37350832
37407032
37471036
37555200
37413152
37430436
37467616
37543336
37396860
38044664
37442792
37629968
37376440
37471488
37445596
37382768
37344312
38044868
37400932
37459636
37778336
38095512
37408208
37373116
37415944
37751704
37446160
40180528
37346348
40343368
37416080
37424084
37462940
37345372
37363072
37334316
38535212
40537576
37490672
37346680
37521100
37396356
37536724
37394108
37414060
37516456
37650212
37410224
37364200
37515300
37590140
37434704
37386712
37384968
37467600
37799556
37383028
40049240
37345596
37426952
37503308
37632216
37324428
38832320
42049280
37638876
38148800
37907844
37374416
38206852
37446368
37422872
37410488
37453936
37564412
37422676
37371684
37297696
37355428
37388172
37380496
37393844
37344164
37526868
37430592
37385352
37346532
37388500
37494900
37719060
37305140
37313688
37353744
37466184
37352740
37350252
37387776
37331620
37441132
37513536
37347572
40572332
38402200
37507340
37330176
37325636
37465516
37449612
46812636
38457660
37558932
37436504
37437388
37454288
37455052
37393308
37396468
37499780
37458544
37384456
37307848
37727360
37570988
37442924
37433140
37433444
37475160
37509804
37390972
39243844
37430152
37794828
37462780
37459468
37465200
37380364
44919016
37496076
37469776
37352112
37325468
37505496
37458252
37381112
37351584
37487164
37506632
37322212
37385168
37786004
37395004
37505040
37372420
37852012
37452252
37444388
37510312
38208732
37425208
37416992
37481888
37494724
37401048
37723572
37391764
37382616
37544272
37357268
37419132
37376952
37459428
37519024
37379028
40769964
37486976
37429236
37748984
37351632
37281952
41343116
42821204
37512672
37390832
38134252
37456488
38250440
37361896
37317464
37649552
37367092
38173972
37393408
37376800
37347132
37745052
37493316
37975984
37406784
38707076
37428612
37464636
37342532
37315688
37901084
37483248
40832044
40024044
37528156
38946460
37606980
37369856
37398448
37339984
38329584
37992528
37417948
37414220
37293976
37984752
37466552
37420888
37267636
37741064
37465788
37409324
37351212
37373536
37819048
37476840
37380556
37500712
37354108
37414604
37520368
37353052
37641928
40219400
37538128
37546468
39010076
37539288
37513760
38206364
38102144
37459188
37362868
37396068
37451492
39002240
37757732
37325984
37256844
37909424
37330332
37390600
38148076
37431724
37994164
37577708
37346944
37412528
37504828
37549708
37325076
37595220
38302868
37528400
37671616
37356164
37311196
37399076
37352296
44140560
37286688
40027956
37268520
37396500
37421932
37331292
38473596
38284464
37555800
37385740
37843440
37398404
38060816
37835672
37460980
37777580
37563112
37480788
37565796
37425400
37526380
44725852
37235404
37374748
37606564
37273804
38091676
37859984
37228796
37345404
37210232
37294756
37520188
37375164
37327592
37416168
37478260
37470884
38208200
37380204
37356252
37690972
37463456
38006492
37408928
37497136
38313936
37495288
37469668
39619264
39104968
37423156
37500692
37415232
37376468
37406680
37481352
37451056
37397032
37291908
37398588
37977860
37404368
38276120
37327636
37527688
37467676
37355480
37328260
37429344
37526996
37522572
37313584
37377124
37381236
37471296
37465368
37393220
37396260
37412944
37413104
37464636
37387088
37401436
37392852
38089312
37511656
37421460
37326152
37423828
40456312
37530316
37401760
37397336
37540436
37554528
37313808
37601732
45854496
37589012
37362984
37260868
37252796
37771612
37581356
37353708
37218920
37399864
38158660
37287592
37237432
37210292
37672624
38135204
37652740
37591644
38205368
38187868
37494660
37513988
38355792
44218552
37383420
37313132
37322468
37258020
37523160
38260864
37415436
37558068
37364668
37910528
37451440
37471000
37476376
37321564
37408132
37516012
37503900
37413820
37739720
37485000
37504312
37596076
37364744
38016448
37362816
37580084
37411668
37315480
37398600
37438668
37443948
38979388
37470328
37412548
37394556
39972240
37532964
37493376
37419216
37379924
37551008
38256664
37925780
41688532
41508916
37318328
37213704
37209888
37222404
37222760
37258936
37415236
37794356
37477372
37327216
38039876
37357876
37286612
38061048
37397096
37390392
38094588
37357036
37336924
38269560
37564676
41098324
41009740
37469748
38105612
37418920
37378912
37301268
37421916
37428652
37480212
37332924
37367536
37508500
37531808
37440396
37388532
37438816
37398228
37536736
37392332
37295004
37542596
37419748
37485128
37458088
37416348
37387040
37332516
37939088
37387076
37305708
37352520
37457192
37535500
37344424
38114116
37784488
37452940
37556180
37992052
37345716
37419952
37436388
37395808
37361120
37695100
46145408
38222388
37498228
37385912
37336084
37451732
37543860
37383972
37278892
37377980
37476748
37477604
37589644
37346924
37617348
37518296
37447348
37374308
37424648
37380660
37561744
37349384
39022888
43561672
37552384
37806608
37373880
37367596
37380332
37489412
38408140
37408200
37347436
38129124
37332776
37735608
37314104
37405372
37371680
37450008
37309692
37405916
37321044
37373796
37446844
37410696
37421252
37886748
37395060
37506732
37388780
37381508
37384140
37465512
37517484
37315136
38273716
37427132
37895472
37548304
37378392
37401780
37362300
37396924
37904724
40283896
37383772
37455744
37399592
37459744
37378812
37430748
38299528
38021544
38205388
37533276
37772352
37519112
37506512
37429744
37369796
37386848
37577688
37474964
37970068
37406948
37570340
37931616
37553512
37391568
37477456
37419404
42854336
39428372
37375536
37267004
37268164
37471236
38113556
37908492
37304108
37246504
37265760
37477348
37251364
37788772
37302756
38199368
37268012
37695844
37273204
38125796
37304468
37260188
37305288
37242196
37240024
37345532
37274320
47532760
37255792
37379088
37303336
37274028
38137812
37892952
37282160
37330224
37241296
37290052
37298184
37280520
37253292
37259840
37328736
37246000
37321752
37244624
37287316
37229864
37427332
37477180
47108864
37559144
37443484
37368512
37456424
37506540
37373984
37350644
37424288
37457756
37473608
37419436
38185372
37431372
37458200
37560908
37327668
37336536
37407800
37461912
37414792
37412904
37416872
37495140
37441248
37453784
37434176
37395440
37511804
37587760
37410672
37882928
37495396
40283004
37851236
37477336
37332328
38262060
37497480
37483256
37391104
38087096
37752332
37443916
38059384
37420664
37376500
37299768
37335468
37260024
46145296
37313776
37217948
38098444
37330868
37599436
37288204
37917512
37330096
38021956
37310440
37558692
37630528
37359104
38138172
37866476
37661332
47221180
37411140
37307432
37267920
38287512
37443820
37452640
38050748
37424032
37370652
38354468
37593212
37418900
37358280
37507736
38213272
37541668
37340820
37387148
37331368
38112004
37518288
37495588
38015140
37528864
37640068
37454256
37370908
38127564
37908748
38200484
37434008
37437868
38158588
37745240
37591624
38117372
37472384
37342720
38745876
38265524
37989244
37311400
37394096
38564408
43516080
37343828
37281864
37177968
37352548
37229396
37226648
37668304
37255316
37209272
37304596
37404832
38074744
37272440
37287748
37268860
37190660
40749524
37345196
37315152
37286768
37243072
37203644
37409936
37251536
37275664
37210840
37246848
37279016
37244612
37291116
37249312
37220248
37251344
37284396
37328016
37246664
37275016
37347172
37239316
37209128
38007932
37273216
37305392
37343612
37245500
37281656
37274132
37299080
37252196
37862260
37274624
37316932
37201836
37252880
38452560
38109892
37279688
38030376
37385016
37319588
37186664
37399584
37296984
37327836
40083176
37230420
37544312
37307320
37338324
37276068
37706380
37379852
37308392
37943980
37254248
37371864
38150396
37411632
37280952
38655444
38174448
37953640
37461680
37364012
42920836
39899976
37358336
38377024
38057996
37680420
37420576
38155884
38763760
37381592
37195356
37905768
37252840
37223812
37142896
37289828
37212112
37251576
37283172
37342172
37890216
37321896
38169952
37372612
37439920
37460652
37391348
37384812
37328872
37354732
37462676
37946600
37683288
37348432
37393740
38369420
37453248
37790840
37209728
37897960
37294084
37278220
37235896
38027596
37281952
40575132
37252976
38766756
37521828
38120012
37325668
44219168
37628500
38162616
37314580
37330136
37242608
37256652
37293620
37280592
37339232
40165624
37295480
37327396
37423240
37297776
37373104
37364136
37211104
37715952
37942452
37329648
37571852
37476904
38206684
37829424
37422924
37383472
37451012
38734020
37542972
37461020
37330264
37400308
37439692
37508532
37385612
37997496
37502136
37501372
37351292
38928148
37498500
38288252
37425212
37507444
37410004
38113416
37378668
43182464
37928596
37275656
37267644
37293808
37303276
37253268
37267720
37298596
37393880
38144620
37276760
37219732
37248968
37273464
37291900
37292664
37749816
41220620
37390188
37229648
37780424
37514928
37466452
37525644
37935396
37421400
37439532
38170896
37554464
37423020
37389580
37345380
37387420
37448736
37457788
38121060
37277488
37325620
37264724
 
37271988
37251208
37416804
37528840
37365400
37319620
37366328
38410628
37527460
37394968
37382140
37311184
38457404
38175504
37326392
37434924
37346140
38165616
37435412
37288632
37332892
37369200
37427936
37707204
37376448
37291048
37963836
37784920
40307556
37444184
37387280
38967924
37418020
37252464
37315664
45542296
37330588
40111708
38877624
37280756
37257364
37223088
37309332
37302944
37264484
37656808
37295156
37288572
37325308
37240904
40725312
37722908
37295132
37229816
37273388
37239660
37303956
38091484
37246540
37332452
37314680
37269848
37288924
37394980
38029516
37463516
37479996
37349376
37301908
37969820
37435916
37520716
37369396
37331188
37413028
37496104
37298104
37387316
37895372
37399856
37554228
37329352
37616652
37631432
37465500
38146892
37344636
37586408
37356884
38128220
37400952
37378064
37300308
37395712
37385524
38030840
37364664
37345668
37320300
41284908
37194584
37351808
37362272
37322232
38132552
37481224
37351432
40907964
37257036
40068088
37211652
37261852
37341796
37440112
37905320
37383012
37324088
37475096
37348620
37553188
38810132
43580520
37393340
37939592
37277600
37252408
37714588
37259120
37208592
37220336
37964128
37318104
37190692
37199528
37252576
37747388
37378104
37290928
37411504
37471552
37329568
37307592
37425288
37426632
37410300
37371756
37324600
37459584
37470976
37469200
38044872
37541752
37278916
38410028
38023720
37418772
37329136
37296016
37455656
37788044
37576960
37368508
37500760
37556604
38922996
37421752
38273844
37427200
38006244
37421268
37647472
37433336
37460120
37575568
37403792
45736252
37310456
37284748
37222080
37258132
37329148
37252400
37270164
37176324
38002648
38112208
44875840
38310676
37380516
37425312
37330844
38125288
37422412
37384656
37416292
37423420
37482228
37537580
37249976
37297216
38148880
37225112
37918632
37315512
37295644
37186744
37888740
37569804
38200396
37365652
37354836
37434228
37681032
37670608
37315660
37401500
37485708
37392464
37401692
37327648
37508712
37432776
37365952
38285460
37397960
37428456
37543612
38205856
37361276
37377900
37354912
37895468
37478152
37331012
38082252
37463536
37597356
37403156
38037212
37721496
37517920
41496248
37602656
38207364
37267596
37611900
37241180
39799148
37398584
37465968
37368092
37397964
37336852
37568472
40142876
37276896
37217216
37210952
37235468
37275448
37341308
37350524
37245668
37379404
37437272
37438744
37694500
37360684
37922060
38936140
37744468
37334860
37308136
37406648
37706220
37393392
37335356
37373716
37956372
37539900
38236148
37312408
40499696
37525184
37433752
37829100
37460864
37345984
37413572
38019244
44557952
37426120
37341724
37301856
37317780
37280736
37378524
37479352
37257120
37376544
39498088
38293252
37297300
38018484
37274212
37252376
37362544
37491264
37387232
37352272
37352376
37386172
37455772
37418000
37365028
37296696
37391012
37470876
37494712
37291328
37359848
37521408
37474640
37396316
37392124
37440992
37563216
37507004
38152440
37899260
37437028
37425412
37319416
37339544
37413236
37390328
37456964
37445156
37324092
37307484
37602840
37444284
37373396
37328540
38027492
37444668
37643520
37366304
37309368
37366168
37542008
37491600
38214784
37420584
37409520
37512688
37947764
37391920
37343188
37290000
37313072
38060436
37340188
42978880
40204160
37284916
37199904
37532640
37280760
37429244
37449056
43118976
40343692
37335684
37467496
37789076
37629440
37329052
37276872
37423568
37686052
37408884
38215040
38250120
37454808
37466148
37502300
38075024
38064256
37845180
37558996
37369312
37379028
37947172
37515328
37458108
37403560
38222124
37567216
37459648
37443208
37413624
37456500
37487176
38282304
37435696
37689272
37364424
37492660
37624972
37435892
37396472
38204216
37657988
38360516
37416796
37419536
37400552
38269520
38033704
37526476
37338320
37611776
37519088
38211596
37467820
37427660
37471232
37553436
37413224
37377272
37465044
41258524
37646152
37365420
37263952
37394780
37410236
37462112
37338836
42217808
38365188
37668144
37418388
37346272
37364548
37456724
37416216
38245428
37355244
37312084
38105700
37512228
37277168
38959620
37442176
37339788
37561212
37390012
37464208
37325592
38130232
37564996
37405412
38214132
37956624
37379720
37420588
37276568
38038360
37454256
37488488
37322012
37379620
37780600
37644604
37525672
38037772
37369712
37636020
37476012
37278620
37270396
37328148
37208900
40168532
40339836
37419664
37402404
37349640
38299640
37512932
37446276
37293956
37321900
38139624
39644920
37951532
37388336
37296168
38217220
37790392
40425708
39943096
37455772
37310696
37201332
37595640
37343352
37393032
44045044
37269424
37845224
37275952
38222648
37439588
37401620
37376408
37383592
37585728
37426772
37415424
37315968
37295076
38300164
37322072
37720580
37358788
37382472
37404188
37425760
37359968
40244932
37429808
37532616
37414264
37447676
38200824
37977440
37756272
37429596
37300432
37311616
37261524
37358932
39399348
37259016
37263860
37199828
38166608
37257176
37195872
37525668
37253428
38017900
37297344
37196956
37388612
37253468
37266448
37249612
37952324
37238712
37322800
37252300
37293092
37764964
37234216
38526372
41638244
41523808
41404240
41264152
37859888
37549768
37233288
37204800
37704484
37280324
37225548
37228760
37298832
37291756
38125540
37258664
37233264
37257076
37380396
37425268
37932128
37395448
37464840
37431468
38076700
38002336
37433352
37395168
37549748
38141548
37366840
37461428
37389968
38234160
37462600
37638156
37438828
38095860
37553636
37390288
37325548
37385012
37483000
37488344
37368532
37316564
37428208
37569184
37512040
37499416
37468920
37443796
37423148
37424236
37473432
37419292
38721676
40005892
37362900
37264640
37818996
37249476
37319840
37259960
37283112
37322592
37550608
37476036
37295912
37367484
37358672
37419484
38341084
37379080
37397084
37386192
37391608
37472580
37408560
37351064
37382016
37446020
37434168
37412200
37360772
37476300
37543332
37420224
38193012
37405048
39025820
37409172
37278788
37292444
37639644
37474092
37494420
37444832
37412228
38107600
37853812
37712636
37358572
37418096
37807080
37528576
37504064
37380772
37844764
37573284
37405756
37439932
37357180
37583076
37336744
37431760
37801204
37824684
37417412
37437812
37224676
38157440
37313156
37246032
37341188
38061760
41057232
37358080
37266328
37649460
37227796
37371248
37346292
37426160
37528288
37515180
37386920
37455132
37887680
37428188
37509796
37475416
37333480
37641592
38249140
38057440
37356712
37441728
37430964
37700164
37450248
37830928
37438556
38355880
37962072
37415852
38064428
37429332
37453668
38294012
37408848
37349748
37407960
38321000
37826964
37369764
38877452
37565376
37457492
37463476
37350204
37392188
37485868
37527408
37529296
37367640
37408444
37441204
37565368
37398252
38193112
37419560
37420508
37821156
38306636
37397632
37343548
37482628
38287064
37402476
37317936
37328772
39059068
37501840
37292884
37429096
37425468
37291408
37224404
41855360
37400604
37223584
37296228
37211704
37306964
37286140
37540020
37297708
37219988
38126688
37275404
37235496
37407556
37236708
37234104
37260668
37278608
37925848
37336632
37285256
37137240
37263520
37980976
37304356
37287504
38689720
37333640
38099644
37278588
37588652
37570508
37297492
37233428
37296088
37564944
38002040
37274404
37216076
37872520
38111888
37337676
37271420
37286220
37153004
37720044
37334964
37227804
37299116
37293372
37263540
37298112
37219508
37288820
37228896
38172284
37290524
37213012
37360224
37970304
37218116
37330684
37305264
37282744
38028644
37262488
37317124
37269824
37710692
39862448
38133424
37392160
37371960
37277128
37266820
37272604
37239032
38073352
37268740
37217988
37315696
37187440
38105072
37861008
37341244
37567616
37329184
37320312
37422552
37446220
37261688
37581292
37307292
37201044
37572192
38194232
37208200
37264292
37213308
38090200
37326664
37275364
37305304
37220668
37909004
40094644
37281200
37288892
37214436
37264996
37665176
37292980
37293052
37219992
37273136
37351704
37227732
37900524
37252584
37308976
37196932
37259256
37243072
37205396
37297644
37229908
37282584
37541456
37220320
37611808
37262028
37261860
37359680
37249220
37341844
37261348
37247820
37227176
37832200
37987928
40352440
37233748
37484540
38083880
38188080
37249736
37297628
37246932
37553340
37307408
37263740
37290520
37239104
37301532
37255724
37261896
37265904
37196932
37298288
37749468
37245912
37206336
37295412
37700208
37237356
37244968
37200816
37320092
37210112
37297320
38091832
37273912
37264100
37280620
38105220
37273616
37330272
37375084
37366284
37358460
37349388
37481044
38368084
39236928
37618484
37393100
38077488
37388044
37344288
37293480
37305036
40327992
39657240
37262564
37315572
37186184
37295708
37250840
37297052
37245136
37206024
37273104
37279948
37382520
37246172
37246124
37293480
37224440
37255412
37246636
37249552
37304992
37280224
37186088
37318100
37465740
37395588
37316880
37319996
37316228
37354180
37672152
37384772
37290220
37407324
37372356
37422288
37310792
37345632
37402092
38310744
38018156
 
