Procesando...
  Filtro             : mblur
  Implementación     : C
  Archivo de entrada : lena.512x512.bmp
51236548
51265996
51445188
51316700
51309904
51351620
51291300
51308004
52974104
52556120
51299512
51292248
51371652
51328296
51354812
51386756
51485384
51463608
51356868
51380072
51381832
51393568
51515096
51346528
51353996
51381360
51395008
51461988
51364236
51392356
51357112
51349036
51466148
51599236
51405432
51390232
51377700
51412036
51348712
51374148
51425128
51435564
51370240
51408928
51383308
51407488
51373684
51482980
51383424
51396844
51415996
51418496
51324836
51362484
51383392
51395008
51456500
51506476
51443920
51354332
51339704
51381292
51386076
54615876
52847696
51565600
52082728
51497480
51639196
51830260
54560256
51416928
51426052
51364856
51421228
51468964
51365328
51340368
51390244
51367628
51470264
51382676
51330744
51400920
51420528
51441592
51350576
51394524
51444512
51331728
51392412
51397592
51356208
51446572
51418560
51371936
51314728
51406336
51495112
51468448
51378304
51401828
51382136
51621940
51529780
51386556
51415764
51267264
51392856
51459900
51357300
51378332
51369596
51386380
51416700
51358172
51426100
51480852
51361544
51349756
51387472
51417332
51459888
55257404
51647524
51404084
51331200
51361908
51402684
51485904
51353748
51334076
51473000
51366492
51366424
51354560
51387812
51601484
51447364
51354620
51380972
51308316
51450092
51468152
51367680
51376260
51361192
51399964
51487688
51350248
51374048
51397020
51379120
51458276
51366808
51356492
51349956
51385672
51442328
51347928
51362632
51416212
51508312
51357108
51341548
51389160
51487120
51473964
56031564
51472640
51359712
51466844
51580844
51419324
51385396
51481488
51459484
51492772
51400544
51361644
51365128
52171848
54293124
51422276
51377696
51397984
51354800
51380728
51376040
51349200
51448396
51409864
51358352
51336124
51343780
51537176
51489828
51366568
51369524
51349836
51422264
51478388
51360832
51349848
51352016
51408108
51469240
51733080
51448368
51371744
51393828
51428880
51360412
51376820
51456640
51409128
51360404
51382864
51314584
51433168
51513412
51386244
51336452
51383036
51509208
51438204
55764880
51443032
51355204
51396684
51497064
51326636
51380340
51371912
51515060
51488224
51414056
51341684
51349560
51322936
55066788
51736836
51600216
51392636
51424160
51373320
51382592
51336448
51489604
51480136
51381984
51385792
51375788
51428120
51487408
51363064
51374464
51347340
51406756
51478676
51399584
51374296
51372188
51384792
51485532
51316920
51382812
51442160
51412380
51367664
51377784
51374352
51404092
51426956
51391404
51402800
51321056
51624088
51609328
51401032
51408676
51374900
51392732
51478028
53692676
51699672
51403348
51475496
51455164
52877368
51415696
51497048
51379316
51394576
51374656
51550820
54944532
51448380
51344840
51399052
51638752
51468768
51446488
51362912
51373544
51350772
51391276
51628312
51473360
51361748
51424648
51383116
51454924
51344172
51347068
51361720
51410968
51428148
51360444
51375476
51333068
51359364
51457460
51348936
51376464
51411724
51436368
51459412
51397700
51378832
51412752
51357840
51566844
51397132
51474856
51401940
51331112
51375852
53877780
51513104
51445872
51422300
51501476
51523704
51396484
51444560
51465724
51366576
51345508
51389488
52373880
51532440
51389396
51406368
51355996
51381768
54381776
51782616
51468404
51388304
51390036
51448244
51360204
51377844
51404200
51363732
51321700
51363800
51376848
51471044
51414008
51335180
51388540
51335636
51479800
51486572
51405636
51654524
51437900
51432452
51473160
51386588
51407600
51361504
51386080
51487548
51380632
51404336
51398124
51406268
52138568
51427096
51366984
51468136
51406568
51446812
52099180
51786184
51421796
51490352
51409164
51406808
51380696
51387712
51450412
51365148
51354192
51359076
51344712
51490944
51522260
51367832
51421648
51493040
51454040
51382944
52957896
51804292
51503036
51406756
51318744
51375496
51448692
51440492
51334288
51355940
51361796
51465636
51490080
51377020
51373672
51407988
51374536
51484100
51371300
51336500
51359864
51413892
51462712
51363116
51382940
51399444
51388764
51458140
51364740
51363300
51359384
51446384
52189048
51451396
51388780
51487208
51456968
51685028
53316808
51468104
51463300
51458132
51345080
51375368
51363276
51386908
51445232
51371904
51385416
51348940
51379768
51455552
52278780
51417128
51372976
51384420
51408796
51356592
53520728
52204600
51513020
51366472
51388412
51394164
51382708
51669388
51466692
51379488
51358780
51379932
51475020
51308928
51349804
51388804
51420008
51400352
51368240
51392844
51433092
51358468
51483828
51430848
51355228
51357784
51387852
51473444
51324356
51325956
51361404
51461208
51500868
51396864
51346924
51377436
51354164
51425492
54375840
51424876
51454564
51484772
51609424
51418104
51390276
51443064
51426988
51343408
51397720
51389728
51372172
51456684
51367052
51375872
52241884
51445524
51470724
51354608
51371372
51430040
54958684
51691848
51365128
51403324
51419628
51422616
51340288
51372532
51382156
51429288
51447712
51397004
51391748
51324976
51410940
51523264
51391336
51514168
51439164
51407736
51432008
51356416
51393004
51421580
51385264
51448584
51405536
51407892
51403064
51382324
51661680
51359916
51366108
51423692
51414664
51981480
53660788
51453016
51509280
51463660
51424460
51381960
51398340
51379140
51498420
51352280
51408700
51327284
56011012
51528916
51523348
51452920
51463172
51394472
51522112
53054284
51482648
51386296
51367264
51436748
51377636
51355416
51410672
51351392
51402004
51403140
51351108
51467872
51398556
51354300
51357824
51356792
51457788
51456928
51359336
51368332
51388240
51400000
51467700
51362848
51392784
51378168
51427204
51504632
51358116
51418784
52169804
51423012
51451044
51370872
51374860
52497736
53274716
51429116
51407168
51362328
51435436
51431804
51417828
51355080
51403108
51516212
51474400
51339260
51345736
51370284
51398556
51472612
51349292
51346204
51358108
51993360
51572292
51402364
51354168
51433612
51366304
52686452
52359924
51385568
51480532
51401156
51499240
51377120
51334312
51387484
51383188
51467692
51341700
51393792
51361816
51366568
51429724
51369904
51369920
51456108
51385768
51339160
51352768
51380140
51495524
51407232
51379020
51989028
51439360
51393836
51460324
51360136
51368648
53102272
51859344
51418624
51394772
51320528
51385652
51348316
51439160
51334160
51406976
51419176
51359040
51345648
51383648
51372908
51465428
51440236
51377140
51368780
51344216
51476968
51587772
51409208
51398888
51370740
51362584
51446280
54074452
51447624
51422056
51405372
51531564
51333924
51355432
51386328
51351656
51449460
51376372
51378300
51406304
51376884
51383768
51416900
51363816
51487016
51445384
51409208
51364532
51360148
51484860
51475052
51371860
51397776
51688964
51372768
51483760
51389912
51376096
51965996
53820136
51496284
51407832
51344616
51392628
51361108
51383848
51349528
51349680
51464380
51407436
51375200
51351364
51393184
51476796
51333392
51459236
51325312
51350472
51373808
51520152
51437916
51347952
51391416
51441772
51395972
53065492
52996492
51421380
51467856
51494408
51361616
51355180
51328068
51414256
51499488
51361608
51330888
51364528
51375984
51468928
51428308
51371356
51378228
51348692
51442072
51412108
51399280
51395992
51392460
51406072
51325040
52048300
51517444
51378752
51490252
51351368
51397788
54633260
51518332
51424140
51408384
51389724
51453436
51426912
51495124
51351216
51398916
51399292
51377288
51522244
51360956
51387288
51324984
51391388
51432716
51366444
51331636
51441832
51520020
51453248
51360212
51335044
51484136
51290652
52156848
53467544
51386864
51391872
51432292
51444460
51363388
51376084
51392216
51518428
51453072
51374092
51325144
51371572
51403040
51524940
51383256
51381960
51354928
51346616
51466592
51374708
51396840
51340792
51474312
51486948
51318172
51399460
51406324
51401620
55667080
51445096
51351804
51461812
51470368
51371408
51318588
51349736
51419036
51506588
51363264
51375916
51360824
51387356
51435992
51371424
51335184
51443260
51366860
51412600
51390764
51402252
51473116
51417120
51385168
51470744
51383564
51581712
55790292
51421152
51384512
51391552
51438964
51500828
51384104
51378372
51301152
51399804
51484968
51420960
51332300
51351292
51409068
51440012
51324840
51374884
51355476
51330272
51422028
51369592
51443088
51463240
51443304
51374164
51385452
51354576
52803544
54057852
51551524
51328304
51359652
51352476
51365624
51408100
51348608
51365040
51431728
51348556
51341292
51348744
51355392
51461548
51481776
51374784
51335792
51406176
51596592
51434420
51332508
51370376
51354428
51580832
51482700
51331808
51373888
51319272
51358372
56059596
51461856
51404772
51383612
51339512
51379020
51349612
51378380
51406172
51383792
51370268
51351264
51360156
51539044
51443236
51390976
51372828
51351104
51403844
51480704
51614560
51472236
51385920
51400560
51430500
51351096
51344236
53441392
51371904
51496520
51377328
51318428
51453556
51384604
51395472
51347772
51368208
51470264
51422268
51347104
51366276
51371020
51372492
51449488
51363468
51380188
51301044
51397360
51487264
51375956
51354796
51840208
51503196
51457180
51384016
51341088
 
51361540
52175620
54144100
51413032
51375676
51405324
51405236
51361420
51357732
51338912
51487376
51433220
51366332
51374312
51367620
51444956
51427028
51349356
51374504
51391124
51387156
51467492
51366420
51432412
51384880
51486928
51426600
51337508
51378484
53389940
51710088
51395720
51375688
51331588
51499056
51431652
51347128
51360304
51351060
51480464
51448100
51401044
51354412
51385408
51371216
51459764
51381312
51392144
51352996
51389924
51500220
51368256
51364876
51372568
51440388
52403488
51425616
51410932
51431216
51657612
55469372
51468536
51401576
51326660
51358884
51361136
51365816
51366652
51457884
51471252
51368956
51377380
51374920
51464232
51449584
51359716
51380692
51360220
51405600
51433940
51381952
51967884
51461516
51352084
51361268
51356732
51361516
53998360
51696044
51333572
51364316
51343988
51525156
51470676
51376252
51415428
51350656
51405916
51469660
51366564
51335944
51346660
51409088
51451300
51345352
51369796
51362740
51369500
51497752
51394896
51400812
51378232
51353816
51390872
52249376
51412036
51441668
51382900
51352988
51345340
54394840
51802920
51481196
51410920
51350880
51388964
51394476
51479128
51387512
51376632
51299704
51436432
51462388
51344696
51369432
51398952
51351152
51459720
51370808
51528356
51443232
51359516
51395552
51343996
51525428
53569688
51525292
51371248
51371216
51330564
51478836
51448536
51365324
51397588
51366276
51381736
51499588
51928772
51358432
51450340
51444652
51367824
51317424
51347072
51479116
51455468
51372376
51381008
51400852
51375648
51458932
51484888
51388504
51372828
51381368
51465200
51362300
51667508
52168088
51323268
51344220
51361448
51324224
51441380
51447576
51318040
51388008
51415836
51483004
51471584
51348044
51333296
51389824
51374848
51491088
51540996
51382556
51368872
51374852
51450596
51348088
54115224
51600968
51527880
51392208
51368832
51354188
51489344
51860252
51472656
51471844
51364696
51398408
51446460
51365968
51368676
51330052
51334796
51478348
51360868
51333424
51355484
51363660
51424364
51415608
51336188
51410920
51326016
51348516
51369688
52314504
51490464
51375516
51475420
51343272
51357900
53837000
52072144
51544792
51317576
51368212
51401880
51340368
51368128
51379232
51393296
51436896
51425036
51396964
51389636
51326348
51441320
51482404
51470288
51428508
51356280
51427692
51433228
51371440
53783144
51665216
51510036
52445276
51362504
51393700
51376332
51357824
51398272
51398972
51358468
51393880
51405144
51402404
51430820
51368896
51476940
51445644
51304104
51372420
51406728
51512952
51428380
51407576
51339876
51415140
51390720
51512552
51326560
51351788
51353492
51747632
51503748
51409028
51369324
51409844
51305968
53007668
51635188
51364956
51443748
51438480
51367700
51387124
51334056
51505832
51474572
51353644
51359708
51373148
51461844
51565536
51417452
51388312
51352136
51350772
51490548
51557360
53391248
51466816
51314816
51431452
51360292
51378320
51390720
51385912
51376144
51363940
51344476
51458868
51431960
51296532
51321492
51336288
51464188
51471428
51340832
51390072
51360888
51368832
51494124
51377436
51380564
51361724
51390952
51493744
51304028
51374592
51379236
51360804
51458984
51453920
51367276
51441356
51398364
51412944
51626788
52234056
51456780
51472976
51378876
51368236
51353348
51490664
51442252
51403188
51371372
51364680
51364960
51483972
51479796
51412348
51386016
51341736
51382948
51354220
53666708
51369344
51311140
51527776
51341100
51369044
51376752
51369244
51361636
51388608
51374696
51524716
51465688
51386656
51353784
51348656
51367904
51499244
51397736
51357900
51366292
51390264
51463420
51410100
51356276
51393092
51403488
51443700
51376884
51398680
51378708
51385172
51368236
52214152
51404828
51469784
51468660
51384236
51335740
53225204
52094432
51503876
51371048
51325896
51354792
51395876
51447512
51301416
51331488
51420420
51386244
51430844
51502208
51398576
51357996
51323336
51412364
51374960
54302424
51488876
51381496
51377760
51370452
51333336
51467556
51440860
51337364
51352072
51328416
51426760
51489284
51353780
51383496
51400984
51355288
51474424
51396720
51331264
51337616
51402928
51461756
51368816
51350604
51394512
51409260
51309220
51394996
51341808
51433036
51400444
51367360
52136384
52180248
51494824
51466688
51346756
51828068
54151408
51337568
51379604
51340904
51374548
51353536
51429112
51456832
51377400
51343308
51389732
52065044
51452816
51368020
51317032
51398628
51400664
54766588
51462852
51366284
51424332
51412604
51342056
51355256
51303596
51366840
51466100
51339548
51344896
51343184
51349032
51390456
51309376
51366632
51317632
51341776
51434876
51356140
51337860
51322384
51322220
51337768
51291084
51307380
51380316
51381180
51303352
51323696
51357684
51433208
51609644
51348644
51978924
51376044
51393116
51458248
53290948
52906212
51412252
51446708
51458560
51290672
51310036
51308292
51319504
51364352
51367432
51321016
51387492
51971108
51376128
51349560
51310008
51484076
51428808
54755100
51509220
51360436
51384152
51433100
51354524
51289736
51344384
51346608
51413736
51317004
51332808
51311004
51383864
51409872
51344188
51342364
51383972
51291548
51350324
51338964
51285596
51371760
51382644
51436828
51282732
51321224
51342032
51358148
51428424
51318032
51333064
51329704
51314248
51381720
51336380
51284576
51465868
51402264
51328928
51281564
51320356
51464172
51904944
52519912
51381960
51336496
51429932
51442904
51339056
51356824
51315700
51993148
51531800
51360784
51339316
51332372
51325620
53928084
51643580
51320652
51372372
51305668
51342236
51335468
51345976
51468244
51402764
51319604
51322716
51340696
51424588
51423700
51323812
51335008
51306952
51334364
51447888
55281512
51347660
51371344
51440328
51465264
51359312
51397916
51411972
51404856
51436460
51374676
51399284
51378220
51372512
51386916
51388996
51352492
51444640
51681540
51458688
51406460
51438864
51477428
51509132
57775056
53919688
51463616
51422712
51504204
51378980
51408504
51395076
51438264
51473880
51410252
51379360
51424396
51748452
55322220
51531076
51378424
51464672
51444308
51502008
51405988
51357736
51394532
51345732
51447276
51413248
51384016
51356392
51378956
51418804
51363312
51355412
51458000
51421260
51379212
51377244
51550108
51446568
51459512
51368792
51401732
51359516
51523260
51469916
51401980
51393528
51383328
51403416
51505168
51356548
51410164
51387224
51381052
51762736
51489548
51377108
51413280
51380548
51438508
56007188
51485528
51414852
51415444
51409396
51379732
51392176
51586600
51488340
51372984
51351496
51388300
51394516
55884208
51346680
51359032
51360496
51310276
51367916
51404172
51375332
51442488
51372520
51438528
51357868
51391140
51374400
51354016
51351328
51383792
51340964
51456464
51420168
51331388
51496772
51608268
51677600
51757600
51638820
51612756
51606224
51608576
51744776
51604796
51649364
51637852
51558992
51680336
51618240
51360884
51405976
51424384
51420652
51389328
51371480
51455704
51398720
52728192
51480364
51382228
51454888
51400348
51426432
51446484
51349484
51400784
51484736
51343152
51619756
53114340
51425540
51477240
51349564
51369860
51344516
51364124
51465716
51395144
51323824
51412656
51392820
51371284
51407396
51316560
51439020
51357528
52212288
51359320
51362556
51501436
51465980
51362900
51347164
51331716
51439952
51489672
51346948
51333000
51361264
51422732
51448772
51337304
51365272
51360916
51365528
51445016
51321400
51332632
52217556
51472500
51433972
51329804
51337612
51429968
52075980
54779040
51470364
51342948
51488444
51466108
52236028
51435624
51371020
51394732
51487564
51386300
54599328
51482540
51364636
51462192
51441484
51376576
51314944
51369888
51420504
51346080
51322684
51404284
51354980
51312196
51357180
51352568
51483220
51287072
51432232
51364748
51383412
51325528
51381628
51396236
51403788
51349820
51358048
51451980
51311088
51379048
51323060
51399152
51428328
51337440
51370340
51383080
51354576
51464404
51346952
51322972
51371860
52253332
51410532
51337472
51399132
51472872
51435140
54054084
52255060
51400348
51471620
51452548
52085128
51407348
51360136
51408536
51453320
51372952
55132976
51570136
51361096
51444108
51393808
51379516
51394824
51338868
51368520
51322132
51326048
51441384
51384236
51322392
51357260
51394336
51513704
51474256
51381352
51371412
51427208
51446580
51451372
51402984
51351256
51384252
51368432
51471416
51332496
51369424
51344632
51390432
51421160
51345320
51361540
51396204
51348512
51372772
51362432
51379092
51419432
51785772
51355456
52327316
51406524
51518452
51477920
55581400
51478664
51415028
51393564
51433864
52105876
51453488
51406164
51389524
51322588
51335612
54426024
51628212
51474544
51356804
51366960
51335544
51457076
51478356
51356796
51365964
51331008
51362620
51480692
51343352
51342120
51373932
51384416
51462436
51358860
51374472
51401644
51311036
51417288
51590492
51359424
51412776
51400632
51360988
51351052
51347404
51480244
51435908
51346332
51373924
51401564
51414412
51459124
51363532
51396128
51335048
51358232
51359628
51426740
51339624
51476936
51440016
51453720
51382800
51426108
51660588
 
51850564
52984404
51466824
51436284
51460920
51437080
51376612
52773020
53824084
51503736
51539624
51360980
51388620
51378288
51363228
52775140
51365068
51372408
51363052
51401516
51419656
51368004
51350036
51363360
51393104
51402196
51365572
51349960
51423060
51406412
51400900
51345480
51369936
51488872
51429340
51359716
51371960
51373256
51422480
51473984
51377040
51350324
51336716
51398232
51499412
51376044
51370948
51353604
51389084
51434808
51346164
51364704
51447800
51396388
51425564
51358212
51383156
51442060
51572044
53140164
51404312
51366416
51462628
51477532
51356884
51420404
51426840
51410368
51495784
51284424
51353772
51368412
51406860
51443844
51360576
51379948
51376624
51356224
51433524
51346644
51312976
51421608
51414976
51332320
51375380
51346640
51439076
51432544
51387160
51328000
51382988
51489656
51438232
51364984
51351384
51319484
51379716
51478064
51350724
51359184
51344564
51373360
51430992
51385588
51362312
51381244
51358304
51419572
51382052
51363288
51423968
51355812
51529340
51410284
51355856
51459804
51575920
51440520
56293544
51443176
51375116
51376432
51364248
51390816
51700376
51481356
51387432
51358060
51360816
51464008
51463424
51355792
51310600
51331960
51383668
51491692
51390416
51382296
51349520
51337624
51406744
51375732
51388716
51357152
51355676
51419828
51385304
51369348
51440736
51388912
51510720
51376104
51410048
51363744
51387848
51376268
51391996
51323312
51349944
51448260
51464484
51353336
51326992
51356520
51436552
51421956
51373640
51340828
51389916
51400480
51505564
51415420
51314284
51398284
51510344
51853392
55481820
51451200
51441848
51413540
51324776
51327388
51373868
51464824
51433104
51338404
51381108
51353376
51423088
51465740
51347844
51345584
51363376
51399268
51445168
51358848
51342320
51388900
51382920
51429468
51349400
51348972
51333224
51390544
51419196
51362032
51329092
51432044
51380016
51478676
51338436
51361980
51369044
51365760
51462028
51394056
51400820
51327672
51367208
51454372
51378476
51344276
51430696
51402840
51351644
51329120
51376120
51420372
51532344
51496088
51389760
51358420
51529656
51507280
51882408
52194152
51436588
51371060
51496552
51385012
51346228
51376996
51403936
51390448
51326972
51320196
51404164
51357552
51387340
51341752
51343996
51442052
51424484
51379552
51335868
51354628
51499488
51445228
51361108
51368936
51374120
51473276
51512068
51391796
51398352
51371152
51376660
51477592
51374400
51362780
51414704
51402600
51428608
51361264
51429324
51350316
51312032
51407872
51340400
51341976
51449796
51385124
51359364
51322636
51351308
51461636
51352032
51495124
51462412
51391672
51438792
51356080
51390076
51558408
53638548
51468344
51356096
51487720
51331200
51348608
51374876
51419088
51429460
51344028
51353384
51396712
51371328
51404996
51395396
51348768
51455112
51398408
51363628
51371836
51359652
51407500
51474556
51387112
51394216
51366740
51461872
51451836
51325444
51334996
51370920
51398556
51487044
51334476
51350824
51372976
51354884
51449068
51372856
51355876
51416668
51349404
51406868
51375828
51383204
51434548
51385464
51357424
51383652
51369092
52272556
51512580
51762360
51372196
51378632
51378364
54819676
51619668
51478128
51423532
51346564
51415688
51363504
51390372
51437820
51311096
51400696
51389360
51339812
51448608
51411676
51511380
51341296
51336456
51367168
51384508
51483304
51368652
51365488
51372448
51366620
51426008
51407828
51369232
51416524
51373056
51352736
51385884
51335456
51473332
51350056
51473448
51377084
51370952
51343252
51382080
51468028
51313540
51393488
51374332
51329684
51483904
51350984
51386232
51430600
51383732
51562676
51383300
51458832
51368564
51552860
51531392
51362916
51345648
53111140
51596148
51541596
51349404
51373476
51423368
51373484
51356864
51341904
51342788
51419196
51441396
51373268
51386284
51332508
51462444
51516236
51387932
51366964
51347812
51430820
51450400
51336728
51371356
51390788
51365848
51489096
51366420
51351596
51378140
51387940
51401816
51372084
51348280
51434040
51407708
51373880
51495736
51406988
51443756
51446704
51449536
51394220
51345976
51494664
51483556
51388044
51350664
51376432
51416420
51530868
51637784
51610772
51320036
51387576
51680136
51509400
51405600
51383252
51361700
51387076
51560856
52440296
51452152
51440868
51352444
51334588
51353944
51439436
51489524
51353584
51397592
51393580
51471108
51433240
51397020
51358596
51385988
51419668
51489752
51321568
51362528
51341776
51436676
51460840
51404732
51382048
51382404
51375364
51415608
51376284
51347088
51395752
51405760
51374968
51338348
51369200
51477672
51505984
51379640
51387984
51419936
51471076
51487592
51359920
51395008
51351800
51401552
51489160
51347652
51401720
51383928
51499752
51445024
51380192
51527296
51390116
51374852
53237416
51530860
51435660
51436796
51426524
51368656
51357960
51366060
51442244
51456784
51384844
51351508
51345428
51419416
51511980
51354452
51355488
51365548
51369536
51474196
51396856
51409412
51348296
51369076
51456788
51406904
51362500
51427196
51379832
51357800
51371020
51384872
51441784
51370200
51454984
51388440
51371388
51367752
51365864
51454156
51370440
51373588
51404824
51380652
51381716
51386080
51400268
51423184
51407684
51502752
51389064
51374420
52075240
51424104
51466724
51354040
51371148
52276512
53594792
52353792
51479112
51391320
51399844
51447916
51436728
51337408
51380736
51425628
51459440
51366028
51384740
51393268
51422248
51524620
51357492
51403136
51312692
51382596
51482436
51378716
51362280
51339332
51367344
51516248
51383056
51404288
51361572
51368332
51436032
51322216
51384468
51407852
51387424
51487440
51361024
51391800
51388980
51370732
51521220
51382032
51370056
51321100
51388320
51455140
51355428
51385892
51388348
51536744
51512040
51411772
51401240
51437156
51395544
52337628
54208852
51469152
51463124
51478408
51343984
51341520
54897916
51598488
51490896
51328436
51389544
51367960
51398484
51433280
51393436
51374120
51449652
51351140
51422888
51354632
51370092
51446052
51400920
51368836
51353588
51394064
51504464
51426924
51359788
51447060
51352392
51473876
51444484
51357988
51361712
51361576
51388996
51472856
51380924
51348504
51374176
51382732
51520160
51360820
51389736
51392556
51304272
51413700
51358140
51363372
51417708
51430288
51892552
51368220
51376144
51492684
51437044
51834892
53841544
51468904
51709288
51485704
51394656
51370856
51375768
51350748
52839824
51814352
51437852
51348008
51348740
51455008
51369984
51341176
51398456
51378072
51372984
51345484
51377356
51440492
51475108
51332076
51372916
51455608
51456908
51501832
51356824
51361992
51340588
51369116
51513136
51377908
51346920
51322680
51391004
51478172
51361652
51362464
51403264
51353568
51459844
51354328
51350784
51407608
51397968
51387492
51353636
51370516
51461636
51369728
52135772
51389376
51369272
51372240
51348984
51377696
54763404
51527444
51394464
51506616
52330536
51411556
51423432
51307596
51408188
51358388
53721284
51899088
51471296
51347416
51419376
51316368
51530868
51443296
51364172
51384460
51350804
51458788
51547544
51362988
51339116
51388544
51381576
51463516
51378368
51344964
51355768
51379180
51396724
51407676
51371760
51382064
51353916
51427156
51340288
51348580
51432676
51394104
51516188
51367692
51392104
51403612
51341284
51456968
51382968
51360792
51320644
51447208
51491932
51356092
51337396
51423104
51376028
51679096
52484084
51461636
51454980
51477928
51390144
51538216
51511572
51431184
51485700
51363692
51427376
51512928
53047408
51573656
51330476
51359628
51417776
51371672
51440624
51348220
51361304
51390596
51378948
51404888
51362312
51329836
51438072
51355600
51491072
51363656
51341636
51353960
51381680
51336036
51380956
51443880
51441716
51489724
51403100
51357516
51376340
51429828
51457996
51353496
51349808
51390168
51394472
51430852
51405480
51326752
51392356
51326600
51608908
51427984
51356808
51460988
51407776
51357972
56594936
51460200
51507436
51442956
51645768
51397288
52327760
51425196
51470844
53377280
51436552
51377652
51373660
51455104
51392512
51382156
51374092
51379816
51455592
51381712
51397468
51420416
51408800
51373652
51390792
51391716
51434964
51427500
51367276
51384808
51375788
51462600
51459308
51406276
51338760
51372684
51431460
51487336
51377592
51381440
51384956
51386052
51461572
51383448
51404644
51382936
51336472
51492232
51395288
51377112
52102660
51461640
51348216
51388460
51402904
51505000
54382368
51599308
51382192
51366508
51447204
51490236
51401676
51374324
52075700
51472820
51502184
51352756
51340068
51402540
52508716
53523848
51367664
51392488
51564632
51493616
51349176
51380512
51353724
51426776
51496036
51363240
51375584
51329772
51371540
51487904
51398384
51323624
51366268
51423376
51437844
51369512
51348188
51391524
51320304
51332124
51347196
51360716
51437156
51402016
51339688
51389932
51310696
51466724
51467872
51357824
51373832
51346892
51549816
51413564
51385416
51358980
51350452
51496568
53449624
51426412
51423064
51413600
51343824
51450332
51355660
51369788
52060236
51493212
51371984
51382260
51378248
51460488
 
52515008
53979896
51361624
51380460
51409888
51336784
51363272
51350788
51406180
51366568
51408904
51367204
51382060
51339672
51422676
51457724
51399236
51373256
51422604
51392380
51419160
51349604
51370796
51432896
51430848
51363520
51405268
51347440
51492528
51450920
51356848
51361716
51352148
51490756
51479364
51356216
51395220
51373980
52224232
51474380
51375660
51350876
51340888
51430148
55122140
51524532
51413968
51394136
51345860
51372628
51362344
51310396
51447720
51436432
51499584
51433568
51393444
51458228
51476268
51370220
52387948
52658976
51407584
51475784
51366640
51378036
51412740
51387092
51426412
51371248
51333172
51370072
51363128
51501180
51313436
51346060
51395972
51391856
51328184
51368680
51368112
51456248
51354908
51515620
51360744
51335704
51350324
51524756
51489104
51326164
51330444
51387020
51451652
51457472
51383400
51385640
51468004
51406648
51460628
51372948
51326056
51400048
54482916
51641644
51442048
51408616
51423820
51403520
51410184
51338832
51365168
51435916
51406072
51515516
51390432
51351480
51423876
51432172
51460672
51468408
52431160
51500220
51398808
51419696
51370088
51421228
51468096
51395408
51395780
51389420
51382268
51493048
51506208
51417000
51376676
51383420
51433556
51538912
51370392
51377644
51387520
51439924
51437848
51396208
51441172
51392700
51395320
51470704
51414132
51371152
51426920
51404636
51369224
51400968
51519760
51498604
51360208
51480020
51361416
51358440
53471032
51473452
51507192
51369216
51414844
51434480
51395260
51501052
51383404
51432128
51413624
51715940
51532864
51381524
51403912
51328308
51375264
52372392
51849320
51465144
51416668
51383600
51435040
51322608
51409924
51522992
51469128
51317816
51354312
51353760
51508356
51470016
51415392
51391188
51393092
51393424
51520452
51364656
51383584
51346376
51446788
51500280
51380792
51352964
51423056
51339848
51457384
51365564
51404704
51408064
51475896
51433492
51422180
51367708
51490688
51451068
53921012
51499028
51403560
51446964
51512848
51357308
51379664
51351168
51403536
51452204
51373536
51406228
51386804
51379192
51467380
51716624
51445764
51415356
51404060
51358756
51386592
53347244
51589748
51409088
51535168
51393288
51395132
51362748
51441368
51445032
51391136
51391564
51423808
51329372
51387632
51371308
51402492
51471720
51456800
51376036
51401724
51337420
51577900
51489276
51364572
51386884
51423896
51452204
51516420
51420276
51381024
51357608
51496496
51526768
51384848
51344736
51375984
51403972
53153516
52132680
51436572
51446424
51360176
51354584
51354356
51369756
51509164
51410752
51363868
51371768
51357752
51482728
51465080
51371712
51677144
51459920
51393476
51486220
51414380
51398344
53510128
51734400
51567504
51370944
51425700
51489400
51337288
51470112
51403560
51391052
51422424
51404224
51383640
51408564
51392160
51501092
51472984
51390616
51378592
51422888
51484960
51462864
51382844
51412532
51416752
51394840
51511540
51376804
51349088
51375048
51476852
51511556
51392168
51385900
51381720
51384176
52662932
51409772
51447772
51486384
51407616
51379620
51382824
51372024
51478920
51463252
51407392
51371988
51365660
51484456
51454872
51555108
51377668
51910960
51440632
51481560
51386300
53386328
51494380
51425392
51424124
51394476
51410476
51496532
51385972
51360376
51394896
51358756
51458764
51411136
51380628
51454196
51354156
51558024
51498856
51404492
51381828
51439792
51444000
51488448
51425464
51384936
51354528
51422380
51525548
51398796
51399460
51427608
52153040
51478328
51393704
51419404
51443540
51541016
54933348
51496796
51379324
51459268
51433708
51392816
51371904
51395492
51503044
51497208
51358668
51369132
51350716
51492372
51483160
51405552
51378796
51391148
51367928
51751916
51456436
51339516
51413976
51428784
51446236
53417528
51729436
51442936
51352312
51360264
51347360
51352616
51402272
51433340
51360972
51426388
51381620
51506220
51476760
51411684
51390816
51360836
51404572
51682552
51388616
51380664
51379268
51407512
51459824
51408336
51361892
51453168
51480772
51492072
51412048
51366340
51440192
51425892
53838488
51699928
51392484
51429796
51417768
51413636
51352868
51336020
51427892
51484532
51366332
51372868
51352996
51368136
51519504
51384984
51407480
52262648
51388428
51539368
51589624
51616388
51623760
54770528
51529644
51415192
51390936
51410388
51357512
51374608
51349392
51340708
51488604
51427828
51347208
51347840
51321476
51463284
51505224
51400596
51373180
51375244
51368776
51482844
51350664
51392276
51377328
51412044
51565004
51415092
51356692
51446820
51369692
51380952
52899404
53254412
51444504
51410656
51355560
51355244
51382804
51524012
51430428
51394408
51319452
51353800
51419952
51447100
51381572
51313000
51395136
51377280
51441256
51379488
51396840
51368020
51374676
51555584
51421100
51354988
51418864
51380828
51376728
54931528
52079160
51479800
51443224
51385220
51347760
51356992
51455672
51497920
51372472
51366832
51384916
51373164
51446212
51341664
51388960
51309628
51396616
51492692
51341292
51384784
51418688
51389164
51447284
51463592
51356548
51432808
51428476
51376020
53565304
53431680
51448884
51488712
51340356
51386228
51341268
51437800
51465300
51340016
51342008
51358924
51374692
51447680
51359988
51366664
51414180
51375448
51441408
51367328
51362356
51434516
51406096
51377032
51498324
51536484
51462956
51426676
51400892
51419312
51376000
54700856
52234028
51403056
51389240
51391140
51364644
51469884
51363364
51332192
51337796
51416672
51493380
51343768
51372772
51401964
51364088
51439760
51419640
51406172
51430720
51409044
51447364
51431340
51344872
51492620
51564816
51325072
52840508
54184100
51479888
51482252
51351388
51415564
51374172
51347196
51464756
51407472
51385392
51323700
51413680
51490932
51365436
51382280
51385396
51400460
51368124
51327052
51378464
51412668
51379080
51391348
51374504
51379380
51442572
51591324
51445112
51363044
51343932
51447296
51458048
54808952
52044732
51413260
51381232
51464348
51382512
51339636
51339564
51371812
51468568
51364348
51361564
51361928
51394864
51386988
51356776
51373748
51442388
51405816
51473640
51446696
51362680
51447988
51499544
51375976
52371320
51727060
51314312
51356496
51346468
51346200
51317352
51309472
51361924
51341888
51333720
51440140
51409152
51357672
51348636
51361360
51432684
51431608
51386952
51369816
51428240
51409404
51435300
51350268
51384696
51352992
51410356
51503704
51364900
51503840
51424088
51368292
51426992
51386096
51428820
53179752
51473208
51410320
51370324
51350140
51457116
51393060
51333136
51379912
51394428
51442888
51459684
51396900
51302556
51394348
51446272
51468692
52020756
51456712
51370468
51352124
51465276
51369036
54118876
51683168
51416204
51458676
51372584
51372912
51414604
51378596
51358536
51373328
51901528
51460576
51408812
51499736
51355476
51384592
51403900
51355144
51432948
51385036
51376820
51322288
51391756
51410024
51377644
51320340
51450764
51461360
51493492
51436084
51405116
51468196
53591324
51488312
51361516
51375652
51460896
51456332
51384412
51366464
51372996
51374528
51470044
51363652
51372240
51363548
51356064
51453056
51404896
51349428
51407780
52042308
51394864
51393712
51377896
51427852
51482460
54621736
51610844
51374348
51454572
51447804
51372476
51373144
51437220
51363796
51496104
51389900
51344668
51351416
51396056
51483720
51362000
51609600
51342448
51342064
51437292
51386404
51340016
51451244
51427808
51360432
51346176
51355324
51438608
51410384
51343212
52286084
51386492
51470932
51485488
51388872
51365616
53927396
51860944
51515428
51360684
51348668
51370536
51397748
51410680
51352060
51364284
51419120
51337408
51441172
51378216
51390416
51488220
51462584
51396284
51313524
51373528
51509048
52571716
51788044
51336812
51340608
51381028
51356092
51335800
51312972
51395952
51400092
51436020
51344704
51337772
51402640
51377184
51449336
51345348
51323236
51370180
51382864
51351492
51342688
51371984
51502660
51461632
51347172
51380896
51348384
51474956
51472704
51362316
51407520
52226188
51410080
51490160
51315636
51388848
51435004
54339820
51671552
51391828
51367328
51407300
51315588
51322728
51355808
51372432
51379128
51414100
51369408
51349124
51338584
52012668
51490208
51361160
51360220
51357160
51425924
53152440
52256152
51464164
51362772
51318768
51445100
51348500
51364236
51318996
51373652
51450872
51374092
51328296
51395524
51383480
51335888
51330612
51369632
51425596
51400924
51347824
51381544
51353088
51480944
51478544
51399240
51369432
51344316
51394312
51469148
51353900
51369840
51363956
51431608
52319648
51420520
51365784
51328416
51361808
51436544
54645408
51823340
51399244
51409552
51496436
51355648
51366068
51350936
51353068
51363192
51378956
51361476
51497624
51479912
51440324
51397488
51362700
51383972
51657336
53201736
51478424
51366796
51344804
51488428
51363616
51399724
51366216
51339996
51400940
51353160
51363376
51448240
51435628
51338864
51341540
51384164
51470532
51441040
51395940
51384000
51397012
51479524
51508624
51369864
51321208
51384836
51420840
51455152
51342764
51354932
51367568
51413468
51448236
51511252
 
51457212
51405976
51346820
51438984
53441660
53144012
51453876
51454028
51398748
51369704
51333432
51498408
51467992
51314712
51334504
51373780
51517524
51503928
51332280
51372656
51309696
51381320
53825668
51477452
51361916
51392596
51353936
51374904
51344100
51385020
51398904
51393516
51374304
51429704
51378384
51471272
51464256
51395028
51400284
51334356
51442860
51461360
51368176
51365656
51414332
51410500
51517884
51341076
51395468
51390680
51374604
51465460
51361596
51383848
51368060
51367540
51427692
52288260
51432988
51422120
51400152
51461936
51392436
54997740
51689496
51374696
51463740
51369168
51404024
51433368
51388196
51422440
51410416
52065328
51473584
51429724
51343336
51342656
51372176
54673384
51521576
51388328
51364512
51351928
51461216
51447864
51351064
51381308
51336364
51401108
51460400
51384936
51371616
51343756
51418692
51449828
51389428
51339168
51413520
51350344
51396488
51333220
51399044
51416172
51394480
51347588
51410164
51340176
51452228
51436720
51380920
51345280
51336176
51416024
51495008
51354392
51554364
51432624
51423396
51409732
51368368
51387316
52047012
52011728
51503908
51340016
51402764
51400144
51388164
51320792
51379048
51449072
51443560
51461336
51363932
51343264
51348944
54141760
51679184
51375300
51372016
51421800
51410916
51477116
51346260
51387088
51372548
51421792
51473592
51425388
51363696
51338780
51346612
51368060
51397188
51358432
51488968
51428960
51332580
51376372
51368904
51444076
51301264
51451844
51367292
51416620
51326328
51357124
51382552
51383548
51348764
51371220
51515864
51332180
51330908
51473352
51443308
51465056
51353176
51396648
51455180
53171172
53180528
51440456
51391752
51656160
51547444
51412832
51445116
51418340
51486172
51440216
51352620
51343364
53398836
51934532
51518160
51384800
51375652
51375128
51346532
51481816
51380216
51397340
51336832
51352320
51442128
51395600
51400976
51462784
51419908
51343760
51337632
51389896
51463968
51297192
51449756
51407784
51407148
51345984
51422384
51463184
51363344
51381016
51392764
51333128
51384212
51360364
51382760
51397636
51362720
51364624
51486408
51340720
51442760
52422092
51381116
51645428
54436432
51465016
51461380
51411616
51384392
51411432
51378364
51473028
51844076
51484560
51416220
51458288
51690436
51357352
51802068
52331636
51358456
51403292
51381060
51332620
51456016
51342232
51477984
51385712
51358484
51410108
51371740
51474000
51397920
51369860
51409304
51397388
51391796
51366564
51360116
51450400
51374696
52522152
51365460
51343244
51508060
51430444
51389964
51340252
51364408
51365276
51464892
51387240
51392544
51363428
51378200
51434424
51366684
51337944
51371720
51348536
51427204
51443160
51371904
51427560
51393032
51512668
51694648
53237052
51569360
51374924
52180800
51448564
51358304
51360112
51381816
51439756
54820816
51450300
51351704
51430376
51334936
51383224
51393720
51463172
51510640
51335728
51389108
51350096
51459828
51471512
51359008
51347748
51407104
51416368
51478184
51373876
51369040
51330824
51376900
51485652
51395124
51345116
51364396
51389348
51404972
51339904
51359744
51424004
51357576
51326436
51362732
51374428
51413588
51458488
51364724
51352420
51413340
51556436
51509876
51289016
51380092
51404940
51434124
52226280
51812612
52071292
51426604
51350940
51401600
51361748
51365656
66783840
51455352
51402244
51343128
51351180
51446644
51452260
51335636
51387100
51344752
51358716
51495452
51373028
51349380
51327756
51397984
51479048
51367964
51376044
51367440
51404740
51421476
51358532
51384820
51376040
51362024
51412804
51347244
51357448
51394188
51375952
51360528
51365816
51340048
51479092
51492396
51333692
51322908
51380316
51431528
51482608
51398472
51423624
51408168
51370472
52357764
51436468
51366612
51368276
51402784
51422636
54878164
51600712
51512328
51513848
51402572
51375620
51369720
52213076
52301532
51429768
51344336
51368356
51394988
51439936
51330444
51470752
51395232
51390424
51448124
51355916
51347492
51395668
51386144
51363232
51339304
51323932
51463888
51407380
51453816
51355888
51380412
51342560
51346228
51454824
51347816
51319556
51441436
51412844
51345864
51331056
51369016
51451484
51375880
51332796
51324988
51362248
51431272
51524264
51367176
51411800
51343820
51429696
51474304
51491772
51370128
51390064
51385052
51454136
51422124
53270012
51639088
51414652
51366280
51362504
51408244
53685256
51491332
51362848
51379420
51387500
51444844
51446416
51407708
51395548
51312096
51393860
51501148
51384576
51324104
51367840
51420884
51440872
51413512
51333664
51413188
51338812
51433864
51366632
51472784
51348744
51367332
51380696
51330600
51344128
51428140
51407480
51337488
51377320
51345724
51444088
51396840
51368456
51388896
51357200
51395496
51491844
51358436
51347008
51347392
51418024
51453896
51362892
51459612
51438312
51355916
51400672
51345924
51525064
53327708
51998580
51378940
51370196
51384116
51457652
51446764
51392120
51341900
51319004
51415908
51456768
51344272
51349464
51349276
51371380
51436232
51340504
51337376
51400380
51326352
51452492
51362264
51370060
51381104
51354972
51390184
51340572
51366696
51482672
51413624
51329916
51366356
51372040
51459948
51454032
51364108
51364824
51361016
51463692
51510748
51377604
51319732
51368736
51393728
51486468
51362460
51350856
51396288
51392272
51431640
51387692
51374500
51466088
51432668
51405972
51354560
51420632
51474280
52042484
53972004
51393820
51336320
51481592
51457972
51353356
51345920
51356628
51393600
51439428
51363004
51344016
51384052
51373784
51464816
51364248
51378260
51356396
51371948
51428088
51375340
51335972
51406116
51392920
51359120
51354744
51382116
51437508
51338144
51494308
51384880
51339132
51312948
51377156
51361184
51376536
51353536
51364672
51485720
51301556
51373612
51382868
51383808
51430816
51337888
51415052
51400540
51365544
51453984
51361120
51344480
51408180
51547536
51559828
51462772
51375044
51397984
53217008
51737360
51408008
51425364
51416660
51364760
51420064
51354040
51367340
51708072
51583124
51441064
51383492
51374752
51455212
51452936
51327328
51369188
51309212
51417324
51454148
51394852
51377268
51349716
51363092
51512716
51367836
51387844
51382844
51347976
51415204
51336972
51362624
51359432
51394000
51429932
51369648
51357148
51401952
51385508
51326820
51397816
51362292
51523972
51440328
51351236
51372920
51374900
51484544
51479752
51366092
51593872
51896408
51483892
51333736
52360384
51374192
54809136
51352032
51363188
51337268
51412288
51432060
51376548
51342352
51382600
51387476
51452788
51441032
51381916
51319752
51359372
51474968
51478764
51352300
51383420
51367940
51403952
51463476
51362448
51361472
51354632
51340832
51491776
51396164
51370912
51354400
51390928
51467320
51338324
51373564
51419852
51313148
51328820
51325160
51361844
51433196
51420004
51376156
51342528
51398488
51500676
51495240
51344328
51366824
51444920
51403740
51474248
51333552
51374280
51364256
51468680
51522216
51543760
51376904
51417356
51350872
51727548
53205188
51388372
51454424
51420452
51401324
51343756
51369756
51548104
51412852
51342988
51384172
51354940
51366880
51479604
51376312
51373872
51345732
51414456
51480392
51322692
51361320
51402440
51382764
51425560
51379592
51351992
51437652
51362964
51367632
51395464
51313636
51452384
51431908
51399904
51321788
51372076
51468476
51493412
51373404
51362132
51366160
51457812
51451916
51381616
51379700
51343560
51365716
51443932
51330712
51359120
51403216
51376748
51437708
51514040
52288080
51454840
51398164
51368780
51975632
51881200
51551008
51360736
51381076
51383988
51331368
51637188
51448580
51348488
51347216
51395060
51408748
51492584
51405432
51379732
51372176
51375080
51452504
51396884
51338328
51393592
51364324
51445308
51362164
51386220
51441720
51389360
51342420
51357524
51333644
51415032
51485796
51384000
51360760
51367772
51468488
51517412
51343840
51358992
51328600
51418188
51476840
51342260
51389272
51371228
51411784
51505000
51355384
51360604
51356028
51429088
51416944
52439224
51426580
51747984
51355780
51530996
51476236
55159572
51516520
51438980
51366812
51506088
51332136
51349812
51359344
51382968
51346444
51347120
51356748
51387532
51544500
51348988
51379960
51416308
51385252
51442644
51366004
51369160
51371344
51393888
51405412
51324892
51338760
51401172
51393012
51329012
51376108
51432612
51493172
51457600
51353780
51356060
51396876
51446364
51503196
51380764
51330844
51353024
51398944
51613256
51345368
51349416
51380080
51343276
51456968
51361988
51388920
51369716
51361972
51443392
51426760
51344932
51531664
51443164
51328548
51360420
51357820
51457444
53555780
51979800
51438624
51383616
51412440
51498052
51363720
51367872
51352076
51385460
51466652
51416244
51396004
51345820
51348860
51432112
51325440
51374464
51442912
51432664
51379636
51347284
51339000
51465848
51443244
51369648
51370728
51331304
51482600
51481076
51403792
51335316
51402432
51440264
51439236
51343088
51368348
51383692
51331268
52064160
51400976
51385044
51383992
51381856
51445076
51328972
51401260
51536992
51454116
51347244
51370708
51365452
51467188
 
52100256
54442536
51366428
51341760
51397872
51477620
51372356
56232456
51463396
51414500
51454148
51375228
51354824
51443520
51336084
51389816
51401564
51317724
51396804
51406640
51372768
51359672
51356872
51516156
51418816
51309868
51390940
51356996
51459528
51481540
51364928
51413600
51334332
51355812
51479284
51371128
51372040
51371560
51417736
51481508
51332088
51363988
51359616
51307240
51437660
51374648
51369200
51402440
51386260
51381408
51314268
51364164
51529420
51438200
51426312
51402600
51361524
51377928
52088320
54396848
51449648
51393380
51379664
51478536
51397276
55202176
51635088
51438244
51464224
51354292
51364640
51397756
51348276
51365044
51365100
51370328
51415632
51438996
51403800
51374228
51355568
51490340
51438736
51338396
51379256
51350604
51429396
51472216
51350920
51364168
51370692
51427372
51459416
51332816
51340116
51364752
51380776
51410448
51347636
51369496
51417016
51330320
51392056
51339832
51361708
51432884
51402644
51375576
51359548
51412464
51541700
51899920
51361176
51345772
51402312
51366672
52071056
54405620
51484832
52266464
51429088
51493424
51358016
54630728
51604492
51422852
51389832
51345736
51363616
51472748
51437192
51347984
51362768
51400836
51505100
51484336
51381516
51370116
51321820
51409492
51461184
51368076
51358628
51347960
51381788
51447336
51351728
51351676
51442576
51323132
51407216
51370864
51372428
51366940
51360520
51376072
51364972
51311404
51446444
51416068
51366480
51414036
51339884
51407888
51466108
51368844
51353048
51392012
51521364
51474032
51344348
51406844
51362004
51362136
52181080
51694968
51375560
51492304
51464380
51439804
51364252
51401116
51393488
51583464
53586320
51438096
51350236
51442580
51411588
51448904
51368016
51374484
51429444
51332312
51402528
51356272
51353012
51419472
51398372
51367944
51369112
51365972
51431016
51444228
51357508
51367460
51375052
51465388
51434324
51326144
51416460
51337060
51407528
51469696
51395424
51368028
51359748
51387060
51429900
51348556
51379304
51386888
51299024
51429368
51370344
51506876
51429756
51435164
51359504
51351728
51345396
53332896
51504692
51398716
51386060
51427564
51767816
51533208
51354924
51352260
51370692
51932568
54237640
51434256
51374252
51413980
51373436
51438508
51331644
51352240
51429840
51377608
51367452
51363876
51354420
51459876
51361136
51441684
51339712
51371624
51364288
51377384
51452616
51349576
51387864
51413676
51386864
51355668
51419768
51316384
51431364
51409604
51366692
51370496
51405264
51431320
51502984
51397464
51381004
51374796
51477840
51514876
51393716
51494660
51394812
51366064
51444332
51351484
51382084
52916260
51636556
51389632
51407400
51327164
52337928
51464892
51354800
51333880
51365800
51469044
53825424
52039876
51415280
51361640
51468220
51456056
51391312
51389608
51342368
51400956
51478744
51389928
51352940
51405176
51383672
51468660
51367280
51372264
51372384
51357220
51381016
51358040
51324964
51646008
51338976
51475384
51379656
51413500
51344712
51381612
51473092
51353924
51365076
51393372
51351496
51399060
51370332
51388340
51463900
51376372
51481532
51450076
51330120
51490264
51475640
51364672
51661628
52703604
51336148
51533752
51401100
51374996
51390092
51811452
51487516
51364788
51404048
51412116
51335936
53884616
52545764
51471224
51505664
51500504
51383576
51396704
51414240
51427232
51506436
51439048
51326864
51444176
51408764
51509012
51376312
51401988
51382180
51361444
51428672
51391268
51373920
51374760
51393800
51410668
51362000
51362344
51467888
51436976
51354052
51399496
51409432
51495644
51445328
51391284
51363156
51390884
51469900
51472468
51432852
51477992
51402376
51411584
51463688
51409048
52192468
54189824
51505572
51500852
51369912
51409144
51486136
51375432
51383224
51778136
51360364
51451916
51479548
51386316
51361092
54004632
51572056
51567260
51398432
51359420
51379744
51389256
51480268
51366732
51385420
51384072
51437484
51485024
51368020
51378668
51352628
51363652
51410832
51401580
51314804
51408524
51371364
51399596
51371236
51374400
51431556
51428720
51353812
51349912
51387972
51499892
51455472
51401648
51355260
51415836
51384692
51501664
51358024
51641236
51445400
51396036
51486120
51403264
51380820
53997688
51447756
51497192
51374588
51394512
51409496
51446348
51372548
51385392
51360808
51799948
51450352
51380068
51388320
51414080
53778584
51523048
51382444
51418468
51351560
51401612
51436400
51390268
51386976
52378220
51359772
51485780
51374344
51380868
51499376
51440728
51474248
51373184
51427664
51384488
51430500
51442460
51345204
52571028
51404572
51390928
51459908
51370428
51343296
51403416
51389540
51400060
51366060
51373896
51515120
51517984
51420240
51378976
51346916
51443948
51597180
52657680
51416380
51401896
51356912
51462800
51423004
51353584
51366940
51400928
51507160
51361000
51395360
51506620
51371444
51366968
51388056
51383180
51451152
55665948
51516956
51398076
51344428
51345796
51374420
51425988
51329308
51356560
51463440
51445220
51349712
51329212
51375520
51457272
51391880
51367200
51342336
51322012
51513944
51440428
51334664
51322208
51379236
51414724
51524652
51352848
51372308
51369180
51366376
51487620
51388864
51365108
51401380
51485096
51435576
51346540
51348704
51401416
52260964
54376764
51465572
51373856
51440816
51431348
51396428
51377160
51323508
51468712
51479948
51481492
51352456
51528924
51377668
51465564
51337140
55459484
51529696
51469680
51446276
51359500
51365712
51379304
51345372
51385064
51354848
51347328
51408568
51391556
51476408
51336184
51366080
51374524
51375996
51452576
51329064
51356560
51315340
51346432
51466304
51373984
51353872
51375924
51366892
51356092
51326564
51359568
51471140
51442736
51359196
51356888
51386884
51518792
51474960
51373548
51321740
51350848
51794624
55522200
51537188
51369672
51359112
51420064
51413520
51370884
51368000
51386572
51343528
51436076
51346784
51467244
51482788
51375800
51469240
51387956
51360720
54419320
52328784
51476140
51405896
51346816
51397376
51337248
51377884
51383548
51330148
51411340
51425492
51358884
51332924
51377736
51450848
51544524
51372420
51367096
51411292
51396496
51468484
51344176
51399648
51355904
51370440
51447352
51353252
51354120
51397732
51330120
51450624
51346592
51456592
51447804
51391992
51321916
51325412
51349280
53136224
51635984
51390988
51364980
51315096
51431504
51510804
51361964
51361300
51344176
51368032
51462756
51379724
51376324
51884880
51498136
51484252
51334056
51357448
51389608
52181028
53725608
51410584
51360216
51430984
51433328
51348640
51356824
51356336
51462232
51334612
51492648
51372804
51320160
51313948
51326672
51428148
51329268
51329828
51415516
51371836
51340480
51309632
51376824
51462972
51471480
51355580
51363132
51340092
51414040
51471440
51369344
51419132
51467844
51423148
51430552
51365936
51335736
51976312
51878076
51551908
51360740
51360644
51398008
51339712
51430592
51382088
51392028
51413340
51389968
51311880
51353712
51408192
51488684
51467412
51384688
51350708
51350560
51451408
53343320
51420012
51365868
51360832
51385448
51462824
51385268
51341496
51359388
51338436
51444544
51313072
51401012
51432640
51341680
51417304
51351540
51389144
51428792
51408624
51365588
51391436
51386052
51465304
51479160
51364552
51389776
51369572
51455204
51474256
51534372
51419356
51318916
51370412
51449252
51392076
54223592
51498536
51333644
51418028
51357416
51359512
51396896
51377836
51545704
51309432
51353536
51355792
51385944
51439980
51381880
51354816
51483828
51393212
51464948
51370448
51341652
51393340
53777064
53211676
51418928
51338056
51458712
51426092
51288928
51340808
51362768
51454964
51441368
51341160
51366188
51329464
51355612
51441012
51357976
51382032
51315560
51379128
51471644
51355336
51345140
51416232
51374812
51347132
51371912
51367444
51409632
51482864
51468312
51405880
51337492
51460564
51449464
51549888
52364456
51406516
51347848
51501072
51388768
51372192
51319324
51336764
51468348
51333908
51367496
51385400
51374000
51469940
51378760
51383096
51442704
51437248
51443908
51371896
51359324
51414828
51457592
51511860
51528960
51361144
51463940
51422404
51373348
51356296
51354136
51368644
51485932
51364204
51377000
51379156
51356824
51421664
51397512
51395432
51394776
51366324
51495756
51378092
51371620
51402556
51413580
51397352
51408224
51355452
51473676
51428760
51488672
51412148
51362812
51324300
51420376
52243248
51814924
51434216
51337844
51417304
51362732
51439944
51323824
51387128
51438076
51380896
51449472
51393488
51368832
51330280
51360876
51449096
51394556
51367596
51917636
51382436
51383768
51376056
51348168
51523288
54751212
51399056
51372620
51391144
51479852
51469112
51360092
51364964
51339416
51454808
51492424
51386784
51343168
51347208
51396240
51500536
51339092
51343816
51381076
51403088
51461508
51383932
51322572
51366280
51335240
51414304
51361108
51673776
51487064
51424440
51319920
51363976
51343628
52573576
53482700
51402660
51382756
51375840
51339896
51460280
51347672
51385140
51313348
51388328
51429536
51326788
51368812
51377800
51344392
51396964
51349956
51368872
51402948
 
52205332
51424220
51401800
51320112
51460796
51413560
54554216
52209984
51425732
51456504
51492896
51379780
51370580
51374724
51353476
51476728
51375560
51384448
51311596
51394160
51474876
51332584
51366936
51424668
51329100
51393464
51364532
51387932
51415464
51359512
51488584
51382164
51495656
51411624
51373428
51493028
51331128
51358508
53893388
51443336
51449072
51382988
51417652
51438148
51445952
51375068
51371648
51367084
51472492
51424920
51344228
51357056
51398084
51469760
51501584
51468972
51390164
51381836
51658704
51522528
51401132
52089728
51946728
51443492
51439692
51424236
51449184
51423628
51381576
51407896
51364116
51368312
51458004
51401716
51536724
51392816
51392088
51397824
51378104
51467068
51395976
51376624
51346468
51376696
51414844
51388320
51350156
51453224
51383608
51483976
51397800
51453568
51388832
51439184
51367128
53927044
51409932
51413960
51395020
51363928
51342456
51330076
51341856
51360108
51331216
51346572
51355264
51398120
51329824
51332024
51308804
51458792
51310912
51482300
51339384
51358856
51374108
51735040
51481380
51366428
51305996
51329444
51386912
52525212
51839968
51428652
51347892
51357860
51408092
51301020
51335840
51322768
51305976
51357240
51325340
51323708
51371052
51366732
51347016
51299036
51328812
51412004
51409652
51337296
51316776
51344980
51476676
51489680
51350460
51324560
51326584
51304128
51452748
53360140
51584892
51378832
51379516
51371816
51343952
51303452
51377600
51303100
51340640
51352804
51326884
51371652
51366796
51346944
51284348
51313244
51415416
51407304
51295436
51306940
51343568
51394972
51385720
51463968
51394552
51363036
51291520
51457576
51345156
52055592
52102380
51385548
51394448
51296996
51276504
51377088
51408416
51398696
51370316
51352308
51494760
51477836
51377064
51373908
51409760
51537360
51487500
51374424
51366400
51433256
51544160
51548940
51402492
51389252
51384168
51435344
52221120
54564860
51472164
51437576
51358384
51393484
51372716
51387504
51453496
51374920
51388336
51385224
51401352
51455684
51478952
51405892
51348052
51389860
51442924
51532928
51356496
51364144
51400088
51412380
51451364
52464640
51430532
51357824
51395136
51485228
51332104
53909508
51908324
51432728
51388620
51367680
51354728
51523788
51438596
51386700
51391920
51351556
51490156
51487784
51356388
51404880
51352936
51419620
51482952
51379904
51350052
51373620
51431060
51505116
51379728
51380148
51406892
51377292
51620332
52842760
51479208
51414312
51373240
51385440
51430836
51387832
51477040
51420052
51344472
51344984
51362880
51496256
51366664
51465692
51405356
51366624
51376240
51376396
51430432
51420184
51346924
51403700
51524708
51332308
51363816
52369976
51372248
51405600
51339492
51404900
51386892
53387712
52544580
51592264
51337288
51420392
51462996
51378188
51362380
51353628
51434720
51505004
51355580
51352068
51354876
51320512
51483652
51352276
51386896
51298624
51402828
52157388
51376956
51511728
51490188
51321148
51991520
54006676
51953840
51464520
51422460
51320496
51348616
51357420
51372128
51462324
51356484
51358228
51348520
51430796
51469176
51393752
51408600
51375624
51365508
51504744
51397648
51344208
51442752
51405380
51461560
51320040
52306248
51459648
51484228
51324412
51366416
52633584
52638924
51462460
51404984
51423024
51328276
51494132
51468376
51376512
51401408
51379428
51393920
51465180
51346100
51385208
51358228
51402300
51460040
51382936
51439084
51456096
51361556
51390952
51363720
51355784
53559676
51583968
51387896
51380308
51346508
51480880
51491244
51370884
51338172
51384476
51377792
51483008
51360588
51342440
51368304
51357544
51460416
51378988
51355364
51331244
51370616
51463280
51314200
51386116
51402536
51349300
51297176
51346768
51334336
52302756
51362704
51453584
51346012
51354276
51397828
53719464
51900472
51403436
51315700
51463844
51379668
51301612
51394548
51372664
51447280
51446444
51377824
51382948
51360100
51461824
51456644
51371784
51435468
51362500
51379884
51473448
51309612
51342168
52027848
52178372
51537184
51344576
51408440
51444452
51358496
51403804
51397432
51379900
51411188
51405820
51307084
51351200
51367600
51453624
51293700
51515104
51352012
51353460
51381344
51498028
51483132
51379988
51371044
51329728
51395216
51432976
51341228
51325368
51347588
51498844
51511148
51334240
51341952
51343928
51306168
53682468
51573272
51414780
51402960
51432896
51373848
51363964
51391248
51398740
51415076
51364780
51365408
51351440
51502108
51500668
51394956
51417088
51371492
51422668
51409548
51350944
52239900
53128164
51426124
51470580
51344584
51383992
51380520
51362924
51362272
51359004
51339328
51453368
51408104
51347188
51326896
51339740
51473428
51404236
51446996
51384456
51374324
51373596
51334664
51399060
51404152
51321172
51420748
51394184
51340136
51483216
51365780
51484064
51519780
51456856
51338320
53205340
51345292
51350092
51357736
51343328
51337552
51339672
51501500
51362652
51359964
51336724
51335712
51384624
51359928
51412060
51319700
51319636
51425008
51362388
51304124
51327000
51361300
51343352
52570912
51478320
51304604
51364616
51358376
51338764
51271276
51292516
51372384
51349000
51371740
51388784
51284656
51405912
51319784
51346460
51330696
51341064
51432636
51366596
51363848
51332576
51327236
51352744
51332852
51370576
51474700
51408364
51306144
51332504
51338644
51346652
51343204
51353388
51395332
51362124
51273212
51376748
51340268
51307116
52818084
53079800
51384604
51365952
51299228
51303068
51318988
51337120
51297780
51331392
51328740
51329664
51385756
51358884
51330540
51364808
51623388
51595328
52984852
52967172
51351364
51382552
51297620
51338644
51324536
51274496
51471312
51358680
51339640
51313152
51350344
51504376
51344844
51371924
51391620
51319048
51349980
51361060
51358376
51317044
51420548
51320100
51348072
51314796
51328552
51344808
51286592
51323516
51369564
51309708
51345464
51414048
51402380
51296668
51312480
51362876
51362292
51362604
52183628
51388028
51325320
51323136
51319664
51265344
51339696
51335864
51313988
51319368
51350460
51604092
51395464
51482736
51365276
51399396
51479560
53393456
51553924
51335620
51351508
51488552
51352856
51370144
51357968
51333148
51494036
51379168
51355948
51386548
51330904
51443024
51355428
51342920
51436060
51417488
51364924
51377148
51354828
51423156
51477984
51380608
51400440
51326236
51449488
51460536
51401416
51381556
51389888
51385568
51461488
51370228
51480060
51415376
51312040
51441128
51390824
52135744
53508668
51348756
51345520
51309824
51327340
51306656
51363432
51337192
51312328
51329356
51423224
51371416
51336956
51330712
51347180
51255952
51982676
51734468
51376860
51342728
51358736
51343044
51327076
51326580
51285492
51314204
51399676
51350536
51300096
51283684
51349404
51339744
51324924
51345300
51486520
51355236
51525112
51334492
51360264
51350816
51391040
51406612
51396404
51311904
51394680
51360056
51359220
51329872
51352632
51436364
51485560
51329932
51351152
51489548
51432804
51501536
51398420
51373864
51306996
52550652
52023452
51427724
51425932
51360624
51407304
51486228
51344684
51370772
51407824
51477604
51413568
51359344
51362156
51302688
51422028
52620376
51346112
51346092
51336000
51389328
51328132
51335792
51356524
51282844
51374768
51386080
51369804
51324612
51384052
51443820
51315060
51325200
51366376
51338236
51422764
51364348
51343172
51417624
51368764
51378404
51346484
51374548
51424228
51466280
51391964
51374688
51335340
51465512
51459584
51413592
51343548
51364724
52216268
51498132
51352240
51414836
51380476
51438876
53946820
52023304
51329344
51420084
51452852
51432104
51346052
51421716
51461600
51570700
51377180
51410648
51388856
51358604
51487544
51865756
51362404
51363424
51283804
51408096
51355336
51373012
51329336
51355612
51476564
51364220
51356884
51420776
51381204
51338492
51351120
51360928
51470852
51444588
51394444
51362328
51308840
51486592
51475556
51376124
51349052
51377484
51429276
51504824
51363352
51331212
51353060
51385612
51510420
51321044
51405564
51347488
51506912
51475832
51332204
51414292
51365468
51379804
52503108
51496388
51377940
51453632
51414040
51339816
51347448
51348984
51378724
51364820
51350876
51364320
51311632
51299596
52281412
51372948
51358392
51364340
51337684
51367884
51351456
51371832
51277264
51385256
51382488
51395360
51321144
51419088
51369528
52371228
51393900
51348088
51342888
51298416
51362512
51334332
51296744
51276376
51357172
51339708
51327796
51327984
51314984
51360712
51323252
51320560
51331440
51272220
51324004
51373948
51466576
51341924
51347840
51332816
51331480
51340644
52564904
51261720
51377428
51339752
51348180
51306096
51327956
51387896
51320064
51370368
51334808
51306296
51356800
51321504
51600256
51560736
51329552
51388640
51362072
51303040
51323468
51318980
51335880
51338980
51361224
51312236
51312848
51322644
51349492
51365920
51357616
51396016
51348264
51278036
51395556
51392568
51433424
51378008
51361708
51354916
51344004
51402200
51375340
51328768
51348208
51309976
51379124
51364344
51358688
51371340
51367744
51382088
51354472
51366756
51551160
51424768
 
51380836
51348232
51306076
51312896
53068792
51337240
51342936
51335920
51357300
51335768
51869164
51349812
51294824
51371528
51598876
51496104
63480908
51419364
51292276
51413272
51400760
51354464
51413740
51355488
51323816
51270072
51371672
51321288
51353588
51283216
51331828
51316080
51357232
51323492
51327064
51326860
51340416
51279328
51371796
51345460
51295948
51320080
51513828
51350844
51307276
51310004
51327360
51333668
51412608
51360184
51360776
51301032
51326848
51326104
51347156
51365088
51311488
51352796
51369880
51297388
51340964
51573524
54202376
51324168
51335496
51316644
51320248
51363952
51399456
51322808
51408108
51397580
51426360
51390060
56461352
51466704
51362884
51311900
51345204
51353228
51423332
51397224
51361400
51372992
51357620
51393372
51444336
51343368
51388364
51300696
51423296
51480124
51382156
51319940
51373616
51364824
51448208
51341584
51353604
51360388
51330584
51483880
51344996
51359696
51357660
51355392
51379964
51344044
51324172
51426008
51390980
51459776
51354460
51381920
51487428
51404548
51486936
51385552
51297496
51372432
53043180
53483216
51396504
51387864
51441028
51426308
51479944
51433288
51334840
51472884
51478036
51390068
55223512
51574176
51299160
51452424
51311376
51332028
51267728
51300816
51372076
51326520
51296112
51382960
51372308
51450360
51321776
51372224
51428296
51352220
51353784
51336380
51353548
51382220
51335520
51343756
51317972
51309288
51295472
51350000
51327904
51310984
51331128
51301956
51368152
51324408
51326380
51338620
51305764
51367856
51328408
51359848
51280312
51323160
51472228
51310832
51324064
51328676
51236496
51465400
52026448
51634508
51345816
51366700
51457336
51376488
51368760
51491956
51443792
51398524
52651596
52147552
51417404
51461920
51390980
51363292
51366984
51422656
51501728
51355884
51332836
51373096
51364112
51444316
51342220
51814280
51414208
51399348
51397216
51366128
51343440
51422644
51489196
51376596
51381760
51382128
51426448
51437132
51332104
51356528
51357356
51338168
51473808
51365876
51318128
51375004
51367204
51465168
51354184
51381404
51397688
51454240
51399144
51379356
51352200
51420056
51329608
52343964
54475136
51418744
51472160
51285136
51379720
51339052
51370764
51394064
56075132
51354592
51340592
51330928
51331676
51387836
51343392
51355188
51312148
51475808
51381504
51444136
51333668
51375468
51388212
51348968
51354040
51328396
51366992
51379536
51377496
51351312
51349140
51352844
51495600
51495196
51377768
51334652
51346784
51385232
51561072
51365956
51375316
51373208
51413880
51518332
51384508
51383464
51351496
51388568
51500220
51320200
51390428
51416124
51487728
51429764
51375120
51416760
51421128
51514500
51814404
51807584
51437580
51362060
51347796
51326616
51330964
51340260
52268824
51574544
51300800
51349008
51319040
51278592
51561384
51355452
51332756
51258572
51446440
51438704
51336536
51331612
51482792
51377716
51444628
51372224
51359404
51353240
51327424
51448164
51344668
51410216
51313012
51367588
51459332
51337804
51350944
51463048
51387260
51329636
51358784
51332532
51464028
51404952
51379288
51339612
51397588
51460660
51440168
51364196
51307592
51344580
51390204
51487616
51471720
51443348
51379636
51331880
51478676
51362168
53542536
53728416
51353196
51394116
51355816
51380760
52701404
52272668
51543260
51397136
51321860
51377008
51382932
51466628
51355036
51336976
51388592
51356524
51423188
51369800
51370140
51376136
51347380
51354976
51354108
51426316
51463804
51519020
51357124
51341228
51376852
51502800
51430572
51327980
51352308
51340300
51331464
51459472
51409768
51378152
51320684
51409392
51438420
51360292
51380424
51391920
51373024
51407500
51344056
51367168
51483284
51376968
51581764
51451372
51371500
51366804
52923740
51398632
52254716
51503368
51265228
51379532
51325576
51333348
53957860
51380448
51376656
51326256
51362632
51305048
51282944
51357952
51324404
51322812
51376276
51395500
51375980
51307848
51360712
51476432
51418696
51335912
51352088
51404088
51329868
51497332
51352116
51421436
51318852
51383292
51453184
51376084
51342396
51372808
51389228
51500360
51350560
51369272
51374792
51353824
51446808
51350816
51339848
51388648
51381936
51328196
51390792
51354664
51446328
51470856
51323184
51487512
51439312
51460436
51444332
51375336
51475604
51705748
52285332
51489980
51340468
51323424
51357592
51362332
51482836
51331988
51360952
51398736
51384868
51374232
51327164
51323044
51424540
51404428
51320672
51370992
51334632
51449660
51295684
51475732
51397788
51373068
51360020
51420240
51369588
51406912
51345924
51397508
51447492
51340756
51345488
51376356
51383488
51468340
51416632
51353876
51389692
51338264
51392852
51368852
51332232
51443436
51394928
51403872
51381436
51379756
51450512
51425872
51370536
51409780
51509592
51293456
51398524
51467492
51315440
51343836
52566888
51379144
51369560
51349480
51327620
51343352
51326008
51374020
51274472
51320400
51381836
51398720
51308656
51353128
51326364
51407776
51319776
51362404
51327696
51324840
51349056
51377100
51332044
51318620
51303672
51405748
51347548
51331992
51273616
51310000
51358328
51318556
51296932
51296860
51339672
51321592
51308392
51325084
51330808
51353272
51322084
51310724
51323200
51245216
51307532
51365608
51356476
51290148
51271424
51332180
51347816
51292968
51360352
51344628
51319120
51443848
51361356
51336400
51343908
54495700
51311080
51361268
51344284
51350468
51337852
51344392
51338244
51332204
51341020
51403972
51324532
51322028
51280768
51333184
51362924
51319132
51332696
51328408
51343916
51356276
51353804
51380160
51456696
51473936
51384556
51360728
51324052
51491196
51422640
51358508
51345080
51350256
51344728
51438048
51354816
51351580
51363988
51380900
51481480
51336728
51399388
51347444
51345248
51471676
51327644
51365564
51388144
51360616
51342464
51350384
51386376
51448532
51408504
51599996
51408580
51369344
51350612
51364176
52347120
53085432
51351880
51298232
51351960
51319204
51338740
51261804
51361300
51294960
51337328
51333032
51479364
51441292
51331228
51378168
51346140
51379520
51429872
51359900
51390088
51339936
51369116
51471532
51360560
51330924
51385456
51392532
51387976
51294448
51377904
51375388
51346712
51401844
51371868
51387864
51416840
51397600
51367232
51343824
51333204
51449468
51467904
51359080
51347944
51394196
51421904
51363900
51364152
51354116
51381484
51418972
51466452
51458636
51381320
51304764
51323784
51410592
51317456
51818088
51521292
51319556
51333132
51351968
51349360
51256848
51366840
51328800
51307364
51326588
51362700
51356324
51297524
51307744
51335976
51304300
51335744
51334960
51360904
51324588
51281048
51384108
51330864
51274988
51329216
51368180
51392860
51308656
51321612
51346808
51315520
51310000
51346164
51344680
51300504
51355796
51346012
51286228
51324080
51314016
51373432
51296008
51343552
51316100
51314480
51336460
51337484
51328468
51413704
51313896
51362176
51481616
51312124
51274080
51342280
51326068
51308872
52947436
51405200
51392400
51362960
51324852
51311624
51299212
51352420
51321880
51298904
51334040
51313536
51378496
51318736
55182044
51334652
51287908
51505996
51335520
51372616
51290200
51386280
51459384
51321492
51323096
51323220
51406276
51382136
51379788
51408720
51428420
51430096
51504504
51416484
51349596
51340912
51368628
51357960
51377432
51382208
51463264
51518144
51328972
51396736
51372900
51373464
51481172
51384652
51370144
51373036
51374948
51488428
51669952
51384108
51334960
51394932
51423572
51372960
52289660
51416348
51402520
51376936
51317540
51397720
51473952
51468500
51345576
51399720
51401036
51388336
51461736
51397532
51379440
51392068
51392104
51506388
51315916
51390884
51370904
51391852
51415164
51386544
51379208
51400960
51381596
51391912
51368292
51377664
51431024
51470832
51369556
51392436
51357948
51506948
51445280
51364424
51344776
51412540
51392520
51510864
51367804
51369652
51360928
51404828
51472516
51371592
51406248
51386960
51359468
51458864
51470020
51553072
51425896
51378592
51418404
51335128
52709936
51582848
51514644
51373956
51382856
51343120
51474960
51474232
51350716
51382708
51353172
51388596
51456996
51357600
51389572
51400016
51382624
51472388
51339324
51357216
51328768
51332492
51379896
51311372
51358176
51296440
51293340
51362036
51353440
51333340
51358748
51342996
51414424
51347360
51350580
51446908
51459976
51373460
51343268
51354564
51456020
51482196
51365296
51376768
51369748
51344296
51444212
51380452
51367896
51378528
51328432
51527024
51365548
51372504
51495868
51331024
51366388
52605152
51373880
51354972
51375908
51315308
51344804
51369724
51417776
51354032
51342804
51337208
51357624
51315548
51369316
51399932
51359332
51363400
51336268
51418704
51344988
51362996
51445900
51385280
51345884
51342336
51381572
51429552
51385056
51484256
51361324
51352892
51349996
51366992
51439224
51365616
51383368
51384616
51367340
51402396
51365164
51385488
51404484
51374800
51551496
51343268
51358280
51357044
51333300
51419984
51401268
51348900
51320460
51361224
51421700
51389776
51360948
51403208
51614228
51402168
51363284
 
51371596
51419760
51456364
52594232
52252856
51395952
51292704
51379864
51341632
51349584
51337664
51365680
51454136
51370572
51335388
51391436
51406224
51416524
51370628
51361348
51355972
51374652
51349756
51376440
51311436
51361416
51368840
51348536
51330436
51351660
51326032
51339848
51321060
51360844
51366748
51396956
51420388
51379468
51353512
51408436
51367356
51421416
51305800
51398788
51421404
51356776
51415520
51358188
51380980
51410716
51430880
51402496
51389920
51354344
51429164
51338416
53440184
51622232
51301260
51337100
51332120
51341420
51333476
54260912
52325032
51360264
51302456
51275268
51289820
51321400
51353864
51308088
52168580
51985920
51329980
51352892
51312132
51311560
51301940
51345956
51322124
51328948
51383280
51260164
51335256
51364500
51346400
51297176
51321712
51332108
51349836
51295080
51328492
51275956
51397180
51307492
51339996
51319340
51308012
51347528
51345996
51314012
51259300
51314988
51388136
51361624
51396576
51419512
51412792
51343512
51698024
54448648
51327016
51448984
51359552
51321764
51503168
51432352
51371008
53565784
52206048
51342576
51316824
51365864
51333200
51320220
51310864
51316624
51298988
51292552
51389172
51453776
51391996
51389936
51396592
51358508
51429324
51452424
51368724
51311812
51332544
51437008
51507252
51334352
51393960
51385212
51356204
51454588
51331256
51357892
51337536
51400228
51455804
51403288
51331244
51336312
51518464
51393660
51389568
51364240
51404656
51394164
51416092
51503516
51378504
51469196
51279024
51363140
51339320
51587184
51313284
51348012
51425592
51405884
51302548
51302440
51364820
51280048
53050932
51413508
51301944
51378972
51312876
51311164
51313836
51391092
51456776
51323732
51393852
51352884
51474888
51471248
51344928
51348088
51296860
51329704
51512064
51320260
51371784
51381592
51381572
51366180
51357392
51365768
51416888
51378284
51375244
51373684
51342272
51453820
51462184
51382560
51380544
51350840
51430060
51452672
51376744
51368664
51369552
51331320
51973144
51454152
51365316
51393748
51371768
51491932
52686688
52884712
51480880
51363928
51364468
52356720
51393992
51430792
51489232
51408564
51361480
55080224
51656948
51490064
51362232
51371336
51331348
51428168
51452200
51365452
51337916
51331992
51370976
51479604
51358708
51354896
51419044
51324484
51468672
51350032
51347216
51403688
51347580
51354896
51407820
51345212
51467032
51424900
51378468
51352152
51347196
51490564
51447528
51364764
51382516
51330936
51424432
51491704
51356924
51298852
51383164
51408076
52042560
51352340
51355228
51369860
51303992
51414076
54719724
51406584
51302028
51347092
51315664
51338540
51773900
51350852
51371920
51358988
51319268
51280180
52012660
53609564
51365892
51361312
51330892
51309208
51377388
51327236
51282936
51314432
51338788
51482012
51333004
51344300
51319436
51371376
51298368
51325040
51311800
51271468
51348592
51318512
51316608
51297392
51300416
51371400
51335544
51342448
51348600
51295944
51339212
51348740
51328452
51344932
51260356
51369520
51326268
51346084
51297940
51322536
51993676
51312164
51318160
51336652
51418344
51326428
53670140
51431952
51326336
51405500
51328412
51494236
51365996
52163672
51328384
51329872
51321948
54098920
51373728
51386524
51285388
51323336
51271652
52106668
51380536
51314176
51294232
51257060
51352572
51324636
51293488
51347064
51441576
51399924
51339256
51318076
51337492
51327544
51352128
51324516
51336660
51291368
51300632
51349968
51358668
51286100
51359568
51299284
51381804
51303504
51331100
51295648
51298324
51335736
51342212
51311976
51268800
51378488
51483748
51346376
51286516
51300492
51280608
52829304
51365016
51295956
51233280
51278292
51368344
51289280
51282472
51542716
51495228
51287628
51301472
51280356
51260900
51913140
53280744
51280616
51321040
51364460
51359076
51352244
51360748
51330724
51316540
51365900
51367056
51305816
51366696
51309504
51339264
51348472
51351816
51295044
51322540
51346680
51343360
51326656
51320896
51367708
51354248
51301036
51374716
51299796
51404112
51317880
51371948
51365992
51304888
51387308
51381972
51332012
51505212
51334084
51362604
51356324
51362788
51337780
54041328
51670288
51338928
51271672
51320192
51425272
51380020
51311680
51363396
51675236
51473760
51356356
51386564
51364316
51327360
53423864
52557344
51317944
51353904
51251284
51381704
51327188
51326740
51306136
51314552
51359936
51346276
51324164
51408728
51359296
51354212
51319744
51350712
51426396
51376384
51360288
51395080
51365872
51456480
51520332
51366868
51344516
51333460
51463772
51442228
51340324
51347224
51364216
51416304
51478080
51320076
51308140
51352684
51313932
51463808
51329820
51368468
51397776
53053920
52851140
51384656
51315112
51295592
51354796
51277684
51318316
51306648
51355084
51376200
51351468
51318836
51352532
51295608
51364932
53677956
52255728
51311336
51294680
51381880
51351236
51317764
51244304
51323396
51348248
51251428
51314584
51304620
51366488
51302132
51315800
51312300
51304576
51328768
51339644
51337696
51345264
51289140
51379344
51308504
51286524
51301916
51328388
51367580
51308532
51321056
51340104
51326252
51353240
51313004
51351788
51343928
51350476
51314044
51335012
51297776
51314636
51504236
52038080
51336128
51340664
51266372
51402132
51342828
51353864
51303076
51301240
51349592
52183052
51337876
51311492
51325664
51316444
51345288
53056572
51842944
51400260
51333156
51338592
51366580
51325644
51377844
51334988
51358496
51307408
51332112
51363712
51339524
51298376
51337244
51317516
51392632
51321948
51323244
51292888
51269560
51321344
51353756
51331892
51267096
51349564
51330276
51364028
51288864
51320888
51285780
51342848
51324252
51350192
51968784
51332452
51342352
51369996
51370360
51319840
53694992
51412896
51352644
51346424
51311924
51375960
51328260
51339700
51257308
51328200
51335468
51339476
51335964
51329548
51345120
51244416
51265556
52948912
51321728
51348448
51333796
51320276
51327400
51356708
51550012
51291772
51367852
51369104
51374032
51328544
51337008
51339856
51321128
51300852
51390400
51350476
51323076
51363580
51345328
51317236
51353204
51366848
51293760
51285556
51373012
51312916
51331800
51275764
51318500
51361356
51324760
51942012
51314692
51344104
51313116
51309304
51355416
53814624
51417860
51296084
51320904
51287068
51353584
51368648
51350248
51295732
51334404
51302812
51317396
51344700
51424364
51372772
51296664
51397092
51346244
51323992
52124952
51351764
51340048
51331192
51347176
51286980
51341992
51324572
51344968
51286616
51322816
51368628
51336384
51307224
51349576
51324068
51415996
51302160
51338320
51318028
51265216
51380248
51335852
51377856
51343684
51379512
51378456
51386768
51327148
51310904
51360896
51294596
51352420
51449896
51350780
51213888
51382888
51330672
51321920
52557012
51535656
51346308
51349604
51325916
51350352
51289060
51388284
51343652
51311440
51363220
51416824
51439116
55205380
51281896
51302692
51258524
51386064
53638272
51767728
51264608
51321464
51307840
51338376
51306580
51252876
51307940
51325364
51295024
51295532
51317760
51358996
51292596
51304452
51286240
51320176
51354440
51290232
51306644
51319324
51224960
51356112
51344900
51349528
51268388
51298996
51312644
51326868
51259004
51273140
51333176
51259048
51520668
51353208
51285560
51308368
51311536
51319936
55630552
51387684
51336988
51295292
51279428
51322524
51277348
51321620
51301096
51319820
51306216
51273416
51356424
51348040
51377796
51253728
51326060
51287408
51290124
51343400
55433588
51375696
51320012
51287528
51322020
51300252
51347784
51288004
51330088
51332296
51422460
51365508
51362252
51324940
51303176
51331320
51380124
51321572
51285116
51321976
51321624
51426112
51306368
51328584
51293436
51331908
51321928
51302852
51314812
51243088
51300996
51317988
51495028
51322904
51295768
51295124
51348316
51292440
54109872
51840148
51302764
51298292
51278884
51296064
51294108
51326868
51288940
51298692
51296668
51285336
51321600
51288260
51339100
51645692
51297680
51327272
51244772
51334428
51741160
53572440
51336656
51341528
51277492
51320392
51349968
51318432
51291388
51301116
51276720
51319116
51281852
51318824
51311844
51256148
51335788
51326612
51270488
51276160
51303124
51324632
51260184
51321320
51307992
51365732
51250936
51316952
51297880
51316388
51238888
51351012
51362668
51332076
51284356
51309084
51348164
51259188
51636952
51654312
51375792
51315780
51317500
51275212
51305640
51289268
51360372
51316740
51322852
51319124
51274376
51299716
51313896
51321956
53911000
51348324
55484560
51404036
51343996
51343052
51332604
51330564
51339160
51254084
51309832
51352132
51313748
51310068
51292780
51309656
51376028
51308948
51364448
51371064
51352416
51519224
51346836
51417020
51371040
51356720
51369180
51352548
51372508
51463676
51418252
51311284
51360936
51536620
51529164
51499596
51364696
51391348
51369960
55628388
51415352
51339148
51309176
51329708
51261556
51397708
51341508
51336620
51287172
51329880
51347988
51332748
51286584
51307112
51343512
51333928
51338648
51327180
51323220
51326596
51306264
51827820
54070208
51363808
51332420
 
51333976
51300828
51346448
51293124
51357140
51359656
51313524
51339348
51387232
51458744
51317444
51354096
51375336
51327180
51326304
51326796
51330876
51364884
51341956
51330696
51352244
51280756
51420164
51361676
51349940
51300664
51440524
51347256
51350468
51315632
51334876
51311804
53632024
52242908
51379272
51336952
51361016
51265672
51378400
51330980
51347528
51352372
51335712
51321372
51337916
51336536
51324612
51369440
51309968
51339844
51430420
51351524
51353832
51325536
51344312
51314916
51710080
51699712
51374912
51330436
51346740
51316708
51353436
51328620
51342844
51309656
51310332
51341732
51390432
51297120
51305408
51328628
51349188
51322376
51344708
51340068
51389156
51322204
51354040
51320628
51343312
51364880
51364644
51340772
51370224
51343768
51391824
51301140
51340864
51335724
51455160
52064076
51363184
51305920
51359804
51310560
51294996
51327244
51348908
51303028
51334468
51312032
51329800
51317836
51278576
51360392
51335276
51311892
51319968
51397372
51439600
51274708
51345672
51327324
51341468
51404848
53118044
51312756
51341332
51329040
51369048
51302744
51350148
51283384
51370792
51374588
51341236
51390192
51389524
51364408
51391212
51333452
51308528
51328248
51353852
51378020
51337960
51311964
51287124
51301336
51345696
51342972
51435716
51269468
51358544
51351436
51305212
51313032
53319144
51421600
51372516
51317300
51363592
51301412
51372312
51336612
51300656
51330664
51310484
51348972
51313512
51318180
51340240
51296092
51347092
51334432
51341208
51266448
51431436
51342272
51337432
51301876
51307364
51290396
52295512
51702996
51352132
51304632
51326484
51358044
51268880
51329180
51297176
51341712
51294480
51312996
51319784
51315432
51341252
51352236
51345524
51292384
51354584
51298036
51368088
51305564
51301520
51447508
51951316
52044896
52537672
51361188
51307484
51470552
51305588
51330332
52897880
52582048
51342064
51336980
51307764
51336712
51296728
51315304
51348732
51342760
51266824
51294248
51309172
51341604
51273768
51347544
51293328
51273420
51352860
51393008
51380388
51381452
51376444
51588496
51543336
52585452
51280740
51357692
51329036
51308728
51323564
51281304
51287128
51359912
51329360
51347572
51293944
51293448
51339940
51342460
51300568
51292172
51320732
51369620
51301308
51338276
51299128
51368032
51325388
51330228
51337860
51391588
51412128
51365476
51333276
51317692
51286680
52967152
51518064
51375048
51294064
51293752
51357148
51344944
51355840
51325544
51344960
51382992
51370336
51396636
51447832
51382620
51386436
51347432
51372128
51467084
51432128
51351324
52190032
51454476
51449844
51425996
51383008
51371692
52611288
54246108
51377756
51498992
51332328
51387704
51370340
51316600
51375816
51334744
51437856
51480400
51346680
51455828
51355720
51401168
51447984
51343596
51373476
51339896
51386256
51467200
51402944
51370532
51407336
51409288
51446048
51413588
51368176
51448140
51621456
52622936
51387780
51384188
51321440
51383704
51349096
51327324
51344012
51334516
51388348
51331008
51332312
51380012
51285468
51370964
51328672
51357084
51294772
51311488
51395992
51350460
51314816
51338408
51556040
51373532
51331620
51382632
51338940
51359472
52472380
51646136
51322412
51318924
51372900
51309008
51305188
51340548
51313116
51353764
51330340
51376520
51342988
51348328
51354360
51341460
51273504
51340256
51313564
51406028
51309380
51347436
51289968
51343780
51342644
51345192
51340928
51292064
51353404
53199456
51356620
51341048
51339092
51379288
51315448
51336128
51322928
51314636
51369424
51348048
51339064
51294196
51309580
51376336
51319124
51342384
51339920
51323032
51340692
51334548
51357356
51295560
51265888
51446016
51340836
51369916
51263792
51377236
51328080
51725920
51948984
51324588
51344436
51336228
51322696
51318164
51316124
51387552
51271116
51318780
51326708
51327932
51304752
51336432
51322992
51309944
51278224
51349192
51318272
51353216
51273508
51421776
51359052
51266632
52105112
51319324
51752804
52420460
51376508
51348772
51304324
51396496
51335596
51386204
51329444
51327228
51383240
51338068
51333724
51379804
51329588
51362396
51335180
51347116
51251332
51315688
51358232
51332580
51303244
51305660
51350456
51355368
51369664
51366016
51311148
51286764
51371944
51338408
51500016
52810360
51362400
51345344
51340032
51351780
51305144
51339716
51364188
51375588
51308740
51340212
51366580
51352736
51323188
51336220
51317956
51418448
51323472
51365492
51346752
51929332
51379400
51354208
51339796
51323032
51302392
53518676
51457540
51325080
51293284
51347684
51334200
51376932
51286172
51318816
51352764
51356624
51324704
51335104
51334524
51379424
51306884
51301956
51298180
51292032
51388748
51341060
51321052
51315156
51292808
51418860
51347756
51329680
51300292
51273820
51354892
51382476
52804772
51380808
51381664
51382032
51375080
51325056
51336088
51358184
51393480
51353656
51376228
51287324
51393176
51331316
51378976
51337164
51332820
51380656
51339984
51362508
51390188
51372492
51379952
51342532
51364392
51770420
52650960
51383832
51355764
51357336
51319428
51365972
51358844
51346516
51324412
51318648
51392444
51343404
51329284
51326436
51345448
51385680
51331892
51380024
51371068
51266500
51368724
51343616
51363780
51332776
51333040
51414896
51607904
51353196
51341356
51330612
51342144
51325804
52627352
51572592
51423856
51347100
51346380
51338408
51355620
51375856
51359092
51350780
51368780
51293528
51409224
51367868
51367724
51317808
51342680
51377992
51322572
51330300
51391816
51357904
51338652
51308216
51347756
51972120
51490416
51328412
51329612
51288348
51302800
51362632
51366824
51285356
51316332
51283856
51378068
51291344
51346244
51342812
51254124
51359056
51335536
51329720
51298464
51331696
51397116
51349380
51336904
51278744
51344328
51318912
51366556
51331464
51408540
51351712
51350172
51315944
51335448
51298924
52241144
51343688
51343032
51350168
51401424
51339796
51524980
51326116
51386808
51306048
51378932
51336836
51341964
51318024
51338640
51374160
51316392
51377432
51330664
51295816
51324812
51323592
51345016
51459700
53025620
51360588
51352356
51356932
51331764
51332284
51348520
51336680
51307460
51296512
51368720
51357348
51321752
51324580
51294972
51370180
51312772
51348596
51329804
51273872
51357076
51369428
51357792
51295168
51329392
51367896
51424400
51337808
51402768
51377128
51335644
51342196
51650380
52480784
51418492
51342836
51317876
51364072
51302456
51354180
51340900
51358352
51333016
51279356
51403632
51349040
51293620
51309780
51322488
51352048
51292100
51348816
52143020
51323988
51334992
51346236
51334428
51568500
53626288
51381316
51337284
51345096
51309468
51310852
51320100
51315124
51286892
51299364
51360304
51356144
51291436
51345408
51312292
51296612
51300616
51340464
51288440
51295716
51343188
51339272
51325456
51280264
51359692
51372352
51353980
51338808
51322316
51374304
52070468
51346708
51321476
51297064
51336032
51348160
53494808
51786112
51337680
51342500
51310944
51331596
51309884
51291036
51371900
51346080
51291552
51312856
51363404
51373320
51291832
51334468
51408416
51382696
51310448
51358480
51345216
51414112
52958912
51412500
51354812
51338824
51315652
51377504
51262840
51323340
51328184
51338912
51324808
51366160
51322736
51296944
51283760
51349728
51307540
51282024
51281756
51417100
51569280
51537844
51562432
51476712
51587348
51533752
51537620
51697944
51475572
51573316
51558936
51524592
51550516
55707216
51412448
51275624
51337024
51303192
51367364
51342644
51333228
51332596
51316336
51319232
51354048
51304996
51308804
51303736
51454120
51340752
51317480
51352536
51296216
51358716
54985680
51340468
51339092
51293980
51359220
51312952
51339068
51275444
51320692
51354276
51330692
52147596
51278328
51326940
51357312
51312436
51333060
51308004
51317244
51311092
51357412
51320556
51276588
51383748
51341812
51322316
51315156
51272960
51366528
51344628
51316064
51314128
51393540
51335328
51316552
51306836
51332404
51294188
54584536
51505364
51361684
51298136
51368736
51316348
51344700
51314016
51258884
51350476
51351404
51320492
51298856
51284028
51444524
51334288
51311952
51308652
51287164
51338072
55509412
51371760
51312180
51286844
51383736
51308564
51314868
51268412
51325428
51287592
51311936
51322576
51323644
51292156
51346776
51323416
51360576
51301996
51379004
51323900
51357244
51288956
51314312
51378700
51303324
51306348
51331052
51288292
51344108
51307340
51342676
51312836
51273836
51345944
51413180
51299980
51275612
51320532
51345464
51292116
52468916
53319676
51392600
51325484
51321204
51322220
51297820
51323668
51352324
51319672
51319276
51332996
51358684
51342796
51337132
51338300
51308376
53289244
52550768
51409276
51274484
51361308
51348956
51296168
51336656
51293344
51354148
51272464
51337048
51311432
51310428
51320028
51862776
51337632
51313096
51274344
51361820
51307752
51325252
51309492
51311160
51390036
51309528
51316920
51348976
51300168
51353772
51320012
51322152
51252580
51310104
51356016
51371380
51376968
51303260
51350868
51310148
51303848
51331904
53191988
52915536
51282188
51341148
51313512
 
