Procesando...
  Filtro             : mblur
  Implementación     : C
  Archivo de entrada : lena.256x256.bmp
7869492
7734152
7912244
7968408
8130280
7776240
7789316
7758116
7741780
7772224
7789840
7789748
7776204
7812400
7738288
7764452
7762604
7763972
7744772
7775756
7781380
7790000
7875148
7794516
7743504
7743640
7780476
7779256
7743700
7782040
7781844
7766864
7809716
7795964
7773720
7749344
7781788
7777780
7752216
7779388
7774252
7741820
7779552
7785660
7741664
7741576
7775572
7745100
7742896
7777752
7775172
7750140
7826172
7776356
7765436
7774792
7783052
7749644
7742996
7779412
7780640
7747404
7778216
7779248
7750956
7774940
7781468
7742616
7745756
7780444
7780424
7744272
7798900
7827136
7740964
7817124
7785372
7748204
7744624
7777428
7777504
7743712
7785680
7778732
7749440
7784356
7777036
7742936
7743088
7790172
7775548
7743076
7775292
7807508
7786072
7784056
7813048
7747496
7745084
7796272
7780700
7742096
7780508
7780084
7743604
7781560
7780328
7743304
7743460
7778152
7748496
7743088
7779684
8182520
7772316
7820640
7783960
7770140
8245640
7800656
7782796
8243864
7743676
7784192
7779368
7745788
7780212
7779416
7747424
7782880
7780428
7743788
7747520
7780548
7779684
7774660
7795080
7796104
7782968
7784116
7780928
7745248
7743456
7767700
7778884
7742772
7782248
7791748
7742716
7737832
8243976
7744068
7784568
7748900
7744196
7781720
7817540
7740568
7813080
7800028
7748424
8243216
7788184
7779388
7744668
7778436
7784268
7742920
7782368
7784380
7746760
7741372
7780556
7742352
7747900
7780656
7787436
7779996
7785036
7807816
7748144
7742788
7779176
7745672
7743696
7783956
7778840
7750496
7783468
7778356
7743812
7783604
7778020
7742160
7743048
7785592
7779196
7881328
7857796
7783792
7780016
7836332
7799184
7744392
7744236
7787480
7769040
8064856
8055384
7785232
8162748
7748216
7784656
7785108
7751740
7743072
7778760
7780632
7769540
7801184
7802020
7781584
7761700
7779532
7783384
7745268
7781828
7781716
7742964
7743164
7777296
7772376
8251600
7744280
7784300
7780232
7742508
7783208
7779872
7781816
7728144
7838024
7809716
7745016
7743652
7790028
7781052
7742760
7772084
7788532
7742372
7785316
7777676
7745300
7742568
7780848
7743280
7744780
7786964
7784188
7781540
7787204
7807084
7751392
7743944
7779624
7748412
7744640
7781768
7780936
7747616
7783448
7778084
7744848
7783988
7781216
7742000
7746272
7782064
7782752
7771552
7824756
7774692
7778300
7789144
7780376
7743756
7748616
7776968
7776552
7742368
7785140
7774024
7746748
7781124
7780516
7743192
7742988
7781744
7777132
7748308
7826064
7837188
7773040
7865780
7799696
7742620
7743228
7782972
7780412
7743408
7782136
7779556
7741732
7786316
7776660
7744668
7731460
7743988
7779124
7778744
7741944
7827380
7762868
7862496
7810808
8249176
7744620
7787696
7780368
7734956
7751548
7743072
7789264
7783596
7751836
7788448
7769012
8098680
8243360
7968348
7960244
8481628
8476128
8814240
7800232
7754268
7742932
7842652
7770656
7874408
7817388
7790764
7747332
7844484
7771168
7770252
7825820
7781592
7766140
7742556
7895620
7813892
9387172
8952924
8836280
9442480
8873388
9892168
9962952
7763080
7791824
7742940
8058376
7780748
7809560
7744140
7787628
7776316
7749404
7731204
7779656
7802472
7792344
7779756
7817608
8270772
7745684
7746440
7792472
7791564
7744372
7790084
7779704
7749108
7745272
7783536
7745560
7748948
7789884
7784932
7745356
7787216
7824112
7798600
7744708
7803124
7775060
7778116
7768392
7784040
7744764
8066784
7787032
7780940
7732324
8046124
7735428
7734096
7793008
7746040
7781724
7784704
8245380
7802568
8271052
7797388
8156284
7744988
7747860
7777180
8061668
7788496
7790556
7744604
7786180
7786156
7749472
7782676
7782400
7743828
7752804
7786060
7783932
7745152
7819224
7794396
7763948
7826732
7777236
7791960
7744428
7775924
7800704
7788336
7749364
7745428
7791552
7784692
7745328
7782244
7787000
7744972
7785876
7782016
7747884
7780600
7789484
7798444
7776356
7799068
7781968
7747612
8057344
7789432
7744668
7746088
7781372
7777316
8059052
8062748
7793964
7788884
7744852
7773864
7784036
7784596
7776696
7793684
7805588
7758792
7745052
7784136
7781720
7747868
7791432
7777380
7732344
7781092
7804428
7745372
7795640
7812056
7747060
8058440
7777968
7783700
7810928
7776884
8059812
7784544
7798532
7784576
7733480
8249684
7785668
7788692
7745132
7788216
7782376
7745256
7768668
7777224
8023348
7734848
8050952
7831900
7787988
7760456
8088816
7791256
8009852
7960692
7754892
7734212
7747028
7785888
7751820
7735204
7782696
7790588
7752208
8245996
7788180
7777052
7754404
7780808
7797748
7791576
7762696
7777880
7784716
7861960
7800672
7733512
8066532
7786068
7779880
7745032
7794772
7782744
7743152
7774196
8243428
7746292
7782004
7776824
7859036
7793508
7753592
8062204
7744644
7822584
7777508
7747428
7745124
7786632
7770224
9497176
8813012
9414808
8105836
7767084
7787140
7742600
7794316
7783920
7743448
7742928
7779788
7778652
7772728
7800556
7806196
8060760
7801672
7784152
7743992
8244360
7792004
7781388
7745384
7781508
7784808
7743020
7751368
7769820
7787076
7784404
7743116
7744460
7831500
7779456
7763976
7801964
7784724
7732196
7787224
7781552
7737308
7734208
7764980
7803492
7740688
7782344
8264556
7782552
7777516
7772616
7991028
7790924
7779028
7850684
7771288
8253808
8252136
7780560
7778136
7781460
7736248
7752656
7780244
7744400
7736408
7966336
7745016
7845072
8242532
7770232
9189192
10421264
8371384
7831564
7757788
7765204
7802784
8265452
7742688
7743292
7762636
7771748
7743096
7771076
7779328
8055800
7788776
7779288
7733344
8089320
7742668
7781844
7789744
7739924
7843968
7773348
7773004
7766088
7916312
8058816
7746008
7779444
7781068
7729968
7745680
7779720
7782008
7741812
7775908
7767756
8249868
8055512
7786192
7778540
7749584
8071516
7739408
7785316
7792624
7779840
7742252
7784244
7782008
7742900
7791528
7789004
7744936
7742864
7786284
7779232
7743372
7781480
7777944
7746796
7784284
7803408
7779968
7739880
7816320
7784856
7743364
7785504
7775024
7746544
7789076
7779464
7743684
7742948
7781336
7767660
8036848
7748328
7779984
7734528
8246116
7801876
8115192
7771556
8247344
7819660
7782100
7733428
7744628
7804880
7780704
7742980
7787544
7774304
7843012
7781904
7744628
7743880
7782736
7773576
7742976
7779648
7782568
7768128
7805964
7799500
7774300
8063456
7785888
7761788
8241128
7747196
7794260
7778684
7742120
7777072
7785072
7785044
7747012
7790432
7788304
7744872
7743060
7784844
7817028
7741948
7815696
7776788
8254656
7788540
7783456
7742916
8247308
7772848
7832064
7784724
7743304
7743392
7782440
7779592
7743100
7780940
7810588
7767236
7813732
7816920
7784284
7779752
7797584
7800992
8080464
7753000
7783452
7775092
7740684
7784280
7781940
7743860
7793200
7776620
7731024
7844684
7983908
7743040
7731920
7787272
7799396
7802760
7778128
7744840
7777548
7776304
7784368
7770480
8006876
7749512
7751712
7773588
7734716
8492908
7982272
7814768
7812296
7777284
7758308
7776812
7839740
7792448
7763560
7762600
7779632
8244784
7800208
7789392
7744760
7790572
7789340
7745960
7748768
7785288
7806700
7744440
7782380
8247008
7743664
7803196
8079120
7822764
7797080
7781392
7739500
8258784
8233224
8246840
7820692
8041500
7754012
7733292
7791488
7749796
7757420
8064280
7835120
9140432
8081440
7742648
7790696
7851924
7750444
7770600
7825764
8051432
7808800
7744164
8063704
7797172
7794912
7743256
7795952
7796704
7789992
7774060
7789652
8247244
7791696
7793260
7927056
8118500
7899160
7810960
7791884
7804172
7793056
7743856
7772660
7767228
7755936
7742816
7766304
7768060
7769444
7775200
7749960
7744524
7800860
7784524
7746816
7787108
7815616
7777424
7803444
7815428
7758704
7751120
7786308
7782712
7750208
7783284
7782156
7743664
7787524
7782592
7743152
7744304
7774064
7795940
7745888
7749304
7785744
7822692
7759664
7844544
7822416
7747040
8247064
7790816
7775476
7744792
7784184
7778972
7734044
7980788
7742604
7745436
7787348
7779000
7732232
7783304
7784440
7741972
7784252
7782556
7814636
7763284
7793744
7782348
7749016
7791204
7788392
7745708
7742472
7781880
7770668
7746888
7793016
7783028
7740700
8243864
7782584
7789184
7751192
7830704
7773232
7777744
7755976
7778956
7735836
8250348
7793620
7784132
7747952
7784400
7781348
7743028
7748776
7770240
8018000
 
7780624
7744884
7786616
7787736
7767236
7843192
7761976
7779312
7743820
7785040
7745996
7743712
7785732
7782852
7744668
7792992
7781608
7744312
7787036
7786304
7743880
7743844
7782024
7783040
7743924
7811360
7810060
7744284
8283544
7790828
7774200
8239304
8081032
7732972
7987720
7732608
7773312
7789592
7777272
8242928
8094316
8025444
7968564
8132860
7744076
7751232
7795744
8064004
7817340
8098292
8165472
7744456
7786860
7869612
7805964
7759492
7737228
7799748
7742948
8057728
7790444
7779956
7732200
7788284
7743972
7782296
8271332
7840772
8192016
7775064
7789632
7747736
7774380
7772200
9367784
9121208
8755624
8814664
10324872
8046672
7745340
7738384
7749900
7802340
7788576
7741648
7787640
7822576
7776376
7757708
7851416
7814172
7731992
7796560
7743440
7794840
7786088
7743740
7790324
7802200
7744172
7745072
7783700
7786736
7743568
7782424
7770112
8059948
7828312
7778048
7765776
7798796
7750404
7788136
7791488
7749324
8234760
7921852
7793932
7782436
7791764
7745544
7793112
7784012
7736884
8288532
7750048
7787544
7814972
7786748
7796888
7821280
7747468
7792032
8081540
8879620
8729880
8792756
10461728
8267416
7747336
7745616
7782932
7747336
7731496
7783612
7744292
7788800
7786296
8279164
8146464
7768412
7812192
7749448
7780624
7748132
7792808
7773284
8235944
8234568
7735452
7946648
7992624
7743296
7743444
7784592
7743072
7743860
7784600
7785016
7780000
7739176
7814240
7777344
7731640
8247172
7747184
7790752
7778908
7744356
7793976
7783940
7744884
7784872
7779480
7744076
7744244
7783524
7782876
7731860
7987172
7824320
7738132
7824984
7787156
7747528
7743788
7776912
7750052
7741920
7776396
7764968
7785092
7794336
7745104
7747544
7780732
7782100
7744892
7777616
7780172
7765280
7833992
7779636
7776064
8244300
7781724
7794032
8336748
7820940
7790796
7744312
8246584
7789956
7783120
7746036
7811768
7780036
7743208
7789568
7787032
7743792
7773920
7769748
7805580
7773904
8064144
8243044
7795504
8132588
7781520
7788932
7742668
7791088
7784236
7747100
7750716
7781508
7731736
8076544
7744276
7792048
7767484
8000208
7740512
7769400
7824748
7790388
7732952
8147688
8243264
7744628
7783904
7779024
7732100
7783440
7783172
8051724
8246840
7743440
7786872
8080828
7744704
7792088
8062616
7743364
7808952
7789780
8246144
7733452
7804888
8644548
7791432
8029404
7745076
7780836
7783420
7746872
7747900
7786440
7780148
7747888
7771840
8115820
7785640
7752152
7822908
7784576
7743260
7793080
7784540
7743336
7787196
7777256
7744008
7742952
7781520
7773716
7783660
7875232
7775376
7743584
7780716
7785312
7776092
7922124
8968336
8536504
8012912
7940900
7951764
7967068
7875508
7745604
7744668
7802416
7782516
7747796
7792076
7782728
7742172
7751324
7784712
7732304
8058188
7808420
7818444
7760340
7824640
7789300
7751496
7755484
7785024
7780844
7736304
7802096
7782828
8062160
7789060
7814628
8057552
7742748
7789076
7794492
7744144
7790176
7800216
7789132
7767884
7819592
7744084
7751308
7783616
7779944
7731704
7733128
7780548
7745820
7786148
7770732
7989368
7748004
7791464
7813416
8072376
7744860
7765644
7827800
7772264
7761912
7855860
8125352
7731548
8044004
7767268
7839756
7773808
8070984
7801668
7774704
7789608
7743904
8055508
7800896
7946560
8245648
7744676
7780600
8068900
8240248
7783280
7789200
8244756
7786300
7805976
7743860
7790220
7769992
8058364
7782416
7782076
8262060
7744032
7778828
8250552
7795144
7745884
7799812
7805352
8243400
7738732
7819060
7792004
7746044
7793772
7780472
7742644
7791816
7769716
7863092
7790056
7729900
7959244
7732008
8279196
7743200
7787308
7777984
7743972
7802420
8100268
7784356
7791084
8056244
7787896
7775928
7749484
7787832
7777920
7923228
8083656
7747692
7744864
7774680
7738512
7849528
7779920
7737904
7991696
7783824
7788000
7837412
7814440
7791984
7741776
7773096
7775040
8210680
7736140
7793232
8244300
7778376
7796312
7792528
7744592
7795588
7783200
7745988
7743604
7777640
7776384
7771900
7769320
7766860
7788320
7788752
7791384
7744240
7784368
7771468
7976308
7783428
7747944
7823284
8297172
7983284
7941860
8561852
7891052
7915420
7804708
7760292
7787892
7782760
7811424
7749608
7791340
7777852
7745976
7744248
7770100
8246876
7743512
7779148
8057304
7752356
7772692
7783756
7746772
8723460
8798328
8494788
8676332
8094020
7839328
7818872
7749144
7784464
7767616
7745652
7745468
7786388
7780180
7749060
7790196
7780736
7744932
7785636
7780796
7743992
7745708
7781440
7787708
7789016
7781912
7805896
7754116
7785584
7777608
7742360
7746444
7782596
7774972
7742380
7796308
7803468
8604980
8686244
8759248
8742408
8727492
8909328
8331204
7932216
8466712
8032568
7911656
7770032
7745984
7808500
7778320
7745028
7789764
7800308
7743120
7783644
7784384
7737176
8193132
7744168
7789776
7781504
7743144
7745756
7812580
7879120
7806272
7774272
7794144
7786240
7747804
7744120
7776216
7780244
7731400
7787248
7774920
7744980
7786016
7778076
7743916
7746396
7784064
7742912
7744388
7821432
7775792
7760408
7812208
7786136
7825616
7837856
7799660
7772792
8177308
7746648
7793168
7777800
7747632
7737696
7748936
7794452
7784584
8243636
7785036
7791916
7786460
7792524
7765888
7796100
7789240
7748104
7791656
7772448
8061064
7793604
7790284
7734624
8047256
8244068
7778972
7790140
7748204
7789860
7777480
7745892
7762392
7809412
7768916
7844368
8242980
7746796
7796120
7779932
7731664
7905712
7781696
7732476
8053408
7775832
8010112
7957500
8285724
7743388
7788864
7780316
7744296
7819968
7812916
7733256
7814800
7982796
7747724
7799320
7778404
8060956
8189420
8081972
7745156
8234956
8062204
7788776
7784148
7745588
7789524
7788656
7745112
7782940
7808040
7754912
7761912
8090272
7748592
7807428
7789048
7743856
7785828
7781952
7748128
7732812
7889320
7787284
7732888
7776352
7825192
7786104
7744244
7744208
7786772
7811152
7739644
7800104
7819016
7748932
7788496
7770472
7748076
7745168
7787004
7773008
8064596
7803800
7785704
7744464
7774120
7782396
7781680
7744180
7789028
7776344
7814556
7821552
7987660
7800240
7745496
7789692
7790904
7749816
7775304
7791124
7782536
7746108
7798084
7780852
7744688
7787856
7795584
7747992
7745720
7782608
7815808
7779640
7783524
7819752
7749228
7783628
7785376
7741412
7745220
7788148
7786308
7744740
7786168
7783664
7749516
7790208
7785024
7752192
7744800
7782976
7786056
7769768
7850548
9139728
7830788
8624416
8154320
7801164
7778812
7748756
7774164
7785788
7745824
7787768
7782532
7747684
7746740
7777460
7783668
7741712
7787176
7777976
7785748
7785628
7802808
7757136
7753184
7782228
7772948
7744468
7785120
7782764
7743404
7781844
7778092
7744432
7743524
7771312
8397288
8678620
9157924
8746096
7829512
7822892
7746168
7843460
7788556
7751796
7791464
7782924
8086552
7744012
7790820
7796984
7745768
7788004
7787520
7768976
7745536
7801424
7783052
7757120
7785536
7802844
7780384
7814604
7817324
7744760
7750488
7799372
7783652
7744416
7787060
7812688
7745112
7788880
7782784
7761160
7745888
7781196
7762888
7791940
7783088
7748732
7826052
7807304
7752552
7831076
7811224
8244532
7743316
7792388
7793112
7744184
7785272
7781488
7768396
7787440
7786576
7748700
7761592
7787160
7781408
7732508
7789676
8270040
7794068
7818100
7778320
7745168
7773720
7749460
8057268
7789408
7781772
7762332
7788324
7786708
7742600
7769136
7998488
7781892
7743692
7800180
7786880
7743900
7824224
7799264
8268124
7769156
7786708
7791412
7748264
7788904
7783132
7768608
7777012
7784116
7745912
7757196
7788684
7782788
7746648
7811728
8109816
7742040
7913600
7877020
7780576
7781896
7791204
7782044
8243532
8085864
7776680
7783344
7810588
7795680
7744844
7744252
7792816
7792080
7743260
7786056
7776516
7756432
7783152
7774136
8293912
7780500
7820844
7745528
7783020
8063448
7744540
7744840
7799496
7785036
7744856
7784576
7802808
7748692
7786936
7779388
7758224
7747920
7780128
7781304
7785604
7890516
7778812
7782744
7803760
7781756
7746156
7745700
7810608
7779712
7750892
7770888
8038692
7744680
8064188
7789664
8052964
7744380
8085124
7785104
7777916
7781220
7822628
7797172
8270076
7747284
7791560
7780304
7747336
7784280
7795344
7742068
7782992
7775084
7831616
7748956
7786696
7782760
7759268
7783384
7780404
7743456
 
7849208
8144644
7761876
7806708
7816548
7782248
7744152
7760264
7782188
7777216
7741828
7805844
7781244
7751744
7783640
7789792
7743640
7745484
7777280
7804896
8243884
7829912
7780432
7785700
7761640
7790064
7773816
7755732
7782260
7767648
8054572
7764848
7786652
7780180
7743552
7755412
7780516
7741512
7750044
7806856
7778312
7760640
7818132
7788216
7776804
7744868
7780264
7805916
7744596
7786304
7779132
7758828
7779988
7767244
7978388
8063100
8232612
7801944
7749776
7788984
7780096
7769340
7794336
8292780
7801504
7861040
7744552
7747300
7778516
7743328
7744456
7768496
7745784
7770688
7782540
7730340
7759832
8057072
7782200
7779716
7746740
7784500
7792264
7804916
7791060
7797988
7766476
7749132
7788148
7783472
7748464
8411140
8690244
7976568
8262316
7809976
7788416
7758468
7754020
7784940
7744984
7744340
7788764
7803056
7785684
7753828
7819508
7794060
7775788
7787504
7782812
7748484
7760328
7787204
7743228
7746192
7810340
8186100
7743980
7797208
7795844
7743396
7744312
7782148
7800048
7781732
7781136
8052732
8230600
7940804
7783892
7745716
7811956
7787036
7742164
7744812
7815536
8265240
7742904
7787612
7787296
7743916
7787600
7780508
7771976
8076204
7815660
7781116
7788428
7789932
7891044
7791720
7743456
7792316
7745700
7788316
7808116
7744188
7790132
7784500
7760672
7774904
8052360
8174644
7746092
7790324
7810864
7741276
7816272
7776320
7748596
7881392
7788880
7730992
7772864
7744944
7787796
7774868
7788064
7794784
7737092
7787876
7783796
7760756
8062548
7763500
7970544
7774992
7740996
7820616
7806100
7746984
7793724
7811452
7735468
7848524
7867908
8031264
8042176
7731864
7801800
7743220
7778620
7792852
7743456
7790136
7782648
8004016
7781292
8086724
8004784
7781404
7743336
7801732
7784192
7746404
7774604
7805920
7744332
7746600
7788344
7875420
8084552
7800360
7781284
7743512
7743904
7813416
7817280
7800096
7781160
7819664
7743164
8089660
7782116
7780272
7741420
7798152
7770784
8245440
8242556
7789992
7801172
7744584
7783784
7779288
7747360
7744636
7780256
7762360
7790108
7785212
7819052
7731480
8059044
7783824
7783432
7756908
7785172
7785892
7742604
7815312
7783456
7746716
7745804
7809840
8061884
7790164
7783440
7757596
7811360
7789520
7769716
7831344
7784740
7737612
7964900
7783916
7768440
7790348
7783212
7744028
7803492
7784108
7742756
7743416
7810656
7784200
7730100
8232652
7773164
7825836
7792868
7762084
7786932
7782996
8067996
7780020
7733036
8070504
7743840
7791608
7803384
7743792
7790848
7774488
7783888
8052184
7748352
7779912
7813844
7802444
7793752
8079124
7814472
7810972
7773308
8081608
8046672
8043840
7748676
7791440
7781708
7743804
7762844
7787568
7779164
7750684
7811160
7770108
7762756
7751328
7838596
7804528
7769572
7829120
7783448
7742820
7799116
8077020
7789856
7748688
7890940
7790752
7761624
9213532
9527588
8788968
9656724
10144256
7815332
7742856
7749540
7827396
7738876
7764940
7797000
7792584
7733668
8056544
7770644
7783456
7748308
7792576
7752036
7821836
7787776
7742688
7748768
7798116
7768560
8059628
7745980
7819516
7803672
8244012
7817148
8252696
7783928
8070748
8244508
7779432
7797804
7744800
8241448
7789076
7784444
7744444
7785224
7797332
7732252
7779576
8059004
7791400
7812976
8103388
7827040
8030804
7796208
8251228
7743608
7792172
7742816
7747300
7784184
7803780
7742432
7788332
7778868
7755796
7785872
7780436
7746360
7769216
7782388
7805236
7763536
7818748
7814092
7735644
7969760
7743188
7743848
7808256
8057584
7743672
7786348
7807860
7748160
7777792
7777468
8066180
7736076
8074484
7747384
7790772
7818872
7739468
7799668
7825948
8247368
7795176
7793248
7744204
7744872
7780392
7746656
8140048
8245476
8047800
7786684
7745208
7786264
7792608
7743912
7777244
7772892
7929900
7780356
7770956
7812744
8255276
7775176
7786532
7782044
8058776
7788872
8248100
7790212
7809792
8242656
7745160
8169696
7802652
8252072
7748160
7787976
7820076
7791360
7787892
8141404
7748656
8061124
7781596
8741580
7833180
8062116
7790492
7776060
7743664
7773368
7988796
7783856
7759548
7788712
7780780
7769856
7787412
7829356
7743888
7779640
7800372
7786428
7745908
7818512
7782772
7746756
7787272
7799492
7747348
7743964
8343884
8013268
8353696
7910020
7936768
7909260
7876944
7768128
7792716
7814936
7778204
7748196
7789148
7785964
7741720
7784196
7776112
7747724
7742016
7779604
7744624
7743584
7783876
7777116
7746908
7800260
7787008
7742700
7809516
7812336
7742996
7766544
7790296
7786472
7747004
7742268
7777444
7742900
7746136
7783420
7781284
7742172
7788308
7777092
7742796
7785580
7779444
7743564
7742108
7808208
7808560
7755220
7823516
7774192
8120252
7743108
7748116
7782736
7748188
7745376
7790088
7780624
7744128
7786240
7770920
8081952
7742976
7790340
7785980
8243020
7820936
7779480
7767504
7776684
7787872
7781488
7744960
7772240
8057744
7797168
7784136
8246124
7743272
7790464
7781256
7749388
7787084
7781740
7741216
7785700
7782800
7778116
7747016
7803844
7814880
7742868
7787840
7775392
7754008
7784524
7781168
7748724
7748180
7784684
7770308
8060620
7800536
7783936
7742440
7858396
7889212
7756960
7788952
7785364
7809840
7733128
7932972
7779232
7743280
7792992
7782904
7744056
7784668
7785884
7743256
7747436
7772248
7747584
7745208
7782244
7780144
7743948
7802912
7819432
7742460
7790908
7785188
7746436
7731884
8242336
7743724
7786544
7786364
7743456
7785980
8046352
7747080
7732576
7788724
7783548
7741600
7787608
7779932
7765892
7772888
7781508
7806716
8041092
7743696
8247248
7786760
7781972
7744240
7790352
7781752
7742608
7731440
7789872
7784664
7744000
7786816
7784896
7743652
7742876
7798052
7804404
7802004
7781244
7794416
7770896
8058692
8243084
7791116
7779172
7743916
7783880
7783796
7742712
7771572
7787924
7747476
7786732
7782660
7744016
7743600
7806596
8063436
7804484
7815024
7746496
8243552
7771792
8023712
7745728
7788624
7782260
7753424
7744512
7770264
8246364
8061596
7785132
7766360
7745300
8242624
7784884
7823972
7744016
7804308
7802320
7744544
7761140
7749768
7786580
7775628
7742624
7789208
7780644
7744452
7782668
7782248
7730516
7825960
7789080
7743068
7742156
7790156
7831108
7742588
7812596
7783088
7747220
7783972
7778700
7745156
7745172
7779328
7765944
8059772
7744040
7781124
7745228
7732572
7791096
8034716
8061072
7971724
7852016
7915336
7771496
7846888
7792184
7744524
7789936
7784304
7744096
7744104
7781692
7747544
8056948
7785572
7780196
7748264
7795668
8109664
8252816
8890632
7954220
8053020
8023776
7875388
7837024
7822936
7817328
7747648
7787312
7776580
7748280
7743420
7780224
7777508
7748128
7784724
7781988
7743732
7785792
7780244
7743416
7782664
7829500
7748784
7780444
7790604
7779336
7737320
7782976
7779932
7743404
7750292
7779784
7743252
7730780
7757776
7784368
7742484
7747880
7791884
7781768
7744544
7808404
7811776
7747852
7829196
7784780
7742452
7743716
7783428
7783260
7744844
7787360
7769204
7746104
7791668
7788744
7743276
7788388
7765976
7739428
7992680
7742336
7770632
7792020
7802888
7779556
7792376
7779500
7748180
7801432
7780296
7745252
7747488
7781920
7742176
7746080
7786712
7779672
7743472
7784920
7781208
7748156
7775180
7816676
7778980
7760716
7777592
7780824
7780924
7747184
7779312
7781548
7744220
7789240
7768088
8058236
7744240
7792144
7780076
7742648
7784420
7783764
7745476
7785672
7819196
7747048
7763404
7808200
8197744
7748160
7784080
7780272
7744772
7743144
7785364
7742624
7732912
7945088
7748652
7744488
7784932
7781728
7747816
7787628
7793700
7779752
7794640
7814852
7744492
7745248
7789680
7778752
7743560
7781412
7778548
7750636
7785104
7779936
7743316
7747816
7784352
7779488
7742916
7799488
7779912
7764032
7821392
7783300
7776704
7746056
7787568
8247560
7797376
7791160
7745680
7751724
7780304
7750604
7745092
7784412
7781232
7742804
7785712
7781916
7742240
7783648
7798020
8258728
7754004
7833572
7781268
7743756
7788876
7780176
7744624
7743172
7794088
7785112
7744508
7783280
7771572
7788884
7743588
7788272
7782880
8237396
7791464
7779224
8234196
7811068
8275916
7795716
7783052
7748932
7743340
7781984
7781628
7744004
7786944
7780380
7744552
7785524
7780952
7742316
7744736
7786812
7743400
7763996
7835096
7784204
7777216
 
7786076
7781048
7786064
7743460
7743188
7780888
7788548
7731760
7906156
7786656
7743204
7799912
7782640
7746996
7744740
7780404
7766672
7945460
7818956
8246420
7831080
7786800
7743384
7789168
7782552
7742204
7744960
7781740
7778696
7743060
7783816
7778608
7736296
8242440
7777672
7777688
7748172
7778504
7807464
7986028
7799828
7924584
7786456
8195716
7743600
7784140
7774468
7743652
7742252
7778812
7744528
7744028
7782768
7779468
7744700
7773668
7750032
7744948
7789468
7841216
7786240
7767864
7747140
7779048
7769996
7786984
7796128
7745948
7783684
9089740
8126944
7870104
8248472
7825036
8269828
7802360
7780940
7748696
7784296
7813980
7784020
8260636
7828268
7782748
7732664
7791916
7785532
7732788
8246496
7794936
7780772
7744412
7770980
7890632
7772932
7748336
7791848
7784680
7742632
7748144
7817948
7757088
7765432
7818332
7784932
7742768
7780408
7781572
7743336
7742984
7777916
7737152
8025572
7743500
7827852
7963924
7742412
8056464
7780752
7782860
7731780
8276104
8241572
7800568
7797644
7792176
7753172
7794488
7777156
7741724
7745348
7782872
7778580
8054920
7789040
7767384
7923584
7786376
7741936
7782036
7777408
7741924
7782428
7774632
7796652
7756480
7791552
7773804
7730728
7743012
7777120
7770992
8076904
7743348
7788904
7731348
8045428
7743772
7730376
7797068
7741280
7741744
7799556
7822452
7743832
7813184
7751452
7783616
7771672
8233332
7734228
7786416
8152528
8062776
7776216
7752764
7846188
8025180
7772816
8082352
7744384
7784348
7769424
7773732
7823228
7776288
7778480
7743436
7795000
7782508
8243380
7783004
7786948
7742568
7782840
7780584
7754004
7742888
7780240
7776488
7743088
7781492
7778464
7741648
7807656
7822984
7745852
7769664
7777260
8057732
7747632
8246148
7786788
7780096
7743152
7786440
7776904
7742504
7744700
7780972
7748424
7731944
7785888
7778968
7750876
7813712
7778036
7762228
7762488
7792088
7748208
7743268
7779712
7775016
7749676
7782744
7777188
7744492
7783884
7778636
7731692
7755432
8061076
7788236
7783104
7744176
7827908
7778804
7762280
7792872
7747376
7731984
7750448
7844336
7780592
7744196
7731760
7938132
7781544
7746968
7784472
7781968
7743140
7748604
7776000
7743228
7753132
7832448
7776552
8269588
7781124
7772588
7738608
7772044
7766468
7731488
7774464
7768320
7730148
8282212
7787428
8246916
7774312
7950688
9004112
7943532
7809656
7863456
7820408
8082932
7834304
7799728
7758344
7796740
7790980
7742896
7771884
7791160
7787664
7731232
7807440
7782640
7796760
8276824
7744000
7796680
7791844
8102128
7788104
8262796
8925144
8779692
10224256
8399628
7780256
7762676
7742708
7740724
7760976
7731800
8276424
7743676
7840048
8275004
7742156
7731384
7842620
7779304
7731968
8061140
7783508
7765968
7801636
7777716
7735980
7776840
7999076
7779856
7730392
7789044
7783392
7742976
7781596
7779412
8240652
8058484
7776548
8173632
7741920
7805352
7808880
7742916
7774568
7780928
7784888
7742784
7786268
7775192
7747132
7777876
7779388
7740892
7746220
7775500
7740904
7742100
7779216
7773624
7741084
7782392
7798124
7777252
7755180
7817604
7735668
7748104
7780128
7777968
7741640
7785392
7779088
7742788
7778344
7776004
7730172
8059032
7746756
7782980
7775544
7742160
7784568
7799380
7751672
7807840
7817016
7740892
7742980
7775252
7776704
7741472
7777900
7773976
7741660
7769132
8247224
7799412
7780576
7741788
7742520
7780764
7745888
7742364
7813424
7778512
7762084
7823604
7775328
7742668
7788792
7778684
7742992
7742352
7771840
7752972
7782008
8268172
7742728
7780628
7774988
7747152
7768800
7775908
7742608
7771020
7774652
7797928
7758844
7750072
7769012
8091872
7743044
7743668
7779764
7776172
7742388
7783264
7783264
7742168
7770508
7745840
7790020
7784116
7731608
7803720
7768488
8055628
7821112
7780512
7741544
7781136
7775824
7752060
7782408
7775848
7740064
7743044
7775272
7741568
7741324
7766792
8057968
8242888
7782800
7777768
7769572
7815516
7791728
7777688
7742500
7775676
7771012
7744808
7778164
7763748
7785600
7731076
7743164
7789696
7781112
7741056
7747052
7779164
7775060
7738204
7839392
7819256
7739732
7778492
7802680
8073096
8233604
7978248
7736736
8058448
7747356
7780224
7737696
7891876
7784024
7749928
7742512
7781728
7766576
8058648
7791456
7795204
8034344
7743780
7774696
7781256
7743120
7731632
8248492
7792660
7779180
7745116
7783172
7772768
7817468
7779304
7745236
8249156
7806500
7824316
7756404
7813920
7822180
7728872
7765976
7811152
7774060
8012040
7779264
7731452
7782204
7783136
7730968
7745288
7789672
7780716
7741956
7742428
7777792
7779572
7730132
7770040
7798012
7780004
7771552
7820400
7748948
7746628
7927456
8001028
7926572
7937456
8015032
8255460
7790956
7790072
7743876
7780276
7775464
7746708
7742948
7774440
7740996
7779128
7810724
8064796
7834624
7779388
7745784
7778784
7771248
7801016
7948396
7742152
7742256
7785260
7776924
7741536
7778580
7768820
7783092
7741240
7783280
7776144
7763156
7804700
7805540
7779756
7744504
7776884
7776684
7743484
7777536
7764252
7897412
8129872
7730832
7787404
7742256
7785520
7775008
7743588
7771004
7772596
7870984
7808364
7858956
7810668
7754644
8250772
7794024
7778196
7741088
7742812
7788852
7769400
7747352
7779424
7778620
7742224
7781716
7765744
8161944
7743216
7789168
7781176
7769912
8239068
7808996
7783444
7746840
7783876
7783396
7741960
7778144
7766764
7783028
7822264
7730084
7748540
8056012
7787560
7765924
8184040
7742448
7787612
7800596
7776744
8051204
7818784
7782120
7751764
7783700
7778052
7743732
7786796
7776416
7744968
7740880
7781532
7777640
8233448
7775148
7786848
7742392
7784592
7777456
7775052
7767908
7795992
7807956
7747388
7784920
7782296
7742668
7781280
7776884
7741968
7742752
7781868
7774620
7742528
7779748
7775592
7757856
7789468
7773820
7742660
7776412
7781276
7799636
7776456
7791052
7778700
7742460
7808588
7819964
7748140
7741772
7776460
7775332
7742520
7782456
7776204
7741204
7781876
7776292
7744468
7775460
7814852
7785608
7781096
7788344
7782608
7741492
7778948
7781456
7746220
7742556
7783264
7757096
7750660
7787436
7902368
7958884
8871132
7936112
7983596
7971684
7851860
7792016
7837352
7769224
7745492
7768800
8073912
7741916
7761368
7769756
7762336
7741064
7831816
7781972
7742828
7780908
7774508
7742544
7742352
7792700
7820680
7744724
7815108
7782204
7743028
7812008
7777224
7740840
7741988
7779500
7741592
7741044
7779096
7775024
7744020
7779756
7775580
7742568
7782128
7776884
7766428
7780416
7782672
7808964
7745296
7782712
7783160
7741932
7778396
7767108
7745008
7743432
7776968
7778688
7742760
7775004
7777368
7742184
7778192
7778940
7741276
7773288
7813472
7753740
7768484
7786308
7781660
7746516
7786016
7776256
7742820
7754692
7775300
7742068
7731656
7783328
7767004
7741840
7742148
7778136
7774876
7741956
7812372
7799936
7773856
7812768
7778964
7742696
7751996
7778944
7775844
7741268
7780520
7776592
7741620
7768824
7743716
7792440
7780916
7729684
7866276
8147952
8056748
7846028
7768468
7770704
8262912
7782328
8052192
7733148
7975132
7746956
7744828
7779596
7775612
7746340
7779648
7776736
7742644
7780672
7776796
8243256
8241104
7792364
7824776
7744332
7809244
7783308
7741696
8248148
7796272
7780312
7743116
7743752
7782824
7775568
7742652
7779852
7775828
7741584
7778208
7775464
7741588
7756984
7801160
7823348
7739636
7815476
7784016
7745632
7781144
7771460
7740788
7741452
7774544
7746768
7742176
7779396
7773568
7741896
7780744
7777616
7730476
8182216
7742164
7811528
7817184
7745644
8271396
7781216
7786560
7743112
7782876
7775872
7743260
7777264
7774808
7741572
7747704
7777740
7776256
7741092
7776036
7778604
7741456
7780832
7802604
7757908
7763956
7814836
7776384
7747032
7780192
7773804
7744508
7784568
7777740
7742280
7750400
7783064
7731124
8057364
7743156
7783696
7743064
7740908
7777332
7830064
7740580
7811004
7807864
7749092
7743400
7776580
7731412
7743520
7769008
7766144
7741792
7762456
7772244
7742800
7762256
7780336
7745392
7742424
7778980
7786752
7788952
7787540
7802636
7742996
7781760
7775820
7743372
7742404
7776308
7777240
7742096
7780800
7774396
7747316
7778904
7776024
7745200
7748796
7777692
7765520
7770124
7818808
7776192
7773440
7794512
7774688
7742508
7740844
7776812
 
7732196
8248300
7790832
7781660
7741804
7736004
8064308
7775548
7787532
7743888
7784216
7782248
7783800
7786188
7776588
7809732
7743576
7786652
7778152
7742276
7805316
7829044
7758516
7746164
7782260
7764988
7792608
7743348
7732224
7744448
7786928
7731600
7755400
7788816
7749024
7819168
8209540
7746560
7852268
7979400
7731120
7746392
7787224
7779428
7747756
7774720
8253312
7782092
7973520
7926932
7993732
8031116
8255824
8268240
7838508
7788836
7790732
7790416
7776688
7743024
7785640
7775476
7741868
7744892
7781076
7782028
7744816
7777688
7778428
7741432
7780648
7766808
8104104
7742936
7763156
7824828
7785292
7779544
7784700
7775740
7746516
7779376
7774364
7743704
7746728
7776564
7742412
7742348
7779888
7767900
7742256
7783096
7777744
7748076
7779568
7799732
7756964
7791588
8087224
8061336
7768036
7842772
7782144
7742916
7749664
7780984
7741588
7742848
7778488
7781544
7743244
7783184
7774960
7742272
7788056
7774772
7777208
7741228
7815948
7810900
7767272
7754076
7779696
7746564
7742264
7784420
7778176
7744828
7781144
7780144
7743328
7782032
7781136
7742380
7742816
7779060
7771996
7783392
7779488
7799220
7766512
7772356
7786268
7776548
8056932
7786648
7779088
7743660
7779892
7779560
7741672
7732440
8099952
7742956
7742708
7785440
7771216
7751448
7831452
7781080
7773252
7792192
7777348
7742248
7742040
7776132
7741992
7743120
7782476
7775492
7741664
7791212
7777860
7743040
7781096
7765228
7745644
7783084
7810272
7780056
7783452
7811224
7739256
7745596
7744132
7780024
7784292
7743216
7803152
7777680
7749452
7751580
7778712
7742380
7736604
7824072
7782016
7742384
7742592
7802668
7807188
7755068
7817412
7779736
7751208
7782928
7782344
7744332
7746944
7777356
7740568
7744228
7769960
8062064
7791692
7769948
7781580
7786416
7741408
7783048
7818280
7745272
7786468
7821604
7779564
7742772
7782760
7775608
7743192
7783316
7781644
7731032
8245144
7794156
7784896
7742296
7744048
7765444
7793396
7742864
7786884
7805612
7802104
8062564
7754828
7863156
7781752
7743056
7757532
7778208
7744388
7731444
8124740
7745252
8238484
7787752
7732536
8054392
7743984
7744200
7787628
7790516
7778676
7793512
7813868
7746752
7776380
8417796
7747836
7790640
7774028
7745164
7747344
7784404
7778464
7742560
7783912
7778908
7742968
7782616
7776540
7738260
7778488
8262864
7798384
7817868
8754108
8781144
8705660
8704892
8693248
8501912
7950140
7996996
7988608
8094468
7774416
7777608
7763920
7743612
7746088
7784812
7742648
7789996
7785936
7805900
7751444
7788188
7778388
7732056
7790648
7743252
7787356
7781416
7743444
7787024
7778408
7745724
7743420
7782504
7786900
7742668
7790372
7798100
8077136
7740968
7830436
7788672
7744268
7743456
7782836
7787612
7744136
7782524
7769616
7784476
8137740
7737068
8058364
7743424
7785256
7777756
7731548
7825172
7803188
8203612
7735716
7826504
8060320
7790736
8068440
8022188
7743852
7791432
7769188
8087748
8058484
7794912
7814148
8431236
8474300
8489648
8481660
8461364
8492700
8461260
8451812
8509468
8506376
8488604
8484080
8442424
8435140
8494208
8485224
8474220
8424540
8433176
8489964
8470540
8433916
8602304
8481700
8483204
8443200
8455220
8521532
8474408
8488548
8464624
8439276
8502012
8482316
8551576
8436224
8431696
8498228
8449672
8488528
8484720
8476040
8456680
8492604
8489436
8370820
7744496
7744280
7831344
7739332
7771456
7800688
7771432
7858664
7792224
7744760
7760268
7783380
7744316
7743384
7772144
7790636
7790636
7742840
7787912
7781972
7745824
7743128
7793476
7810440
7728920
8283400
7743168
7781888
7744600
8245720
7788688
7779668
7745632
7780516
7779224
7740996
7743712
7778380
7769520
8057184
7790044
7780084
7732792
8112816
7757792
7799336
7798952
8061584
7774800
7808940
7789176
7744288
7744964
7788884
7785632
7744796
7770796
8068116
7749128
7786744
7746160
7743196
7778632
7985084
7774656
7736792
7812760
7811384
7738208
7750700
7787056
7770532
8214696
7743884
7772460
7750748
8245260
7790964
7773536
8093108
7990144
8062952
7733460
7788188
8062848
7826636
8000072
7766328
7778740
7788384
7750592
7744864
7787128
7780484
7749948
7783964
7780032
7745552
7786800
7778776
7746448
7751076
7781880
7780968
7748620
7796776
7808148
7747648
7858276
7810096
7733028
8115592
7744592
7796604
7786496
7743924
7789408
7769584
7744128
8244996
7779940
7784620
7743328
7858800
8739708
9035688
7823960
7776092
7819036
8089416
7767192
7744752
7777000
7781588
7797932
7783964
7776500
7743800
7783076
7803704
7744648
7743628
7778780
7784936
7744468
7773984
7780216
7811504
7792484
7806676
7780128
7753896
7784640
7779152
7747808
7790456
7777108
7899116
8458680
8037104
8026244
8030812
7900436
7866336
7816072
7777084
7733572
8268972
7827952
7795924
7781264
7746292
7784008
7777380
8107736
7745072
7746392
7787780
7784268
7745196
7787772
7779468
8247688
7786300
7788112
7745420
7783400
7769800
8098200
7763916
7850312
7830940
7744872
7745572
7785124
7731988
7744760
7792292
7776800
8068684
7795948
8094936
7785428
7784464
7744876
7792140
7784980
7745172
7786472
7805384
7760564
7761992
7823416
7779460
7737984
7791640
7746736
7779344
7788392
7743868
7747464
7793728
7745048
7744716
7769924
8246648
8060400
7789560
7780508
7744972
7813708
7780744
7765740
7769672
7788380
8260756
7744732
7792472
7783524
7734680
7788512
7788884
7743692
7732740
8046332
7746512
7751340
7785612
7767228
7934128
7784428
7783780
7795640
7801692
7760028
7734648
7756020
7773936
8233728
7752348
7777540
8246864
7787284
7787112
7744436
7783280
7781196
7743464
7754032
7778800
7761528
8118716
7775392
7785956
7821068
7750392
7784884
7782936
7745424
7744424
7787380
7768792
7744644
7768648
7819320
7785516
7743828
8063148
7784964
7802636
7745000
7781792
7801448
8088260
7794892
7811824
7755620
7746968
7783804
7779660
7744672
7745860
7783704
7778168
7739044
8057572
7746568
7738920
8097248
7773220
7744420
7792608
7768052
7787552
8256936
7813284
7832356
7790968
7749464
7730000
7786940
7783948
7741616
7774876
7767492
7787268
7746348
7786792
7776988
8235412
7789276
7747688
7771676
7778660
7791908
7798488
7807260
7772512
8246436
7779000
7780064
7741848
7781760
7764016
7785756
7938112
7744756
7742448
7781700
7775824
7746516
7780912
7776556
7730832
7750648
7779412
7798720
7804036
7746100
7779428
7777620
7730760
8245344
8059648
7788708
7775564
7742960
7787004
7782092
7742660
7738796
7779204
7737144
7786876
7777588
7799692
7849192
7835004
7798880
7731936
7787668
7745108
7746848
7778372
7779708
7742200
7747092
7777280
7773900
7742664
7789576
7783240
7743544
7791196
7918576
8674620
8122420
7952144
8029492
7965376
7915036
7748976
7820472
7800348
7749648
7742016
7782196
7740716
7743768
7776540
7777140
7742044
7782356
7773548
7742756
7786144
7792520
7786344
7753584
7823544
7766736
7785152
7742924
7785884
7776076
7741024
7742136
7782196
7744860
7743108
7783528
7785216
7746640
7766024
7871232
7788468
7741084
7804536
7785516
7788464
7821828
7744000
7754764
7783220
7730576
8244220
7777800
7743784
7780944
7743616
8245668
7781620
7766164
8243580
7742372
7744228
7793860
7778236
7754612
7833692
8049756
7784264
7744024
7781284
7775972
7742568
7782980
7776216
7743120
7781384
7781376
7744796
7742308
7779604
7778504
7741800
7783892
7774180
7748320
7812084
7785040
8127172
7783676
7743460
7781268
7776388
7746652
7782812
7775628
7731008
7745264
7756448
7780672
7742416
8231252
8058692
7778660
7775264
8008784
8089740
8282792
7799080
8258040
7742340
7784744
7798368
7744400
7784736
7774600
7748496
7743500
7777700
7775864
7749536
7779688
7775896
7742652
7783632
7776848
7742384
7766044
7812956
7777612
7777996
7780868
7775908
7736424
7782760
7777292
7741604
7747488
7768396
8043908
7773744
8623144
8450152
8004540
8013748
7940024
7848460
7866048
8245240
7748244
7821824
7806500
7744716
7741360
7784764
7778628
7741856
7786364
7776284
7742472
7784808
7782020
7742580
7743528
7777448
7778968
7742676
7778544
7781176
7778364
7790176
7809316
7743732
7743168
7780784
8378312
8777140
8600740
7802768
7775812
8243436
7742592
7781360
7755220
8242080
7783256
7787284
7741876
7780900
7815336
7789032
7749572
7819556
7778780
7746356
7781404
7776268
7731080
7744664
7783824
7742208
7743620
 
7780748
7776344
7742144
7819912
8674200
8738476
8682508
8672772
8680028
8187652
8192232
8041816
7949252
7821128
7972640
7791668
7741816
7776832
7783320
7747548
7731612
7792324
7781836
7743684
7784664
7784532
7732552
7742868
7793860
8010336
7742644
7812120
7811496
7738268
8027892
7742644
7791824
7967304
8056084
7743480
7780204
7776880
7742580
7782812
7774108
7746728
7778488
7775724
7741100
7752116
7826428
7773736
7763680
7801900
7781824
7742648
7780404
7780840
7746904
7744096
7778340
7773776
7745488
7782908
7776756
7743848
7780976
7775948
7742136
7743408
7797060
7781780
7739652
7811560
7793016
7741732
7781196
7764396
7928796
7779820
7731780
7779476
7777560
7746536
7744564
7775796
7777716
7746564
7780764
7777204
7748492
7813260
7815640
7750900
7782932
7784952
7770160
7743084
7782700
7775708
7750148
7767460
7775292
7744844
8240492
7777352
7773976
7744612
7777852
7775328
7741044
7784868
7800508
7764640
7753564
7810260
7748768
7746376
7780956
7786840
7742620
7779128
7776056
7741736
7789668
7780488
7741952
7742324
7782192
7778196
7740724
7782876
7776664
7771628
7796884
7802648
7774504
7747828
7786752
7765240
7810648
7800636
7742232
7747700
7776844
7773800
7742976
7778348
7777860
7742140
7782892
7774168
7746132
7743228
7814420
7745532
7769384
7799640
7775832
7748568
7784496
7781520
7741984
7749152
7781692
7742756
7743004
7782900
7777356
7742124
7783232
7775076
7749984
7788660
7793716
7785128
7739732
7827352
7776560
7742280
7785988
7780220
7741840
7779860
7776628
7742240
7730792
7745084
7777644
7746972
7741200
7778228
7801732
7743540
7782532
7798308
7784668
7741472
7823336
7764988
7751336
7794728
7785084
7743004
7779276
7778672
7746920
7732380
7750884
7786040
7778944
7746240
7780180
7778108
7742672
7773460
8094268
8255300
7816916
7814552
7746828
7786764
7775264
7765280
8002504
8104664
8154788
8019580
7943948
7846452
7904244
7835156
7745256
7792764
7784096
7743868
7775920
7836300
7782624
7780104
7789952
7776556
7742812
7768876
7742216
7775884
7742328
7743736
7785884
7775360
7742240
7780184
7793232
7748340
7772848
7937128
7781260
7782876
7813412
7802432
7766520
7758844
7799168
7788140
7741960
7787088
7775828
7743928
7779816
7774424
7741660
7742572
7780476
7779620
7748384
7789700
7775876
8083416
8842688
7934340
8131036
8038372
7919612
7812292
7823460
7809176
7743088
7789908
7778148
7741448
7741844
7788268
8244684
8241988
7783804
7780416
7741904
7782124
7800660
7802192
7740264
7818140
7770476
7734328
7789800
7730044
8244796
7791220
8063660
7786012
7743224
7775332
8063072
7784128
8056448
7754288
7780656
7777448
7741520
7815476
7822388
7745036
7771804
7795376
7777084
7744400
7783040
7774084
7743132
7780256
7779428
7746164
7746820
7784140
7776568
7745976
7784752
7776740
7745120
7781528
7804456
7767808
7758992
7806368
7773888
7791648
8243564
7820232
7776316
8247520
7742512
7783796
7776436
7742328
7781960
8125344
7743132
7779432
7776832
7744680
7742588
7816064
8243300
7833652
7817432
7750620
7747216
7785256
7776444
7746792
7781356
7769524
7742660
7784904
7776280
7742716
7747484
7777040
7777620
7756284
7809812
7777772
7775272
7786808
7808452
7750944
7748756
7779496
7768772
7800252
8049192
7742008
7741724
7780204
7777160
8243156
7785048
7986188
7741232
7741228
7774352
7749860
7752276
7832408
7772960
7775604
7797696
7799340
7746160
7753808
7775528
7742068
7743188
7779748
7766552
8245624
7786112
7779440
7751132
7779984
7777552
7742248
7743408
7805132
7783064
7742696
7831392
7778456
7742948
7787232
7781056
7741968
7782880
7779544
7741460
8242252
7782284
7776852
7732436
7744092
7783356
7775156
7741840
7783948
7814460
9095008
8029316
7776352
7799324
7778992
7741432
7786748
7779660
7741772
7742132
7778588
7770804
7742852
7784016
7777332
7745696
7778632
7776560
7741420
7790492
7834664
7738840
7770740
7783216
7776548
7747564
7782016
7772560
7746860
7783316
7774440
7742320
7745960
7774660
8257488
7773512
7792860
7742876
7741932
7782196
7819640
7772232
7788896
7823140
7742828
7788324
7781764
7740900
7741848
7774776
7779096
7740316
7781644
7773696
7746148
7781376
7785436
7742752
7741396
7782696
7770332
7773924
7741624
8730536
8987544
8168956
7772176
7742304
7760028
7767340
7740472
7762036
7760204
7745508
7744492
7761992
7743200
7744624
7782884
7781612
7741280
7818900
7835816
7739272
7834836
7778920
7742520
7741104
7771056
8688012
9114204
8302184
7988856
7983072
7984956
7863064
7835624
7773744
7742644
7741960
7760628
8264856
7782528
8074216
7800576
7805148
7740928
7786544
7789524
7743756
7741776
7778720
7734724
7783268
7782888
7743500
7786792
7777132
7735532
7911700
7781068
7743252
7786148
7818932
7743888
7805576
7810328
7730880
8050680
7742880
7783292
7776740
7740720
7752196
7780776
7742796
7757840
7776888
7776412
7729488
7784196
7778716
7744016
7791412
7826316
7728832
7817216
8070352
7788588
7777440
7749088
7741896
7780400
7775300
7742796
7779324
7782144
7741828
7793012
7775788
7782312
7744288
7788436
7780592
7760200
7816476
8241936
7826024
7782096
7747344
7782300
7779152
7741372
7747264
7776984
7731252
7749328
7784780
7741532
7742996
7782452
7778240
7742300
7781272
7774876
7765248
7794944
7777328
7778132
7751344
7789356
7767012
8060088
7788320
8202520
7742140
7780936
7780156
7743088
7769012
7777524
7747132
7743052
7777660
7778084
7740632
7814732
7806964
7750660
7824392
7786328
7731432
7809604
7778664
7744680
7785180
7777200
7743616
7786592
7778176
7746964
7742908
7778440
7772672
7742160
7783324
7776540
7789188
7781820
7798048
7770676
7749488
7779160
7765328
7742836
7780292
7775996
7740736
7782492
7778112
7742360
7783268
7772904
7746812
7737052
7741532
7774596
7744664
7786856
7775356
7821464
7752120
7805388
7778724
7771368
8242900
7778932
7775988
7742056
7783420
9062088
7797612
7743224
7785932
7773356
7745432
7769064
8243016
7830836
7766808
7755304
7771604
7776360
7765408
7732952
7773520
8269224
7742856
7753652
7772580
7754528
7746736
7768520
8009668
8821088
7959684
8000044
8023872
8074572
7823280
7783980
7824264
7816152
7745392
7789652
7790952
7729968
7971396
7793500
7743056
7780836
7787320
7745468
7794912
7783844
8055716
7742176
7789928
7782452
7751128
7838224
7787052
8102348
7792424
7791584
7742120
7777516
7784468
8428128
7752832
7752644
7788120
7788328
8058804
7742452
7789092
7786924
7749372
7774756
8061128
7783432
7852088
7787308
7779584
7746068
7786104
7743300
7742716
7774272
7793256
7749048
7767904
8091504
8494272
7899864
7859560
7755064
7796480
7785420
7731248
7757776
7787904
7781016
7807096
7781360
7792732
7785216
7746408
7805152
7786716
7730008
7752048
7798980
7787256
7742908
7753764
7787656
7741116
7742920
7810540
7790268
7741916
7842888
7799404
7771184
7756724
7786160
7773148
7746568
7781340
8202440
7742176
7819164
7789160
7744768
7742436
7789608
8189684
7736376
8071012
7744396
8054944
7811340
7842584
8242560
7845884
7787208
7745600
7742412
7792256
7783220
7758748
7790512
7788352
7742564
7794736
7785928
7749228
7743432
7796856
7784208
7742464
7789508
7824264
7783220
7739904
7838640
7800560
7743336
7795132
7786020
7780052
7791064
7784552
7742016
7758348
7787428
7742600
7742860
7815228
7784852
7741468
7788392
7792468
7979568
8079912
8064192
7855260
7793356
7741768
7731260
7787288
7794660
7741924
7800552
7787400
7742748
7789312
7806860
8056272
7741380
7791044
7795212
7743148
7788700
7814280
7782204
8082864
7838064
7788952
7746388
7745844
7797092
7820984
8057296
7742152
7787024
7759636
7742824
7810776
7783488
7770912
7787448
7784076
7742160
7803452
7832872
7745192
7758084
7845776
7786816
7730840
7731184
8058888
7795824
7786404
7761464
7792608
7785644
7741540
7769988
7787372
7741320
7741020
7801504
7791896
7761932
8279584
7791936
7782188
8243820
7783924
8059520
7794572
7911736
7760496
7790412
7994576
7741528
7743568
7782364
7741328
7742300
7796316
7789624
8055052
7786876
8145504
7822632
7808380
8079828
7757492
7780312
7792696
7789908
7742264
7760708
7791116
7786228
7730628
7865388
7791148
7814000
8390080
8020452
7993416
8012560
7953432
7939304
7887164
7833396
7748932
7800320
7785684
7742476
7797132
7793204
8099692
7985492
7789444
8056608
7795632
7778216
7792828
7794032
 
8241988
7781588
8245336
7829944
7842972
7749304
7835316
7791740
7743124
7749736
7785880
8006304
7757640
7821148
7790268
7742832
7742816
7778896
7787524
7741092
7792784
7783548
7746512
7791460
7843624
7734560
8197000
7778888
7805972
7786636
7742452
7747308
7789884
7788544
7747168
7795200
7783908
7740756
7786844
7787932
7742220
7742492
7786476
7771764
7744260
7857584
7780368
8215152
8982608
7997428
7995792
7969952
7875572
7825420
7796020
7780964
7741604
7757360
7784424
7782568
8220596
7731196
7787428
7756436
7776100
7793832
7829656
7776108
7778076
7807760
7768056
7783640
7780508
7741216
7803164
7781436
7744524
7742936
7808728
8067316
7743400
7772404
8244600
7817020
7779068
7795368
7810560
7780776
7777808
7811960
8241964
7743292
7782076
7779908
8068664
7731648
7793896
8082376
7730392
7761880
7784448
7768412
7743188
7776640
7870768
7782528
7746688
7819220
7827396
8055808
7825924
7791848
7744796
7804244
7784424
7743484
7739932
8234440
8113340
7950844
7754020
7803696
7782032
7743632
7779336
7784492
7747208
7793536
7830088
7751120
7765076
7790808
7777980
7773976
7781932
7777364
7741872
7796060
7782700
7753088
7742544
7804416
7779080
7747720
7784756
7789520
7741868
7788452
7802240
7805396
8053384
7828152
7779716
7755436
7781644
7871740
8085552
8465432
8031972
8007076
8029476
7836512
8310084
7870692
7778508
7740512
7775296
7778864
7777972
7777776
7768332
7801924
7812704
7742080
7799176
7783012
7741712
7783016
7800384
7747648
7741220
7777636
7786292
7742800
7781944
7775700
7773792
7779868
7778716
7744064
7789112
7777924
7811936
7763672
7795948
8002112
7783332
7742904
7796628
7780696
7745504
7784072
7808580
7742000
7747152
7778972
7893512
7745152
7780840
7781724
7779680
7819080
7773188
7774672
7757368
7780400
8004976
8681924
7758844
7800080
7774212
7741804
7798808
7780488
7742172
7788592
7803700
8044176
7781640
7774180
7748452
7786552
7806180
8080984
7774580
7794244
7777336
7742044
7787884
7794896
7742172
8242656
7789408
7806592
7741496
7784136
7776796
7766196
7782720
7945604
7747140
8268564
7820688
7776428
7762332
7829180
7773320
7742400
7741152
7810940
7778584
7741696
7772480
7789076
7742744
7783280
7775012
7759792
8243260
7794964
7780212
7756904
7744832
7819892
7776048
7793660
7892104
7778132
7742672
7795540
7781236
7741372
7742680
7805436
8051420
7740868
7781260
7793320
7747464
7783468
7777900
7767264
8056284
7800328
7831092
7753292
7825696
7781620
7743900
7781408
7780476
7745944
7730588
7792908
7777456
7746888
7782468
7779324
8267840
7747112
7773044
7790404
7743824
7787528
7790756
7807880
7741084
7823428
7767252
7755648
7784040
7775352
7752484
7806716
7767028
7791948
7740784
8056772
7791824
7779652
7741936
7788556
7802928
7742444
7780036
7808840
7787960
7749064
7825812
7773012
7774484
7779384
7780248
7741324
7796908
7779064
7748636
7762136
7808952
8252496
7741988
7783232
7789588
7743068
7782348
7786604
7797560
7745080
7808992
7823948
7757532
7804548
7776272
7746872
7803700
7776716
7743252
7746292
7791680
7743212
7743936
7782432
7802852
8243244
7783140
7777092
7761620
7774316
7776796
7800040
7793952
7783540
7769696
8095184
7742008
8240592
7810420
8055632
7742924
7783404
7791196
7742528
7783452
7776148
7774852
7747624
7772940
7800300
7815356
7739212
7838384
7786936
7741816
7784176
7813844
7742112
7742220
7788304
7789964
7742904
7784240
7775208
7769716
7803680
7802856
7759160
7757224
7784340
7808168
7777380
7819264
7826052
7747712
7783212
7795496
7746196
7742908
7780356
7803220
7736960
7743136
8255876
7786884
7778096
7742860
7808844
7780372
7746912
7742820
7819032
7788096
7773548
7826892
7811568
8046900
7754248
9412040
8276240
8041416
7938564
7933772
7971776
8070292
7773564
7786552
7756260
7785432
7778364
7742540
7814384
7834524
7740932
7766340
7808476
7780980
7746500
7783108
7812096
7760716
7784588
7777084
7761060
7740940
7767268
8039872
7742492
8240868
7789612
7777596
8158692
8100616
7784292
7766420
8100128
7747244
7814340
7780160
7750624
7781544
7789260
8055112
7747120
7781376
7802032
7741876
7794340
7868704
9161536
7885956
7806240
7781180
7816564
7786896
7764548
7822700
7784120
7747636
7795696
7786508
8241512
7742864
7769136
8030304
8056176
7811884
8046844
7730352
7891692
7801980
8058672
7749464
7778844
7790912
8239612
7810732
7798092
7751804
7791384
9232588
8807532
8714612
9206420
8762244
9939200
9961704
7896764
7779952
8246760
7787656
7769620
8058568
7792432
7799120
7793116
7728504
7815780
7785240
7743244
7742764
7781132
7776740
7746672
7774396
7783864
7744192
7786356
7776416
7742764
7742768
7783776
7741452
7743068
7776444
7811328
7779192
7781832
7808088
7746956
7754788
7776148
7743860
7743400
7788492
7776844
7742828
7777508
7780084
7743224
7800212
7779712
7745196
7742868
7777772
7777616
7769604
7824344
7782172
7775832
7791236
7780948
7742456
7743620
7778144
7772020
7853444
7779928
7747596
7785520
7785060
7741916
7746332
7776504
7776716
7730088
7959352
7807004
7753096
7808836
7810224
7745728
7751992
7781180
7747372
7742384
7780892
7772264
7735520
8245940
7790892
7777708
7748112
7779772
7780164
7742480
7783808
7777588
7782076
7740320
7807800
7801692
7746268
7786912
7778048
7743264
7780728
7780260
7741600
7743048
7779960
7776672
7745264
7780792
7773996
7746752
7781596
7799980
7735796
7782400
7790932
7792188
8039528
7751740
7731340
7747212
7753616
7787836
7741800
7743460
7785336
7777288
7744588
7780904
7786676
7742420
7781184
7777232
7741412
7769576
7817856
7764316
7778188
7797276
7768604
7742860
7789752
7770484
8215216
7741396
7774928
7866020
7779536
7731404
7785284
7742424
7783096
7804032
7761232
7787836
7813560
7790556
7798980
8277692
7792596
7795572
7731500
7785160
7780428
7747036
7785004
7767960
8048252
7742856
7742848
7785044
7774676
7743028
7784200
7766372
8792836
9002956
8780404
10258616
9538992
7755416
7760896
8261824
7817688
7775300
7744796
7781596
8250524
7743920
7777624
8070820
7742292
7743144
7770272
7743984
7784124
7789716
7794920
7785428
7813452
7744444
7769052
8062388
8046452
7750616
7791812
7769452
8058380
8065888
7782204
7777784
7742764
7772908
7783692
7738308
7785448
7781616
7769120
7835480
7738200
7787524
7789840
7783568
7743612
7743648
7763328
7761028
7732500
7743608
7785780
7783272
7742052
7785964
7767244
8109876
8082804
7745864
8248784
7840332
7765644
8500228
9168956
8742580
8747996
8724304
8695788
9156620
8489152
8445748
8014496
7815656
7838480
7777524
7741596
7777884
7809960
8058308
8136912
8263172
8106944
7794268
7819668
7742744
7743124
7781064
7777644
7745192
7769748
7846404
7779880
7741868
7747400
7779888
7742112
7741932
7782356
7777272
7731204
7789656
7768336
7779196
7782588
7830444
7742924
7784604
7766504
7792988
7742204
7775520
7749648
7742836
7782184
7779244
7744580
7774100
8245996
7785428
7766152
8003016
7746700
8077868
7808536
7777104
7765488
7783428
7782388
7742328
7789008
8079260
7741816
7742444
7772156
8012600
7742924
7790592
7776172
7742816
7743768
7784380
7776868
7732092
7929160
7770864
7907352
7829368
7744504
7786088
7778792
7741828
7742932
7779808
7730240
7783248
7784404
7741868
7742760
7789816
7768384
7743268
7768580
7745036
7742060
7825464
8037552
7912996
7813312
7731276
8245144
7742124
7772896
8000112
8242076
7748656
7779064
7765212
7742292
7786104
7775428
7741732
7782348
7777440
7742840
8261380
7816100
8215132
8260116
7754480
7794492
7781132
7742844
7790124
7782408
7733640
8233544
7948516
7883096
7785112
7748472
7784248
7779884
7757436
7783688
8024456
7769372
8101284
7809056
7782532
7742328
7763292
7783572
7742032
7781036
7778596
7745364
7785272
7775364
7742664
7746748
7776900
7742424
7741972
7783004
7778240
7757180
7823516
7766456
7831952
7747988
7785004
7779824
7747812
7784896
7781196
7835720
8964768
8367780
8024088
8036712
8033420
7824848
7868176
7818368
7742600
7743548
7818296
7834072
7940984
7820824
8060432
7785912
8071144
7746556
7742428
7780120
7779384
7743536
7789336
7775916
7744300
7784084
7774016
7813388
7781416
7736096
7743244
7818200
7796240
7794640
7824396
7746528
7743960
7779068
7731020
8056928
7791848
7778992
7736440
7822288
7780884
7742716
8243064
7778212
7778056
7741848
7779460
7776088
7776012
 
7795080
7797940
7775760
7745296
7810820
7810012
7747948
8119064
7743376
7741324
7781000
7741612
7742996
7782324
7775372
7743372
7778052
7766424
8069828
7789680
7828020
7775580
7768196
8224808
7742472
7784600
7782128
7742672
7780864
7776560
7747172
7731236
7788772
7773072
8330268
9075052
8843492
8762964
8646640
8609180
9953396
9520180
7820540
7800296
7747584
7782348
7777264
7744396
7782164
7777296
7730680
7730724
7772872
8249324
7742552
7773840
8046024
8235236
8228848
7730736
7786244
7819548
7730192
7800904
7820912
7743228
7784716
7780108
7744676
7743292
7767612
7752400
7787700
7741560
7741712
7779728
7788064
7742168
7781908
7765724
7960952
8054884
7778696
7787440
7799144
7754644
7914356
7788096
7742720
7804292
7782540
8063668
8241452
7776892
7777100
7747520
7770672
8116836
7742492
7746672
7778992
7731332
8254160
7832772
7771776
8082760
7791960
7778588
7730756
7751164
7781892
7742964
8057068
7774000
8043204
8266356
8047476
8235088
7790848
7780848
7731800
8174916
8249832
7771076
7815972
7771804
7785128
7790916
7777292
7730808
7746140
7784452
7782352
7731480
7885908
7786248
7742572
7789688
7781088
7746816
7771392
7776836
7778648
7748076
7814128
7806680
7745264
7823436
7955452
8003020
7970076
7742760
8243244
7772096
8059996
7788608
7768592
8245012
7742912
7772192
7780880
7740788
7768660
7788028
7777996
7784484
7754280
7805544
7805152
8243524
8087496
7741320
7769564
7804648
7782876
7742396
7783772
7788332
7743104
7775384
7763140
7783524
8081228
7745628
7794332
8046448
7798972
7776136
7814480
7750584
7742712
7790976
8227208
9038720
8690664
8520036
8573900
8610684
10136088
9831680
7822988
7744344
7730764
8016300
7772448
8056220
7832768
7808120
8221464
7782804
7790560
7783808
7742556
7731320
7743816
8047100
7781568
7790188
7731480
8007064
7913568
7790712
7771676
8114180
7747544
7732204
7784200
7816180
7731184
8268540
7814500
8046800
7730504
7767604
7736856
8029280
7760580
7779156
7803448
7820576
7740944
7791356
7743388
7743996
7779944
7772776
7729848
8284824
7843380
7778928
7773424
7790324
7776820
7747312
7779248
7778812
7741884
7745408
7765568
7778300
7731744
9025032
10163840
9579352
7750940
7795324
7792820
7744176
7777296
7819872
7785676
7768944
7790268
7776672
7756620
7782084
7778960
7742264
7747252
7780272
7780172
7742616
7798632
7768160
8058712
7747588
7764452
7777324
8181756
7775252
7790604
7794844
7823672
8043040
7733868
7859468
7783460
7753892
7743876
7780680
7741724
7742144
7776416
7777216
7743036
7793980
7779848
7745300
7784556
7778968
7781020
7739656
7800252
7810432
7747580
7777892
7776804
7731084
8063640
7743216
7783292
7742480
7749708
7781248
7788596
7742632
7775396
7776544
7742700
7743348
7790412
7816048
7743216
7796164
7785364
8050232
7796476
7743236
7751688
7769436
7971584
7771100
7771016
7780596
7777728
7741320
7772452
7772064
7745312
7780852
7773268
7800824
7773444
7785016
7805032
7747660
7777028
7772100
7730272
7775184
7773760
7749920
7730484
7749512
7774408
7745632
7741968
7775832
7772140
7745020
7773224
7778904
7781636
7792268
7789680
7770776
7747412
8424692
8460224
8279328
7902940
7879976
7900756
7874344
7749724
7776732
7780256
7767724
7741164
7788016
7768120
7771340
8277168
7798656
7809316
7750676
7782008
7783240
7740876
7783024
7778652
7755320
7742336
7775380
7771980
7741940
7790408
7776256
7746384
7781736
7786932
7746904
7768040
7793980
7766804
7775268
7788200
7777788
7750664
7783312
7779316
7739936
7780660
7776904
7743344
7743112
7779704
7783408
7743528
7780176
7776912
7747292
7778740
7818796
7741924
7767240
7813960
7775940
7742248
7783900
7778088
7740976
7780600
7776356
7745600
7742176
7779768
7742508
7736136
7777776
7775564
7743464
7783116
7779528
7782684
7739128
7837932
7811692
8251228
7787248
7777804
7742220
7785812
7776584
7742336
7743452
7779868
7768080
7741156
7779944
7780592
7744908
7780952
7775516
7794116
7766712
7788728
7780008
7743768
7779900
7776060
7744440
7777956
7783492
7741176
7788024
7777076
7743776
7847840
9660640
8841340
8739276
9224460
8710636
9403120
10468932
8182588
7780548
7812504
7791584
7742476
7796696
7777852
7742168
7728896
8057840
7746348
7792348
7778844
7741860
7789104
7777192
7740520
7781408
7778628
7742352
7790540
7773720
7762748
7765464
7789252
7783532
7744064
7772240
8246004
7798292
7783680
7741896
7742384
7779272
7780684
7744296
7768792
7751528
7791100
7782960
7758140
7788188
7779000
7779576
7748340
7782096
8036464
7754440
7780936
7776880
7745916
7752260
7779064
7745792
7746424
7781432
7778192
7742332
7780828
7776128
7747560
7806248
7817664
7738276
7785212
7772776
8141132
7748256
7787648
7783108
7742884
7742688
7776736
7781296
7742668
7782824
7775540
7739820
7795068
7778560
7741640
7742096
7803164
7809236
7749760
7822848
7782948
7745140
7781336
7776588
7747732
7742988
7776532
7741564
7742584
7781044
7778972
7743608
7778028
7782144
7743480
7803348
7779428
7785160
7738196
7803408
7798568
7787704
7778556
7745872
7746484
7779400
7743020
7742548
7781752
7777172
7741400
7766932
7791016
7780180
7742200
7783700
7786852
7747852
7779912
7774388
7762876
7755436
7779144
7778284
7741576
7784068
7783360
7741472
7738680
8053236
7747816
7746056
7785008
7776560
7741052
7782864
7807436
7761476
7776516
7776464
7758428
7773036
7792652
7784376
7746744
7782384
7779300
7745756
7782812
7776408
7742492
7745616
7779136
7776548
7730004
7779344
7775088
7741680
7783596
7809752
7741984
7771988
7964424
8187492
7745600
7779460
7778464
7746792
7747596
7779248
7743856
7742224
8002968
8592360
7925604
7972672
8002740
7935064
7834984
7781320
7851068
7767004
7777572
7747280
7766740
8245248
7789204
7778532
7742400
7779444
7781392
7742988
7778272
7777312
7741428
7742656
7774348
7730620
8247000
7789500
7819092
7781656
7746612
7817036
7782464
7734172
7781668
7779840
7743100
7742412
7779796
7773604
8057508
7742316
7779580
7741996
7741736
7783492
7782380
8057780
7789476
7801924
7797036
7802068
8090964
7757256
7783796
7730444
7745396
7782880
7770540
8026016
7741744
7789364
7921312
7817176
7825708
7806588
7773252
7743292
7779008
7788912
7793416
7739096
7806532
7772800
8061696
7790516
7782872
7742368
7741680
7776468
7745244
7745764
7776660
7776616
7745704
7782976
7777240
7747100
7780392
7783536
7768892
7792996
8109388
7957772
10363512
9423988
7781248
7763924
8268636
7775840
7746740
7788960
7782040
7742144
7745428
7784232
7776740
7745944
7779164
7774896
7741824
7832836
7803812
7752352
7778628
7780228
7763552
8242988
7792296
7783676
7741796
7730948
8243732
7784972
8042756
7742736
7779480
7766864
7744428
7790684
7780548
8059052
7769764
8037744
7769492
7784516
7783452
7783924
7742520
7782320
7778500
7748376
7749036
7766064
8244380
7749048
7782748
7776760
7742312
7775128
7782692
7779924
7751872
7829864
7773524
7765576
7771120
7776712
7742440
7741984
7786148
7776072
7742308
7780868
7780236
7744056
7778780
7776108
7742372
7747552
7768248
7788556
7784784
7749700
7822920
7770980
7775348
7742244
7781664
7745360
7743844
7781152
7778504
7748036
7778060
7775548
7742696
7780736
7776224
7730608
8055324
7762476
7754948
7782224
7769284
7820676
7959868
7834860
7742968
7786216
7766272
7970428
8240648
7742440
7787696
7776976
7745988
7786836
7777612
7752384
7787240
7776648
7743980
7742652
7782372
7803112
7765060
7906536
7826476
7731016
7941600
8171836
8243052
7783284
7782728
7729844
7827536
7780708
7742360
7742576
7783804
7980188
7759428
7775448
7777476
7743248
7784164
7780296
7765456
8082028
7779236
7781172
7747052
7783560
7767772
8088684
7784908
7746376
7742496
7778328
7742028
7745744
7777664
7778364
7741024
7785820
7781080
10894608
8180132
7836988
7748312
7789792
7779400
7732872
7747116
7780580
7773560
7742112
7779880
7773668
7741232
7760952
8244492
7776360
7757208
8274260
7741556
7780652
7841636
7785612
7780440
7789920
7781644
7743992
7781012
7776600
7737148
8086864
8060068
7786024
7777056
7745472
7783856
7775920
7744412
7744324
7778308
7775264
7768008
7805948
7783732
7777704
7773120
8034836
7743120
7741536
7784052
7777364
7742816
7786452
7743640
7777328
7744944
7775352
7731812
7783612
7778848
7745748
7903688
7934872
7804244
7778560
7792056
7784108
7742360
7743592
 
7781788
7741428
7741428
7778236
7767588
7885504
7783336
8244508
7784188
8076400
7749588
7742808
7782408
7808900
7776868
7790208
7809904
7747852
7780272
7790744
7743704
7735848
7791868
7856372
8870320
8730352
8961280
8742884
7758692
7790512
7779228
7748944
7743144
7780028
7811064
7760352
7801484
7810796
7747540
7788616
7776808
7742660
7742392
7769444
7743956
7789120
8107080
7746348
8242344
7776660
7776708
7743160
7786908
7777380
7741648
7819892
7786776
7762936
7769700
7775928
7780436
7732620
8078244
7749040
7787260
7778736
7740684
7780444
7776172
7731000
8244100
7798716
7945076
7743496
7742688
7773848
8022016
7779216
7768280
7801572
7778412
7747052
7784376
7775756
7745600
7747652
7780488
7774428
7742776
7784788
7778872
7744664
7777220
7778312
7741544
7741748
7796716
7815492
7743184
8090696
7789384
7777456
7742276
7778380
7779788
7741740
7781556
7766032
7958844
7745000
7742680
7780884
7784032
7731200
7745104
7787712
7769088
7882904
7822356
7741412
7766844
7779932
7775740
7745888
7778744
7747144
8055184
7776944
7776164
7746488
7777732
7776668
7741896
7734684
8026596
7741764
7786812
7776984
7765084
7768980
7783624
7810560
7748436
7786972
7782604
7743260
7769772
7798520
8046056
7745136
8055488
7778984
7741728
7745068
7785592
7763956
7928884
7987216
7764940
7844456
7783980
7754928
8249200
7790384
8065848
7777644
7762524
7730896
7739528
7760860
7770756
7741080
7745360
7792204
7789896
7741780
7783628
7796404
7770300
7828792
7821744
8068708
8091132
7777256
7800208
7919908
8051412
7913308
7821560
8047784
8279080
7785168
7745232
7797420
7787184
7742796
7783304
7803448
8058832
7740680
7833780
7797120
7764480
7821212
7777156
7759320
7875756
7777856
8044896
8145960
8233632
7731648
7916636
7863032
8059228
7801732
7780664
7756728
7743572
7782848
7778992
7810772
7788808
7803132
7755704
7797584
7780072
7742356
7746580
7804488
7776864
7741600
7785440
7787212
7742368
7780112
7781580
7824156
7745896
7776996
7772232
7777728
7824076
7835976
7848016
8429032
8964872
7812496
7790832
7742348
7741428
7782192
7809852
8241268
7781108
7776360
7762228
7778524
7772744
7741500
7767684
7783128
7810560
7758560
7760240
7838272
7967732
7772324
7748060
7770804
8259376
7752684
7803808
10990376
8780212
9190376
8722840
9764424
9986112
7781372
7786708
7777300
7741808
7776168
7776988
7762464
7779292
7792552
7775260
7730756
8078200
8045568
8055800
7741820
7780704
7775664
7730212
8126424
7746096
8241460
7986788
8224792
8054972
7780776
7812888
7741004
7762124
7798852
7741972
7730740
7776060
7784976
7741500
7779876
7773028
7745996
7775008
7776004
7741068
7746768
7776740
7776240
7740528
7778428
7790684
7770636
7789988
7811420
7750820
7742744
7779072
7772928
7748052
7777952
7764500
8234392
7742100
7771696
7763216
7775472
7942456
7778240
7740284
7779300
7766416
7764984
7774676
7780648
7816000
7744804
7777740
7766104
7744688
7787596
7767272
7743408
7779176
7781596
7741232
7742956
7778968
7777940
7740616
7767100
7775580
7744880
7806684
7803420
7752724
7774448
7785832
7766508
8017092
7744680
7786380
7775356
7742344
7730252
7785000
7781196
7742236
7747268
7776332
7765480
7771472
7754912
7748412
7822732
7775760
7761604
7818728
7777348
7742280
7787888
7782024
7746152
7730764
8035264
8083384
7742456
7785256
8024380
7742692
7779928
7778784
7777180
7751408
7812712
8267536
7757472
7813756
8244016
7743280
7781628
7770920
7743452
7773092
8046880
8013468
7750904
7772092
7778916
7741156
7745700
7778084
7778048
7734892
9372540
8698936
10160236
7778612
8298920
7766908
7770268
7741816
7764236
7778676
7729968
8243896
7762896
7759352
8246728
7741636
7782824
7781036
7742388
7798124
7778804
7729852
8322332
7739084
7813796
7766592
7781452
7776924
7758652
7791596
7775448
7741352
7803260
7781272
7729956
8164916
7741896
7778432
8007440
7778580
8054848
7784552
7794608
7774468
7792096
7828156
7745272
7743672
7784264
7816808
7741360
7782392
7763988
7808780
7947272
7746812
8253564
7784816
8170868
7742388
7777292
8864804
7866732
7781048
7818340
7807572
7773416
7780980
7772420
8144916
7742028
7800832
7782576
7745436
7743108
7767184
7940248
7742252
7743184
7791128
7780580
7740656
7772840
7820552
7785484
7740776
7906836
8026460
7967044
7954992
8037540
8000932
7843788
7794224
7788736
7765508
7736376
8072744
7745648
7787524
8199424
7742704
7795656
7782088
7755428
7777404
7927388
7813704
7749584
7778624
7784320
7746864
7789608
7785012
7748508
8059396
7789780
7782540
7745384
7789232
7782256
7751420
7780748
7780092
7746300
7771460
7813620
7778672
7776444
7789276
7767248
8168252
7747944
7789192
7779184
7742524
7738340
7789580
7745776
7788172
7782300
7731112
8062628
7763472
7785440
7784096
7843644
7781880
7775916
7757684
7784452
7778152
7748016
7806944
7785048
7743712
7790856
7793776
7743672
7742368
7772972
7790212
7743332
7745436
7798072
7780668
7769388
7821352
7804500
7776160
7747860
7780820
7787048
7870356
8029712
8068344
8042544
7945012
7874736
7904768
7808104
7748680
7820960
7784984
7743128
7746612
7797736
7820052
7773812
7797916
7840564
7750032
7787072
7782860
7758292
7743512
7785608
7784232
7770416
7782124
7782280
7747648
7800300
7779328
7744440
7742544
7807048
7787640
7769516
7798024
7820300
7769372
7795664
7780108
7775968
7744572
7784592
7778868
7761124
7784956
7779396
7741612
7808336
7779884
7741356
7743920
7792092
7784420
7742292
7827460
7804148
8081140
7776568
7781924
7758832
7747756
7785280
7778672
7769256
7789468
7784648
7742628
7800924
7782976
7744956
7743396
7796964
7790624
7789732
7748696
7839016
7777092
8084560
7748268
7796360
8162976
7745152
7790904
7792388
7755736
7749228
7797280
7804212
7743912
7788812
7785832
7758352
7785880
7784908
7748708
7797004
7823384
8400224
8325028
7769924
7784136
7776944
7774184
7780324
7782716
7742376
7799768
7780724
7743428
7744060
7808372
8207316
7741360
7786904
7780608
8026120
7783876
7772604
7817216
7981836
8242456
8277756
8047028
8005244
8036952
7820092
7943096
7780448
7743980
7797316
7782632
7742736
7785452
7798908
8060532
7742516
7780280
7840580
7743348
7810444
7800776
7777064
7789052
7783140
7742416
7756584
7780908
7781196
7743604
7805368
8009640
7747168
7785172
7787692
7744156
7747024
7785532
7814660
8087204
7789824
7815756
7762820
7751604
7781708
7746752
7771912
7784700
7779656
7748220
7800208
7770864
8000724
7775620
7745188
7780556
7743828
7763172
7783608
7809056
7769444
7818308
7818188
7783244
7746228
7768956
7780292
7743044
8243492
7809732
7780008
7742756
7788172
7791204
7731948
7745308
7793052
7788456
7753636
8056404
7811440
7811512
7773868
7821780
7783044
7751032
7799892
7780496
7763808
7744164
7809744
8197152
7744052
7784540
7798572
7743248
7743172
7779484
7771788
8057584
7805848
7811368
7765680
7812548
7814276
7747004
7777272
7780164
7780840
7744240
7795616
7784588
7742440
7785460
7805260
7747320
7744488
7781624
7780648
7747392
7786124
7781800
7793024
7902836
7813356
7751272
7808976
7782740
8012112
7743836
7788048
7787704
7742720
7746396
7785080
7797328
7789748
7784660
7743248
7803916
8024540
7744820
7807340
7841916
8262808
8107832
7800156
7797268
7743680
7781140
7777516
7750300
7745600
7776088
7784296
7782200
7749116
7801392
7783124
7743344
7750028
7803180
8088608
7783616
7794828
7817884
7759128
7830144
7852880
9036972
9119324
8688616
9548448
8726840
9453488
10181696
8226992
7810592
7775572
7743932
7782468
7778692
7743428
7783728
7821416
7769548
7771636
7791748
7771976
7744756
7793512
7783336
7743956
7743108
7787516
7779580
7733856
8248340
7796596
7771932
7845436
7780624
7748656
7784020
7804928
7766888
8205048
8092596
7797120
7780764
7742472
7736788
7744044
7782312
7779968
7747452
7774508
8054448
7938280
7782668
7742996
7788024
7781664
7743804
7742768
7802480
7778100
7780136
7810844
7793156
7787036
7745188
7776220
7919084
7783436
7731976
8243892
7793064
7786676
7744980
7743272
7774688
8091836
7792720
7784640
7743112
7775912
7785144
7810828
7766528
7790160
7804624
7937732
7780236
7745104
7789072
7762364
7731664
7787848
7782028
7732264
7784892
7732780
7784912
7744384
7743112
7824596
7829184
7751924
7818400
7785924
7748088
7749756
7770828
7778632
7738300
9303336
9226676
8895408
 
10002940
9920212
7756104
7806008
7766604
7740840
7744184
7840544
7809936
8097776
7809204
7806344
7743888
7781824
7786852
7740772
7779452
7777324
7754484
7784988
7774412
7745276
7741564
7779972
7746132
7731496
7747312
7774604
7743332
7816236
7740344
7765760
7813524
7767668
7787132
7742552
8246320
7767460
8245876
7744080
7774088
7744264
7772936
8091192
7744276
7777120
7777104
7742928
7772492
8153028
7774984
7791228
7799136
7761448
7732124
7743552
7789612
7770968
8058000
7743276
8232280
7784048
7744608
7741944
7781036
7785848
7741960
7781372
7779416
7731292
7745396
7779344
7793800
8188548
7746164
7785248
7764964
8046272
7744408
7785228
7778256
7739180
7730336
7784504
7748048
7775696
7853052
7779600
7729608
8242620
7751768
7797344
8102680
7742928
7839168
7779840
8089672
7742908
7743324
7779344
7785416
7742748
7771356
7783460
7747592
8242924
7778420
7777728
7747264
7786164
7802868
7749244
7795160
7774564
7770960
7761448
7786688
7783872
7745432
7775880
7775448
7744972
7768924
7741968
7774756
7748628
7745180
7781136
7777220
7747312
7779704
7775944
7750584
7827432
7777440
7775208
7745660
7779896
7776324
7745100
7782344
7774004
7749740
7781836
7775320
7800760
9317916
8769284
9270596
10560460
8200256
7791292
7748296
7820492
7828128
7744156
7783688
7791772
7736212
7753140
8248032
7783896
7776888
7742160
7781112
7786704
7742844
7780352
7779704
7742600
7743308
7780540
7779212
7743128
7798580
7799564
7753780
7822828
7776512
7742304
7746440
7776588
7742636
7742868
7781796
7774304
7749328
7775692
7775548
7736100
7748280
8056424
7780896
7768392
8241564
7820272
7996076
8269480
7836644
7788776
7742584
7742804
7783980
7776704
7745480
7775952
7780824
7741772
7780168
7776380
7742196
7742028
7774968
7741252
7741880
7782928
7804852
7741468
7801600
7805660
8259404
7783488
7761952
7741984
7745116
7768588
7762444
7745892
7769968
7764216
7742748
7784764
7779532
7746792
7742880
7775292
7817760
7789392
7778180
7813536
7776112
7784444
7777920
7752556
7742992
7780728
7787032
7744500
8837420
8972464
8965688
9292684
8840884
9553072
7751124
7745256
7786244
7810324
7761380
7803324
7818160
7746212
7742292
7783436
7741844
7743344
7776808
7776808
7742208
7779720
7773384
7748408
7776156
7774440
7740644
7742064
7774396
7775668
7773976
7780640
7808488
7775812
7788832
7765324
7746708
7742916
7776300
8271868
7772764
7743920
7764364
8244476
7784424
7782336
7745772
7783888
7777604
7742156
7744804
7823112
7772948
7767208
7807304
7776764
7742104
7783588
7781424
7742540
7742696
7779952
7743304
7741756
7770156
8058676
7789648
7769692
7743584
7780844
7777660
7758168
7773976
7786764
7822016
7742856
7781100
7787572
7740920
7780804
7775472
7747276
7742424
7786896
7772156
7746020
7780560
7776264
7742708
7777880
7775104
7741360
8273420
7821376
7780104
7774904
7786720
7780208
7745396
7780864
7765648
7741676
7749756
7767144
7745980
7796528
7781420
7730368
7782952
7779024
7741056
7743312
7775656
7767688
7743632
7796492
7831160
7787100
7741196
7784412
7781860
7742900
7742044
7776504
7785008
7742148
7780176
7774428
7750764
7783568
7803308
7748220
7742040
7820468
7822592
7747728
7830388
7790596
7743916
7781912
7778624
7750116
7744044
7778180
7777748
7745296
7779528
7778252
7744068
7790152
7776192
7741684
7743640
7778244
7804568
7755688
7797276
7817876
7750144
7785328
7780144
7742292
7747128
7775268
7767712
7742080
8016716
8009236
8964988
7908596
7932932
7931304
7912652
7751352
7771400
7795660
7785940
8266340
7802488
7776224
7741200
7740816
7787168
7741264
7741420
7768740
8268052
7741400
7783376
7792636
7742536
7785192
7776168
7768020
7742964
7782596
7786408
8251476
7795616
8085248
7814988
8027640
7958568
7779860
7747732
7799796
7781584
7741920
7786968
7802324
7741500
7741120
7784936
7786868
7742272
7781916
7780116
8115632
7787188
7805132
7752644
7763780
7783500
7776680
7741012
7821492
7777636
7740616
7783848
7796680
7729420
7783868
7770124
7813744
7787084
7742284
7756716
7805712
7815848
7742164
7849500
7788652
7741208
7784924
7784540
7746448
7741516
7779988
7799400
7752484
7785936
7774220
7754540
7781096
7768604
7741252
7753380
7823072
8002636
8699460
7784684
7851536
7815580
8065176
7741308
7782452
7790328
7747988
7785824
7775320
7766520
7785028
7773064
8049940
7763852
8241332
7788084
8162576
7755040
7813740
8266600
7803944
8596424
8018272
7996092
7983620
7943208
7837020
7835148
7768448
7756204
7761928
7759596
7740492
8055388
7781568
7780616
7740080
7782216
7774572
7792572
7787180
7805668
7746616
7790920
7781640
8049020
8064180
7746532
7785640
7776696
7742532
7788976
7775536
7742304
7743796
7782188
7776112
7742500
7769340
7790240
7772204
7794464
7816992
7745884
7734680
8238484
7742188
7783528
7777204
7744656
7786412
7778784
7741008
7742220
7770412
7731448
8057384
7781584
7783220
7742564
7810092
7820516
7739172
7779132
7783388
7782976
7741328
7805412
7776680
7745948
7769440
7784024
7742920
7746368
7780204
7765832
7740828
7771252
8055556
7780072
7766836
7778824
8086132
7765948
7824344
8111748
7776200
7835564
7768656
7743120
7731536
7742716
7782072
8090712
7740768
7744596
7782036
7769932
7731436
7731784
7731232
7747156
7955244
7789944
7841000
7771060
7771940
8059104
7743016
7786732
7778368
7731972
8079028
7732708
8171032
8472760
8458268
8434040
8491600
8485368
8465908
8480944
8507420
8492272
8519984
8520612
8991128
8941932
8773916
10244592
8409136
7837056
7777116
7743628
7797500
7779376
7742492
7729768
7837772
7788524
7742584
7730544
8066388
7835184
7777200
7764964
7792468
7784772
7741160
7740268
7775304
7735088
7785576
7742128
7773360
7896492
7732516
7732396
7775048
7878592
7765336
7763204
7761840
7812700
7818664
7744656
7784676
7787176
7780652
7741244
7781500
7773504
7741088
7780980
7782256
7742052
7742464
7775984
7742964
7741224
7780824
7775348
7741488
7779476
7794492
7774152
7786580
7814828
7746664
7746508
7780088
7778676
7741804
7779876
7773904
7744332
7782892
7776136
7741336
7731992
7912532
7783112
7742816
7785536
7779416
7763348
7766764
7809176
7822900
7762784
7739200
7781772
7766436
7782476
7743012
7784748
7768280
7757340
8057184
7787736
7775852
7741468
7783552
7770644
7744728
7741040
7828336
7764964
7771388
7816376
7784300
8406592
8222232
8030484
8081868
8027596
7850684
7823112
7811816
7802628
7744520
7787304
7779648
7742992
7779372
7775412
7754728
7789388
7788104
7819152
7749424
7784852
7782420
7743124
7783948
7777456
7747216
7743152
7779336
7776152
7746092
7771676
7776644
7742504
7777656
7767260
8244208
7781864
7824308
7748204
7785456
7783844
7777568
7747408
7783132
7764420
7910820
7779604
7742096
7784084
7778376
7730172
7775572
7733236
7789304
7742584
7742048
7781712
7818704
8094720
8850640
7843856
7784068
7742192
7777100
7774492
7745204
7781264
7774764
7742636
7741484
7777900
7764748
7741760
7780148
7780816
7742920
7777588
7788660
7791744
7746152
7799752
7765900
7745920
7774416
7775056
7741240
7783088
7780484
7741780
7779504
7774528
7741920
7742432
7775792
8155624
8596948
8126192
8455188
8018080
7977324
7797852
7798752
7835220
7783380
7741732
7783192
7780808
7743400
7742840
7780428
7779044
7742636
7777836
7773260
7741484
7783284
7773920
7741232
7741548
7811280
7783348
7770980
7817748
7784360
7744036
7779868
7773316
7745568
7740556
7772600
7742028
7741944
7788336
7777112
7741780
7778568
7778832
7741984
7775448
7771068
7772928
7742316
8255056
7817964
7746328
7786276
7773944
7742044
7779784
7772540
7746736
7742656
7775944
7767460
7744932
7773248
7774852
7740504
7771584
7778392
7744964
7784164
7782904
7766528
7742392
7733020
7787860
7741076
7773660
7900580
7781216
7742536
7783304
8052236
7741992
7742272
7769944
8234808
7748820
7785276
7778276
7752156
7820412
7765716
7779128
7791420
7781248
7745188
7778240
7780712
7742020
7738844
7748116
7778368
7879764
7778676
7742988
7785552
7766780
7784592
7779056
7741944
7895928
8743468
9093332
7846520
7749380
7789924
7773696
7741372
7785384
7774868
7741196
7740860
7770520
8022184
7746372
7741128
7780288
7776488
7741304
7778580
7774192
7784268
7739452
7803984
7767504
7745756
7784444
7768196
7783612
7999964
7741904
7741580
7778088
8529292
8677576
8679104
8756204
8704904
 
