Procesando...
  Filtro             : mblur
  Implementación     : C
  Archivo de entrada : lena.256x256.bmp
14413440
14233744
15466508
14508308
14311948
14339420
14240320
14236348
14244468
14228484
14225500
14233852
14230948
14211796
14213532
14427588
14238528
14214720
14199680
14216524
14232800
14214040
14214940
14211644
14208588
14245988
14265280
14216372
14251140
14222776
14227928
14217760
14218820
14217232
14216340
14245384
14215972
14218636
14229596
14228564
14230400
14205328
14214124
14226868
14229168
14227884
14248476
14248232
14226688
14257428
14233104
14220952
14230536
14227192
14219580
14227396
14220112
14219284
14245644
14214296
14223492
14218664
14216624
14225092
14234456
14225228
14223240
14247236
14256380
14221228
14263864
14217124
14220884
14224608
14218488
14234780
14215192
14220600
14226412
14224684
14233560
14217668
14220080
14228652
14217492
14226480
14218812
14231496
14260584
14211960
14251632
14253392
14218876
14221316
14216244
14228812
14218880
14219544
14229920
14214324
14228580
14216844
14214908
14230984
14214260
14231252
14219536
14217744
14223340
14263628
14240268
14241332
14231120
14235216
14214656
14238232
14203064
14222292
14226056
14219788
14226412
14228960
14209228
14227896
14233564
14358424
14213476
14235272
14285132
14240488
14286108
14213336
14255204
14216880
14215076
14242268
14220748
14217128
14228120
14236268
14261108
14250416
14242956
14257040
14245760
14244968
14241408
14238996
14250536
14243592
14290944
14292008
14247408
14295868
14242572
14251424
14255200
14239956
14249300
14233788
14249816
14263364
14225744
14249720
14236292
14253252
14238596
14235636
14242016
14236692
14249136
14275168
14272508
14299544
14287340
14252452
14243000
14239096
14244744
14226200
14252776
14239780
14235208
14250064
14242624
14246960
14242908
14237000
14249244
14227500
14250816
14239140
14289324
14253184
14268108
14270836
14265532
14239844
14250564
14239144
14260696
14256832
14237804
14252872
14282176
14302104
14487728
14273440
14251020
14242804
14252028
14242124
14288936
14285700
14245332
14290748
14249704
14240236
14253548
14236564
14250148
14250760
14236660
14249440
14259508
14252612
14263272
16940156
16901644
14649748
14328700
14258788
14527720
14301696
14266584
14257280
14363228
16601164
14464576
14445104
14290932
14385664
14375632
14444152
14345280
14273052
14378644
14264516
17482424
14865068
14436104
14399672
14345460
14440400
14338700
14471680
14296240
14247180
14383300
14236876
14253356
14235000
14236204
14305288
14229304
14254228
14235332
14237648
14245008
14229240
14244588
14237808
14237536
14254008
14274396
14335928
14246284
14275188
14258576
14241952
14262108
14234828
14244592
14251700
14237408
14247160
14243988
14234132
14248420
14235232
14251700
14237956
14250596
14248080
14241464
14283748
14270748
14248864
14268196
14244284
14252036
14248544
14238064
14248940
14233840
14255884
14239700
14240832
14247644
14255636
14245548
14239476
14235572
14248800
14233584
14266936
14279232
14244400
14277996
14270440
14261032
14249176
14238704
14250812
14240952
14249868
14245536
14237476
14256768
14237064
14252000
14237108
14277180
14251796
14238052
14249480
14238360
14283760
14247400
14261544
14281376
14240092
14240472
14254596
14238028
14251128
14239600
14238124
14246452
14265748
14258500
14214244
14234996
14244928
14252836
14241132
14251428
14248328
14279632
14261880
14271208
14259144
14262864
14258008
14250140
14239236
14250572
14243460
14415364
14464456
14276644
14248336
14246896
14244796
14332740
14239392
14254540
14238556
14286528
14285736
14240284
14295468
14246312
14239400
14255800
14255316
14252476
14238160
14240944
14252036
14232740
14259516
14239824
14239856
14251372
14649216
14300980
14257244
14247508
14316020
14254576
14289856
14252552
14244120
14240280
14243324
14255404
14242360
14240916
14244964
14637164
14461616
14259784
14238184
14254996
14247272
14252852
14272972
15054116
17396760
14336844
14266200
14301796
14323700
14257260
14244076
14250024
14241020
14252880
14239908
14244612
14236136
14240220
14253232
14242464
14235092
14243308
14264032
14251820
14236336
14278888
14513924
14287044
14289220
14264916
14254784
14255068
14251504
14350052
14399272
14253076
14357472
14255620
14392320
14374708
14268916
14364532
14256484
14391152
14361992
14267932
14441148
14257524
14441708
14389708
14279160
14373548
14255724
14377916
14403600
14263232
14364204
14255372
14381176
14309068
14275768
14315132
14394872
14262880
14383348
14257556
14405032
14444428
14240724
14301896
14541432
14259652
15306916
14499912
14254196
14811060
14380696
14494868
14690500
14620080
14452304
14339608
14447984
14446180
14257172
14468372
14642160
14441520
14404860
14367708
14342936
14354652
14280388
14873316
14282960
14285172
14374772
14280176
14809564
14599368
14303716
14560412
14707068
14490260
14417880
14329276
14357948
14925952
14401580
14465700
14276912
14386364
14396232
14657232
14483516
14278660
14466376
14557896
14385700
14418632
14275404
14426240
14338640
14282224
14417312
14269000
14468004
14291520
14371288
14366136
14298184
14699340
14281828
14351776
14312760
14237756
14814588
14274920
14365316
14322136
14241728
14465396
14254244
14693468
14404600
14277896
14479544
14245776
14380552
14301180
14724368
14743624
14254572
14307132
14237044
14244964
14268568
14784640
14487760
14254800
14240288
14244876
14241228
14294564
14913788
14376384
14243540
14240268
14323120
14297220
14259060
14825976
14317188
14256396
14239972
14302972
14248040
14241856
14664624
14333416
14257452
14265216
14242880
14247384
14242496
14709940
14453544
14252112
14255720
14277020
14379608
14257788
14666532
14516112
14264732
14353988
14242476
14386644
14356552
14270648
14585276
14266484
14316324
14296592
14464760
16195608
14291364
14241864
14298924
14268516
14300436
14295564
14308104
14295504
14242544
14347476
14275344
14251840
14287992
14237236
14258136
14266460
14582184
14354524
14373972
14281664
14276692
14655392
14478292
14449484
17082648
14286004
14333924
14345896
14607648
14250484
14359128
14309504
14317328
14477888
14256216
14356884
14336340
14308336
14410208
14243796
14326968
14295696
14353860
14382712
14247652
14393144
14257184
14387244
14305648
14249844
14357048
14248400
14259824
14259692
14237096
14357148
14255908
14340268
14263444
14344176
14342816
14247820
14337744
14269372
14348844
14356044
14290968
14355300
14307704
14343856
14379740
14245932
14391408
14605764
14415440
14559232
14311372
14380352
14333756
14297676
14590060
14300428
14441452
14342236
14319744
14586328
14318584
14456388
14351468
14377996
14622284
14280584
14424936
14329608
14315240
14501476
14250892
14395720
14291200
14269524
14248692
14238372
14305736
14309920
14366736
14246200
14283328
14319416
14242068
14269464
14254332
14245404
14242672
14240976
14236536
14242500
14228188
14572960
14308028
14237856
14267276
14242992
14307912
14231192
14238080
14248424
14235484
14270324
14300468
14257132
14276896
14238980
14251360
14247988
14280340
14243784
14237268
14252752
14241056
14239512
14229420
14239788
14250676
14240588
14236412
14241916
14240300
14252808
14264576
14277764
14242764
14318456
14260356
14247740
14239688
14243104
14247484
14241068
14244140
14240112
14270180
14230836
14252592
14234908
14243028
14240484
14240188
14248632
14265244
14272040
14239536
14260060
14274492
14248960
14224108
14236848
14235488
14255712
14242532
14255512
14241480
14240092
14261032
14253756
14236876
14400560
14246352
14262828
14241064
14475396
14311544
14235664
14285076
14243504
14249380
14240520
14263356
14250196
14245572
16042176
15030932
14236136
14253352
14241076
14246848
14242592
14243252
14246512
14241844
14247312
14270652
14315636
14262464
14339460
14276720
14243096
14238152
14250224
14255432
14285588
14384780
14252208
14255144
14243376
14251416
14233328
14239592
14256636
14246936
14255192
14255576
14284996
14247652
14588092
17816396
14277764
14246800
14246444
14243996
14348680
14243880
14242696
14612628
14264956
14253504
14242664
14262664
14245984
14240588
14254644
14262528
14264092
14318196
14240508
14289724
14244892
14248184
14238996
14242500
14251924
14241188
14252484
14241480
14239724
14251292
14235900
14258180
14261260
14242216
14247896
14235856
14256368
14271504
14275800
14253268
14286048
14255804
14216576
14259368
14249264
14241164
14255528
14241860
14254132
14243048
14266364
14248156
14240836
14248888
14245588
14246348
14240536
14239192
14283248
14274496
14240660
14292168
14236796
14257592
14239724
14240580
14248260
14271000
14246100
14241864
14235912
14248560
14243160
14235848
14239032
14236216
14250496
14240996
14259468
14277796
14246208
14275000
14293868
14253628
14258536
14235736
14251868
14237176
14250076
14261276
14232388
14246192
14237220
14247280
14239908
14237252
14250252
14253060
14260824
14238028
14280176
14267692
14398668
14284916
14243868
14239412
14267164
14236232
14253912
14247772
14240776
14245192
14313860
14257828
14257844
14238076
14253716
14239532
14272824
14240904
14256928
14300368
14237232
14310068
14245160
14215960
14260140
14376412
14410760
14541992
14245152
14260224
14240180
14301160
14260968
14236412
14247564
14240500
14248208
14247620
14254240
14296656
14302428
14251456
 
14276300
14247964
14234664
14244136
14250276
14241516
14228984
14247616
14237156
14251732
14240468
14237988
14246936
14262404
14246328
14241824
14238036
14257588
14267456
14248408
14267280
14269424
14260900
14235132
14249028
14233492
14252812
14227596
14292364
14253068
14254852
14263424
14250304
14269216
14241600
14253088
14255228
14249992
14276732
14295692
14248612
14294572
14254528
14263488
14246672
14244616
14343560
14552296
14262336
14246008
14277760
14319084
14233176
14263652
14249620
14255432
14251344
14254040
14263108
14279352
14327808
14289348
14295912
14263212
14260920
14250704
14260232
14232760
14262368
14249984
14249480
14261712
14248936
14260668
14252624
14250092
14256632
14247992
14289736
14244428
14284716
14282712
14275448
14298060
14250312
14261428
14254640
14249808
14264988
14230084
14250452
14263388
14246788
14269568
14245180
14280144
14258056
14255368
14259804
14249628
14255100
14308380
14273148
14282724
14261916
14251032
14266040
14252188
14263792
14245596
14251168
14258400
14280164
14254960
14246636
14249972
14258408
14248044
14255236
14246888
14252660
14263224
14303976
14300564
14281956
14254660
14260788
14255492
14267552
14239596
14251136
14254100
14251544
14257452
14250008
14242248
14267372
14248644
14268300
14244768
14276580
14252812
14274564
14307552
14250064
14289380
14251280
14250684
14248496
14253932
14248236
14266908
14244856
14263964
14261416
14254208
14256352
14279520
14254228
14247912
14276280
14262452
14246152
14284412
14254492
14280312
14305136
14251808
14275700
14245876
14252364
14262388
14257264
14262908
14599292
14265012
14245404
14244704
14452340
14304248
14249976
14255440
14248956
14275864
14308216
14241736
14287748
14257996
14242940
14251196
14256328
14257632
14250496
14260732
14248352
14252452
14260540
14251892
14264304
14248372
14248548
14258048
14246188
14262056
14273128
14297528
14259224
14321704
14264860
14247576
14256868
14244860
14250100
14243620
14242456
14249084
14226208
14245796
14273724
14243912
14255996
14248900
14249600
14258904
14275988
14278932
14269512
14261388
14300428
14255896
14241172
14250208
14248976
14259896
14247620
14747776
14269888
14257868
14257456
14249016
14266752
14248984
14252328
14266724
14245540
14282812
14343356
14248092
14301868
14250528
14262580
14257720
14232700
14260500
14240092
14261616
14257656
14243688
16462468
15343088
14264588
14244752
14244924
14254928
14232116
14268052
14299220
14303080
14256872
14286664
14261348
14254164
14278276
14247936
14245672
14259480
14247644
14260268
14244468
14252780
14261740
14249792
14249460
14247852
14246916
14266860
14253812
14283704
14254020
14253184
14295704
14248148
14252300
14248936
14249788
14258848
14248752
14249768
14254012
14243276
14288808
14557052
14262832
14238316
14250788
14324048
14247888
14265380
14306300
14256648
14295860
14274936
14264792
14266052
14272804
14252872
14259812
14259488
14252276
14259420
14284172
14258864
14252132
14250724
14261104
14251512
14244572
14256072
14260104
14316812
14255896
14315388
14256212
14252152
14263780
14253304
14264168
14283576
14248656
14262736
14260844
14259304
14259128
14245704
14260032
14255396
14255784
14256060
14251224
14286676
14290148
14271336
14290488
14250132
14245684
14251400
14246256
14249356
14248288
14256676
14246704
14257084
14255416
14248012
14258180
14247976
14256228
14253492
14272860
14259428
14285372
14264536
14280220
14293888
14266684
14252984
14259888
14250760
14245904
14259684
14252692
14260336
14276852
14248296
14267556
14251664
14258284
14253296
14236276
14267248
14250368
14313392
14258552
14286988
14275980
14252256
14502816
14265640
14249232
14262836
14261936
14260904
14257316
14249224
14260784
14250384
14255104
14252900
14250512
14259616
14281256
14282112
14300400
14235688
14301664
14258568
14261436
14257220
17070196
14573508
14241556
14261984
14244640
14313708
14502232
14308980
14254668
14242204
14304996
14245552
14225644
14247028
14305044
14267940
14265492
14277576
14245704
14244204
14252440
14239688
14242928
14259652
14240720
14252452
14669272
14413160
14249676
14239060
14259844
14245556
14243912
14254028
14274616
14305496
14241064
14266268
14246520
14240876
14249304
14256432
14243756
14238920
14248404
14253864
14243676
14236464
14249080
16072856
16203180
14257028
14255928
14238780
14271668
14385712
14263144
14303692
14253364
14240076
14236200
14236548
14250016
14239356
14239748
14251132
14237820
14248064
14236392
14240624
14246840
14255796
14252916
14240288
14241348
14293900
14249796
14259448
14282160
14240936
14262220
14239412
14257564
14241808
14252588
14249152
14230348
14250512
14259180
14239320
14245320
14239476
14251884
14239352
14233600
14247680
14282596
14252644
14264912
14266936
14251172
14237692
14249912
14238716
14239412
14251424
14240608
14244140
14238920
14237428
14251104
14260228
14249108
14273624
14240928
14245572
14248976
14291868
14240028
14272912
14258736
14233828
14249296
14233964
14259684
14243632
14241204
14248368
14259172
14238316
14249452
14236892
14249484
14531760
14333204
14253552
14246288
14344252
14296660
14228128
14293140
14246376
14250192
14240216
14237816
14247156
14236728
14250556
14236452
14238620
14246832
14241864
14246644
14239364
14237396
14253520
14253152
14248736
14269888
14254376
14276488
14284440
14250840
14235588
14241908
14245312
14241532
14246832
14237212
14238520
14263668
14235680
14248068
14286272
14240932
14247468
14241456
14247124
14241984
14276164
14251328
14265600
14280092
14249184
14274040
14254472
14242996
14256156
14238332
14244240
14268760
14243464
14249464
14244092
14243668
14252456
14227652
14249276
14237336
14245520
14309300
14238696
14276672
14250100
14240508
14253196
14237384
14282028
14242676
14243568
14245616
14241396
14246736
14231808
14236744
14252480
14240652
14251336
14237088
14237616
14271404
14288228
14252664
14279912
14226516
14245272
14242336
14245772
14238944
14240168
14241596
14237452
14247404
14236312
14239852
14247092
14239540
14248716
14244952
14238188
14247852
14288340
14683400
14448488
14318868
14253060
14272020
14257676
14237128
14241324
14245608
14241364
14233548
14238040
14235560
14248288
14252164
14259888
14236084
14241260
14248284
14508356
14375728
14237052
14278980
14570780
17248156
14266616
14364952
14313136
14271232
14248500
14251068
14241704
14254872
14245100
14239972
14262444
14242364
14250608
14238276
14238380
14244204
14326944
14253448
14268512
14247228
14255860
14243916
14246696
14242152
14244212
14249048
14237488
14254528
14240288
14240836
14250684
14240848
14251964
14257432
14247372
14248140
14260884
14291548
14241408
14283068
14267260
14245728
14375904
14249204
14256112
14252204
14237832
14247116
14238248
14238392
14232856
14237168
14246612
14238504
14235900
14248540
14232888
14287684
14285304
14244244
14294564
14264156
14247856
14239140
14238016
14248676
14242136
14240516
14239716
14261484
14247820
14241436
14256320
14235384
14238568
14244900
14234212
14249684
14309504
14253956
14270612
14269904
14269828
14226556
14223684
14247836
14240108
14250784
14240624
14245640
14244340
14241644
14246556
14237448
14239372
14241684
14239552
14248980
14242620
14292356
14258360
14299196
14257192
14238508
14245020
14243748
14245276
14244508
14238796
14239976
14245188
14240404
14248900
14239304
14237812
14247992
14244916
14250976
14257580
14255668
14288964
14506840
14387628
14240652
14246908
14312724
14245028
14249408
14238500
14256332
14249928
14242636
14251668
14240908
14243560
14248748
14242260
14249420
14243676
14240052
14283916
14265032
14270980
14289448
14243452
14250336
14253408
14252072
14236860
14263656
14247792
14243128
14240256
14242908
14237956
14250412
14236860
14254480
14241492
14245228
14236376
14287084
14257644
14282568
14259488
14240116
14241048
14246600
14247560
14226144
14242808
14236972
14248328
14239208
14239600
14245588
14238720
14249784
14238320
14240916
14277312
14241816
14293508
14245736
14525140
14273464
14239288
14255508
14238336
14236648
16762916
14277492
14320596
14237236
14249860
14261932
14235072
14295328
14247120
14252400
14286980
14247988
14283568
14332856
14266484
14643376
17534432
14324004
14265468
14256104
14316152
14250648
14265672
14249520
14282100
14252040
14239756
14263852
14242600
14283516
14251268
14238692
14264372
14297148
14309904
14279120
14281592
14270832
14249452
14308892
14250456
14239160
14286116
14254732
14296432
14249960
14237312
14265972
14250712
14279812
14251664
14241740
14271200
14248136
14325848
14264248
14293068
14583936
14322852
14296576
14261920
14273376
14270812
14242048
14286044
14254844
14243292
14253712
14236776
14283996
14251232
14240480
14259352
14236836
14284664
14317088
14248636
14295804
14265584
14294884
14253612
14242128
14258492
14241068
14275820
14252508
14236568
14278376
14239924
14316904
14256216
14243068
14263556
14241584
14279696
14259596
14280084
14273808
14300324
14289260
14250856
14235664
14262692
14238316
14277988
14247524
14263484
14262964
14240724
14275836
14252680
14238036
14252828
14237456
14287460
14236948
14274616
14303928
14252404
14323908
14239860
14239972
14261696
14258360
14278152
 
14240904
14236936
14266832
14237752
14298520
14271776
14240820
14263628
14238528
14278128
14364304
14244520
14333636
14245536
14313748
14272252
14281420
14263852
14312976
14281956
14365016
14309628
14235220
14262836
14279440
14246760
14321756
14246840
14269188
14271540
14364848
14293228
14295736
14367284
14278028
14296144
14310712
14249300
14262552
14274880
14250440
16381688
14274844
14302472
14264760
14259336
14310196
14375280
14275900
14265076
14249804
14304640
14267668
14313776
14314664
14272788
14344496
14254048
14260416
14279036
14241160
14306440
14260972
14410224
17698292
14344964
14239272
14373308
14332524
14239280
14294032
14245060
14239284
14277484
14323948
14314456
14265476
14269988
14279944
14242248
14292576
14243764
14238520
14271204
14252292
14319180
14237332
14242488
14271312
14246444
14293312
14229128
14237584
14275232
14252144
14342492
14244112
14278236
14279532
14241516
14295500
14240756
14258876
14271784
14239788
14291204
14236924
14239308
14276680
14242256
14289600
14237472
14236104
14264876
14238136
14317804
14285708
14241752
14319032
14236868
14296364
14238124
14242196
14277132
14245536
14287152
14242092
14238672
14274336
14241116
14333632
14362512
14254444
14380932
14254332
14299896
14277440
14252700
14318312
14278864
14622904
14238656
14236528
14273584
14240784
14354932
14244916
14235684
14274752
14244412
14296200
14236408
14258320
14263380
14238604
14286572
14248660
14312412
14265388
14270616
14304880
14244680
14240332
14287964
14243924
14292932
14239512
14267392
14262152
14221808
14297632
14240044
14239892
14262716
14242728
14287076
14240736
14272276
14315132
14241212
14366388
14242636
14238580
14261348
14238064
14293204
14238856
14240708
14265516
14236188
14293168
14249556
14237536
14429712
14248008
14296352
14240552
14225524
14301052
14281232
14305872
14282184
14253604
14267388
14240344
14296220
14236524
14251564
14286072
14238924
14311216
14242356
14248088
14267484
14230348
14286708
14239296
14255228
14262820
14320756
14299996
14271180
14288956
14267372
14247232
14280484
14241280
14249840
14267652
14240872
14291688
14234876
14250856
14265772
14240700
14289904
14413416
14261820
14284168
14242056
14366540
14242048
14285520
14314032
14242528
14300716
14241332
14274384
14282844
14241784
14417848
14737080
14291836
17415044
14283984
14264736
14394776
14260828
14377572
14254588
14447008
14353716
14261344
14425812
14267028
14405216
14248200
14246948
14373764
14259488
14765524
14388504
14265404
14604048
16244876
16302060
14512332
14349180
14387364
14390352
14326440
14536636
14332488
14410108
14502836
14245780
14762288
14282884
14367128
14452180
14272216
14814872
14281812
14476176
14461180
14242048
15158536
14271612
14579976
14793940
14253176
14973280
14313592
14502800
14379868
14307004
14783260
14263024
14453580
14340052
14438132
14465780
14631312
14431236
14337544
14461436
14392176
14325156
14337224
14784904
14407560
14400860
14363612
14370852
14396740
14318584
14898424
14371840
14298592
14380964
14262464
14390660
14306732
14680256
14462672
14267056
14381752
14382584
14257140
14407600
14269564
14364700
14268388
14305296
14251124
14827672
14291108
14265916
14269128
14263520
14324516
14246020
14812796
14411544
14261204
14456096
14252256
14418604
14273616
14720660
14394212
14271132
14399012
14304780
14599236
14360144
14839476
14501968
14280180
14545320
14305984
14267288
14377228
14306344
14712536
14283408
14278284
14308540
14242020
14483916
14627744
14352848
14354332
14248216
14523988
14333696
14387584
14373992
14272760
14719088
14261684
14358720
14328448
14267812
14824948
14269176
14351296
14272788
14292584
14390284
14317728
14736596
14297880
14278716
14245836
14659412
14290748
14279724
14369408
14257836
14233328
14361712
14234316
14253060
14245220
14780100
14379476
14239732
14250752
14242260
14241932
14308116
14756596
14336584
14229856
14259756
14369268
14252316
14295244
14252688
14238748
14252564
14238524
14254748
14243120
14256228
14251960
14237756
14256312
14236700
14240148
14240376
14240384
14250180
14239672
14239688
14280136
14276420
14251516
14283956
14236732
14240404
14260404
14247480
14249432
14235976
14248500
14238944
14232168
14238604
14245100
14247384
14236012
14260036
14292216
14273944
14251064
14276160
14258296
14262084
14281316
14256752
14241180
14251904
14253876
14372264
14256452
14238160
14251736
14243476
14257796
14264180
14243164
14257000
14241436
14244072
14249376
17643520
14311328
14237632
14358864
14255416
14245652
14242436
14248228
14249156
14241512
14238472
14251076
14237224
14266132
14240836
14248564
14252516
14237116
14250660
14223232
14236900
14282440
14273560
14258144
14277924
14243512
14252348
14240416
14247724
14237204
14257284
14251264
14243112
14251084
14236540
14234732
14233004
14236660
14252428
14238068
14235652
14249000
14269408
14263456
14264384
14275816
14252068
14264728
14242940
14243148
14243112
14249024
14246484
14242260
14239788
14238848
14249916
14237080
14252012
14239192
14236316
14253012
14237704
14321508
14241716
14265908
14275928
14238876
14249792
14239736
14226216
14248436
14255932
14250996
14237328
14235132
14241880
14238224
14248256
14239988
14237604
14249196
14236556
14251604
14283012
14243048
14280812
14267028
14238924
14238316
14235144
14238736
14236892
14233420
14234376
14235600
14247332
14233776
14247128
14233180
14234820
14246492
14233112
14247576
14265008
14273648
14259020
14283984
14252764
14242780
14224032
14246248
14234236
14251800
14243316
14232772
14249088
14235824
14247964
14234000
14234712
14248768
14234072
14245816
14237500
14280404
14251380
14285744
14284856
14239568
14245168
14248908
14241036
14242340
14241800
14233676
14250896
14227960
14253760
14236188
14243336
14254864
14239532
14246776
14263444
14246736
14290912
14239824
14295232
14244636
14234848
14252600
14241084
14261476
14240320
14232156
14251232
14239192
14257752
14240944
14242212
14270856
14240532
14250776
14248820
14235772
14267520
14268456
14259764
14280664
14239640
14253924
14237480
14254388
14237104
14239108
14246444
14240460
14265260
14242012
14237640
14249712
14235740
14248160
14226004
14235192
14248724
14267328
14283264
14259976
14327224
14284924
14249304
14248144
14245168
14267732
14255428
14238004
14265524
14240612
14240676
14240012
14239528
14252692
14237016
14229400
14248340
14235472
14305164
14241044
14270024
14267908
14275064
16767616
15232700
14251732
14245908
14239204
14318032
14242116
14231312
14224420
14250468
14249292
14238796
14240784
14242088
14269428
14312372
14244932
14283212
14241264
14255280
14246504
14235088
14239552
14233528
14224696
14239304
14228752
14239540
14243548
14235604
14248180
14237248
14237436
14232836
14241828
14288016
14255508
14272592
14277836
14249940
14247148
14240060
14224556
14243104
14238128
14252772
14237808
14241204
14231216
14244876
14246276
14242724
14239456
14243048
14237436
14249968
14294568
14239056
14269576
14258700
14252972
14242756
14259192
14240892
14245024
14248272
14240888
14245800
14242048
14245580
14250556
14259760
14238924
14244084
14241492
14251708
14279160
14282732
14245356
14276096
14254172
14234476
14254460
14236108
14242872
14249488
14239772
14242740
14240824
14235900
14250112
14244308
14241096
14257300
14239460
14246608
14238516
14292352
14263044
14269076
14295116
14243120
14242204
14243636
14262448
14251596
14243684
14239916
14244496
14243848
14243932
14242168
14239688
14236792
14241052
14260228
14237300
14241596
14308512
14238868
14277312
14296124
14243412
14239740
14242300
14258536
14244164
14238124
14242372
14240380
14253464
14250780
14241996
14237484
14244156
14250768
14242432
14240240
14265452
14292724
14249508
14272312
14248036
14241444
14238336
14255504
14242088
14238880
14235300
14237552
14249300
14237964
14240660
14236304
14240488
14261176
14238060
14240560
14238956
14267696
14303900
14226932
14281172
14244092
14249204
14249312
14239192
14238060
14237360
14237972
14256120
14239064
14262884
14238612
14239000
14254800
14237576
14241792
14255500
14238768
14285800
14274392
14252396
14275712
14236108
14252880
14239332
14240572
14262124
14270076
14247172
14235932
14298600
14269812
14249124
14239764
14235992
14242272
14240952
14244388
14255896
14299276
14240684
14273592
14264144
14258208
14268352
14238472
14242488
14238116
14245416
15088408
17090372
14263784
14239560
14280228
14247588
14317072
14249920
14239036
14257680
14250320
14323952
14239412
14288928
14250340
14276944
14249372
14239204
14238960
14252828
14241328
14237548
14238284
14241100
14252052
14246128
14251896
14237648
14238492
14249216
14242656
14271096
14313688
14242164
14295132
14242440
14256896
14227032
14226148
14254092
14242032
14252644
14248600
14258640
14246584
14245368
14248936
14239876
14238656
14252352
14239632
14250796
14278996
14272620
14263880
14267828
14252896
14238672
14239180
14246316
14253312
14244104
14239840
14261420
14247828
14243524
14248016
14240268
14240160
14248332
14248388
14254084
14280716
14282536
14251080
14268876
14268784
14251932
14237404
14249824
14238920
14254644
14236164
14243624
14246156
14244476
14252112
14258244
14235876
 
14263696
14240008
14249224
14238292
14250500
14295344
14238244
14287732
14244372
14238796
14245184
14239632
14282048
14240316
14238424
14238188
14243332
14271888
14246148
14213424
14220660
14213936
14237712
14202504
14211964
14275476
14294864
14248920
14316580
14243304
14299416
14271500
14236080
14275424
14238636
14279788
14251800
14229180
14272444
14238972
14278872
14251876
14237904
14272644
14240724
14275808
14286588
14248916
14329236
14267072
14321968
14252980
14247300
14273128
14237448
14282148
14252732
14238192
14277336
14258220
14283844
14249748
14242668
14276232
14244196
14265916
14810328
18614800
14776140
14286436
14265448
14244428
14241300
14234708
14242028
14248256
14253132
14236328
14255504
14235632
14254660
14238132
14236028
14249268
14295232
14252128
14240536
15237872
18367352
18441236
16132300
14308548
14261920
14244020
14270848
14237660
14239824
14249796
14238468
14258684
14233580
14239924
14272504
14244120
14252248
14250308
14256388
14252680
14270448
14295768
14238876
14275056
14252852
14239844
14247092
14237004
14238796
14252824
14238164
14256032
14236996
14239464
14250200
14267116
14238152
14240816
14247260
14246996
14227976
14247696
14265152
14243468
14286024
14237000
14240332
14236280
14241292
14252296
14237092
14240560
14255796
14238852
14247624
14243656
14238840
14238152
14224384
14247740
14239176
14237736
14291260
14250172
14270332
14279780
14241600
14289028
14249380
14270056
14238068
14237704
14235724
14235820
14246596
14230620
14247156
14235176
14235300
14246760
14249536
14230856
14240464
14276468
16360828
17843868
17766968
17787820
14244932
14236392
14238060
14228016
14233656
14245720
14237336
14269704
14235536
14258040
14243896
14241840
14238304
14245820
14237648
14258100
14281588
14235924
14280088
14244692
14252560
14240984
14241468
14237464
14241548
14250024
14258116
14236832
14252292
14241248
14252812
14241948
14239540
14258592
14245532
14249264
14263700
14274348
14246820
14277008
14257180
14245844
14243016
14254332
14243852
14251244
14245428
14244024
14238584
14226284
14249776
14242328
14239024
14246900
14242232
14245828
14240860
14271328
14287624
14253972
14301520
14246184
14243960
14245700
14241096
14250364
14225768
14255748
14249180
14236712
14250672
14248184
14233336
14244864
14239904
14246620
14242516
14406876
14295188
14244708
14270600
14274916
14246364
14230904
14238584
14288496
14238104
14242924
14235176
14242916
14243804
14245008
14239772
14250760
14256656
14247532
14238016
14242416
14248848
14285600
14569912
14277384
14269740
14242908
15994972
17214336
14261688
14250080
14240660
14238396
14250356
14236712
14260592
14236480
14235712
14247680
14240664
14247912
14237980
14276708
14450584
18263036
18378836
18676512
14366700
14255000
14253936
14235048
14242356
14244852
14243128
14253420
14238632
14241904
14241444
14237556
14248908
14241332
14246296
14240172
14283080
14295764
14245528
14276352
14243400
14227492
14233520
14238108
14240468
14239048
14238284
14250728
14233700
14240672
14239392
14235888
14249136
14238640
14235564
14237572
14241956
14291352
14241308
14254880
14270292
14249604
14260224
14238764
14237556
14236220
14237664
14251676
14234492
14242324
14237484
14239292
14250840
14238452
14238812
14237032
14256304
14249384
14274880
14261808
14260608
14263156
14249796
14238868
14238928
14258568
14238572
14254992
14259580
14260056
14244764
14239796
14254032
14236672
14247296
14238848
14236212
14249952
14256392
14283232
14242732
14278180
14267516
14236116
14243040
14240824
14242720
14252560
14241536
14248388
14234020
14239120
14248704
14246676
14266284
14243208
14233216
14244092
14243288
14290148
14269840
14233880
14288112
14239576
14253056
14254996
14245596
14247928
14237588
14251372
14240692
14241560
14267088
14238484
14247576
15042392
14792444
14276936
14246320
14313608
14304952
14247772
14316208
14259704
14259216
14243640
14239564
14254096
14225556
14250988
14238564
14242512
14263468
14241240
14243716
14237772
14240084
14249240
14235196
14264116
14249616
14279572
14248188
14274004
14244652
14224592
14244732
14248580
14243048
14250184
14250272
14234192
14248988
14237752
14249816
14237168
14240484
14245472
14238692
14247520
14237212
14258824
14302472
14239280
14292624
14240440
14236580
14257504
14230820
14232756
14261104
14247624
14247188
14245264
14236964
14260716
14239752
14251200
14269312
14241504
14248508
14242784
14282088
14263124
14254828
14288388
14240952
14248600
14289808
14269184
14251448
14239076
14251500
14239892
14241676
14243732
14240184
14248116
14244828
14239500
14253424
14232360
14250496
14297864
14239192
14276924
14261196
14249964
14239928
14231668
14259084
16757740
14380204
14268340
14247408
14246656
14236700
14254680
14243360
14238940
14238428
14238060
14244732
14262816
14298608
14236128
14277392
14239680
14237124
14239204
14250260
14242608
14249172
14257216
14246736
14245372
14249328
14243884
14252572
14241084
14239676
14270924
14239928
14248864
14264068
14282232
14249368
14268816
14253916
14248220
14242168
14249864
14240424
14255768
14240928
14240628
14244840
14243396
14269712
14242008
14240592
14248860
14239012
14248788
14229816
14287156
14288632
14244408
14279948
14256412
14242376
14247852
14250328
14251380
14240164
14261100
14247148
14243432
14247212
14236576
14244608
14240376
14242884
14253500
14239872
14238172
14286756
14246360
14286636
14273752
14249028
14249680
14269788
14263712
14243852
14242488
14253916
14243284
14249044
14244280
14286696
14255504
14246188
14257824
14242460
14244256
14282972
14299492
14251604
14283176
14253796
14248600
14239804
14253096
14260364
14246864
14249084
14238120
14248068
14232372
14226980
14503096
15192764
14283348
14238680
14244100
14243644
14287744
14284480
14270540
14306644
14229968
14239668
14246068
14248272
14237924
14232540
14238268
14248548
14237436
14241984
14239280
14237588
14248840
14237868
14238708
14236752
14270240
14298688
14240656
14257420
14276540
14240436
14244536
14247052
14261884
14227368
14255420
14242216
14245724
14257548
14250908
14245100
14237072
14236912
14249660
14242056
14268336
14247500
14292796
14250172
14260324
14264932
14228680
14236860
14248080
14235532
14250912
14237696
14237860
14247640
14239076
14252248
14239308
14256288
14255296
14238576
14269536
14248436
14274096
14346008
14266272
14313344
14240652
14303448
14274108
14235840
14239792
14235024
14227676
14275936
14248660
14258228
14240404
14247016
14252132
14280012
14250356
14241960
14237132
14305080
14529568
15233652
14301052
14234348
14360300
14240448
14261980
14241252
14235848
14247604
14263904
14275136
14233772
14236564
14250668
14235892
14234664
14223696
14235880
14246000
14280936
14256144
14263244
14266940
14246504
14235228
14246312
14234192
14265784
14243856
14234736
14249292
14234488
14234684
14260268
14235268
14249576
14234700
14231352
14245216
14224576
14291840
14241588
14262940
14278372
14246504
14248352
14233640
14248400
14244412
14239676
14266408
14233108
14237168
14248772
14236708
14268588
14232376
14238616
14246896
14236976
14259932
14299976
14279928
14298644
14236896
14253160
14234604
14257804
14245012
14234376
14247260
14233500
14234532
14234536
14235828
14244332
14212276
14245616
14254624
14233468
14238384
14269008
14276888
14256816
15299292
15660668
14244756
14231068
14243220
14235568
14244992
14234888
14236452
14249444
14232620
14258980
14232772
14232692
14243404
15027844
17154676
14286996
14289040
14272160
14353520
14263864
14256144
14239476
14237004
14233072
14238516
14246852
14233552
14235792
14273064
14233624
14243872
14234900
14240704
14251812
14217740
14244716
14249364
14288592
14254904
14272548
14248544
14236096
14234980
14244184
14234932
14245024
14235336
14237788
14249128
14234580
14245608
14260396
14234068
14247708
14235552
14245504
14233580
14253060
14286928
14244220
14285860
14239288
14235976
14248444
14236920
14248868
14237792
14237368
14263468
14233132
14244776
14268192
14232544
14246088
14222456
14245136
14234072
14236908
14278576
14266804
14254532
14272448
14240180
14250048
14235328
14262060
14238472
14235452
14245448
14233752
14246744
14263956
14233412
17146260
16258372
14255200
14234280
14245340
14240408
14298320
14246404
14259592
14271660
14235384
14233380
14238096
14234288
14247772
14233680
14213240
18282896
18691668
14360948
14264684
14253232
14239564
14314196
14264788
14253500
14253628
14288352
14252968
14272252
14250228
14236852
14254404
14256008
14247732
14249396
14240100
14235804
14235472
14234164
14244732
14233492
14237380
14248648
14233068
14244584
14236404
14267256
14286316
14258656
14281228
14235864
14233752
14245916
14233304
14211416
14251316
14233736
14235008
14255300
14238600
14241604
14233840
14235064
14242636
14213572
14237228
14250216
14281548
14278208
14261112
14273188
14247176
14284568
14237692
14221548
14247820
14234620
14245092
14233684
14234468
14240088
14236516
14232256
14266112
14245008
14235152
14234748
14247420
14273100
14236608
14256564
14275492
14247704
15818308
15093872
14244824
14244928
14244944
14242228
14243412
14234168
14235224
14244352
14235248
14252024
14234456
14288492
14225392
 
14245248
14281936
14233768
14318648
14249424
14285040
14250020
14254944
14261492
14246000
14274312
14268084
14254316
14258980
14242988
15893368
14250976
14247284
14259412
14250296
14285672
14292956
14276052
14295040
14273512
14293252
14253784
14238720
14260200
14223512
14280992
14248896
14237676
14261004
17335424
15197920
14272664
14244260
14319104
14242764
14242492
14250020
14282436
14285056
14256892
14270108
14243664
14236104
14246472
14223568
14230652
14245632
14230960
14242780
14233700
14233632
14243028
14235968
14244092
14235664
14232824
14247664
14234008
14290456
14245556
14259308
14260156
14238140
14243292
14234148
14233024
14248208
14229616
14244660
14234156
14234856
14248764
14239720
14241160
14232840
14232144
14243772
14231596
14270592
14279884
14236888
14283812
14237224
14265724
14220800
14234372
14245988
14234580
14245396
14266520
14232676
14247116
14235132
14252080
14233300
14235720
14246112
14235732
14243148
14272776
14266984
14278984
14268420
14251908
14239112
14236592
14250668
14224824
14244508
14232244
14232116
14246976
14236420
14242384
14235372
14236920
14244608
14264908
14293928
14248204
14298640
14248912
14267956
14245908
14226668
14235100
14246028
14234716
14246984
14238316
14235472
14246072
14234912
14247596
14237508
14240144
14247332
14234924
14241900
17780816
14660316
14274572
14242256
14381364
14260720
14248884
14232264
14243952
14242644
14236996
14234108
14235540
14234648
14244780
14240312
14243820
14229544
14235560
14243660
14235500
14229760
14276444
14256676
14274364
14272124
14246900
14235864
14255888
14244700
14236292
14233780
14236440
14234956
14231796
14240508
14237176
14237228
14235844
14242600
14232584
14235964
14238168
14284884
14249596
14273112
14263476
14243548
14233684
14246340
14236724
14232384
14232220
14234604
14240764
14236556
14241616
14233380
14232724
14241524
14235656
14227992
14234812
14238536
14299084
14237312
14268068
14242556
14253936
14248700
14236480
14236436
14235664
14239228
14232808
14234288
14235224
14234028
14232868
14239572
14233660
14232912
14233984
16436400
17888584
17835752
17805616
17813268
17802084
17766728
16957304
14248788
14250820
14237748
14235160
14235672
14236460
14244188
14235480
14235416
14248276
14232072
14246132
18144536
18351668
18603440
14984384
14290840
14308788
14240644
14240960
14320512
14239960
14234960
14245424
14233872
14263400
14234676
14243016
14235912
14237536
14249036
14229720
14234680
14236024
14233480
14292612
14245548
14256652
14272576
14235984
14244968
14238672
14265820
14231932
14237076
14244812
14232588
14233816
14224312
14231312
14252160
14235864
14238128
14246600
14248664
14244064
14276160
14257492
14259300
14307032
14237256
14234848
14248412
14237432
14247948
14294788
14238536
14247908
14240956
14245404
14237716
14227680
14245236
14233576
14254004
14232088
14265452
14281088
14244520
14291184
14233216
14233360
14278060
14240652
14246788
14238152
14233820
14249972
14222932
14253836
14234476
14235896
14243836
14261168
14283832
14235972
14233228
14283200
14244500
14285228
14270520
14240508
14247860
14232564
14246340
14221968
14227676
14244508
14236264
14251164
14239128
14231456
14245008
14234248
14247604
14579352
15193348
14275196
14286600
14330836
14286612
14263468
14238392
14237304
14245940
14228520
14253548
14237376
14240676
14257900
14232896
14232644
14222344
14234736
14245888
14234028
14233208
14234396
14266136
14285068
14240956
14270544
14236756
14264432
14247320
14234380
14236768
14237024
14236352
14240552
14245528
14236108
14237896
14236316
14245180
14233652
14236072
14235712
14235100
14287792
14264040
14249852
14272856
14233580
14248136
14238864
14253656
14235728
14236868
14245604
14235216
14227392
14220532
14234652
14249820
14235832
14233856
14233228
14234728
14247328
14281228
14237396
14264776
14293820
14246700
14235452
14233972
14232128
14229048
14270288
14233980
14234592
14245056
14231416
14244548
14223124
14245864
14244892
14241008
14245968
14231060
14284308
14278020
14322564
14301140
14231804
14227996
14234300
14234096
14246356
14239916
14235776
14226352
14233124
14243144
14235724
14232028
14241544
14232880
14243772
14233152
14260128
14298328
14253912
14304160
14242276
14591156
15141772
14256152
14257568
14236564
14305464
14245248
14238828
14246272
14236248
14243600
14242168
14244268
14269144
14231504
14246544
14279460
14267892
14256052
14271224
14247728
14234648
14235736
14244852
14242632
14242412
14237368
14232560
14248340
14231908
14268320
14232380
14235840
14246328
14234860
14241404
14223524
14271924
14267104
14263792
14280388
14244692
14233040
14247528
14234284
14262484
14234608
14236560
14243404
14235516
14240976
14255932
14232724
14265116
14233036
14234764
14236176
14250908
14287316
14228072
14256948
14242652
14233712
14247616
14247868
14239236
14233484
14235128
14255844
14236232
14253632
14235340
14233344
14246588
14237488
14235124
14222444
14234912
14270736
14295196
14267956
14300784
14232560
14244696
14236824
14231976
14236492
14277160
14245884
14236920
14243092
14237064
14234212
14232992
14234112
14235264
14234376
14238236
14249820
14292364
14240104
14510864
15605012
14398172
14238216
14302012
14247712
14237948
14258612
14235904
14244964
14235220
14234640
14247336
14242224
14244520
14235272
14235048
14243472
14265656
14340348
14233976
14270728
14246144
14231040
14241172
14232292
14232116
14244268
14232884
14241380
14235284
14250292
14249424
14236960
14248132
14238016
14232352
14246000
14233860
14271672
14280992
14260268
14292348
14239988
14249452
14236452
14246596
14239808
14233116
14244312
14237192
14238792
14248828
14233712
14245408
14235728
14235804
14244484
14237804
14243692
14274048
14258604
14269956
14279396
14264816
14234572
14235016
14245312
14234524
14247196
14222208
14234712
14247740
14247760
14248956
14237992
14232996
14248072
14234460
14245948
14237400
14284036
14250764
15460464
17813840
17767776
17761360
17767796
17827784
17770384
17763040
17811016
17766448
17748000
17768356
17794876
17764536
17838136
17766896
17786888
17764180
17807536
17816528
16765484
15234524
14306760
14253232
14243252
14239812
14316924
14241380
14243196
14240264
14252672
14249844
14233412
14251980
14244120
14242124
14232452
14241620
14245616
14279020
14290416
14248388
14279544
14244888
14246724
14232656
14247296
14253340
14250788
14244396
14234912
14244892
14226704
14234228
14240644
14235200
14249200
14232844
14249484
14231744
14268236
14284944
14243148
14288196
14236192
14239724
14251132
14241424
14264732
14237156
14255268
14245840
14234216
14245104
14251964
14236184
14234408
14240376
14243360
14237744
14231316
14284128
14245160
14276672
14273172
14241104
14250184
14253676
14246364
14233540
14240280
14258680
14240244
14239756
14249996
14235696
14248276
14234224
14249628
14229812
14236876
14255832
14298264
14276656
14314384
14234980
14242192
14234672
14247008
14235940
14222336
14243468
14233508
14241268
14236688
14234600
14241340
14233132
14234056
14240348
14235552
14259124
14270844
14255840
14503984
15219932
14310804
14236432
14309560
14248136
14235556
14252540
14230516
14246116
14234968
14239072
14290364
14247464
14246100
14238660
14232848
14247260
14235708
14320964
14239608
14259760
14282660
14236552
14257152
14231016
14237976
14245520
14239088
14238536
14241052
14233788
14243116
14236212
14249628
14235128
14257156
14244340
14237700
14247948
14277884
14237656
14263340
14251584
14254652
14235768
14240008
14242088
14235160
14241372
14240260
14239888
14246092
14236932
14247116
14236076
14235244
14242580
14248808
14260980
14252712
14285200
14246480
14268988
14246620
14228172
14236844
14244708
14234732
14244524
14234468
14232296
14243920
14228444
14244092
14232648
14234796
14241636
14240040
14248316
14236148
14261792
14317048
14240208
14283472
14242188
14236440
14240084
14230748
14244764
14236360
14238456
14311424
14307612
14245680
14236108
14237228
14246968
14233084
14267200
14232276
14237164
14291816
14251600
14282920
14270724
14239948
14247624
14233632
14243732
14238544
14231372
14244172
14231000
14251248
14489084
15200756
14264316
14236180
14311364
14241728
14229508
14245416
14295284
14251532
14263632
14279128
14254500
14243320
14246756
14235968
14234460
14247756
14235224
14247144
14239864
14235252
14246492
14229908
14247964
14236788
14234788
14244404
14240324
14291404
14237896
14275400
14255516
14242656
14266312
14234532
14234988
14247956
14235736
14245272
14224620
14258480
14245008
14235768
14247548
14240052
14234712
14247564
14253492
14269240
14280284
14246144
14286508
14240856
14258340
14235760
14236812
14240932
14237532
14244532
14236116
14231056
14249264
14230696
14257696
14236164
14238116
14241604
14242712
14244964
14264020
14276200
14259976
14277612
14270368
14239852
14280952
14259564
14237880
14238612
14532180
14242952
14262188
14232088
14234864
14250456
14237116
14228612
14230972
14225024
14269820
14333652
14253232
14339496
14252292
14266080
14268200
14254836
14281952
14236712
14251304
14259044
14248588
14290708
14242368
14248028
14264360
14245732
14280404
14245088
14250224
14294952
14315852
14300440
14286300
14246976
 
14258748
14247980
14280856
14236460
14245048
14262536
14250196
14276672
14235844
14249960
14259404
14262508
14277220
14274304
14243508
14262192
14303532
14320288
14263468
14306720
14274204
15881892
14304564
14256248
14233988
14273128
14248960
14282512
14246752
14232928
14259920
14247372
14277136
14244288
14256008
14270076
14247420
14345428
14254612
15271236
14507068
14281508
14299808
14321556
14227940
14264536
14251020
14287468
14260644
14234756
14262992
14245044
14286984
14252656
14239560
14292256
14245912
14297680
14306568
14238328
14309340
14253388
14295672
14248448
14234964
14261920
14246088
14280696
14249948
14235440
14259568
14246788
14297812
14247420
14240208
14263196
14246152
14278560
14270480
14279796
14274312
14282936
14292264
14288452
14236604
14262360
14246000
14280348
14246056
14246516
14263272
14252208
14277368
14261184
14236192
14262280
14247712
14282304
14248520
14275628
14301856
14282300
14324632
14256604
14238840
14264832
14244124
14281488
14246240
14237884
14260096
14256664
14277544
14249436
14233844
14262476
14245312
14342576
14286292
14284868
14318548
14256668
14340328
14248692
14238000
14261352
14250452
14278988
14285400
14233148
14261780
14248640
14280796
14245716
14223300
14258940
14245820
14276760
14263876
17738400
14313540
14260696
14267084
14427604
14280660
14263236
14292732
14243204
14248208
14261252
14249544
14286472
14242028
14245964
14272916
14250648
14285168
14227468
14244912
14260140
14286340
14354196
14242536
14272348
14297600
14262556
14284512
14235732
14244924
14264864
14247196
14298380
14231284
14246440
14262060
14245788
14301060
14222880
14245020
14262140
14246764
14284224
14287756
14244540
14293484
14254744
14286024
14238580
14263272
14261732
14248048
14278632
14237432
14253272
14252692
14247236
14279440
14235240
14250004
14263424
14243784
14282700
14263756
14293540
14266180
14303040
14290332
14238644
14247480
14261472
14253396
14262240
14236404
14243916
14262068
14246636
14296976
14236764
14248152
14260420
14246408
14275764
14265956
14279680
14302640
14252932
14325228
14245788
14234396
14263760
14246824
14275644
14234476
14505740
16180692
14272640
14284216
14241824
14230216
14263172
14244768
14277484
14234408
14236248
14323868
14251248
14307656
14268080
14238556
14249568
14246488
14279508
14243436
14234896
14265164
14244996
14288056
15695624
14389552
14250744
14262008
14291976
14314596
14244336
14287052
14316700
14302368
14285948
14240816
14256360
14241484
14285736
14247356
14233728
14260304
14246620
14274668
14246548
14233672
14259248
14246160
14274580
14245652
14232292
14259808
14274124
14330468
14234988
14270860
14269368
14249300
14292896
14244584
14238672
14282068
14247052
14268424
14250052
14249516
14263768
14246144
14275012
14245328
14238544
14256904
14251288
14314256
14267980
14266196
14302012
14241808
14280724
14247496
14238856
14259732
14269960
14273356
14253248
14240992
14259584
14246180
14263272
14237736
14236320
14260660
14246440
14274700
14293204
14242380
14335276
14279676
14308472
14239940
14237848
14261196
14245012
14275716
14249932
14230492
14260556
14248488
14276688
14246796
14248108
14260140
14250832
14279376
14265408
14296412
14263924
15044532
15438756
14272132
14256904
14261144
14240348
14290056
14250296
14248460
14254568
14238684
14279184
14250728
14238056
14260924
14235156
14274084
14250244
14291244
14324168
14264776
14327608
14253364
14233832
14261200
14235036
14274072
14247816
14232164
14262360
14233656
14275640
14242416
14232832
14258796
14235960
14276172
14264948
14232516
14303336
14254572
14313880
14288036
14239248
14274940
14237456
14279136
14247600
14251856
14276936
14238708
14277564
14248076
14235216
14262808
14237404
14273148
14243016
14235608
14274260
14291152
14294424
14277332
14262856
14285108
14259348
14281512
14247340
14238996
14269960
14239408
14287680
14249356
14237256
14275404
14251504
14278932
14244888
14239316
14275668
14240280
14329312
14274452
14270316
14283360
14239964
14286352
14247840
14235476
14273188
14238368
14279732
14250316
14240244
14278076
14253532
14291924
14248436
15514076
15432088
14325512
14280088
14286332
14285596
14278392
14330852
14237064
14236868
14272532
14235748
14287276
14232256
14239720
14271416
14239068
14293624
14253188
15090124
16267640
14294204
14243364
14287752
14334740
14274292
14262312
14266600
14238972
14250060
14236036
14241724
14247728
14229280
14244852
14233268
14233996
14245440
14237452
14241976
14238248
14234932
14246744
14245492
14296784
14241280
14279456
14247356
14237292
14244744
14253192
14234132
14245008
14234340
14246596
14234716
14240600
14244608
14241604
14246332
14237088
14234444
14242180
14272640
14267744
14274036
14240272
14306752
14238340
14246248
14234380
14232524
14245512
14230912
14233580
14235672
14232664
14246144
14234716
14237560
14238312
14236780
14250248
14233896
14235204
14272776
14262484
14258936
14271328
14236676
14252280
14265924
14247196
14234172
14233368
14242552
14229428
14245656
14236632
14232744
14233644
14234976
14245180
14234924
14235032
14232664
14296572
14268360
14261856
14260536
14234088
14237276
14252588
16925244
14342696
14241552
14238708
14318592
14241112
14253884
14236128
14236156
14249136
14234812
14245584
14234376
14272484
14299816
14263936
14284276
14236280
14236808
14244640
14233744
14243020
14235660
14235436
14243492
14233052
14245208
14231880
14233516
14245788
14232644
14246648
14277100
14238044
14272476
14276712
14253772
14278220
14229628
14244964
14235088
14247320
14244184
14235612
14243328
14235504
14246000
14233332
14233552
14244440
14234940
14245508
14236716
14234632
14250920
14291492
14268088
14255828
14274680
14250680
14233936
14232588
14234152
14233868
14242160
14237404
14253808
14231144
14231720
14247832
14234112
14247564
14236504
14235068
14246140
14236556
14289204
14237556
14287064
14275676
14238628
14250508
14234252
14241524
14240016
14235416
14248976
14234096
14236848
14244752
14234412
14244448
14234252
14235220
14247368
14238040
14244536
14288220
14243628
14272424
14257492
14286024
14295480
14249136
14242768
14233408
14255832
14234680
14242872
14244408
14236328
14254688
14265936
14235320
14247112
14234664
14243968
14275652
14271288
14258196
14278188
14251984
14236456
14237332
14945532
16392384
16206496
14244396
14253148
14227988
14238456
14300488
14237216
14248960
14240476
14237468
14247248
14237768
14291300
14262308
14264068
14307068
14238964
14248736
14233204
14249436
14243908
14263116
14277984
14252016
14251612
14259660
14245860
14266764
14232448
14266516
14251776
14253680
14249448
14281520
14238524
14281460
14264032
14260552
14245212
14266648
14262496
14243308
14255544
14244596
14244924
14250076
14246328
14251324
14245336
14242368
14242328
14250992
14259292
14266212
14282108
14246920
14306252
14254892
14245724
14242124
14253624
14242240
14244364
14242912
14282856
14250304
14240112
14257624
14245072
14242212
14249720
14242928
14251796
14257952
14280736
14282212
14245376
14293548
14248860
14241580
14251720
14240308
14250508
14244868
14239132
14919228
16197968
14304836
14230676
14241384
14255272
14246160
14253356
14242052
14277380
14301328
14238992
14287916
14275772
14300688
14244564
14242600
14253820
14248256
14254616
14244488
14237972
14264360
14242904
14253528
14241876
14243948
14252348
14243976
14250088
14246992
14314804
14250716
14265396
14256920
14247684
14248308
14248228
14244672
14249328
14246224
14231984
14259320
14243452
14251460
14248980
14250148
14250668
14262924
14249800
14244192
14261840
14282824
14238912
14285276
14253848
14242604
14257624
14241652
14257524
14244156
14238556
14284036
14246072
14258764
14273344
14239972
14257476
14243408
14252700
14244100
14235900
14282104
14273824
14249928
14281316
14256796
14253088
14240580
14248984
14239436
14238572
14266436
14964216
17769904
17791996
17762884
17795904
17772836
17806780
17771996
17790180
17769708
17831544
17787764
17801464
17801716
17797320
17773588
17769072
18101452
17401012
14261180
14238884
14241708
14252048
14240068
14268116
14239232
14235896
14249284
14241800
14249900
14236332
14292320
14250728
14266688
14273184
14269868
14239844
14259180
14799568
18337380
18319324
17582804
14374956
14263396
14245132
14235808
14306536
14242148
14259556
14244840
14244456
14269128
14300800
14249008
14271120
14240844
14255292
14233260
14257320
14241792
14239844
14250508
14250444
14245436
14243000
14241640
14251284
14243748
14270276
14242376
14239492
14254344
14263036
14300172
14251664
14290676
14258016
14243860
14252168
14248712
14275644
14256096
14242368
14255604
14248476
14260072
14254044
14238404
14258496
14240896
14236788
14244608
14240952
14273504
14276296
14250368
14309684
14265040
14255304
14245360
14241900
14255076
17012536
14266668
14251964
14250280
14260476
14242280
14260204
14245476
14254964
14249988
14235932
14254792
14296380
14254716
14246008
14270160
14263552
14242020
14253124
14242648
14243472
14254340
14264940
14249384
14243400
14240580
14251460
14248912
14241208
14240284
14237744
14249152
14272512
14297212
14275308
14287728
14254952
14244692
14260368
14262772
14245048
14262280
14241716
 
14247704
14241108
14235788
14251708
14243132
14250604
14243532
14244684
14250564
14245492
14279496
14255232
14262164
14313240
14245172
14254604
14241544
14243604
14259092
14227832
14253452
14244280
14241592
14260640
14241464
14248168
14243844
14240740
14258304
14241172
14753900
14279380
14235624
14278140
15395260
18009396
14254504
14240832
14244368
14240128
14254740
14240828
14240876
14241760
14282880
14250756
14239204
14240844
14240580
14237464
14273040
15241852
18349260
18553004
15723880
14328616
14247256
14243240
14239124
14324040
14253756
14242916
14239516
14240496
14253632
14248080
14244160
14242212
14241112
14255516
14240308
14245244
14269100
14284860
14254868
14283164
14255000
14241936
14244836
14253020
14239488
14244628
14241776
14278800
14252096
14239620
14255376
14242792
14230276
14237128
14264380
14245504
14247240
14265976
14287972
14248308
14271652
14249444
14247492
14259752
14266548
14242708
14242772
14239428
14251560
14249016
14232324
14240176
14236828
14250248
14236372
14254916
14234764
14245292
14285436
14238284
14267544
14314188
14273812
14257080
14239816
14237788
14251820
14236224
14256148
14244984
14239992
14242508
14241176
14251684
14241416
14243668
14241064
14240932
14297512
14290360
14236632
14275464
14241384
14258492
15072732
14409232
14268388
14240976
14335852
14252404
14252500
14244836
14237192
14257788
14243340
14253280
14244812
14236220
14251300
14303068
14283924
14244420
14281432
14256408
14251968
14236852
14239980
14237788
14248156
14237844
14249052
14239536
14239528
14249112
14238684
14247456
14244756
14238972
14261124
14241948
14285092
14243624
14254124
14290852
14241524
14252964
14241600
14239440
14251808
14237500
14258144
14240388
14239808
14249316
14244836
14252372
14247056
14236900
14254240
14260668
14254828
14284904
14237428
14278560
14265016
14250364
14239636
14246584
14250624
14244920
14261516
14243980
14241524
14255256
14238768
14253984
14267492
14245336
14254480
14242648
14252576
14249492
14273600
14260408
14269756
14255420
14242944
14248708
14247560
14242372
14256504
14245704
14238756
14244140
14239980
14256392
14241108
14239980
14259004
14241940
14254536
14242504
14266116
14283800
14234696
14290392
14246936
14235016
14252496
14243300
14269236
14241916
14711780
14441272
14247116
14263740
14234752
14231188
14259456
14232904
14274424
14238060
14230948
14330372
14242728
14273160
14285264
14241128
14258608
14258936
14252552
14241152
14263148
14249228
14248800
14273196
15242008
14326800
14250520
14246076
14318740
14241320
14253480
14241144
14299332
14252108
14267328
14267336
14246092
14240176
14250496
14224436
14257316
14238792
14241596
14249804
14242500
14244136
14241412
14241936
14250852
14236424
14256068
14237600
14251912
14313216
14240040
14287956
14262360
14243148
14255080
14241960
14284628
14254604
14235616
14253644
14241796
14252204
14232640
14240324
14250860
14244472
14260888
14245400
14241252
14299376
14264864
14259240
14278408
14245984
14252164
14235916
14253832
14237400
17433140
14233320
14245576
14253116
14236644
14254728
14242232
14241060
14254528
14241248
14251116
14243752
14323624
14251912
14266152
14278960
14298756
14241332
14236824
14240128
14252548
17626896
14664024
14256608
14281652
14319612
14248360
14234816
14240248
14241744
14248936
14262752
14276440
14286576
14244480
14289900
14245840
14231364
14229796
14250168
14251812
14241288
14279448
14257848
14239120
14253704
14243852
14246616
14242548
14253764
14251116
14242192
14241892
14268560
14275192
14238372
14271644
14247720
14243456
14244012
14248916
14239268
14243700
14239204
14242420
14252040
14249592
14242220
14235840
14242132
14249332
14238244
14258852
14259052
14295904
14266984
14264164
14284732
14240884
14245536
14250948
14238924
14239948
14239376
14274144
14253616
14236428
14241720
14240700
14260860
14250492
14237340
14242292
14238300
14246096
14289928
14246480
14258548
14268048
14247232
14257688
14240548
14243836
14239952
14244952
14250420
14261240
14242828
14236228
14243480
14249960
14256708
14232960
14239232
14244016
14249632
14289644
14238904
14260932
14255368
14256000
14244060
14237200
14258348
14238860
14251492
14242756
14717880
14266832
14245380
14253384
15903760
17732192
14267388
14240356
14264048
14275604
14364452
14242280
14280796
14261836
14242852
14255756
14238100
14240072
14251928
14237980
14250664
16729740
18401804
18464916
16878596
14380948
14247420
14240084
14235480
14315928
14287344
14264744
14253580
14284348
14247160
14265620
14276460
14246628
14242672
14253836
14243892
14251596
14228040
14241596
14253244
14240636
14251716
14243128
14258312
14251056
14238212
14288892
14239328
14289560
14276692
14263988
14255800
14243400
14247684
14236404
14238136
14249188
14240720
14238960
14249496
14234980
14249504
14240900
14244552
14246108
14240320
14258992
14291904
14233052
14272856
14250364
14244776
14238308
14250408
14247760
14239140
14248136
14233136
14279844
14251528
14244348
14245824
14242476
14240484
14248868
14240380
14247512
14282916
14259196
14276016
14279304
14257036
14248308
14243248
14246792
14242080
14255684
14243944
14240304
14489976
15281432
14293484
14248272
14257344
14316812
14246252
14254876
14249132
14291616
14248940
14274392
14275868
14254008
14247612
14254396
14258520
14253748
14254100
14242504
14247996
14242000
14236176
14246504
14239460
14253336
14236772
14257552
14237564
14242628
14286056
14233828
14297256
14233140
14239940
14257500
14239144
14250148
14242296
14237232
14254780
14241908
14250180
14244444
14243180
14251148
14244004
14249600
14240912
14240256
14295208
14280632
14246344
14283904
14242516
14257168
14233964
14254064
14240856
14237952
14251116
14247224
14260644
14243204
14243060
14253128
14240032
14265220
14246316
14237960
14252744
14263232
14288280
14241408
14275808
14261756
14243160
14249580
14241380
14239904
14252012
14238732
14252360
14241840
14268556
14247600
14236556
14261084
14239640
14240724
14286028
14240328
14273584
14255432
14261400
14292340
14236896
14253896
14240884
14239540
14254588
14238896
14252616
14239048
14238268
14249648
14246496
14278340
14238868
14238792
14263620
14238036
14252788
14495096
16847924
14295412
14237864
14267740
14233200
14231160
14227432
14226792
14262312
14226968
14249032
14235952
14236084
14262836
14227296
14233056
14232548
14231708
14246984
14260496
16104956
18349444
18484780
17038244
14245752
14231788
14234704
14308724
14243168
14234960
14235304
14234424
14245364
14234632
14239680
14250288
14236564
14243024
14236540
14239704
14273704
14276224
14249156
14279016
14233388
14234540
14232540
14245612
14265440
14235820
14244576
14238380
14246716
14234300
14232560
14234136
14235428
14243840
14264600
14233604
14231772
14271444
14267320
14254968
14271076
14237524
14246856
14244480
14233716
14234384
14232524
14231928
14242812
14231140
14233216
14249908
14274316
14246648
14233644
14230428
14232732
14220724
14315820
14236656
14258280
14251896
14237420
14246560
14235932
14234556
14235144
14232984
14264228
14236560
14234388
14232024
14233868
14270076
17461740
14366080
14244320
14276900
14341976
14289208
14251920
14291380
14241900
14261124
14262252
14248764
14233624
14239160
14244812
14255160
14242956
14237072
14231724
14246768
14233332
14242616
14244268
14236772
14246600
14293116
14274620
14247220
14274896
14251088
14238212
14244592
14250080
14241796
14245864
14233576
14243336
14236680
14224024
14247620
14232960
14244040
14233848
14244324
14244836
14236696
14291652
14238952
14259140
14332184
14239924
14243492
14232876
14231932
14246680
14221960
14243592
14234412
14233796
14242452
14232052
14237432
14271044
14266372
14248568
14235564
14246152
14302280
14237720
14271756
14255268
14246872
14260456
14233400
14248380
14231008
14251644
14240076
14227220
14244340
14234344
14243860
14233096
14236904
14239308
14233364
14246080
14247956
14286672
14274388
14271644
14247488
14239224
14234804
14232888
14222744
14246192
14233284
14232864
14243100
14232896
14241560
14234920
14234976
14247204
14231312
14244680
14231044
14264968
14289192
14239536
14795896
14243344
14233332
14262372
16937988
16704700
14243260
14249644
14239940
14237880
14246996
14236048
14249068
14235952
14233232
14262052
14235280
14245232
14285128
14245392
14274656
18321328
18374100
18013220
15099752
14310884
14295804
14246644
14235484
14312000
14249044
14233096
14235032
14234604
14246124
14233496
14242384
14232404
14235512
14305048
14239236
14269092
14283888
14233004
14245692
14233980
14251240
14234116
14245044
14243304
14252932
14243560
14233596
14232124
14240824
14232308
14247212
14233912
14233096
14245360
14284852
14248268
14275600
14232792
14243640
14253624
14249740
14238580
14233820
14242640
14234168
14232608
14246820
14237724
14242944
14233884
14245460
14230988
14272636
14247476
14267972
14290832
14263768
14272264
14258480
14236192
14241088
14231176
14233556
14245424
14234832
14229648
14241808
14236620
14253908
14275784
14262020
14286708
14258124
14247072
14256676
14321496
14300268
14283560
14276036
14278556
14261928
14292512
14259736
14244400
14270912
14295508
14300504
14258728
14250168
14268376
 
14258000
14280684
14256456
14246016
14268584
14262544
14348384
14259020
14278704
14279212
14262088
14275772
14245536
14249204
14269388
14262664
14281552
14262984
14249296
14269396
14244364
14271980
14257368
14290352
14265796
14242236
14307828
14308584
14248064
14302196
14247444
14302460
14256392
14247964
14265440
14248004
14280200
14258680
14244888
14270508
14246368
14279956
14254084
14249232
14266160
14246048
14276244
14288780
14295776
14278188
14283324
14337144
14265272
14244848
14272092
14838468
15262568
14250132
14247336
14269408
14249216
14325888
14259136
14245220
14284596
14242012
14282516
14238776
14296216
14287680
14265924
14325452
14260036
14249764
14279348
14245780
14282012
14249552
15065320
15108892
14263324
14296044
14265264
14245560
14344600
14250920
14288456
14258888
14246884
14346712
14245000
14348212
14253184
14255508
14299416
14250188
14292972
14246692
14248532
14310200
14262388
14290276
14244140
14246512
14277860
14238692
14286484
14245892
14242360
14302132
14304532
14298280
14279460
14247480
14282516
14245992
14286840
14245240
14247836
14264320
14245932
14289064
14244148
14243952
14279252
14245968
14285840
14269968
14264620
14285484
14289020
14299008
14259460
14270288
14280132
14246004
14292244
14246764
14274712
14277712
14243280
14282584
14244804
14246900
14263024
14244040
14282712
14250708
14243080
14293332
15862168
14437632
14245672
14299408
14358104
14251036
14312576
14248136
14245948
14315324
14250636
14301284
14246180
14247900
14276592
14231820
14294764
14248288
14246228
14283116
14248268
14318996
14307860
14246460
14323424
14247064
14296204
14244520
14244780
14293420
14245248
14296004
14245560
14247084
14278600
14246588
14296824
14274184
14243884
14280832
14246580
14294388
14273496
14277624
14287564
14290332
14311172
14250996
14245952
14280472
14249356
14295156
14246028
14248992
14306476
14244624
14293464
14246596
14245896
14275356
14231388
14296988
14246212
14288412
14307204
14267288
14342864
14244536
14246440
14279460
14245664
14319792
14238924
14244392
14291448
14247568
14293612
14240964
14245352
14276152
14246884
14283660
14245292
14246632
14327788
14251104
14326048
14282752
14230920
14279656
14252532
14297116
14245612
14245140
14273332
14245016
14288012
14248452
14245432
14295068
14245104
14294488
14244960
14243288
14273036
14270616
14315708
14271004
14270580
14278560
14253552
14299072
14247856
14241460
14278964
14253508
14336844
14244056
17192112
14293588
14244792
14308424
14251384
14254100
14271196
14290504
14343772
14251380
14299916
14274232
14246728
14318368
14245068
14257260
14267492
14249156
14291892
14274524
14245304
16194224
15647832
14244508
14233720
14302988
14236720
14239444
14275580
14278612
14252164
14273556
14238612
14237516
14232728
14244428
14232876
14253456
14235396
14251612
14243412
14232344
14238336
14255840
14251312
14231352
14236900
14234472
14237884
14283236
14246712
14251700
14266496
14243392
14236580
14245640
14234332
14235724
14236892
14234204
14250952
14232784
14256292
14235584
14235976
14246776
14233324
14246316
14223392
14241088
14301792
14243200
14293328
14272476
14234260
14247396
14235348
14234184
14236180
14229508
14249832
14242068
14234060
14234292
14233320
14242884
14235876
14238504
14233140
14238460
14574304
14273156
14256692
16702728
15855868
14254640
14238076
14251840
14255904
14239688
14237296
14236948
14236428
14246172
14238320
14258440
14236148
14233092
14249972
14233364
14234512
14295396
14237168
14274144
14253420
14240928
14236420
14256764
14264560
14247900
14247472
14239944
14224064
14265760
14242980
14250792
14238432
14253908
14247204
14236768
14244152
14260580
14290940
14248580
14273600
14246644
14237092
14232184
14248488
14236956
14243772
14236444
14234488
14245548
14263844
14247320
14235592
14234224
14244540
14241304
14259228
14242288
14272328
14294828
14243260
14288324
14238172
14237144
14230996
14229144
14245488
14233004
14237392
14232756
14237380
14242412
14237312
14236736
14237120
14232712
14244344
14234032
14233164
14278568
16569340
17793272
17811732
17797580
17769428
17795480
17768000
17788400
17766304
17790420
17772752
17791364
17781032
17789520
17764720
17784832
17793300
17784032
17764988
17766028
17804500
17778352
17790964
17804612
17765876
17768464
17762968
17765612
17751936
17785072
17787268
17822068
17821356
17760384
17794296
17762956
14544064
14243032
14236892
14245468
14269132
14289104
14273400
14265772
14246040
14236776
14233136
14245068
14223292
14244372
14233500
14237372
14251388
18131928
14337896
14239236
14243240
14267368
14235352
14248400
14233508
14301900
14260696
14273540
14273236
14234956
14244476
14233716
14239384
14242356
14252244
14240548
14234668
14233984
14261044
14244168
14234356
14234012
14238072
14243756
14221388
14231904
14281016
14240748
14266320
14275060
14254516
14237260
14237020
14247552
14238388
14252416
14233644
14233068
14246052
14235928
14237024
14252384
14273364
14241680
14237512
14230340
14275144
14279908
14252912
14272152
14234380
14233544
14251036
14245368
14232380
14245476
14234832
14234428
14245692
14236740
14245908
14238496
14234928
15823348
16331904
14255516
14232988
14366348
14251644
14266964
14321024
14240984
14247184
14226876
14234768
14244728
14254524
14242936
14235980
14233080
14244340
14231396
14268916
14243872
14250328
14228284
14234616
14246204
14281048
14248992
14263560
14263668
14249760
14242508
14245084
14237528
14263020
14247600
14234916
14248480
14234468
14221816
14231708
14240624
14246364
14239228
14231092
14255980
14238324
14296732
14243436
14264604
14249816
14251356
14243720
14235464
14233028
14247748
14235596
14234872
14233856
14245176
14239324
14245952
14234016
14242984
14233748
14235940
14243472
14265128
14289428
14232964
14282876
14239976
14234872
14244384
14260196
14236468
14244932
14232804
14245900
14237276
14248228
14247580
14235240
14246780
14234684
14238208
14243752
14235620
14280112
14268352
14244740
14300912
14240888
14246744
14236840
14234064
14245312
14230416
14245436
14234392
14233336
14243240
14235220
14240660
14235940
14234600
14244720
14236840
14241880
14271096
14244848
14273504
14266868
14245648
14252556
14232704
14245724
14232060
14244932
14236116
14223536
14245616
14282992
14281112
14240224
14235756
14247788
14233316
14244772
14247948
14292520
14266164
14264084
14249556
14234620
14234940
14252960
14223048
14245492
14233124
14234936
14241432
14235760
14242044
14240712
16250596
15660744
14248768
14257696
14214688
14320952
14289108
14191716
14324376
14198100
14220996
14243232
14192884
14278376
14247920
14234496
14250196
14224196
14282464
14225416
14237224
14246956
14225088
14290292
14225428
14235196
14282656
14259180
14298984
14247444
14229932
14261580
14223672
14278060
14225172
14236544
14248580
14229016
14281948
14226912
14236620
14245636
14672784
14235964
14227576
14233652
14232620
14286532
14234036
14255020
14235620
14207760
14235108
14234540
14224036
14235000
14224572
14248264
14241268
14223624
14234988
14222240
14222428
15274040
15999932
14257124
14233608
14258920
14355380
14239232
14278416
14231224
14251628
14238232
14228124
14236036
14226036
14227296
14224756
14224832
14233216
14224056
14224700
14235784
14223940
14246020
14224928
14226712
14282704
14230068
14262760
14257004
14227708
14242628
14225388
14260492
14223128
14226240
14232032
14222720
14240372
14209388
14221868
14234796
14224484
14239116
14223044
14233820
14232680
14321828
14239576
14333280
14266120
14222748
14265480
14237428
14302260
14235832
14248960
14260696
14237208
14288320
14238276
14234364
14277800
14235780
14295724
14237424
14237132
14265116
14264680
14307968
14270240
14235444
14272028
14233488
14294560
14238428
14235904
14256020
14239072
14308952
14239472
14238008
14263032
14235176
14290648
14223032
14238192
14257796
14261832
14343568
14247672
14274184
14263884
14235608
14300328
14237220
14261788
14268712
14234572
14294736
14237172
14238640
14253872
14236384
14287772
14236332
14233552
14267176
14236128
14317360
14270184
14244684
14303456
14257440
14302324
14236728
14235016
14258084
14234416
14289056
14236264
14247336
14296108
14249068
14299292
14236116
14242624
14260860
17219744
14322948
14286808
14262232
14290800
14269296
14344456
14235260
14249224
14260440
14236304
14286932
14231988
14245724
14260244
14235908
14296972
16305112
16042740
14268064
14301040
14247684
14308020
14312712
14264744
14309064
14247296
14306000
14239068
14221728
14272452
14272260
14296552
14238440
14243928
14269864
14236936
14290284
14238176
14234956
14297196
14235716
14290804
14263588
14255456
14245776
14346272
14243932
14244584
14275668
14233624
14290100
14238196
14233436
14270920
14234632
14265956
14280084
14249528
14271512
14262896
14285924
14225444
14270436
14304416
14303564
14275608
14260980
14264196
14244496
14249516
14261448
14267724
14275808
14247628
14300344
14247960
14251128
14273192
14245920
14306880
14246404
14258760
14306532
14298556
14305232
14285660
14241132
14259832
14248092
14304460
14245516
14254716
14269412
14245508
14308000
14250484
14258600
14267528
14273176
14297580
14245864
14256004
14270376
14283288
 
15740560
14304920
14304292
14275340
14235748
14316148
14250944
14259668
14268936
14252112
14318424
14250752
14259256
14274652
14246200
14294600
14229308
14253620
14270756
14246024
14364048
14263288
14308880
17025168
14312836
14334148
14265488
14324756
14277028
14259296
14297400
14245628
14256096
14268648
14258204
14282916
14272840
14253780
14275448
14256684
14302556
14304104
14258632
14332576
14262712
14308464
14247572
14256420
14267020
14264736
14283296
14247748
14257136
14307212
14255048
14283324
14246168
14254344
14267200
14248628
14285476
17531412
14324564
14246372
14296008
14257244
14248872
14258036
14251432
14254356
14286028
14249312
14256672
14269956
14289032
14282524
14244380
14253740
14268596
14255532
14280748
14243520
17116488
15210920
14351716
14324956
14326772
14280476
14248768
14305176
14248500
14257388
14273200
14247560
14343456
14266480
14257864
14268656
14245932
14297288
14238976
14255480
14292556
14296128
14315408
14303516
14255776
14272188
14243964
14302824
14247220
14240744
14267392
14242396
14293724
14246636
14257808
14263452
14245168
14299568
14245772
14254984
14270600
14273148
14335552
14255100
14326036
14256560
14233568
14302348
14246660
14256376
14265772
14248632
14290300
14243580
14253864
14270340
14244644
14318852
14244312
14252964
14271748
14271168
14280924
14325016
14306112
14279436
14314200
14251276
14258608
14267448
14237516
14295744
14247408
14254792
14268160
14246024
14292992
14245836
14258628
14270608
14237992
14326772
14248144
14304400
14283900
14273980
14339292
14247332
14266152
14271328
14243948
14281068
14246208
14252204
14268664
14245612
14291920
14247676
14287848
14266328
14242868
14293000
14245228
14261900
14315692
14244128
14357072
14276576
14261836
14297696
14245272
14292876
14246320
14254912
14274948
14245120
14291504
14247412
14257576
14267952
14246628
14291776
14247856
14256880
14273048
14772272
14310352
14276344
14261104
14259772
14232520
16590924
14423112
14259896
14264692
14235704
14305996
14247756
14252900
14269496
14245108
14334108
14248520
14253700
14265232
14288044
14353876
14253420
14374788
17487816
14389700
14243656
14254052
14314796
14239828
14243360
14287276
14237680
14262268
14234896
14243792
14245448
14231808
14243212
14233960
14248384
14286772
14275692
14271256
14305792
14253512
14235652
14234756
14232472
14235992
14255120
14234364
14233620
14244132
14232792
14244588
14238968
14231844
14246964
14231552
14245564
14242220
17517128
14262800
14289548
14245512
14238812
14236840
14230768
14253420
14244520
14241524
14233184
14234036
14232676
14230996
14233912
14250128
14243436
14236740
14259732
14251116
14279020
17309180
14834120
14312056
14243556
14321324
14234952
14274632
14248672
14235664
14245036
14227072
14232760
14238576
14239356
14245008
14243608
14234724
14246544
14229600
14250100
14281792
14237272
14273144
14267140
14249888
14233692
14238940
14242320
14236168
14260940
14235724
14233760
14246436
14231864
14246224
14221920
14242152
14242800
14233820
14243232
14240872
14266692
14259972
14260120
14256396
14236864
14236524
14246612
14235204
14246620
14235688
14235416
14264380
14235880
14249104
14235344
14241168
14249632
14223212
14245684
14233628
14250832
14294724
14239844
14281240
14238892
14236548
14243968
14232888
14279356
14233256
14231944
14241920
14226152
14243404
14255372
14232792
14246744
14232744
14242128
14233524
14221108
14285204
14282616
14252764
14272500
14239616
14250552
14235604
14244564
14236656
14232188
14263484
14235488
14245252
14238504
14233608
14257348
14232432
14243004
14234292
14232340
14243612
14266192
14297992
14246876
14281544
14248152
14234664
14243868
14233344
14232880
14246152
14233828
14246808
14251972
14232744
14244024
14233312
14242688
14239076
14221032
14244552
14232996
14298116
14236228
14260456
14299408
14237716
14244008
14234896
14213160
14244020
14244764
14247752
14251608
14232880
14236952
14234604
14253972
14297268
14304772
14233824
14230896
14265476
14295308
14250448
14274648
14235696
14248036
14232888
14246080
14247588
14234348
14242448
14234860
14254852
14233392
14251456
14242012
14236324
14229832
14262972
16127520
15148588
14339632
14276788
14254788
14306180
14240732
14262652
14250532
14234068
14248540
14237104
14235428
14276944
14230428
14247268
14238308
14236812
14248276
14240844
14265952
14240744
14236004
14308488
14240876
14293008
14268616
14241352
14249140
14235064
14249952
14237624
14237324
14247040
14236732
14258264
14240648
14254592
14246956
14248684
14262304
14237944
14238724
14249900
14291368
14248836
14519000
15632008
14339988
14240736
14306744
14251516
14235912
14240652
14234412
14258728
14238304
14235772
14254316
14237132
14257448
14239508
14235692
14248240
14310192
14302580
14243072
14288384
14248576
14238736
14233556
14238716
14235884
14248200
14235080
14250704
14232216
14234396
14243976
14236204
14251184
14236168
14236688
14246708
14232496
14286072
14268044
14278216
14286568
14238288
14246776
14235656
14236064
14239648
14245072
14246908
14235020
14235560
14249148
14237944
14244720
14249568
14238900
14248132
14260284
14244816
14279520
14237980
14276740
14263648
14235452
14235956
14234944
14248164
14235688
14253792
14232356
14237448
14246288
14238852
14247496
14244796
14233204
14248868
14232688
14253704
14235336
14295836
14242608
15610364
17790944
17764080
17781280
17767112
17769888
17761584
17786772
17750144
17765488
17760964
17792920
17832464
17809896
17790472
17768440
17797232
17768136
17793400
17806088
17785640
17804724
17786440
17766560
17796824
17779748
17801292
17767380
17766308
17766396
17762036
17766632
17764476
17760876
17776752
17785892
17762004
17814100
15693928
14280224
14292984
14239796
14281804
14260216
14254712
14232508
14257744
14236788
14234944
14282108
14276748
14247028
14230120
14241012
14246852
14236452
14234940
14242308
14235260
14251116
14296844
14251972
14261392
14281188
14253996
14241132
17029948
14373676
14270988
14277992
14229064
14293572
14258564
14251428
14293576
14237272
14245488
14236932
14233464
14247440
14252120
14347028
14244964
14281292
14247228
14234244
14251320
14235092
14235472
14257172
14235664
14244484
14236592
14240100
14259124
14253108
14245816
14235304
17425816
14256172
14231820
14291336
14254804
14266680
14267132
14227824
14254080
14237812
14234628
14236356
14236192
14242788
14233792
14235852
14234012
14234016
14248468
14234224
14235656
17445580
14714608
14263904
14297324
14328108
14270728
14295144
14248712
14234320
14244832
14234840
14224160
14233064
14234328
14250276
14236252
14234088
14238900
14233876
14244284
14233512
14233992
14234816
14239868
14299744
14246164
14261192
14262252
14236868
14267660
14235416
14236308
14246144
14236688
14244836
14227892
14232872
14259476
14239852
14246656
14233616
14237800
14245520
14237812
14264764
14289620
14247236
14280428
14245488
14244620
14244464
14233840
14240072
14231104
14246872
14233304
14234776
14240372
14233440
14243072
14238596
14233496
14236892
14233452
14243464
14262172
14280184
14247412
14273728
14269404
14239092
14235160
14241804
14237784
14246240
14222360
14235076
14242528
14221364
14241540
14245036
14229628
14242116
14236808
14242820
14233944
14268988
14271220
14245724
14277476
14232712
14233396
14265340
14233760
14246060
14232424
14238512
14235188
14225364
14242268
14233108
14233160
14236276
14231652
14239512
14231716
14235468
14277552
14244784
14272324
14267652
14235356
14242508
14233408
14272364
14257744
14230880
14255100
14243424
14238012
14227464
14228812
14235276
14237496
14237456
14253060
14255172
14245896
14293572
14246864
14258624
14261484
14233412
14234828
14245876
14231888
14238240
14241896
14234908
14246784
14241372
14234420
14244812
14235180
14242772
14286788
14279980
14248644
14272396
14295096
14237188
14280536
14257268
14236868
14243116
14233144
14254844
14249296
14235320
14251620
14250744
14237840
14245704
14234068
14246888
14229884
14226372
14255092
14298216
14511304
14395416
14286124
14306212
14229584
14334160
14245164
14238688
14244680
14237268
14249256
14235548
14236204
14268680
14237412
14246204
14235688
14242432
14247116
14228052
14256872
14298076
14286992
14299220
14239228
14244600
14243340
14237928
14247548
14238376
14268296
14232408
14238396
14248020
14239364
14249460
14222460
14256764
14249996
14240340
14241748
14297440
14303724
14246376
14297620
14243876
14239872
14238808
14237460
14253380
14258192
14241604
14236916
14240868
14249272
14239388
14222660
14250780
14238020
14251864
14240096
14237252
14280056
14262292
14262444
14287352
14239784
14261384
14239616
14252092
14239484
14239352
14238448
14226584
14248960
14241380
14240212
14239260
14238048
14247744
14240284
14235764
14236740
14280160
14299408
14903476
17806248
17798108
17764844
17793236
17769828
17788408
17766768
17790548
17781500
17797100
17766572
17800944
17779920
17778816
17765664
17771808
17777208
17781048
17793660
17774264
17800556
17788472
17753876
17764048
17789400
17763936
17789736
17766308
17817540
17778044
17789224
17767588
17789280
17766512
17789500
17765280
17802252
17766724
14991208
14301768
14242976
14277520
14242404
14255464
 
14239860
14230760
14239000
14238916
14249404
14235388
14240936
14235196
14242736
14246536
14282360
14296916
14274536
14232928
14248428
14285456
14276704
14245696
14300068
14250184
14239848
14237572
14238144
14234388
14256680
14274584
14243516
14239940
14234052
14273664
14238280
14237920
14245960
15205716
15015708
14269084
14317580
14243424
14272784
14337636
14236684
14251404
14241992
14237116
14245060
14236184
14248764
14239552
14238500
14249668
14265984
14248596
14237604
14293020
14240680
14240580
14275968
14286892
14238464
14294512
14243868
14249896
14239952
14238524
14247184
14236540
14249576
14261980
14235324
14249708
14238248
14248612
14237576
14225732
15548196
14534520
14284676
14258140
14285124
14248896
14294936
14269508
14243200
14239820
14233072
14239192
14248884
14237124
14254980
14237352
14271408
14247324
14236736
14237076
14225076
14236440
14247872
14239328
14281684
14239316
14255248
14278980
14242064
14241244
14233576
14265180
14248344
14245060
14237544
14248768
14235132
14240652
14233976
14239260
14232588
14237076
14248136
14232576
14238464
14285820
14236532
14274688
14268952
14242396
14237820
14239364
14250024
14235808
14258108
14236532
14241732
14246976
14238152
14235980
14272300
14241912
14248956
14236040
14241856
14230056
14283824
14248308
14269160
14273488
14240048
14255016
14249232
14230732
14238200
14236140
14237752
14234560
14239676
14237052
14238632
14249088
14259740
14239200
14240192
14236348
14260660
14303496
14264460
14277160
14234724
14241828
14244280
14237980
14222376
14237300
14236064
14248176
14233668
14240244
14233300
14239392
14248412
14238832
14235424
14247424
14234152
14271440
14276904
14240940
14285320
14234844
14255456
14239156
14238652
14249704
14240724
14242300
14240212
14236216
14252216
14235060
14277228
14236000
14249968
14248992
14250996
14247940
14292200
14252756
14266764
14271116
14253784
14241724
14228348
14247992
14236952
14246156
14237276
14238608
14246280
14238656
14252376
14241360
14235416
14747716
14250076
14254948
14232944
15335512
18179960
14302788
14263308
14241680
14248388
14237604
14258596
14249608
14241428
14265612
14236340
14237924
14267752
14238120
14258712
14223084
15213824
18326996
18315012
18779296
14393812
14245244
14300692
14335572
14319356
14239492
14238612
14241880
14256276
14242656
14258452
14236468
14236700
14248256
14238180
14238604
14224340
14239464
14246308
15096736
15877372
14260152
14264084
14280176
14238404
14256812
14236732
14240428
14252528
14235956
17065732
17793504
17772664
17765928
17773380
17813084
17787220
17782596
17978020
14994264
15024052
14299088
14270608
14274884
14252928
14315568
14230264
14231872
14270560
14231240
14266676
14240988
14242540
14253608
14253840
14255416
14236696
14239240
14250196
14244496
14245680
14252300
14279004
14251324
14269060
14281364
14235816
14236760
14247904
14239332
14248748
14225800
14237540
14250944
14235404
14253632
14236348
14237740
14246196
14245420
14247784
14238036
14282452
14278684
14237020
14290224
14240784
14225260
14237704
14236076
14249904
14235312
14235752
14261416
14234076
14245504
14236520
14237820
14256296
14237168
14248208
14235016
14234100
14269348
14278484
14270564
14276800
14240860
14244692
14237440
14250164
14223880
14234996
14249620
14235820
14251700
14237556
14236772
14247952
14240784
14248116
14244868
14255512
14247144
14267776
14261288
14261132
14273480
14238936
14233396
14247680
14235884
14236660
14246264
14233408
14246060
14236012
14233128
14244172
14234904
14247432
14233952
14236860
14242716
14236196
14315844
14240956
14258408
14272224
14238040
14247744
14230612
14236560
14246080
14235748
14247612
14235236
14240164
14247784
14236304
14246608
14276620
14261196
14244932
14239884
14253904
14277828
14240500
14272072
14241916
14251644
14256356
14234264
14258300
14237140
14246564
14238920
14226188
14246824
14256700
14248268
14237056
14237324
14245188
14239164
14235336
14258108
14281664
14251140
14276132
14642808
18825516
14278732
14238116
14243528
14251296
14237980
14247876
14239068
14279816
14246400
14260620
14249516
14235088
14237196
14242984
14234896
14293780
14237888
14262988
14284632
14241320
15704564
18354804
18412588
17885036
14302412
14243560
14241636
14313500
14261676
14248112
14240072
14240776
14248644
14236356
14235204
14285528
17454016
14252252
14313836
14258820
14238464
14236000
14248664
14242164
14241820
14238740
14244380
14247988
14238788
14253140
14239636
14237792
14250396
14237064
14251200
14255740
14267408
16843420
15368208
14300100
14245176
14322808
14250852
14240512
14245564
14238592
14251952
14237568
14239988
14249712
14233688
14248580
14241916
14235924
14250244
14236656
14247000
14286524
14240072
14272184
14271868
14270848
14242072
14236108
14243224
14238048
14246516
14225308
14235544
14246308
14235548
14258532
14238648
14234936
14247224
14235636
14245744
14236096
14301920
14242708
14262372
14271276
14241264
14230844
14236280
14237156
14250048
14237228
14236204
14246300
14235436
14248900
14237096
14236212
14250724
14238240
14251044
14238480
14246792
14298204
14234264
14298780
14234984
14237016
14252508
14236416
14248160
14233592
14231488
14247444
14245592
14247040
14237252
14236472
14246396
14234388
14258272
14235452
14254080
14269952
14288192
14245916
14277292
14237076
14238776
14243188
14249080
14240188
14242156
14247576
14235052
14248740
14240232
14238024
14248864
14236424
14248188
14244040
14237668
14249684
14262640
14306392
14244460
14274276
14248548
14238336
14250760
14232480
14244288
14247868
14238864
14251804
14240820
14235132
14249588
14236472
14248944
14238380
14254240
14244868
14237464
14276292
14274800
14262376
14270996
14240108
14248736
14235492
14234060
14244408
14237200
14254152
14242932
14235740
14245100
14262880
14247528
14233040
14236660
14245840
14242992
14239344
14279568
14234076
14264960
14274576
14246904
14258184
14239532
14248320
14232984
14237648
14241520
14293396
14279088
14249048
14242148
14240792
14244972
14250296
14255756
14256356
14264864
14296612
14245348
14278880
14262392
14236920
14241380
14277236
15221940
16277708
14278044
14237132
14239780
14239776
14306656
14244792
14265060
14233508
14238540
14246128
14239292
14282136
14263848
14259196
14295408
14253252
14265284
14270060
14231828
14249392
14239332
14242696
14234972
14264564
14244808
14239548
14241484
14240796
14239776
14247432
14236608
14254872
14303016
14233664
14285964
14239156
14239140
14585800
15241380
14326640
14235032
14312884
14243336
14238904
14250456
14236180
14245352
14242252
14234700
14248752
14239856
14248764
14276768
14292668
14246756
14274388
14250992
14238104
14444900
14292956
14236476
14252460
14237848
14240608
14255872
14235828
14248136
14265132
14236036
14246252
14243240
14306792
14243096
14256456
14261948
14239200
14250608
14235080
14241852
14244228
14236920
14245856
14238268
14246740
14267108
14236980
14251232
14237580
14242652
14248204
14228316
14265220
14278616
14231552
14288212
14243748
14247888
14237808
14236604
14256144
14235052
14268536
14235260
14241672
14244344
14236988
14246224
14231816
14234636
14248816
14235092
14249068
14263044
14272604
14249444
14284224
14247204
14234740
14236308
14245800
14239640
14245764
14233740
14236648
14265056
14237044
14245380
14234060
14234724
14254728
14225068
14247924
14234388
14265728
14272772
14253508
14285164
14247700
14239568
14250948
14236952
14264116
14241580
14243308
14244172
14237456
14246560
14226628
14236596
14247480
14236404
14246664
14234488
14236760
14285076
14236672
14277396
14270404
14260092
14246796
14238148
14245220
14236548
14235312
14269212
14237316
14249392
14234072
14237316
14244196
14243560
14243800
14237556
14235476
14249664
14280640
14246088
14256404
14258092
14263528
14241484
14257288
14237024
14238596
14247008
14237772
14238732
14223828
14237996
14245940
14239604
14236060
14238124
14232352
14247908
14245544
14312680
14310820
14352072
14255156
14265544
14252280
14237740
14237592
14242940
14236320
14246168
14234832
14239172
14247212
14239692
14252004
14236600
14238276
14248316
14256888
14271360
14258888
14257512
14311192
14494456
14448672
14241188
14226176
14312576
14231812
14251216
14235804
14274520
14244708
14236604
14261412
14236568
14240676
14246960
14235840
14251256
14283712
14248784
14273136
14245288
14247320
14247384
14235960
14297644
14267816
14251992
14303436
14240252
14239196
14236404
14236512
14264384
14237432
14236000
14234268
14233964
14275136
14273336
14240016
14290956
14241392
14253632
14235220
14245820
14235336
14236192
14249324
14245500
14255432
14240456
14234476
14248932
14234080
14238952
14235976
14236504
14245848
14259316
14276316
14255852
14268944
14251444
14239228
14234284
14249440
14235220
14310332
14230176
14238780
14249460
14239456
14275012
14236572
14234600
14246896
14233504
14249008
14233360
14279160
14269216
14257748
14287712
14243696
14238188
14249700
14239064
14242868
14235908
14260604
14248952
14237344
14247896
14234052
14239072
14262764
14238728
14246112
14237188
14234336
14293564
14237808
14266576
14267644
14243920
14249064
14238772
14247548
14235608
14242092
14248868
14238140
 
