Procesando...
  Filtro             : mblur
  Implementación     : C
  Archivo de entrada : lena.816x512.bmp
53182824
53998344
50781408
50840336
50725808
50742076
50740120
50667744
50772844
50717516
50720156
50779964
50726684
50740288
50731888
50746232
50673836
50778244
50720260
50838836
51267272
50756440
50688400
53938464
50736628
50701940
50734688
50587080
51377752
50862932
50726696
50778016
50674420
50766676
51226724
51415524
50726220
50772116
50692288
50773052
50778580
50721496
51234484
50780276
50679948
50748164
50815000
50717980
50738664
50773784
50680448
50710296
58238376
55361004
51785300
50915604
50904216
52371884
60484000
50747736
50737164
50787360
50655344
50778952
50789044
50632352
50734008
50775824
50789624
50760540
50775612
50684764
50736760
51012844
50633456
50748156
50778800
50674428
50732864
50793992
50664688
50670968
50767904
51071428
50739516
50782284
50707840
50744800
50728392
50738180
50715036
50798684
50666376
50745104
50769436
50670360
50727448
50781784
50668056
50708768
50936688
50667664
50771200
50798612
50680796
50990668
50775864
50718816
52723608
50820484
51398208
50774632
51150496
50671760
50735932
50784192
50698364
50693404
50779016
50626832
50738916
50909252
50764212
51048412
50728976
50685964
50716584
50780920
50676184
50755484
51287084
50674196
50738080
50733560
50695892
50723120
50808628
50681712
50737896
50846128
50880844
50773588
50722280
50677352
50727544
50780856
50647932
50758416
50759068
50633304
50733628
50741788
50936640
50747188
50799508
50733348
50761220
51088620
50685812
50767048
50758892
50697868
50764484
50769464
53423796
51228720
50744212
51001680
50747732
50877936
50702148
50768700
50776504
50651556
50763644
50746080
50864000
50755400
50788388
50697628
50993184
50781920
50762868
50758988
50764092
50764568
50763028
50976672
50759920
50720344
51069124
50708644
50781636
50775932
50755528
50769456
50761016
50740760
50750292
50776940
50715616
50763380
50782380
50689576
50769064
50776720
50728388
50774952
50792772
50705400
53969120
50794592
50701908
50790620
50795924
50664652
50737384
51314944
50678280
52853808
51459372
51147396
50736836
50751700
50656068
51707744
50922532
50682196
50682744
50937756
51031160
50733332
50766216
50685816
50739092
50737836
50658400
50716864
50776128
50647400
50735560
51221120
50654092
50716740
50754860
50778436
50735760
50781048
50691956
50680168
50766988
51047736
50887284
50923320
50704852
51094028
50738420
50677204
50738824
50902436
50674800
50776384
50773180
50654808
50956948
51381904
50675000
50745332
50834728
51107032
50710808
50767372
50662756
50739844
53003888
51067960
50965120
50768060
50676732
50730184
51520460
50687980
50725416
50751316
50664084
50828788
50860392
51497332
50919976
50747940
50848644
50893720
50741984
50663784
50977072
50767496
50701128
50741240
51210616
50706132
50750300
50780384
50689248
50841832
50751976
51179168
50772112
51148420
50688876
51074432
50830744
52187788
51153680
50767416
50691916
50716632
50781308
50658780
50772200
50763076
50695956
51278124
50795808
51096376
50748192
50775968
50673236
50751024
50781512
50704100
50752116
50894776
50931520
50754680
50763884
51221160
50763120
50778772
50663792
51130992
50746560
50829384
50752736
50770336
50698196
50765064
50801784
50673236
50777284
50766364
50707324
51322424
50858120
50703940
51542564
50766880
51109940
50789108
50783000
50713004
50784516
50756124
50745424
52938896
51696576
50695764
50789768
50867428
50696736
50772444
50762868
51392904
50759244
50749860
50864636
50759372
50777052
50698492
50725416
50964636
50667020
50764612
50781372
50688028
50767612
51545116
55223812
55279040
55282664
55255052
55290584
55288888
55104576
50773720
50768864
50700328
50906176
50737544
50865808
51144912
50745396
50704228
50779644
50772296
50657060
50759428
50718644
50693480
50754916
50756500
50697700
50804508
50776552
50715268
50774592
50744940
50886248
51383524
52145504
50737388
50767152
50699712
50703172
50772344
50594496
51336600
50749524
50767076
51476116
50981628
50666300
50777228
50744828
50682108
51195064
51233764
50707712
50776040
50779332
51053144
50859868
50774424
50673976
51001612
50767604
50727780
50778800
50804316
50715428
50788472
50767936
51423976
50784052
50776248
50721480
50778840
50774648
50723976
50724284
50770280
50710748
51004532
51309228
50790968
50771084
50732848
50740688
50783632
50951008
50710796
50786244
51224388
53747780
50948532
50798076
51136036
50794316
50767172
54844876
58598968
50778844
50747188
50779564
50767900
50722112
51189336
50767688
50705880
50766732
50767932
50742204
50767988
50813472
50739796
50766028
50813512
50742840
50766484
50754440
50678792
50800068
50740476
50757336
50758584
50773772
50742552
50784516
50742188
50711664
50782736
50731792
50766628
50774812
50768804
50748972
50746264
50745932
50747708
50923868
50735004
50770468
50773000
51493964
50752112
50759100
50734104
55011908
58154708
50780004
50728188
50784932
50731940
50718452
55258584
58057652
50702244
50764292
50731312
50776480
50788300
50743872
50775140
50740216
50753208
50707412
50737396
51084844
50763184
50777308
50694380
50806476
53957740
50690420
51096152
50771032
50916976
50797696
50788144
50727908
50778952
50818076
50648512
50760224
51413768
50721216
50745440
50793140
50685364
50726652
52510776
51105684
50700748
50775412
50648820
50716532
51388320
52477456
50780076
50791044
50666228
50723156
51195288
50653340
51326292
50792624
50673076
50686920
50771748
50646528
50711960
50774636
50643976
51035612
50768896
50643180
50695624
50755044
51047460
50751644
50777496
50676848
50725196
50738196
50857332
50711828
50775872
50650040
50723340
51038656
50617624
50733560
50742504
50907536
50704912
50763664
50655972
50719344
50774732
50679104
50735300
50756000
50681052
50722388
50863596
52036412
50796332
50742384
50649424
50709240
50779552
50655012
52466712
51244124
50651720
50793748
50781852
50629536
50705112
50741572
50668648
50715984
50758024
50684764
50725752
50755476
50637212
50715788
50769044
50653588
51313640
50834592
50660820
50682092
50764092
52612900
50864088
50745192
50685740
51131080
50747516
50848212
50728208
50802328
50662236
50768620
50786740
50638672
50749468
50731648
50682876
50735784
50785476
50665760
50782792
50774044
50666036
50740504
50759844
51947080
53214724
52585740
50660652
51032996
50766660
50689532
50745516
54460976
51560584
50772844
50722704
50687296
50728100
50892720
50685900
50753704
50808592
50693688
50750816
50731672
50965404
50743512
50769332
51219724
50754008
50757488
50644288
50757548
50745844
50689328
51132352
50778756
50681480
50765616
50758188
51424224
50753032
51389464
50698788
50754856
50754356
50688616
50781332
50744636
50640140
50772088
50702240
50683872
50777276
50759364
50690544
50761284
50731008
50638732
53257136
50764292
52414628
50822008
51117540
50651180
50758280
50744928
54208672
51390356
50763212
50691744
51127824
50709352
50683708
50745248
50767276
50687648
50756580
50754152
50685436
50748048
54140752
53858420
50916868
50614512
50850208
50736728
50744904
50731428
50734948
50745300
51086220
50784888
50638932
50795036
50781752
51425736
50775564
51349744
50777840
50761788
50828224
51010964
50627600
50721080
50749288
50669384
51307452
50777184
50679764
50687204
50754836
50651400
51349272
51547024
51380628
50726380
50790980
50694184
50719496
50735928
50668420
50699820
51738076
54239216
51419672
50621808
50767168
50744040
51037788
50729508
50762848
50710380
51529496
51386616
50645120
50723720
50766992
50652988
50681128
51075656
50685524
50838232
50789348
50705888
50764884
50736048
50700308
50728496
50790744
50694884
50744960
50817800
50644248
50742532
50738100
50712468
50848740
51687688
50772876
50760188
50783668
50759112
50783480
50764556
50689108
50739508
50761144
52895920
50789760
50764744
50728924
50750528
50759540
51117432
50716556
50771084
51365752
50852380
50764508
50716840
50740020
53968988
50789408
51225812
50762496
50700168
51446620
50792200
51311772
50771100
50759064
50683924
50768860
51427436
50733236
50761120
50768568
50990696
51509168
50752424
50718632
50791148
50739644
50755672
50789728
50748672
50769532
50784916
50739348
50740224
50764808
51453820
51174320
50774152
50766112
50776636
51250872
50810640
50718220
50739344
50792660
50662980
50753256
51973520
51181860
50751824
50762152
50703820
51254376
50772096
50739716
50727664
50770972
50689888
50748096
50769228
50776960
50752060
50734428
50725312
50724544
50794088
50720580
50752052
51094232
50715656
50750824
50746016
50709700
50752848
50760160
50738452
50849880
51199812
50659420
50744684
51415468
50761936
50760476
50791840
51019076
51205016
50780080
51326256
50858996
50745084
52653120
50945732
50804412
50767212
50774988
50702864
50741832
51440276
50769436
50793184
50779072
50772928
50707716
52741056
51129148
50728404
50788072
50727504
50894128
50790476
50750160
50777872
50744508
50722916
50757436
50788252
50723624
50924564
50781244
50667860
50764784
50759908
50945728
51138640
50791120
51110876
50728280
51078076
51053092
50732236
50782700
50694964
50722164
51487108
50652068
50714600
50904156
50620976
50695936
52569508
50631128
50691580
50734796
50578300
52769292
51604816
50576844
50644316
50729248
 
50579120
50602608
50736168
50594472
50688140
50723368
50592040
50636664
50689776
55699816
57592652
50731904
50803188
51367512
50737544
50576488
50646020
50715260
50578832
50652016
50691216
50581836
50619468
50746612
50567468
50639280
50724048
50629412
50633016
50740152
50943304
50606916
50722584
50572220
50658780
50729080
50713632
50654244
50725728
50583188
50583704
50733868
50556640
50647060
50739828
50595192
50637988
50737668
50589872
50591672
58123384
54704456
50600320
50703892
50547664
50635936
50680032
50609180
50643428
50823532
50591588
50614164
50711032
55325484
57343612
50707852
50540040
50643940
50689024
53798384
51437656
50858564
50650312
51169300
50769152
50639564
50691832
50814052
50647008
50715708
50755092
50670180
50688416
50805504
50986332
50728448
50796008
50605448
51060536
50804772
50665616
51305464
50785256
50677420
50683796
52370476
51069376
50743768
50763712
50653848
50712872
50774184
50650700
50741808
50814124
50679404
51086384
50820660
50644716
50865016
50786276
50670504
57467660
56149784
50671468
50721628
50715620
50660748
50701728
51021892
50646532
50863240
51270884
50648940
50738340
50749124
50669188
50686932
50833936
50989756
50827144
50776028
50664028
50710056
51192196
50655756
50731960
50896684
50673324
50710668
50784400
50674084
50726364
50725896
50745984
50697536
50902064
50669580
50751272
50967144
51674492
50748536
50717760
50650320
50701984
50770148
50654748
50740456
50755964
50670340
51188132
50724068
50945908
50710184
50997592
50668048
50720476
50793204
53146256
50871944
50737688
50662288
50736080
50711328
50666964
50702496
50748908
51267472
50739188
50618376
50773256
50740600
50639876
50911396
50751736
50718780
50727488
50772556
50709672
50769252
50798972
50686208
50724720
51416568
50705192
51064360
50783352
51008812
51761876
50797332
50703508
50754680
50779696
50686088
53563472
51115720
50683788
50721356
50752672
50735636
50700584
50776584
50722392
50682284
50778436
50715412
50704140
50774408
50750156
50760036
50765668
50741436
50691004
50780476
52385036
51170476
51042424
51326872
50838368
50751276
50752200
50754276
50704032
50766328
50737564
50733840
50746324
50800940
50743904
50889888
50742992
50716300
50748844
50746132
50736704
50771196
50759956
50743968
50726200
50767668
51172240
50812296
50764448
52210720
51019664
50734976
50720588
50751404
50860868
53085556
50817608
50785696
50713048
51332628
50805776
51137676
50723168
50781596
50712932
50776892
50768636
50713376
50784400
50740704
52578892
50778636
50797456
50701312
50738756
50779280
55333148
54203504
50807772
51048676
50719824
50796452
50647052
50739224
50790160
50665604
50714608
51243928
50648940
51341912
50807588
50627940
50681332
50768748
50607424
50686088
50782004
50623764
50673388
50796220
50610116
50708604
50781852
51238404
50929432
50798196
50650104
50697220
50779844
53375360
50989696
51505640
50631976
51317888
50783280
50643824
50698152
50776108
50589372
50676396
50724268
50630008
50687828
50792044
50618024
52587636
50797836
50616100
50709120
51239160
50711444
51287100
50732464
50654988
50683688
50788508
50585616
50695972
51424180
50634928
51194168
50846616
50630376
50640024
50756236
50599004
50700992
50746064
50639584
51206068
52237492
50648568
51343764
50757736
50619552
50729760
53912776
51266728
50681564
50780228
50607216
50710832
50748956
50634104
50679880
50757136
50620992
50689624
50722368
50613512
50690748
50706120
50616720
50695856
51090384
50674660
50726580
50731892
50645652
53753388
51641908
51061120
50662260
50755012
50622164
50717852
51341048
50657812
50711900
50726148
50648024
51347120
50762260
51151772
50740804
50786148
50587712
51032468
50742996
50659500
50716308
50847152
50657800
50686748
50808320
52337676
50863708
51247180
50652684
50704488
50991620
51734084
50778812
50759324
50643228
51343752
50770408
50641820
50738492
50772996
50634424
50947404
50754048
50806912
50726832
50770884
50652592
50713896
51234660
50639400
50734028
50750644
50673552
50722532
52743132
51370664
50714204
50800456
50658060
50733832
50775536
50645064
50723192
51152268
50693640
50723348
50778572
50667764
50733316
50746112
50653760
50718976
50772420
50635272
51078884
50868184
50662616
50698316
50626628
51808632
50762808
50698608
50699820
50738924
50687524
53002356
51168444
50674356
50703624
51375568
50869360
50689208
50762716
50728228
51123988
50796128
50715564
50720476
50768992
50703864
50708380
50734608
50718676
52677840
50831460
50734212
50716476
50773380
52017736
51909396
50857308
50729812
50672240
50761808
50697344
50713592
50768528
50911360
50722236
50783076
50743120
51177096
50776784
50697588
50764952
50739712
50742220
50712884
50776288
51113196
50706328
50780064
50744020
50916940
52225632
51469264
50742148
51357584
50735588
51606980
51960928
50770124
50725744
50758888
50812076
51134588
50740396
50764872
50743748
50748356
51252852
50765036
51148792
50721776
50755616
50724628
50956612
50789256
50722412
52671528
50737932
50742520
51112940
50749164
50747624
54078860
50887028
50766172
50700524
50699956
50737712
50710120
50689124
50873916
50706612
50642220
50770340
50684092
50717580
50769092
50743904
50695916
50776024
50712140
50672976
50776800
50674368
50864936
52157732
50761852
50717800
52708980
50759196
50709124
51628780
51077632
50725032
50774800
50718308
50716796
50765940
50641464
50708868
50762320
50731328
50676100
50772388
50692544
50670196
50774036
53909980
50719404
50768684
50661680
50731516
59852764
51815572
51277436
50792508
50990392
50714028
50763264
50743708
50751348
51323288
50761432
51050276
50707304
51071288
50765172
50770808
50732696
50769804
50777868
50731228
50736020
50783064
50744752
51255668
50699108
51667604
51508492
51481380
50771272
50745760
50766200
51266344
50786048
50789200
50738180
50761452
50745936
50780992
50752460
50767888
51003568
50751988
50739656
50795180
50800768
50727996
50866948
50775280
50715864
50747536
50774156
50698216
53640732
50828312
50782380
50756012
50839736
51071012
50714596
50821764
51276268
50766928
51083448
50609000
50715924
51475500
50653100
51291336
50804708
50646404
50661472
50804964
50634448
50746816
52289412
50707456
50697036
50758188
50839464
50700272
53544024
50766284
50739688
50804676
51129780
50710228
51157904
50621176
50714628
51400592
50639296
50691392
50829700
50655620
50671564
50787332
51010028
50712848
51269304
50589092
50687052
50766540
50685016
51303140
50766024
50637760
50701688
51176508
56674884
56932628
50789928
50594468
50675636
50750548
50623360
50684784
50779972
50623820
50673652
50785116
50599240
50698360
50728728
50627176
50694532
50764344
50633392
50641884
50766512
50621208
50688588
50713284
50643096
50655596
52343744
51423012
50660308
50767836
50614672
51443472
50760580
50606920
50673944
50770284
50637352
51181824
50748824
50632096
50675980
50753780
50638232
50696368
50745108
50636372
50716684
50761088
50613704
50640636
50767788
50627188
50677668
51058212
50635880
50692188
52982432
51025396
50691300
50709788
50631660
51101460
50744972
50617696
50674168
50774516
50657416
50693528
50731480
50639688
50660220
50772784
50645248
50821276
50764808
50672160
50723060
50728280
50641528
50658816
50767484
52423632
50837588
50784560
50624496
50691376
50787292
50624784
50701376
50792680
50636952
50659984
50776104
50607688
50689464
50760596
50738104
50700264
50785148
50615764
50671940
50738944
50601964
50720996
51157656
50676176
51021048
50769504
50646420
50654192
50769800
54690936
59585888
50761800
50603924
50694832
50726820
50647480
50705376
50773528
50648324
50673212
50755800
50616448
50722332
50736640
50667840
50729088
50800644
50629380
50701680
50761788
50626536
50704816
51239088
51818088
51611324
51107240
50642212
50696524
50727200
50645888
50700372
50775808
50648064
50838744
50754076
50657496
50720060
50572432
50735800
50695908
50672568
50685468
50770688
50738944
50659616
51162348
51215832
51443636
50751316
50782260
50705000
50775756
50703152
50662276
50782908
50686056
50711932
50748836
50721192
50681388
50766052
50700388
51425116
50772520
50697312
50711324
50765588
50668480
50732616
51521572
51688580
50746476
50779916
50706700
50640940
50748952
50684996
50696188
50735512
50704980
50706476
50752560
50700692
50672564
50748964
51085876
50722312
50755312
50718416
51170196
50700124
50749416
50678588
50767556
50734624
50725080
50735532
50707472
50785120
50687008
53300428
50819660
51146516
50849640
51082644
51007520
50719236
50671712
50731128
52250788
50861564
50713080
50761140
50745348
50675240
50951608
50734588
50739112
50813996
50789972
50717936
50754068
50777960
50659316
51716424
51271424
51413056
50783328
51356088
50742648
50718836
50813848
50665072
50707228
50774404
50641344
50709292
50766008
50787452
50702884
50865084
50640552
50662612
50995468
50616080
50817876
51318904
50628656
50686556
50744896
50610896
50670660
50781264
50602068
50886700
50817444
50674380
50905436
50733060
50931724
51755088
51339612
50623632
50650316
50778048
50622976
50699560
50764712
50672120
50686040
50717292
50628364
50615688
51039636
50607712
50665856
50760280
50698668
50669624
52704932
50633972
 
50667212
50739500
50749388
50679036
50772872
50637888
50601004
50773920
50618544
50683012
50740336
50625236
50662060
50732056
50615168
50634396
50771232
50609388
50653944
50804700
50750432
50667476
50750612
50632864
50638680
50757256
50613536
50667988
51046468
51601056
50680460
50688172
50631092
51254024
50839404
54117720
54676740
52684496
50663036
50711840
50720708
50638140
50636632
50780760
50622912
50683500
50745564
51171216
50911912
50741300
50641844
50679456
53003348
51241296
50703908
50788504
50623688
50653272
50720924
50596876
50960676
50718844
50719800
50685660
50800696
50617768
50661056
51070268
50587004
50680816
50716040
50741056
50685040
50787272
50652584
50649344
50769888
53859916
50684912
50776080
50565704
50667548
50733332
50616012
50706284
53990416
50631652
50614952
50777176
51030780
52883632
50976656
50614420
50709400
50770952
50639212
50692636
50835472
50628104
50661228
50767276
52164200
50706780
50780020
50629416
50692340
50614264
53207588
50907804
50691804
51032384
50687760
50726928
50663772
50933984
50721796
50668668
50710092
50725560
50670016
50700524
50708648
51065268
50752340
50735692
50652472
50752268
51502116
50682844
50647552
51118040
52353140
51057928
50714212
51113308
50732044
50696672
50683200
50770404
50853596
50692608
50754284
50710696
50640068
50759892
51115696
50702604
51179408
51678756
50686536
50707284
50705024
50664168
50935476
50715768
50778468
50776808
50693560
50689080
51432908
50859336
51025472
50747068
50694960
50639748
50954048
50718000
50666304
51397660
50718096
50712252
50750744
50721128
50672568
50724724
50706528
51000188
50738352
50858628
50706052
50762512
50770100
50731948
50693832
50728500
50709416
50730460
52234340
50880380
50697620
50763820
50737280
50753044
50985904
50728080
50677448
50758876
50735764
51274248
50732672
50740164
51171716
51976704
51173916
50764284
50956172
50676560
50748572
51086660
50690460
51242588
50712636
50698272
50711148
50705724
51038188
50839016
50712260
50696204
50741832
50676836
50683300
50741632
50954316
50666704
50740980
50701720
50705944
50740132
50651440
50680284
50733116
50708628
50696104
50783200
50735220
50692600
51221512
51136844
50733504
50723016
50722108
50688416
52651752
51460004
50709248
50753776
50723312
50723664
50731972
50686756
52205488
51094852
50804276
50765548
50654184
50765900
54322844
50799864
50715636
50731540
50698756
50735488
50779420
50713288
50700168
50695976
51173496
50716904
50720812
50709488
51044652
50749540
50713648
50703540
50745344
50691192
50861744
50772048
50817740
50758192
50762796
50662480
51437968
50767720
50657356
50742052
51072572
50691864
50727968
50753516
50666780
50738516
52419876
50654760
50660356
50766100
51085652
50694672
51517352
51200480
50690848
51423436
50640676
50687332
50821884
50626640
50676292
50798992
51273752
50700200
51465996
51441972
50722056
50790604
50619216
50693072
50791520
50634120
50694360
50759836
51318824
50671800
51370540
50617876
51196532
50776332
50618184
51093860
50761368
50996904
50668040
51246692
50574864
50650796
50719796
50610380
50632552
50795404
50947032
50672056
50744660
50595148
50648200
50717856
50619172
50634144
50763076
50631280
50686756
51199292
50609820
50673080
51408640
50634848
52544992
51626892
50624316
50663720
50748416
51801032
50632924
50753648
51266420
50658348
50747364
53133220
51266640
50751096
50623672
50667728
50691940
50627872
50624004
50789676
50593572
50645224
50743680
50619804
50642984
50775888
50626448
50576944
51358956
50630324
50682312
50761972
50960424
50815496
50836804
50889112
50639416
51275236
50684956
51118672
52225572
51833868
53902744
50757108
50639704
50690576
50782340
50660696
50637260
50774544
50580856
50700084
51018752
52604064
50730436
50771824
50624144
50679868
50796904
50613968
50671716
50787004
50607804
50704028
50774236
50632256
50682772
50814632
50625984
51383376
50781408
51230664
50695240
50768416
50628724
50686816
50722780
50826276
50680580
50774612
50603752
50683572
50751876
50650620
50689528
50784388
50642200
51423740
50772468
50998380
50687416
50748128
50623296
50759724
50756048
50621796
51126564
50942464
50601024
51760704
51151352
50686240
50718344
51335852
50825552
51213412
50741816
52243864
51550448
50849232
50614168
50656564
50781056
50578716
50692212
51167768
50656260
50691524
50761128
50629692
50690740
50751756
51336712
50706924
50745676
50627848
50698148
50745384
50634452
50686204
50740900
50571672
50683548
51150712
50632444
50675804
50834672
51067144
50635212
50612644
51440124
50747684
51326768
50723504
50713868
50762584
50664368
50682056
50635036
51926852
50713516
50770120
51124252
50690812
50735124
54262532
53509964
50750784
50990944
50722476
50724476
50638200
53955652
50800880
51073156
50745148
51367540
50817904
50737332
50792848
50930808
50848072
51043528
50670576
50721508
50718684
50781060
50754044
50735168
50679616
50687672
50728788
50669864
50728164
50774956
50738024
51294316
50729328
50867292
51117888
50730668
50717848
50722168
50731820
51448556
50740172
50688128
50732328
51056816
50731688
50733524
50690052
50747876
51365532
50736452
50776064
50811948
50691248
50746360
50759264
50666292
52238328
51250468
50665780
51036628
50721588
50717184
59063992
53970744
50675372
50713600
50796572
50679472
50695728
50762100
50673592
50723456
50780900
50652376
50729724
50798140
50633564
50668896
50777056
50641468
50733620
51305908
50641272
50698108
51214624
50634588
50676920
50783268
50633244
50791896
50779620
50632476
50708832
50740180
50634644
50701092
50780680
50624184
50689248
51293060
50675760
50691884
51441552
50783324
50696356
50832512
50630840
50697212
50792100
50598824
50722184
53163924
50752756
50626576
50754540
50631208
50685132
50774440
50616256
50668484
50794324
50589732
50708604
50740388
50638800
51031464
50771356
50613328
50648904
50747136
50576048
50626544
50740384
50804128
51260056
50781132
50629544
50666836
50710088
50576108
51261612
50744052
51126156
50651168
50747236
51048872
50668088
50735932
50629476
50648396
50744048
50615844
50727260
51013004
51067824
50637344
50742924
50657832
51270804
51935868
50946596
50633752
50768000
50609288
50680364
50736928
50637700
50653344
51454932
50634536
50652816
50749460
50619744
50661368
50764224
50633496
50655144
51471140
50626980
50614776
50907840
50621116
50641448
50790184
50595372
51001324
50742376
50624608
51266792
50786072
51157220
50664060
50770132
50595276
50982716
50763004
50644880
50646136
50913692
50621528
50697504
50792508
50585992
50665752
50784704
50837576
50676960
50792592
50959152
50628680
50765236
50619904
50740584
51089500
51866384
50703904
50766732
50649352
50660320
50809328
50625436
50632392
50768328
50603352
50682780
51402052
50619920
50670968
50764300
50632684
50666672
50759500
51310124
50669704
50734720
50633720
50650592
50755684
50627308
50638008
50811752
50646696
50709540
50722816
50641420
50667804
50760520
50923116
51379896
50776584
51012808
50684656
50587264
50706248
51144092
50637944
50650040
50668372
50747752
50625164
50934084
50716344
50692540
50799044
50737500
50666912
50734412
50715176
51256940
53058692
50838896
50650184
50839268
51209968
50668644
51109740
50715160
50911324
51311616
50803872
50668024
50733372
50724656
50664052
50737056
50723692
50660572
50746924
50832292
50676108
50736884
50720080
50651368
50733784
51343616
50718220
51025700
50729308
50681060
50674944
50715728
50658628
50934884
50727824
50818404
50739860
50749060
50758036
50674120
50732624
50686168
50729164
50706092
50853308
50672816
50730512
50749484
51121940
50725536
50761508
50883936
50734980
50742752
50701052
51118748
51588048
50706580
50850620
50779260
50685324
50746784
50727932
50682252
50711000
50779888
50646404
50728388
50763696
50661404
50711084
50749160
50975612
50690328
50787984
50629908
50715092
50773572
50728592
50713300
50737468
50636640
50665384
50788528
50607460
50703080
50766540
50645024
50677384
50733692
50616180
50639880
50958080
50614756
50794096
50760852
50633040
50661300
50724384
50976232
51095996
50783176
50609020
50671812
50769944
50682492
50725940
51188128
50794584
51590176
52139868
50755268
50676792
50774412
50631788
50603024
50750136
50612852
50879348
50759792
50638116
51151632
50747880
50994064
50668704
50929456
50616344
50663704
50737168
50635380
50647424
51487600
50637160
50648212
50717152
51073136
51371672
50899804
51197708
50652744
50760948
50630568
50654432
51418876
50790340
50642028
50732516
50622196
50662728
50744544
51100640
50667804
53894784
50660472
50904752
50691580
50618872
53027108
52031692
50604740
50649008
50707752
50611800
50639904
50742052
50623972
50659572
50754556
50644868
50670176
50717460
50927912
50644508
50718688
50617520
50663012
51259736
50590776
50675416
53962440
50692744
50713164
50720204
50624652
50638428
50756088
50612244
50676504
50744644
50717584
50636528
50787000
50864396
50633828
50749784
50619260
50692324
50774380
50719020
50655072
50834388
50623108
50618880
50804968
51321624
50816920
51104856
50684540
50693868
50787032
50627972
50652968
51073088
52840328
50730780
50879152
50634416
50785024
50778060
50570100
50701164
 
50752120
50634396
50662856
50764892
50620124
50674972
50792492
50636208
50682924
50782452
50625056
50640972
50775476
51241964
50689368
50755504
50615492
50703596
51515780
50820688
50648128
50756300
50960236
50705360
50782304
50633460
50683496
51034608
50690668
50683532
50660056
50635212
50750976
50714420
51339100
50971176
50679796
50639456
50669012
50786904
50620628
50705760
50739432
50607392
50683148
50698120
50631172
52045264
52154184
50665348
50703592
50731168
50646648
50690804
50701832
50628504
50708484
51045700
50655024
50712364
51453192
50637952
50686760
50714300
50669972
50852024
50695876
50643592
50724812
50700316
51027052
50726792
50713632
50660944
50716156
50720092
51082052
50908520
50702040
50653764
50704688
50721344
50636532
50723140
50731380
50594864
50703884
50730712
50632788
50720308
50718360
50661492
50732404
50710612
50636396
52199212
51256328
50675400
50696432
50676316
50654356
54305064
51223168
50767216
51254644
50733416
50609980
50724844
50720484
51062464
50699756
50695444
50734400
50708920
50707756
50678380
50675812
50714040
50650732
50700680
50704656
50703636
50706392
50722384
51059796
50684664
50740076
50700664
50915672
51040980
50732188
50705180
50693504
50747216
50661024
50733260
50731068
50693976
50732808
50767220
50707588
50672956
50771252
51094408
50730088
50779376
50754844
50750980
50748616
50685464
50682664
50793084
50640084
50738392
50779316
50649864
50715024
50804444
51182388
51878568
50658732
50732416
50738976
50659388
50671724
50710572
50629796
50733728
50699048
50640992
50714216
50748156
50675244
50697152
50712660
51362600
50720096
51072172
50645660
50658688
50687552
50796920
50712292
50656996
50698372
51401260
50741440
50674576
50871572
50694904
50729172
50727812
50654308
50940312
50668188
50953312
51263612
50713240
50720760
50706660
50719028
50683416
52265716
50773856
50705312
50729308
50702348
50724116
50680892
50669744
50716704
50723064
50703268
50699528
50744676
50690364
50684924
50886552
50695904
50722260
50750692
50678312
50714208
50750100
50911796
50680672
50766816
51319916
50897140
50771000
50637444
50712420
51213204
50647516
50688576
50983184
50638988
50712288
50790768
50583976
50730564
50781840
50638984
51299128
50879316
50636820
50698176
50805812
51076204
51047716
50788240
50638120
50699500
50792092
50620128
50708352
51036508
50597144
50876908
51130912
50628704
52399728
51429740
50664736
50667056
50780228
50618844
50673748
51002544
51050552
50667256
50744792
50805284
50658448
50780888
50632004
50695696
50762012
50600996
50653856
50750640
50797012
50664548
50845544
50632720
50653904
50758372
50622100
50651452
50712620
50631592
51181220
50789108
50892680
50620352
50727192
50638084
50647052
50728716
50744892
50647384
50768080
50619316
50661552
50757828
50959032
50672884
50762128
50634708
50887396
50732832
53741448
51149140
50727436
50634772
50631692
50750076
54192620
51166872
50729092
50630028
50625644
50744064
51258228
50672876
50750524
50648732
50650140
51469904
50627476
50639864
50756648
50636188
50662464
50768156
50639520
51080412
50728624
50631776
50650348
50754512
50618472
50662628
50749772
50628820
50677824
50861224
50861664
50631244
50963216
51003472
50670464
50765136
50632056
50660772
50772292
50644184
51380484
50784580
50996768
50723356
50812780
50628084
51098764
50737572
50950088
51812084
50828732
50798948
51049272
50762172
50630348
50800372
52451372
52007396
50774692
50792688
50611448
50938752
50748480
50625548
50676172
50858372
50643988
50637972
50754244
50589276
50659944
50749080
50629852
50682632
50842144
50630700
50661892
50750616
50593232
50659328
50741644
50638012
50675996
50885764
50632260
50665364
50771972
50597908
50660080
50711932
50671180
50648456
50755936
50634220
50743936
50735792
50595972
50991104
50726160
50643108
50700856
50751068
50627212
50927028
51920356
50682032
50745884
50725752
50590708
50695888
50702184
52181524
51911216
50574636
50834480
50667196
50680548
51148568
50694360
50709956
50582448
50706592
50690964
50889812
50671540
50737060
50616672
50937872
50750140
50871640
50678128
50981840
50642256
50889600
50743844
50664428
50702040
50690020
50640108
51135776
50727712
50644180
50712672
50720832
50710692
50721628
50715312
50688316
50668868
51416964
51141920
50661876
50741092
50666288
50711144
50666620
50668860
51080780
51957588
51136112
50719208
50669812
50743504
50680468
50701748
50918192
51114420
50693032
50709256
50684288
50695776
50685512
50690424
50675860
50733196
50699076
50778316
50725400
50621236
50729800
50707296
50635612
50693924
50753688
50655880
50647092
50755380
50654900
50741548
50741000
50795632
50704612
50745360
50674420
50660572
50766084
50651104
50719548
52265308
50691100
50688728
50720744
50697228
51394552
51757812
50675524
50689812
52658092
51097576
50696800
50748088
50668024
50718348
51821340
50937116
50691160
50774732
50649656
50753548
50791932
50585372
50709864
50765316
50617824
50676248
50891908
50914556
50640512
50981800
51014400
50704244
50765776
50648840
50703072
50768796
50617156
50671108
50764696
50580728
50678980
50742628
50628508
51237216
50780372
50643760
50629248
50756216
50593448
50697376
50764740
50635924
50673396
50848920
50651356
50697792
50744016
50606816
51395144
51751704
51068756
50640656
50944412
50632772
50671412
50749260
50638428
50651604
50768552
51951272
51200196
50765876
50625656
51410056
50747940
51254576
50663144
50747212
50651028
50654004
50754244
50614480
50622016
50747436
50611248
50667336
50743100
50715124
50672812
50797912
50645568
50792912
50741540
51035916
50633616
50722732
50807168
50619360
50730540
50613692
50673092
50726948
50606888
50828688
50735964
50647528
50633232
50731056
50653972
50644684
50751708
50581416
50641052
51393724
52267140
50727540
51152052
50630764
50824300
50752536
50923204
50656316
50737788
51050592
50650128
51701980
51834700
50950776
51374828
50624748
50644064
50807320
50638932
50599412
50793160
51038400
50650284
50750768
50628640
50647624
50866048
51029408
50596980
50777628
50605292
50669276
51357476
50660116
50658128
50800732
50871068
50617980
50969708
51244632
50658812
50765396
50643036
50663176
50798608
50622812
50637760
50776464
51260000
50869472
50772424
50665344
50655960
50720512
50825720
52089872
50765604
50641080
50656876
50949552
50625416
50770732
50788304
50548204
50661436
51154600
50624240
52423344
51329612
51110324
50644932
50759488
50625544
50649380
50761624
50574604
50696768
52641320
50591752
51038100
50750840
50639580
50645376
50728260
50646888
50871468
50743988
50640204
50601268
50756228
50640968
50731876
50726812
50648556
50670772
50617820
50651696
50629380
50647820
51153816
51228684
51122972
50599772
50650456
51070496
50616660
50649420
50773612
50676544
51064744
50722132
50602308
52172628
50750776
50602224
50791496
50683972
50626320
50610012
50726120
50645732
50574488
50716056
50586720
50602816
51297260
50649152
50592492
50712780
50922652
50578036
50703768
50602292
50607624
51119540
50607216
50602028
50620528
50642436
50662804
50666884
50659472
50833840
51304288
52592388
50632172
50957648
51307084
50701960
50726892
50791656
50670976
50680556
50616408
50725040
52020204
50666580
50659096
50697996
51002308
50723972
51034180
50686020
50693316
50681472
50634108
50683676
50714740
50622824
50891744
51821488
51077600
50694824
51346356
50626912
51021584
50710648
50665840
50654296
50720868
51042972
50693772
51290656
50645916
50693704
50724124
50644964
51378656
50685368
50646064
50810412
50710316
50639436
50672052
50709824
50652448
50650096
50706252
50620812
50890732
50687524
50679244
51164268
50647180
50688784
50680772
50712568
51265160
50809656
51320644
51522140
50707632
50680972
50783516
50673596
50671056
51097772
50623744
50854528
51121264
50764648
50672236
50753832
50648000
51128784
52470444
51415100
51146664
50888768
51044900
50694472
50726056
50703772
50672348
51477244
50661656
50679100
50746004
51180120
50691820
50755360
51354892
50679352
50759232
50653044
50669032
50848344
50639728
50693968
50785304
50592792
50671928
50746708
50638044
50698452
50759984
50652688
50679968
52266088
50621472
50685684
50756776
50764108
51180628
53463604
50889292
50699204
50660268
51029856
51354872
50616104
50671280
50713372
50645580
50704232
50977784
51117280
50682660
50676536
50726180
50689640
52548208
51458696
50723380
50711020
51188476
50687060
50919176
50699620
50817536
50688264
50707248
50993360
50716272
50751440
50628900
50706696
51351636
50669912
50687556
50819784
50915924
50669592
50782780
50599760
50691108
50740316
50634600
50671380
50758432
50646436
51430308
50756956
52780376
50725812
50744440
51374912
50710844
51557820
51707296
50743448
50746056
50610728
50687340
50752064
50622564
50673128
50757600
50632288
50661240
50784620
50615208
50680392
50741640
50632844
50679100
50782444
52582532
51038008
50771212
50632548
50547364
50694532
50948504
50691772
50784936
50581760
50680072
50768856
50626492
50661024
50777632
50618836
50696088
50775028
50576940
50656568
50771332
50641628
50683332
50770632
50624076
50705548
51907260
51052612
50660516
50797324
50601700
50672040
50761368
 
50614052
50631060
50769688
50618020
50765380
50774200
50613148
50687660
50721344
50622700
50638572
50755392
50629564
51734644
51230016
50611988
50762064
50753696
50738580
50629876
50738468
50620800
50575960
50716244
50595240
50638096
50732536
50644864
50633304
50747808
50623756
50592060
50743704
51025612
50614744
50701736
50629636
50618372
50811492
50626724
50578808
50720964
50622712
50612288
50674772
50613752
50629732
50824516
52776840
50686048
50749316
50626420
50652276
50758704
51069572
50824420
51373500
50619832
50613624
50765252
50621940
50643716
50757076
50623168
50634228
50767284
50639124
50599472
52720448
51502048
50632852
50780012
50633960
50601872
50739796
50597584
50617328
50740096
50620928
50621220
50766832
50619188
50640468
50772528
50629724
50635580
50745296
50645008
50601104
50785944
50631060
50647356
50760068
50607920
50952648
50723620
50613324
50720332
50732500
50631724
50686568
50762268
51448800
58851924
50935744
50628404
50631252
50742700
50574864
50660908
50729584
50619488
50655524
50803824
50615764
50622416
50775988
50574960
50752368
50721344
50623916
50651832
50759148
51987356
51649024
50699084
50615284
51240720
50746764
50626620
50644584
50707180
50628240
50666052
50705136
50623072
50618532
50719544
50608920
50654828
50732696
50627512
50683344
50694480
50630060
50671968
50735948
51279660
50677892
51285688
50622836
50680088
50752860
50635352
50625464
50736116
50617208
52390060
50978072
51305124
50656116
50640732
50667004
51172884
50764636
50613324
50614544
50580184
50631276
50794048
50608048
50619888
50643548
50750440
50670808
50649892
50694272
50627884
50688376
54136452
58442908
50686924
50714704
50657432
50669660
50677140
50611304
50611124
50663544
50635532
50743020
51176824
50581396
50681044
50645604
50647000
50686920
50668452
50635688
50706584
50684644
50598848
50678592
50742776
50648828
50681376
50705916
50651000
50662776
50667708
50635428
51472168
51543312
50681052
50680696
50710684
50658040
50676728
50621664
50680120
50638164
50677820
50612724
50683324
50656204
50737112
50663444
50682628
50726564
50717184
50809860
50670776
50670836
57998720
51842744
50630104
51003168
50695480
50673080
50649388
50785384
50635080
50645844
50703280
50671396
50698072
50704336
50624048
50673020
50739112
50658076
50625692
50746968
50606016
50791640
51158156
53190684
50644244
51040424
50670080
50919516
51161684
50651660
51076816
50741024
50635168
50645056
50732208
50611280
50651804
50714764
50632332
50658064
50777980
50642816
50642180
51038952
51223336
50747840
52714020
51615240
50741568
50771036
51351588
50676364
50766684
50722692
50679732
50774076
50893096
50701372
50772964
50598100
50684256
50743408
50740356
50652924
50767948
50616068
50702136
50760824
50576636
50672704
51154380
50848204
50668824
50775360
50617124
50665784
50768876
52173268
50827164
50754896
51381624
50855080
50708772
50620548
50644596
50753000
50618596
50654688
51120880
50592424
50646636
50735256
50615368
50640784
50730984
50640264
50674360
50994120
50595296
50632300
50724268
50619488
51952068
51318216
50786088
50641416
50763240
50875304
50596516
50723008
50586328
50620212
50716880
50632868
50633592
50744308
50644436
50612424
50727900
51047204
50644076
51122416
50623772
50633468
50756864
50616748
50620860
50713900
51052092
50588468
50737368
51259464
51544096
50760996
50630372
51028984
51169348
50631592
50621316
50753216
50620252
50729700
50766240
50634460
50645204
50719308
50617832
50625528
50751608
50606936
50663356
51098500
50659084
50654256
50765204
50621248
50601600
51069064
51617860
51323544
50772448
50590884
50653072
50737440
50792868
50664944
50779828
50626680
50660376
50759176
50597960
50679644
50739132
50755168
50652316
50773124
50621440
50663836
50748044
50588148
50659988
50736636
50642380
50670740
50830596
50624224
51823112
51507092
50638324
50703640
51196900
50723260
51089732
51223984
50617900
50638352
50893440
50959152
50913936
50728972
50909772
50624092
50776192
50688368
50659364
50656656
50668192
50928432
50739484
50863932
50660096
50806804
50615364
53093380
50963100
50629300
50635920
50588160
50584760
50637904
50623104
50618848
50646008
50904824
50625772
50787224
50680424
50612756
50668320
50662380
50937968
51299116
50699896
50611352
52180252
51048904
51305196
50803156
50686900
52137540
51584836
51225344
50619212
50917980
50646940
50905732
50658480
50879644
50632052
50675868
51096708
50575528
50674440
50661136
50616068
50689824
50663504
50634752
51146916
50648988
50614880
50631612
51121164
51354736
50992144
50671644
50672344
50687912
50662424
50652256
50684488
50683488
51128000
50686520
50646068
50929656
50692040
50688712
50678316
50667112
50669172
53614752
51441672
50684336
51053788
50656160
50654776
50729984
50659880
50597540
50700116
50613992
50662264
50702416
50762244
50677272
50688420
50649284
50690020
50703808
51380000
50671708
50709900
50669284
50653716
50739648
50569116
50665860
53900452
50638836
50635552
52373256
54388684
50717048
50958144
50766524
51159552
50571344
50673900
52663396
50791980
50971356
50751016
50628104
51076060
50867980
50611376
50693252
50651812
50625508
50715752
50745268
50635256
50651128
50658468
50582072
57311664
54385048
50576680
50674044
50607804
50657084
50639768
50669992
50637344
50659584
50676520
51360364
50781236
50656668
50637796
50663148
50644144
50630404
50980740
50654436
50650572
50608688
50668300
50708872
50660028
50659412
50779524
50669936
50660960
61432648
57482044
50631996
50692392
50662128
50657724
51128904
50616472
50674360
50682644
50676984
50666216
50694548
50653496
50668964
50694448
50625100
51001104
50664624
50687224
50683636
50715024
50630828
50814008
52871788
51045588
50691920
50722092
50624036
50667408
50687060
50658728
50696672
50727128
51146528
50637820
51208444
50617664
50666100
50696780
50789916
50638564
50750412
50642256
50691180
50736844
50621376
50664796
52702448
50663464
50675396
50782244
50642152
50610972
50758612
55847940
52655368
50730956
50590848
50646340
51515460
50629200
50638976
50865312
50642008
50688028
50755608
51045800
50662076
50756888
50622040
50639648
50768852
50675984
50625804
50678632
50916484
52777624
50994148
50562588
50613768
50714808
50556232
50614352
50717160
50566120
50616320
51044876
51246404
50651872
50740248
50645232
51038000
51190132
50917988
51272904
50754308
51144932
50703376
50768012
50613476
50619852
50769124
51275804
50676740
51285376
58409036
51278288
50740428
50627216
50628628
50694692
50614264
50594428
50742260
50636308
50615908
50743412
50636816
50628608
50669000
50647952
50599500
53924772
53487196
50651200
50837624
50625864
50630384
50728176
51813296
50801636
50722048
50682760
50623712
50754232
50623392
51059664
50995500
52301984
50629480
50722096
50631012
50626468
50743648
50622396
50616796
51030336
50582600
50630244
50713784
50643016
50581896
51442580
50612036
50631524
50752140
50671400
50610208
50747060
50921408
51379996
50751724
51019556
50625036
50743604
50739316
50642704
50706668
50967664
50632792
54057820
59580988
51332712
50741692
50618960
50784744
50735672
50624948
50621640
50781020
50622492
50606528
50762768
50618200
50642892
50760248
50632332
50612748
50699660
50633840
50602060
50775552
50643296
50621416
50766276
50630976
50644736
50711084
50626444
50583600
50784376
50603188
50631840
50752076
50646844
50691020
50779012
50615452
50587776
50743244
50625780
54390896
58533484
50591824
50619832
50708916
50657496
50618156
50725064
50700416
50644960
50756672
50618180
50665560
50743968
51821456
50708888
50756456
50662040
51047980
52670128
50617552
50663324
50858636
50912816
50610676
50740336
50601212
50643596
50729156
50633756
51214744
50777016
50624128
50660324
50605852
50607976
51008684
50700836
50792852
50666360
50786008
51006544
50618664
50954660
50611836
50762688
51033980
50650056
50669272
50659916
50668948
50651292
50831732
50613248
50661648
50704532
53428120
50856496
50744680
50606312
50657472
50667388
50679336
50702136
50687428
50771772
50668560
50707308
53215872
51032288
50699884
51006668
51043616
50659324
51011700
50685616
50673252
50656540
51016228
50607736
50656028
50641840
50657404
51224804
50656008
50923104
51399564
50967916
50630764
50658628
50662120
50621812
51327688
50722028
50661816
50677636
50661192
50629112
50942680
51005868
50657784
50989868
50656724
51019344
50651348
50855940
52682828
50694136
50693420
51294180
50810816
51839264
51896912
50713468
50664704
50663292
50714356
50910352
50654244
50738836
50643328
50627900
52148988
51102536
51435636
51057172
51019216
50642400
50709656
50678348
50648512
50675016
50631516
50615692
50734668
50629288
50661676
50729708
50601328
50656036
50714376
50663656
50634516
50731384
50666204
50615520
50899756
50602184
50664080
50732860
50652212
50653828
50712652
50644108
50643504
50738328
51160696
50660996
50742048
50631936
50660600
50777448
50696124
50666820
50760844
50638832
50621916
53128480
50800764
50649560
53945440
50964044
50617148
50934336
50635612
50666396
50852664
51828248
50723552
50742332
50576776
50647540
50705512
50848920
50634780
50760300
50649832
50675748
50740480
50608656
 
51559888
50742476
51352712
50655960
50749040
50658340
50624284
50741924
51015484
50608172
50934700
50585728
51195620
50815388
50628832
50658764
50740892
50608556
50652876
52270972
50614136
50623960
52231156
50661832
50625280
51168140
50628404
51289944
53860448
50773828
50620216
50695440
50952172
50636412
51143192
50595976
50626840
50742072
50845396
50621680
50885236
50636396
50667992
51018408
50576540
50825912
50720172
50629180
50613560
50862496
51146040
50661760
50725260
50584280
50622228
50728252
50642444
50644616
50765096
50630192
50632304
50783364
50594856
50630780
51158476
50650276
50619792
50907320
51102868
51693852
50934960
50635392
50627216
50753080
53687408
55310016
51359620
52210328
51019428
50750952
50625092
50620036
52782144
51474996
50656696
50745220
50634588
50621728
50728680
50621512
50616832
50771568
50628700
50628316
50752792
50656232
50634936
50728132
50638280
50582004
50767260
51214224
50642468
50733000
50641472
50621712
50717684
50610564
50600744
50707896
50611360
50639408
50742800
50632148
50645908
50726692
50634764
50591480
50769200
50593544
50649340
50705984
50642908
50652952
50791364
50625712
50648856
50707156
52127304
54239752
50731548
52487816
50681244
50722580
50573632
50643928
50567292
59957560
50537288
50572624
50551412
50572236
53854720
50642536
50965484
50656280
51029904
50621344
50841444
51216588
50684836
50653028
50655256
50636644
50622284
50976428
51326048
50757856
50667408
50643300
50663772
50640104
50631768
50605360
50653564
51257932
50661168
50636668
50634096
50635968
50614092
50668796
50640920
50653320
50640992
50638488
50678232
51341348
51112236
50659008
50664740
50625116
50667564
50628896
57667012
55755780
50999068
50583628
50614588
50557180
53962664
59394908
51173948
50637032
51630556
50662308
50709740
50594780
50934584
51288068
50647460
50638128
50701836
50647360
50714408
50731920
51346084
50801812
51290324
50614560
50632584
50727420
50631732
50608484
50675900
51041792
50610108
50841084
50614784
50665640
50660208
51372216
50625076
50671996
50616448
50660312
50659628
50714020
50642716
50636112
51445160
50649800
50677920
50637004
50750564
50664892
52872992
50932060
50639484
50656620
50895184
50624552
52776768
50868360
50683524
50639024
50612944
50969904
50650336
50774692
50992460
50708396
50622208
51428876
50932224
50632044
50648576
51204964
50680756
50651804
51084192
50648196
51031748
50826568
50954288
50685632
50640672
50584556
51124876
50689496
50612268
50659428
50687828
50661228
51027372
51126496
50636608
51045796
50846628
50667584
52846096
52846856
50641064
51111652
50994356
50630940
50652980
50690128
50637128
50655940
50730140
51040400
51048104
50907004
50633112
50666592
50656848
50668508
50830928
51389252
50858536
51182632
50683784
50657264
51348892
50716932
50644052
50656144
50985344
50615408
50971836
51093120
50734084
50647256
50719008
50617048
51358824
50907552
50998608
50815476
50755832
50646304
50658012
51469468
50777456
50667608
50716692
51129032
50691600
51129492
51497264
50661376
51075048
50687004
50637720
50767160
52261552
50939592
50747060
50640004
51375208
51033336
50606940
50849068
50726988
50633188
50624912
50770760
50854988
50640236
50894424
50640660
50611232
51236156
50686820
51006148
51318620
50656612
51217144
50766712
50617348
51432532
50916520
51099632
50892808
50633832
50825048
50648300
50729760
50662436
50587328
50721340
53806856
50642524
50713748
50585488
50835400
50703500
50630556
50632000
50729628
50967960
50720784
50765388
50650016
50628360
51188952
50638888
51004112
50880016
50941848
50658740
52065796
50661860
50596620
50778872
50599396
50623936
50689292
50630400
50617072
50752140
50897668
50633924
50744960
50593984
50897728
50717124
50628956
51170364
50741256
50644348
50591660
50730636
50576440
50649120
51335120
50714752
50610036
50734792
50624848
50586592
50777100
50601456
50627052
50748272
50678160
50609080
50747752
50644028
51196492
50763184
50652876
50645384
50753116
50610056
50598556
50735004
50860252
50589448
50747976
52991136
50673216
50735180
50570248
50959700
54362584
50829896
50654100
50558720
50970232
50614440
50952296
51205132
50647848
50700052
50634348
50893396
50652644
50643152
51237624
50698000
50620904
50648000
54378556
55117220
55574032
55201152
55138224
55160748
55278700
55291472
55152664
55456848
55156404
55174556
55169036
55162104
55157508
55207240
55213132
55266164
55199792
55107804
55103652
50689596
50642096
51255276
50684088
50643360
50664500
50678668
50610880
50634556
50778560
50836404
50647652
50678712
50648024
50668532
53571460
50779872
51322368
50661644
50641544
50653288
50913704
51004700
51244320
50657532
50657876
50641536
50631564
50624192
50626196
51304476
50658136
50757100
50635244
50660408
50623736
50600844
50589780
50575232
50717708
50725824
51088316
50640720
50651492
50642304
50613116
50795640
50693656
50580196
50700740
50593864
50624732
50709516
51789680
50709864
50688280
50724420
50623964
50645608
50648008
50585072
50917928
50642600
50746000
50685916
50613392
50623692
51366804
50621080
50619272
50740060
50926100
50684688
50677580
50600212
50809740
50710620
50631956
50641120
50734104
50641388
50627800
50740304
51065676
50654204
51371144
50623040
51223368
50735892
50616880
50660704
50724620
51336588
50640596
51117624
50621428
50632872
50746948
50633228
50644244
50755732
51057752
50574584
50762620
50618152
50813208
50762488
52056160
51511916
50773852
50672276
50646120
51180308
50625744
50611492
50743368
50623424
50659384
50725732
50657428
50643088
50710208
50801596
50618968
50742500
50616188
50643020
50740472
50624792
51046228
51415276
50645672
50630164
50730888
50627920
50649440
50726004
50610888
50855072
50679384
50915404
51250640
50704168
50626304
50635832
50724788
50579408
50658700
51412140
50629748
50607540
50734872
50628268
50641708
50707128
50632032
50651432
50686400
50633624
50609136
50728204
50623168
51657016
51273596
51035840
50742376
50743560
50634432
51991016
52107412
50709628
50610184
50739808
50988136
51051020
50734040
50615928
50608552
50728496
50706080
50617488
50755024
50636472
50605656
50741360
50630004
50624836
50747252
50646204
50618420
50804928
50606948
50613260
50775712
50636428
50627628
50747648
50646944
50601728
53958252
50765100
50631696
50780808
50796336
50641584
50783176
50654512
50561584
50790464
50581244
52135544
50757364
50768332
50944068
50768324
52666264
51805384
50773280
50631620
51267060
50767500
50621820
51386944
51397152
51259768
50641280
50760656
50626180
50664940
50721212
50633720
51030496
50914560
51164196
50607120
51298744
50631716
50648248
50686292
50986428
50606420
50904520
51196700
50729680
50714824
50599892
50633936
50735644
50947984
51186492
51062760
51241052
50634132
50755616
50677728
50913584
50756272
50659344
50645932
50757472
51005188
50626932
50826480
50614104
51292900
50722520
50646952
51279948
51435600
50631520
50796380
50702104
50594448
50886104
51338748
51369964
50650372
51151760
50785308
50577384
51219776
50577040
50937684
50733820
50656984
50635100
50785476
50647508
50617480
51096084
51246048
50701568
51023900
51158868
50670132
50791764
50615500
50912528
50733796
50724464
50677348
50803656
50647980
50663704
50754392
52119996
50816548
50776920
50654544
50712224
50742548
50694216
52078500
51247836
50673232
50984040
50645528
50639956
50633564
50758992
50634416
50670940
50888072
51010776
50632056
51206544
50671864
50622528
50646884
50794928
50613652
50674104
51141284
50643708
50641852
51286364
50642076
50984224
50658096
50621456
50603952
50620748
51026152
50783664
50955684
50655604
51015420
51288732
50606596
50618872
50724864
51052880
51098888
50633580
52176300
50686084
50629984
50585580
50828548
53095292
51456296
50822436
51125072
50684380
50649796
50611756
50867000
51201280
53085084
50873872
50613480
50686444
50640620
50622456
50660064
50642764
50620804
50678368
50618628
50871856
51064996
50649644
50628624
50725484
50608376
50618652
50683196
50586228
50630264
50651972
50621964
50618444
50678936
50637800
51329896
50696124
50615100
50806568
50694596
50643176
50654372
51165364
50829548
50618980
50691824
50636276
50631052
50732508
50641076
50645456
50664140
50654252
51051328
50722500
52053616
50803100
50880632
50915256
51050720
50720492
50625092
50625280
50695700
52562704
50668552
50721140
50585588
50586468
50741188
50639832
50634208
50712220
50658000
50605448
50720024
50662132
50611696
50718268
50575256
50746500
50708052
50637676
50641988
53008548
50604472
53860440
50666544
50634356
50629064
50789484
50632148
50624836
50736168
50573988
50640508
50743092
50629312
50632416
50734916
50636276
50609316
50825460
50615164
50644880
50721588
50707108
51063036
51975176
50693676
50635876
50719240
50637284
50586088
50707196
50609168
50608420
50858664
51751504
50662176
50718852
50804620
50617988
50781688
50603588
50609208
51181896
50637536
50621480
50666784
50920516
50675732
50677804
50593044
50605188
50717300
50621096
50632424
50759060
50630608
50645776
50678464
51053996
50646176
50712660
50716964
50659432
50773840
50616176
51052348
50775392
50625992
50634764
51244092
50613452
50891936
 
50635972
50614076
51252384
50711860
52145188
51326440
50996944
50636852
50722824
52658956
50651764
50762324
51308560
50699200
52468068
51900192
50865396
50612564
50729700
50625052
50627612
50732108
50559076
50952512
51372816
50800552
50602708
50744664
50639372
50588404
51026588
51056440
50814392
51112224
50750484
50628748
50835368
50628908
50667036
50721412
50627480
50632756
51135280
50637588
50604488
50754680
52619748
50729392
50724616
50629964
50970132
52534860
51037040
50630844
50665072
50622188
54133308
51241968
50655328
50685104
50657380
50843364
51009520
50644392
50628844
50643852
50722592
50621216
50950232
50708740
50651892
50618868
50745164
50644884
50628840
50718700
50649476
50904120
50726308
50737720
50611492
50764952
50900328
50591152
51069784
50634188
50615168
50750648
50662632
50629696
50801952
50656220
50594304
50715184
51066860
52197476
51090056
51110908
50628704
50736176
51982008
51136292
50759500
50630576
50788860
50759032
52679504
50637836
51372952
50680876
50613520
50797644
54298260
51359548
50670024
50641876
50606608
50762508
51202152
50738484
50740004
50653600
50605348
50634420
50649480
50610872
50673584
50960504
50606472
50703600
50663864
50860848
50661436
50620612
50976328
50707608
50613508
50649672
50685716
50614056
50638680
50656996
50615428
50614164
50706260
50652456
51391852
50683308
50553220
52436604
50673828
50618136
50577716
50698776
52901080
51215768
50665932
51039752
50598532
50689356
53192032
50673696
50651568
50618548
50878136
50655968
58164984
51343452
50600612
50601760
50610860
50640388
50620272
50617632
51383484
50643576
51225800
50650908
50634456
50624780
50627752
50601960
50883056
50604848
50672804
50610968
50619180
50642016
50605792
50651480
50608808
50616060
50646524
50664716
50606124
50666112
50617404
50680948
50991552
50586148
50605716
50658852
50657240
50654500
50611476
50584084
54011472
52326192
51493036
50920152
51219576
50879524
51050156
50766012
51491812
50710880
50997928
50656188
50651568
50668508
53446080
52830708
50820320
51287760
51141268
51096376
50692652
50613972
50833568
51013324
50666600
50646800
50678560
50643124
50615552
50708208
50629036
50660520
50694176
50626000
50646104
50694116
50664528
50979656
50702436
50628016
50672340
50719452
50626612
50890972
50687076
50674884
50633612
50712268
50737788
50616076
50671736
50765764
50646748
51836628
51365888
50656580
50741460
50680676
50647632
50723552
50997728
50623832
50778332
50653816
50655164
50699128
50619280
50638236
53270012
53969916
50622992
50693496
50641824
50635944
50703500
50651576
50585148
50714264
50583064
51069572
50673760
50969596
50596468
50711924
50651772
50699932
50714624
50621152
50621020
50719048
51324048
50841972
50739952
50649884
50626852
51712292
54360556
50685120
51340888
50653660
50628320
50763096
50915464
50582748
50726892
51055784
50633984
50761588
51063124
50648336
50699368
53734016
51289112
51336364
50647000
50616924
50985372
50632144
50625124
50724716
50589240
50642788
50655404
50650540
50609300
50720756
50658252
50601584
50708652
50618116
50632464
50711432
50663256
50633400
50708480
50640760
50620064
50731076
50665412
50630888
50742216
50688092
50613144
51495748
50725248
50617512
50782124
50655668
50653020
50739944
51325336
50734780
50715576
51314192
50631488
51301496
50654392
50625124
51484724
50662376
50657608
50877344
50640464
50643852
50759196
51355728
52372524
51075900
50584112
50643176
51381196
50774104
50647356
50783384
50907364
50614052
50945492
51017536
50722628
50770096
50676972
51044016
50728228
50942476
50613112
50935796
50656132
50715260
51033540
50610628
50656744
50733076
50755768
50631760
50768940
50654288
50615504
51095248
50628008
52281088
50760580
50667800
50639072
50687160
51188360
54065860
51380640
50758980
50612540
50672376
50637804
51327520
50884800
51200176
50613664
50720264
50628096
50620088
50742300
50679260
50625600
52202100
51604064
50636544
50620088
50616792
50647256
50619496
50547396
50623712
50708324
50668400
50559600
50682304
50625296
50696504
50600272
50633124
50994284
51281072
50950928
50702424
50740096
50586032
51099124
51031864
50725964
51247400
51187872
50785900
50638716
52220432
51013524
50608640
50841852
51209368
52279104
51136228
50709744
50890108
50926172
50831520
50922988
51088540
50712864
50627316
50842928
50735200
50636636
50631896
51180604
50669164
58400016
51645068
50688620
50614884
50697312
53433116
55159960
55225184
55188844
55184004
55174232
55111200
55106080
55171764
55068532
55124552
55202560
55172892
55092460
55277824
55294352
55111564
55149992
55205776
55142244
55204788
55214660
55129760
55297944
51017672
50630928
51561076
55109788
55158072
54023448
50957108
50613888
50724624
50644484
50617584
50727488
50572796
50628716
50686320
50628876
50985256
50730680
50610132
50649848
50697108
50597884
50637916
50687140
50677384
51314280
52269812
50633812
50621312
50684260
50669176
50612220
50705408
50967104
50596808
50755528
50648008
50646804
50747468
51394184
50626992
50688416
50634796
50618712
50726708
50666588
50633940
52631712
51391044
50625116
50778408
50630560
51078420
50672160
50616644
50627324
50763252
50675664
50627044
50757664
50655096
50594216
50836984
50637704
50615664
50750868
50664820
50624308
52458380
50661032
50615248
50729400
50646700
50621472
50739512
50665564
50601056
50725248
50621640
50638432
50740624
50646296
50624888
50723508
50651156
50585460
50913100
50651660
50638468
50753468
50641468
50629856
50738784
50642720
50603580
50739488
50683660
50665228
50754740
50681640
50621280
50761780
57848740
55502156
50705640
50807972
50630320
50735984
50619608
50691640
50706388
50675340
50634288
50681472
50683772
50609700
50645032
50640852
50699416
50646068
50599904
50614636
50707656
50665028
57602212
56589408
50631340
50599316
50729016
50608056
50731876
50745996
50638956
50622192
50668472
50631248
50582172
50866244
50631868
50625792
50678532
50634248
50625300
50661656
50625808
51083104
50738756
50984480
50633808
50620204
50662800
51085232
50622232
50613036
50607232
50897224
55149524
58679200
50691892
50613508
50641512
50632704
50707472
50874052
50580752
50991812
50613808
50801104
50654940
50606756
50622884
50621788
50606684
50629760
50965100
50610392
50728624
50701024
50656020
51506860
51130668
50633276
50629316
50715796
50625252
51095000
51015904
50609828
50788724
50685308
50634848
50608128
50737876
50635284
50586304
50701932
50601748
50906372
51124812
50619072
50631628
50831432
50633368
50636944
50731240
51345544
50706788
50669524
50683580
50869576
50719596
51664380
50641576
50609044
50580580
50989188
50679500
50603636
50598124
50932680
50575820
50779828
50648932
50719900
50587240
50737392
50608760
50587816
50674284
51039028
50759752
50669652
50599320
50555544
50659436
51651980
51676340
50676964
50582404
51056808
50740064
50644664
50652976
51150308
51095564
50630508
51056252
50795172
50613148
50801364
51020584
50557680
51033208
50694144
50636336
51440616
50792080
51016792
50707860
51136452
50643956
50730232
50596724
50571140
60142924
50616812
50713708
50658292
50638416
50622068
50708508
50647480
50605296
50719164
50634456
50639912
50720932
50586660
50622104
50691256
50622404
50603108
50729248
51070952
50642372
50740364
50614092
50616628
51606084
51485964
51323696
51286296
50698836
50632428
51189704
50948316
51010636
50800492
50650976
50736824
50736476
51116572
50635072
50724232
52201096
51383352
50806076
50643560
50602540
50955220
51255304
50634020
50731400
50643984
50601428
50724804
50837416
50567048
50737088
50607676
50616592
50742296
50651072
50629364
50743172
50667392
50631132
50959004
50640528
50637180
50750636
54603968
57865240
50703564
50652640
50620896
50734216
50625780
50615984
50765552
50630388
50640828
50751336
50635308
50621476
50734692
50633492
50617504
50756044
50643376
50641424
50633492
50654860
50682752
50656812
50626088
50613332
50704936
50626552
57327724
55086764
50647472
50628452
51134288
50591312
50612412
50668928
50824836
50620824
50705564
50619028
50590624
50657308
50602404
50625828
50678284
50621120
50633544
50682456
50656012
50644516
50716560
50592380
50603124
51003212
50632188
57130932
55182480
50792608
50627772
50665072
50616992
50600972
50668948
50602232
50618240
50632616
50633232
50645644
50633808
50800372
50604240
50655348
50592744
50715760
50654928
50579908
50648684
51431372
50898464
50603296
50663812
51692864
58780392
50630616
50622612
50572768
50643224
51209048
50649228
50624968
50631512
50620372
50628284
50622992
50616772
50648644
50611964
50651124
51043156
50599368
50626564
50570740
51052184
50604896
50717636
50635084
50624624
50637828
52314152
51049812
50689916
50647676
50624980
50639780
50631060
50642032
50608952
50590508
50586428
50636100
50675576
50613220
50620392
50632160
50624744
50647292
50670760
50624360
50585460
52359840
50616824
50657896
51068092
51335916
52635444
51554848
50673728
50789052
51243724
50646592
50623692
50649916
50655084
50593540
50686152
50616244
50625376
50658992
50629668
50614116
50631360
50620748
50566436
52570620
50640624
50620888
50798756
50625532
52528904
50692452
50644844
50623352
 
50688908
54152932
51076652
50646076
50632116
50595172
50681328
50990488
50634364
50657492
51033504
50646744
50694848
50621760
50595748
50708028
50628940
50608028
51099216
50778328
50849004
50683340
50627556
50675664
50682512
53003188
51002684
50722244
50587660
51234776
50833960
50607420
50647296
50733080
51306252
51142440
50743252
50643316
50601620
50708384
50605408
50927668
50672460
50837020
50615648
50912244
51170052
50643724
51059844
50655924
50756304
50981000
50904960
50650140
50695864
50627032
50655076
50730004
50653456
50641196
50776780
50932176
50608576
50736172
50618292
54101476
59439712
50638788
50609356
50693696
50610132
50897400
50666172
50624196
50632576
50659984
50625196
50636468
50716428
50644592
50606240
50619416
50613688
50595972
50675336
50624496
50653536
50625080
50578336
50992868
50637852
50624816
50658060
50727408
50616444
50643968
50656004
51118396
51690800
50737744
50597384
50608620
50639280
50735900
50698384
50633804
50622996
50652836
50659072
50592108
50797536
51272992
50613432
50627396
50743872
50641120
50563288
50684388
50612960
50608248
52431928
50680820
50643676
50667860
50570860
50623956
50688628
50636732
50611332
50656260
50637924
50624368
50743892
50638348
50617812
50701584
50623188
50595936
50726168
50642664
50631360
50762416
50678456
50569280
51470732
50648928
50593032
50756644
50657352
50660160
50773824
50599436
50619164
50691144
51256676
54524600
50716280
50797848
50637668
50781764
50637552
50623964
50679852
50597192
50629416
50724688
50850540
50985720
50731836
50616680
51343216
50670180
50637372
50633748
51028716
51789644
50822660
50655016
50710552
50619448
50642960
50865060
50574476
50651140
50576004
50627852
50618020
50621200
50625188
50704736
50581492
52585424
50651660
50650088
50609736
53856872
50705644
51088536
50623068
50619404
50594176
50649080
51190764
50642124
50703828
50604416
50617808
51053044
50612572
50618028
53429604
50774884
50693068
50648788
50622084
51053564
50645312
50610292
50621944
50641928
50705976
50623520
50613164
52160624
50633380
50625228
50567700
50583336
52510928
50911380
50626476
50910356
50622916
50685240
50658220
50641012
50628960
50612512
50947856
50608372
50631244
50648964
50710452
51078276
50646316
50636116
50615280
50663176
50607316
50677060
50941752
50566848
50911316
50619056
50654276
51260804
50865196
50583448
51087428
50677648
50598180
50943900
50663016
50637960
57860804
56995236
50653452
50621476
50658252
50617148
50589260
50675520
50618916
50637732
50655732
50695968
50640380
50609796
50612204
50589108
50639104
56684612
56246296
50671368
50605844
50630556
50649052
50726380
50649408
50682656
50626332
50597324
50681724
50606512
50615824
50705328
50774488
50625064
50698808
50620144
50576320
50664736
50633212
51066864
50893140
50615304
50609768
50699596
50668608
56550880
51150712
50634824
50619900
51361796
50629884
50605116
50799968
50844360
50657864
50622928
51066064
50893812
53088720
60225964
50816196
50598632
50611032
50605604
50781816
50627392
50618688
50645964
50587104
50921240
50596480
50617056
50613380
50760076
50637736
50615160
50631040
50637348
50617720
50617396
50641576
50609504
50670640
50623388
50627664
50647796
50586744
50633620
50634484
50614376
50608420
50644648
50613560
50624936
50676860
50577972
50660652
50672072
50720128
50618464
50689272
50624068
50635912
50911816
52034960
50775924
52637064
50639740
50646668
50654388
50618536
50633920
50757228
53304112
50775020
50776264
50625748
50630984
50685004
51062652
50630104
50684040
50612136
50987500
50783748
50623064
50637508
50695884
51049728
50584916
51306132
50625248
50642696
50733888
50637488
50584392
50715036
50603684
50652596
50672900
50633040
51167960
50714184
50624156
50592036
51264376
50598972
50863296
50677824
51267308
51635692
50712020
52581500
50938832
50714972
50627732
50955788
50735312
53504524
50751572
50737928
50585436
51350380
50698172
51223548
51014640
51420332
50645872
50634764
50729180
50609148
50739488
50720136
50611404
50610784
50646468
50619088
50643792
50711024
51122720
50692320
50750040
50619324
50619028
50714588
50682656
50621208
50680468
50617776
50622380
50702680
50563832
50648900
50692040
53808576
50634596
50716840
50631780
50641536
51401832
50598308
51092340
50877204
50636820
50649260
50693076
51091860
50567996
50725112
51291768
50594900
54640904
58989800
50585000
50685784
50586124
50576472
50714596
60184456
50577156
50653708
50574316
50546380
50941700
50553956
50579024
50712316
50580788
50556220
50698312
50563584
50527848
50669240
50566288
53804348
50780192
50624732
50651964
51404888
50664536
51144588
50714724
50645432
50601308
50780016
50614760
50656376
50724420
50641380
50628872
50725116
50644480
51086968
50750184
50660232
50655740
50753628
50628528
51147592
50783476
51067236
50628548
50793708
51254068
50736956
53179940
59753604
51002772
50732568
50615148
50615028
57354044
56023996
50629832
50696780
50664360
50667484
50644868
50630080
51262148
50739444
50623772
50652972
50756404
50649996
50639068
50707084
50638452
50626152
50657752
50614884
50621964
50722360
50658516
50613532
53903912
50651692
50988744
50772072
50731196
50902820
50823592
50666992
50629308
50744852
50733120
51695316
50756428
50642336
51008480
50729892
50622236
50632720
50719748
50628784
50633736
50694120
50619904
51323740
50713280
50612512
50611220
50731652
50609384
50641516
50546928
50983056
51042276
50886240
50650348
50625324
50654804
50645524
50613592
50640048
50616592
50592240
50653120
51255756
50622548
50630580
50726988
50621608
50674960
50620720
50586600
50628312
51263924
50616428
50635588
50689876
50622372
50648316
50627580
51333084
50667628
50646816
50795072
50934600
50673252
50632436
52831680
51318028
50936924
51269784
50733116
50649620
50655388
51060652
50610300
50641680
51056260
50642724
50992476
50657416
50906508
50589700
50848852
51305268
50777252
51207156
50732056
51099788
51360596
50633836
51252992
50632116
51115148
50636208
50648032
50602700
50939004
50634676
50634480
50986876
50660740
50910588
50593988
50669864
50619912
50818888
51018312
50963416
51039888
50680680
50611268
50640968
50649940
50623752
50639900
53916172
55139772
51177804
50659456
50623380
50787636
51862408
50606264
53831292
50698264
50631552
53817660
51283468
50626780
50638020
50696860
50613668
50584184
50689448
50613344
50626920
50670656
50618180
50654568
50694368
50639784
50611668
50918692
50594820
50637048
50658160
50645212
50626588
50680516
50642968
50566768
50690028
50622200
50921156
50692488
50749332
50583196
50729112
51008380
50639176
50736472
50661188
50610680
50682948
51358464
50798544
50709604
50630872
50637452
50748368
50710444
51259704
50727120
50632788
52840876
51454320
50652844
50639296
50711708
50663364
50640980
51141300
50669852
50991248
50737024
50631612
50641136
50722864
51362668
50634524
50685972
50711344
50705908
51211672
50984988
50698416
50890664
50691640
50654672
50722720
51110492
50826676
51341704
50660712
51345888
50697376
51246704
50650344
50743916
50655816
51023084
50687108
51336256
50640032
50744628
50638428
50625024
50725256
50625844
50633264
50769384
50565152
51158804
50925288
50647412
50620220
50712216
53822000
51358396
50710448
50640868
50594916
50707944
50627876
50682292
50709668
50660852
50633168
50700868
50638560
50635844
50727944
50622472
50706624
51139664
50638216
50618356
50730136
50694556
51250340
50798612
50943684
50663492
50774804
50591856
50925244
51326388
50797652
50877264
50749760
50635864
50599548
50774648
50951648
52483188
51084532
50653844
50753000
50748072
54176304
51048820
50771492
50618400
51018512
50715500
50621952
50628080
50801456
50657264
50626660
50754252
50665892
50631464
50538188
50643880
50616096
50651904
50631352
50731540
50734504
50673040
50629800
50607140
50969888
50610452
50828496
50616996
50645128
50697848
50657100
50614300
50617176
50632068
50608780
50686168
50627780
50718044
51181244
50643924
50643460
50641436
50651312
50627620
50852864
50986740
50703700
50962316
50628364
50637388
50599664
50632008
50720724
50667588
50684260
50622388
51606780
51455428
50637820
50647772
51038600
50596700
50608416
50605280
50627668
50636156
50624920
50984132
50696120
50627572
51359084
50635900
50610208
50624792
51216000
50632144
50618660
50623656
50639248
51374732
50784480
50619532
50620504
50633348
50727780
50618952
50640664
50640748
51376992
50635028
50596732
50633720
50613196
50666468
50943148
50637464
50654928
50652884
50616596
51351780
50620856
50628524
50760604
50631484
50623084
50685460
50639904
50633604
53904720
50627840
50631532
50784976
51904312
50893576
53841224
50625628
50599472
50670800
51029860
50628928
50699436
50649036
50638556
50738920
50609168
51069960
50977244
50612288
50853848
51026040
50742836
50618796
50689672
50993496
50571908
51117440
50618140
51202088
50721876
50635520
50641288
50674516
51048676
50596388
50678168
50617616
50649916
50661124
50613316
50665868
50716300
50649336
50646384
50684548
50632396
50647684
50709148
50599208
50715672
50709536
50696916
50610760
50695028
50622148
52422340
51179140
50624096
50664028
50663796
50629372
50627620
50737192
 
50571296
50625968
50654696
50639904
50603060
50739836
50958568
50621616
50937076
50586512
50653000
50650264
50630768
50636112
50679776
50619652
50626036
50716372
50540804
51079516
50688952
50630020
50615380
50747140
50616232
50628588
50695864
50611372
50669052
50738472
50594524
50619616
50710312
50619268
50603004
50729720
50624304
50767724
50686008
50636004
50613468
50640232
50689808
51026072
50706176
50990948
50768852
50752996
53057720
52604140
51222468
50651864
50704772
50665004
50628176
51411372
50784224
50642780
50684716
50734400
51102016
50637792
51355196
50644388
50633456
50876496
50659776
50742988
50745840
50651556
50628008
51373968
50635492
50569284
51148764
50760472
50626740
50763332
50651736
50628532
50807952
51349576
50647360
50758920
50663840
50644364
53671728
50713952
50638348
50770844
50627276
50590012
51068200
50602624
50777052
51151248
50625220
50626020
50722528
50622324
50640784
50739748
51065888
50816992
51335448
50619648
50616720
50735928
50626564
50634092
50728424
50614140
50628684
50700340
50886044
50617728
50829092
50624260
50713640
50730956
50625556
50629148
50658416
50626816
51270508
50736928
50721236
50652176
51083688
50674228
50622836
51040344
50904896
50625988
50613344
50745352
50607864
50627760
50725348
50618528
51928488
51746760
50696504
50943212
50767604
51043524
51058684
50720844
50627056
50605520
50709864
50637252
50631968
50762636
50627456
50585344
50712536
50579800
50618164
50741020
50603604
51255348
50722792
50616964
50630124
50747552
50583724
50631876
50696228
50632776
51240848
50731324
50620284
50629600
50703636
50584416
50621144
50712532
50593516
50616168
51075304
50615064
50619356
50713672
50637508
51304824
50726756
50608996
50638976
50767780
50625708
50619864
50665784
50982152
51560572
51818316
50649500
50612916
50764496
50621492
50611052
51141068
50551520
50693252
50722388
50638176
50607572
50801108
51072364
50601064
50764220
50586056
50951684
50727308
50634488
50603144
50770224
50626908
50636696
50762904
50621564
50623888
50722172
50641004
51269684
50713832
50619804
50643156
50723920
50674888
50630432
50667428
50655376
51027684
50751796
51219200
50649556
50752872
50620132
50620328
50718096
50645416
50628220
50984560
50654788
51421448
50873620
51263708
50857736
51959188
51217248
51234812
50738964
50688660
51832660
50920828
50630548
51018280
50606992
50631564
50603516
50876644
50640312
50628380
50720976
50622132
50919656
50718812
50642624
51063432
50686868
50984572
50642708
50651080
50703396
50877580
50715804
51233592
50783972
50680972
50658720
50622176
50730208
51000656
50601064
50763608
50604572
50617464
50638992
50610004
50601084
50936324
50608424
50634324
50633772
50550004
50630552
50609188
50611304
50600932
51096448
51752136
50789872
50762244
50743292
50627068
52078664
60079480
50623340
51198208
50627452
50601896
50698972
50623544
50664792
51320324
50628484
50945420
50757472
50600564
50851484
51039208
50635848
50600004
50809880
50634704
50622016
50682248
51303512
51280800
50665528
50616620
50603852
50658392
50603104
50665688
50631476
50623648
50639964
50711876
52052388
59803352
50658572
50627144
50598104
50651032
50614844
50625744
57729688
55203128
50639192
50657084
50636140
50618920
50671132
50626044
50574688
50679544
50605468
50798704
50618424
50617664
51169736
50740944
50609712
51079636
50836596
50584828
50637968
50651088
50634388
50623584
50627724
50614052
50562424
50622020
52557536
50641184
50630336
50633760
50624144
50613952
50998572
50615152
50598520
50604596
50642012
50620884
50744388
50648716
50627984
50632808
50579444
50636076
51052464
52987828
50691784
50623808
50647192
51049500
50623120
50621996
50662640
52822644
51108444
50644228
50632280
50634504
50632224
51115456
50631760
51264508
50661276
51141716
50638228
50618408
50588744
50830508
51040704
50638036
50623300
50652416
50607436
50603192
50669660
50602416
50613192
50651648
50640024
50627700
50707096
50634476
50589032
50939728
50608408
50749356
50664700
50653580
50619600
51400732
50631052
50611144
50666376
51139024
50684940
50674516
50614172
50914692
50646256
51346528
51087448
50731800
50662684
50676496
50658596
50946388
50595208
50791776
50645220
52697732
51329036
50965012
50678232
50672600
51087452
50635680
50684032
50632552
50613436
50728828
51153000
50699512
50709904
50630576
50626924
51034360
50618536
50623296
50740040
50650480
51095248
51003580
51040804
50638548
50681472
50652284
51046340
50694612
50642848
50623460
50729900
50637576
50629892
50726960
50659480
50617324
50678816
50631788
51588216
50739404
50642836
50631212
50703724
50582800
53084960
51219624
50585544
53859008
50770020
50653592
50625804
50660536
50617288
50604196
52131676
53064704
53828224
50762640
51026424
50591808
50895816
50733824
50629532
50754412
50637284
50584152
50740716
51037964
50823176
50737104
50635020
50623740
50732924
50634868
51320492
50910404
50611056
50639352
51284172
50636448
50622856
50755780
50653384
50585740
50728008
51307228
50620060
50735332
50994104
50608672
50916644
51214808
50630688
50727476
50638232
50623344
53062244
51347436
50633108
51066440
50647048
50666664
51472184
50639464
50633516
50688484
50643612
52747300
50835748
50637224
50586384
50919404
50609328
50622824
50744312
50663960
50611840
50780708
50659796
50584020
50733776
51241892
50621632
50659556
50655932
50588152
50597048
51297344
51263116
55236708
55160880
54414096
50970840
50609824
50635824
50661300
50617720
52392080
50683884
50589204
50635848
50650444
50628920
50666256
52571456
50844664
50634872
50682928
50614688
50630212
54178784
50941324
50640884
51095896
50610264
50649492
50636820
50640488
50625824
50786868
50631676
50640080
50631384
50589520
50636376
51269860
50744992
50617700
50653436
50980448
50602328
50627140
50647944
50630912
50618212
50654572
50616820
51083380
50825460
50983796
50724912
50615864
50648768
50637420
50640580
50606140
51142892
50576628
50630320
51329060
50623440
53433980
51688248
50652008
50630544
50627264
50643072
50571132
50621656
51108008
50814720
50609892
50795060
50627708
50643728
51814516
51093308
50652380
50631428
50638380
50670260
51056660
50627452
50643416
50673216
50622820
50731700
50644172
50642280
50618824
50629708
50624156
50612340
50663620
50644748
50629632
50660336
50597580
50819140
50654880
50808044
50625992
50677624
50638148
51357044
50702284
50628472
50766452
50693956
50653220
50676032
50658752
50900208
50629356
50664272
50659584
52182836
50875768
50624748
50612400
50680244
50611868
50650716
50643264
50648380
50670508
50651168
50913512
50642368
51012320
50577748
58603096
50679732
50890316
50656732
50733152
50638164
50701140
50681404
50627344
50920060
50671804
50668860
50600880
50694276
50661972
50591636
50696256
50629944
50642048
51270772
50720172
50623784
50713372
50665440
50593156
50736252
50638156
50624728
50641348
50612636
50671720
50689224
50666152
52600860
50775168
50652856
50626600
51009628
51978884
51578224
50777084
50619108
50629124
50713352
50646336
50592776
50774624
51252044
50663536
50732480
50640288
51601160
51573644
50611352
50634720
50720724
50643956
50614112
50775756
50622752
50585356
50735408
51267800
50753156
50728200
50627156
50609904
50738852
50640004
50582600
50759308
50599072
50616980
51127572
50812752
50617492
50743472
50662156
50623792
50737856
50591116
50626140
51384816
50630616
51159268
50729444
50643344
50582992
50960792
50597460
50616028
52599184
52030172
50799888
50738712
50682900
50628280
50670528
50600540
50728128
50796280
51069456
52602848
50680068
50618796
51064296
50655620
50813560
54473360
51893188
50623332
50608060
50729620
50633128
51317348
50998336
50602724
50769728
50750416
50629520
50965452
50900956
50740904
50616172
50767024
50630232
50594344
51063512
52120812
50760964
50728592
50701988
50625612
50676416
53788868
51136952
50717476
50628420
50999240
50735480
50620824
50620604
51205720
50658044
50610624
51134656
50796928
51282232
50699548
50633916
50630552
50936604
52497364
51176424
50829140
50614676
50641772
51201200
50643400
50618692
50647132
50617752
50601744
50712344
50621432
50629912
50660184
50620564
50622300
50654176
50625048
50606344
50666944
50624980
50694456
50674224
50602900
50623768
50621892
50618276
50625304
50680256
50625392
50710720
50641744
50608352
50625056
50641964
52151320
59511028
50958736
50658080
50656052
50627332
50616284
50618440
50640092
50601620
50630164
50649372
50634252
50693560
50602764
50624424
50612252
50638164
50618224
57683052
55966684
50621892
52659180
55535872
55160880
50642772
50719520
50759596
50629824
50770484
50627572
50607344
50703760
50615440
50623336
50698164
50616212
50643056
50707108
50619780
50600740
50715820
51257988
50621624
50711388
50641052
50632176
50667096
50630896
50662980
50723560
50620848
50638940
50685132
52620456
60015868
50657616
50661368
50627708
51117132
50643648
50619528
50705656
50638248
50618200
50675732
50637056
50618508
50651272
50722876
50629928
50721956
50613000
50649372
51869908
59057352
50618212
50671556
50611296
50628140
50681936
50630736
50633760
50630056
50629360
50601132
50659312
50608860
50627284
50647540
50633508
 
50638008
51096068
50620792
50613928
50640764
50627232
50612828
50647124
50581052
50644416
50595900
53806368
50664816
50630032
50674464
52600152
50619072
54865216
58021280
50608120
50588944
50629052
51047788
50622212
50623972
50632128
50628896
51080564
50626580
50605616
50625304
50621468
50644228
50645308
50576328
50654784
50586792
50614976
51245336
51267064
51406364
50593364
50611252
50613068
50660872
50640768
50629384
50654988
50573096
50627836
53827528
50637064
50851356
50819036
50617168
50627056
51140836
50625164
50642812
50899196
51069792
50800932
50614476
50626540
50627688
50740488
50618624
50646952
50644380
50643648
52300488
51053624
50620944
50589352
50723740
50611588
50626516
50634312
50781916
50613596
50699160
51050808
50625068
51236824
50833680
50612220
50671092
51045056
50563528
50631896
50635168
51891160
51041300
50621552
50611168
51174416
50578208
50616484
50632312
50592920
51244784
50686844
50625288
50711684
50696360
51107316
50634864
51116404
50618100
50610576
50963344
51739708
50684128
50772652
51132792
50655092
50739772
50609596
50639176
51081708
50718048
51149540
50744308
51033380
50588564
50903240
50628124
50636824
50762256
50642404
50629188
50694652
50626896
50571604
52908412
50962152
50666192
50735540
51333524
50622148
51102164
50613680
50620508
50820144
50625792
50629484
50725740
50595272
50828052
50678132
50878816
50989040
50747612
50610636
50641844
50723860
50640764
50614592
51173268
50635812
50815156
50762084
50625488
50629488
50708180
52812816
51300564
50735452
50606328
50788020
50704352
50633724
50978512
50719624
50632356
50618520
50731124
50629916
50624052
50737788
50648956
50618556
50742992
50738832
51248692
50829096
50612892
51096544
50725392
53888492
51170760
50737164
51235572
50619192
50705840
50624228
50629664
50673844
50624124
51076936
50707564
51214016
50669256
50736820
50665672
50652308
53954756
50782392
50637020
50705064
50663708
50620916
50700456
50620104
50881584
50756172
50666100
50624732
50612988
50836928
52218524
50782516
51821540
50590100
50656860
51213820
50644200
50954920
50641176
50616112
50604108
50630780
50602100
50662924
51194220
50635172
50656472
50620396
50638916
50655212
50637096
51279708
50667848
51957128
51940748
50611368
50617132
50591976
50604572
51085508
50950180
50634552
50651992
51241192
50630172
50616968
50624904
51116528
51046052
50629724
50711380
50613156
50615344
50640388
50637968
50640232
51057048
52147740
50627212
50832920
50573420
50529704
50572848
52628584
51260888
50593736
50575428
50571268
50578764
50569200
50574296
50545600
50566932
51255612
50804788
50563220
50575692
50559604
50577604
50566744
50574232
50561564
50523944
50576776
52406368
50669080
50577424
50572224
50569796
52235924
51715948
50634836
50562928
50542396
50563160
53836524
50672652
50613160
50617076
50641676
50838792
50645688
50687520
50639404
50629076
50646776
50580064
50647904
50606796
50765904
51488820
50718064
50992952
51329848
50646948
50625756
54260028
51102820
50643812
50687656
50655796
50649652
50636040
50602016
51049596
50611556
51282712
50618228
50623256
50705708
50635696
50542100
50915792
50571492
50674996
50653708
50618888
52855244
50718604
51009804
50603908
50686788
51634428
52467484
51111900
50728300
50596784
50716844
51026852
51152236
50687652
50967500
50659352
50713368
50577520
53041572
51093212
50572644
50615708
51085128
50620348
50604652
50715548
50620284
50650252
50706036
50616000
50628640
50683812
50623576
50588980
50721472
50602524
50627484
50710788
50764140
50613696
50722384
50637964
50632944
51097996
50596032
50625524
50688384
50615476
52049060
50905332
50808380
50593448
50969732
50617288
50630908
50714396
50636788
50615676
50680944
50630840
50594856
50702328
50607108
50625936
50728532
50638288
50621840
50791072
50656612
50583064
50704236
51219332
50638568
52258636
51417936
50613196
50710836
50632156
50620316
50665472
50629872
50578992
50687480
50611628
50830780
50734364
50651812
50637948
50736144
50618480
50593448
50701560
50626552
50609804
50713352
50629540
50617476
50737700
50669080
50632396
51490860
50632840
50595480
51567900
51372504
50582412
51050532
50599392
50623084
50728568
50625740
50621096
50771732
50619884
50609868
50756936
50578836
50602052
50713020
50641988
50603416
50758796
50655364
50633536
50732544
50631124
50611104
50718516
52220760
50623324
50740884
50633720
50583640
50701612
50633504
50609328
50745020
50635320
50580340
50725728
50979268
50750768
50717780
50668988
50619288
50676788
50627056
50599184
50713304
50700512
50618768
50719216
50627892
53819776
50707928
50627156
50574572
52486764
50910748
50716176
50749920
50608440
50587992
51333740
50805096
50622596
50781632
50668560
50571408
50797188
50629016
50626900
50719948
50641732
50647700
50701984
50626940
50603736
53607696
58912424
50725068
50723084
50613428
50635752
50708484
50836708
50693360
51067352
50618044
50605136
50683152
50589284
50641368
50717404
50585808
50631364
50634252
50639872
50582796
50707476
50609588
50637052
53883388
50657528
51106692
51093532
53840212
50613860
50648232
51398864
51187764
50669564
50618896
50633084
50640932
50560388
50639584
50715792
50622268
50606024
50750480
50941628
50652812
50653028
50617044
52184636
50685416
50593564
50650176
50653016
50616924
52795876
50700672
50632356
50634888
50619160
50620300
50610132
50617608
50599856
50624612
50721252
50670120
50617644
50687604
50584832
52121264
50631376
50677144
50636712
50633732
50648680
50949172
50601100
50804668
51163060
50631496
50681140
50586796
50868968
50826264
51227756
50927324
50649344
50646260
50595312
50691404
52111900
50690896
50661748
51390904
50617952
52851108
51406332
50681276
51141812
50566956
50644672
50603784
50808012
50634312
50660912
50637908
50654600
50658996
50608124
50964248
50596320
50619808
50610460
50699416
50661268
50684536
50685708
51375788
50628936
50712996
50640168
50616004
50743280
50625852
50673556
50695916
50587060
50999632
59174096
50610460
50885736
50649592
50636496
50603472
50684140
50633860
51352828
50675212
51243420
50657476
50664068
50658944
50634812
50702524
50695028
51030356
50666128
50644344
50631440
50678912
51916192
50701380
50660184
50602768
50644324
50710384
50910500
50630756
50907000
51172076
50652232
50754888
50621812
50645748
50743340
50649924
50636772
50756500
50661228
50661756
50744560
51091860
50873428
51319656
50637548
50645264
50753868
50927444
50606052
50846984
50644884
50652000
50748428
50673604
50999744
51703492
50624788
50958752
51050988
50657536
50947240
50766160
50673444
51070196
50794768
50690788
50656640
50764044
50715848
50658328
50730372
50670520
50620584
50784828
52362524
50852016
50769416
51007584
50656864
51061012
50626556
50651512
50739852
50660436
51217204
50778824
51099776
50633840
50750180
51312296
50653540
50752328
50701660
50649120
50721968
51122508
50615100
51087760
51048760
50749120
50733956
50696420
50637344
50781872
50684640
50660916
50755156
50651644
50661612
52617124
50873808
50744700
50727676
50648548
50672504
50735988
50688424
51064992
50950976
50887188
50996036
50733324
50686368
51399608
50705784
50975248
51704908
51252336
50909716
50604580
50681548
50740984
51126964
50703300
50652696
51278136
50696768
50662752
50711616
51159340
51390044
50653760
51306240
50759244
50628632
50758892
50978696
50616740
50675232
50577284
50630168
50676104
50853280
51183896
50658188
50633304
50701152
50977228
50625824
50588008
50642304
50594776
51298184
51451336
51051436
50784420
51274164
50655996
50629364
50699276
50602996
50790708
50627916
50620260
51144328
50627744
50643088
50594596
50789580
50991972
51932800
50694532
50941812
50979200
50653672
50610272
50622644
50628164
50579676
50599984
51251324
50652520
50615348
50630408
50909048
50592860
50625336
50593984
50872268
50618876
50648388
51103192
50622544
50591696
51222212
50640488
50620912
50618664
50615892
51060232
51049092
50701776
50878732
51119804
50826024
50617932
50624080
50626316
50624764
54723660
58233532
50719820
51101744
50613996
50604148
50565156
50605824
50598388
50608836
51204760
50640184
50616808
50607336
50624356
50603548
50629920
50590048
50624428
50606740
50780700
50619924
50623644
50616960
50632540
50609252
50589700
50632668
50575800
50642572
50621040
50617832
50633628
50651032
50618656
50585984
50623512
50607804
50766220
50620864
50628792
50980180
50652544
51005664
51351380
50670356
50952416
50658612
50897148
50640648
52824544
50876040
51350220
50862352
50645624
50613856
50657308
50673028
50850820
50626820
50652704
50991484
50658856
51143300
50650740
50879436
50624572
50909920
51274588
50675712
50610816
50674164
50631664
50602712
50660816
51271852
50808388
50678392
50658088
50617148
50656740
50958880
50606496
50689104
50628444
50630112
50708760
50678860
50620020
50680276
50618636
50618284
50711800
50614356
50665180
51270820
50629216
50619912
50681128
50860768
51056200
50729416
50604572
50630504
51058704
52571196
51315536
50746644
50635128
50619556
50740644
50623360
50575888
50907640
51016028
50628664
50710564
50613812
51193560
50706100
50615124
50625780
51126428
51032236
50804756
50728712
50829948
 
