Procesando...
  Filtro             : mblur
  Implementación     : C
  Archivo de entrada : lena.816x512.bmp
82373716
82171856
82219912
82144392
82175468
82276140
82049520
82185456
82180020
82063808
82173052
82193184
82001384
82166096
82156620
82052360
82231460
82183036
82055992
82141908
82114924
82242864
82172988
82199952
82088360
82177120
82166384
82060208
82158576
82126152
82084272
82199076
82199640
82063836
82172360
82232912
82777132
82132412
82091124
82483344
84617228
83043792
82392640
82682620
82732960
82061564
82184052
82168980
82082836
82180284
82172052
82601004
82206048
82111496
82048084
82194564
82212108
82061608
82178864
82180048
82082928
82192744
82130832
82050156
82419412
82206104
82056648
82175952
82166068
82059140
82148304
82134532
82195408
82198964
82175052
82074256
84112804
82148284
82099064
82162964
82151948
82076464
82131424
82191360
82120936
82193724
82332720
82147740
82168004
82175016
82114576
82136828
82185176
82208280
82165332
82200364
82099088
84759192
82223212
82114912
82158576
82153680
82080316
82179992
82190072
82120372
82184984
82192148
82687400
82199024
82177908
82189508
85987156
82219544
82133968
82181888
82155692
82152860
82156740
82137932
82160920
82143052
82201268
82168872
82191056
82166816
82188172
82151224
82144564
82749852
82217320
82188292
82150584
85593932
82293340
82161596
82157172
82153232
82099664
82123440
82197320
82141160
82162276
82166868
82191580
82544200
82189492
82216912
82546672
85972300
82245068
82344700
82210680
82176588
82177176
82159480
82175284
82167692
82141036
82218288
82168220
82217812
82198120
82153352
82199460
82701256
82151436
82157180
82150004
85617840
82236444
82178280
82162504
82232444
82167276
82155144
82218052
82179320
82192864
82178676
82187248
82164300
82278592
82215024
82156540
82197576
85841256
82224784
82197748
82186480
82164508
82214448
82164928
82161444
82299608
82182552
82192964
82217492
82168716
82168704
82222356
82211440
82170548
82173048
82142676
86473060
82223108
82129208
82187292
82183376
82156564
82155384
82185368
82172424
82154928
82143588
82262512
82224176
82197144
82218940
82226612
82206528
82160136
82607884
82316696
82187124
82134192
82146456
82207760
82208972
82185716
82183172
82180004
82228344
82170904
82168044
82218876
82196832
82448396
82218004
82223040
83251868
82414812
82178732
82171096
82179268
82158704
82131020
82136284
82170072
82167632
82176016
82173664
82152580
82180668
82178568
82148160
82159184
82191724
82195164
83526176
82218960
82192296
82216088
82188836
82151956
82205268
82169476
82215456
82178688
82148192
82220424
82215632
82171048
82754420
82193376
82727556
82691280
82946860
82166048
82148680
82325584
82137284
82182444
82194852
82165172
82150268
82180596
82184272
82175160
82193496
82204660
82208888
82856916
82180512
82197800
82153228
85284752
82269208
82190300
82198808
82180652
82171172
82379944
82215772
82204092
82202120
82198096
82215100
82159104
82212780
82229756
82123568
82310496
83696676
82147752
82166592
82181332
82163388
82167684
82194400
82164840
82130088
82155892
82117360
82428252
82200576
82183744
82186380
82186940
82163688
82166964
82138312
82171632
84895616
82805856
82162836
82157356
82179692
82180688
82210152
82201496
82190024
82133572
82208416
82151308
82373732
82185428
82211052
82188608
86376760
82229960
82215760
82199880
82163352
82154880
82163208
82172608
82109068
82193168
82151200
82079984
82177072
82178296
82158348
82202556
82250792
82331160
82242400
82177788
86302728
82211108
82156688
82133020
82131368
82231392
82116080
82216964
82179776
82129480
82178548
82234352
82124136
82114708
82384180
84172752
82190016
82188380
82268260
82255772
82198292
82149764
82180780
82148020
82087556
82188268
82183128
82147068
82209060
82211144
82128152
82169292
82176980
82171248
82193716
82169180
85193316
82234876
82194744
82169504
82205400
82213184
82148216
82173924
82148116
82144164
82183712
82256700
82139464
82177068
82158468
83714840
82239216
82151448
82162664
82129640
82206096
82172404
82158212
82202676
82177796
82169560
82178088
82132336
82194928
82232720
82139072
82167340
82168292
82155072
82290960
82150396
82178656
84641800
82358412
82163164
82151892
82162216
82231892
82195860
82195100
82184796
82201336
82227720
82174496
82190752
82133900
84107464
82243920
82195204
82227236
82165648
82165472
82182356
82118656
82154108
82200176
82190804
82181272
82224996
82172588
82195316
82187828
82166448
82159556
82163668
82928952
82196392
82199492
82188028
85816176
82158308
82185364
82168320
82144620
82185720
82164588
82182884
82249088
82738252
82175556
82190528
82166248
84915180
82218496
82157792
82178952
82203628
82172808
82141800
82189540
82194468
81964772
82118532
82172852
82099296
82191092
82180740
82105284
82161256
82141708
82004928
82176036
82227392
82080876
82186672
82608052
82328028
82246468
82177716
82071076
82193560
82181456
82018812
82204296
82153724
82198000
82222748
82216268
84481280
82247036
82310712
82098568
82336996
82188912
82038384
82209868
82206368
82015404
82211604
82216716
82136764
82208492
82156492
82115460
82201996
82149336
82079060
82116904
82256304
82089712
82157184
83604652
82117444
82171936
82175628
82056676
82176100
82156444
82005792
82185588
82198092
82263660
82214816
82106280
83093800
82242388
82150040
82113248
82162900
82147896
82120304
82152692
82074072
82142248
82174676
82134508
82145736
82158204
82136028
82148600
82124656
82073292
82155572
82193732
82135364
82221436
82164912
82138564
82131968
86309716
82179068
82154120
82173124
82149836
82126708
82196748
82127508
82406256
82236720
82179096
83979880
82405176
82142484
82165788
82197096
82164916
82112608
82127260
82140236
82217636
82182056
82159420
82163608
82194124
82151668
82169400
82152960
82134904
82190812
82165240
82158716
82191076
82588196
82167124
82172844
82158684
85348112
82291984
82184428
82122656
82158680
82196260
82120616
83007624
82237832
82133952
82799624
83581668
82141380
82167840
82183336
82152156
82179484
82250648
82131500
82151800
82201060
82154084
82168360
82193852
82129512
82177896
82151208
82112764
82199292
82214848
82108896
82161704
82169940
82168764
82198024
82142928
82114108
83859512
82440752
82115412
82175524
82309376
82152924
82720788
82142616
82149256
82159384
87170812
82187744
82138840
82118556
82091468
82194288
82188884
82136824
82172356
82197188
82125924
82151848
82158080
82198520
82210852
82170756
82159356
82172156
82155404
82128120
82161348
82148796
82121936
82183576
82242924
82131076
82199024
82561316
82423552
82137388
82166588
82115460
82140572
82230408
82135812
82178600
84181612
82214152
82168228
82184132
82094744
82162440
82123596
82128996
82174564
82199124
82129328
82175080
82229228
82189668
82217344
82183932
82130896
82178392
82127680
82058880
82172268
82201104
82159560
82189544
82883272
82109536
82179552
82156316
85284352
82161584
82283708
83171284
83310532
83233260
83295280
83283188
84999116
82181984
82188664
82159860
82199740
82192700
82187524
82114068
82118332
82185948
82132720
82194464
82218092
82169288
82232596
82170908
82103384
82153172
82165084
82136504
82173712
82192764
82118212
82203520
82196160
82121856
82126012
82186560
84828056
82188352
82203396
82098044
82259484
82168528
82116252
82201708
84788260
82151700
82142976
82181324
82111680
82186396
82182696
82151776
82135800
82233660
82080500
82131960
82163940
82121884
82199544
82157232
82121980
82169224
82165524
82091792
82190672
82150016
82137628
82161692
82174556
82138012
82219024
82159952
82058948
84196736
83726768
82118200
82161148
82218020
82096180
82186728
84091404
82360080
82179240
82194136
82145068
82167848
82167908
82135648
82165848
82099624
82057752
82163628
82166952
82152320
82176900
82163484
82139272
82172812
82154400
82109948
82184000
82142980
82146392
82157548
82122652
82128016
82197160
82206476
82131468
82194428
85086420
82248220
82174016
83058656
82160668
82158784
83351180
82583884
82160788
82114968
82138036
82159808
82147304
82132668
82165428
82165844
82100156
82100380
82182104
82159308
82208096
82173548
82138168
82186540
82147512
82053076
82154544
82155272
82093136
82162356
82195456
82145312
82172380
82270932
82097644
82166060
82127180
83016580
82170928
82225680
82156960
82157296
82433652
82756916
82222524
82152056
82140068
82168568
82158944
82104712
82127684
82194528
82120268
82174392
82190340
82168296
82207600
82190236
82132860
82192620
82188728
82129116
82081156
82164396
82112260
82179916
82142920
82119356
82160684
82126032
82150980
82157888
82161684
82518500
82580336
82229588
82149568
82169368
81965628
84065064
82110596
82142116
82032840
82192208
82106812
82160560
82110968
81999020
82031860
82101168
82142936
82063520
82192356
82160228
82035060
82179024
82174292
82052556
82178816
82148280
82093328
82172140
82155664
82064896
82142468
82174896
82799812
82156040
82198240
82143708
85534520
82274596
82131732
82193736
82172988
83798428
82221760
82173608
82080208
82161952
82180792
82094596
82171632
82165328
82041728
82159372
82155184
82090548
82205992
82168468
82098344
82160944
82143600
82127968
82176024
82146348
82085112
82232904
82176680
82126164
82172832
82119648
82356640
83134224
82208044
82115772
85630792
82235084
82223260
82214364
82211256
84574520
 
82619124
82190340
82195392
82233272
82177828
82158816
82180064
82153956
82173608
82227640
82147196
82193076
82247188
82146720
82202976
82229288
82125300
82234476
82212680
82147856
82241208
82203532
82170072
82234248
82217600
82111480
82216788
82414520
82138660
82227252
82215184
84657120
82299704
82220616
82150684
84181340
82478444
82143440
82214384
82202120
82131804
82219428
82185196
82110104
82234376
82217480
82110900
82185932
82238428
82108944
82216356
82213696
82080500
82181868
82188200
82106696
82165504
82213248
82067248
82204436
82224224
82067724
82220384
82261060
82287876
82214812
82217196
82118652
84875364
82304700
82103192
82184000
82223664
82220584
82150352
82229320
82076856
82142096
82213724
82135020
82163456
82177036
82045612
82214020
82249188
82073056
82164968
82250808
82032252
82125268
82198000
82027496
82129044
82212276
82030580
82128684
82240244
82033588
82154140
82210648
82000240
82103772
82301032
82075600
82189680
83648680
82171784
82049768
82181744
81997572
82053780
82161808
81923688
82072956
82148892
82002464
82070332
82171180
82006560
82129612
82068652
81954084
82122076
82088968
82014328
82109852
82066852
82008852
82054200
82091836
82001472
82110624
82170720
82043272
82099076
82149948
82002404
82063652
82142200
82139620
82235680
82166064
83687368
83533208
82166096
82149160
82211356
82222968
82221336
82180732
82159896
82068628
82135372
82192916
82074052
82189092
82176024
82087216
82167444
82186204
82019684
82174864
82169216
82077128
82153504
82175452
82094028
82152648
82122964
82127048
82180524
82152060
82104732
82176400
82158804
82118908
82215192
82193248
82064576
82496872
82505008
82101700
82204676
82197604
82081016
82138392
82133792
82090720
82167468
82158304
82091536
82193228
82181156
82121944
82158156
82152468
82127484
82167940
82173196
82141084
82151212
82167916
82118012
82117440
82124916
82160784
82165336
82196920
82096940
82163920
82161580
82087456
82185544
82285196
82148240
82149212
82232932
83060632
82177036
82059472
82163276
82161264
82086232
82186052
82148428
82093988
82194508
82175732
82110132
82195652
82190096
82102560
82143532
82129168
82091720
82186244
82190816
82090108
82205104
82191128
82080212
82138288
82193048
82129036
82181904
82189372
82083684
82205816
82192696
82646200
82202300
82137464
82123100
85636552
82212356
82084720
82112628
82159384
82076712
82070332
82201452
82035356
82194208
82192196
82055236
82184656
82126236
82206828
82062132
82137632
82061260
82115936
82151720
82025988
82078960
82174468
82100748
82115256
82163672
82057688
82080244
82215812
82103028
82124740
82146404
82057556
82433116
82166684
82087416
82132568
85367220
82166812
82161864
82195404
82102508
82141172
82144380
82052476
82105164
82165404
82095064
82168812
82183704
82107588
82192600
82194052
82070788
82136404
82164904
82067696
82180588
82190916
82029896
82180060
82225692
82016668
82236064
82152404
82041328
82149000
82178384
82031164
82233060
82161668
82097068
82509324
82606104
82071128
82217668
82131656
82019684
82179016
82174500
82064692
82202452
82186620
82034284
82162868
82150956
82093340
82168476
82158208
82076864
82177712
82135556
82085636
82148188
82141892
82089648
82149652
82153076
82093324
82215296
82163484
82137928
82154164
82155784
82121872
82149112
82119916
82172620
82211128
82074144
82173152
82451452
82526964
82193416
82190432
82122996
82192460
82166068
82090288
82174080
82179732
82157832
82216244
82196640
82098644
82135428
82247724
82127756
82109604
82185304
82062228
82131892
82179776
82034732
82108224
82116084
82052180
82140744
82204852
82049064
82135980
82767932
82058276
82123816
83132028
84284988
82137448
82169788
82043976
82148428
82131768
82056376
82121156
82268472
82072776
82145016
82169180
82033424
82069084
82171928
82029416
82128340
82194396
82033756
82124716
82194228
82020640
82086308
82172460
82045632
82118748
82183384
82049852
82101800
82172664
82084576
82158496
82797964
82016356
82118916
82399824
86248504
82222444
82232284
82068852
82138932
82209616
82057564
82117176
82235068
82084788
82153484
82200620
82060524
82175392
82309384
82141372
82226912
82255268
82050288
82181896
82190596
82051040
82163752
82216060
82078388
82152676
82207484
82127564
82183588
82153260
82074476
82187388
82322068
82090020
82146012
82200516
83366448
82209520
82028856
82101048
83217188
82096156
82169360
82155248
82051884
82119528
82132220
82039076
82134112
82080712
82045360
82135268
81978968
82180816
82096420
82017020
82080708
82197816
82149128
82037040
82151232
81956220
82233008
82119828
82062212
82151000
82258372
82095440
82212640
82200116
82072848
82169196
82689596
82532276
82144436
82190520
82287620
82703632
82168596
82071080
82169608
82173488
82039696
82143244
82178624
82104580
82207232
82177508
82050888
82156880
82179920
82046188
82127432
82171112
82047160
82181812
82188152
82083108
82170344
82147032
82069740
82203596
82198240
82123748
82142644
82208552
82102660
82144588
82258160
82948024
82127256
82131428
82095572
84182416
82181660
82060476
82171908
82175868
82096104
82151352
82153208
82116272
82169648
82170988
82133120
82171908
82113008
82111824
82133280
82085240
82157040
82178208
82144360
82145584
82174600
82076548
82130288
82180544
82111852
82174832
82171268
82693456
82100892
82221980
82074812
85189984
82215768
82118916
82119028
84915328
82642688
82163792
82189720
82106340
82149756
82179664
82075512
82202816
82157820
82147076
82168496
82185188
82090516
82148612
82173996
82069532
82129172
82184432
82080816
82133672
82187752
82067600
82082648
82153236
81972408
82103152
82203164
82090468
82108012
82177216
82012760
83808372
82255468
82018776
82058228
82136360
86652580
82057920
82126992
82006500
82084132
82149948
81988008
82066696
82197340
82008336
82088292
82204244
82025804
82043116
82206336
81995584
82060460
82210880
82024420
82075860
82172476
82027384
82081496
82187716
81950068
82024700
82163280
82058580
82118648
82177616
82010256
86291016
82218340
82039304
82064188
82135604
84526116
82595728
82172420
81993640
82066584
82169752
82020500
82083356
82180356
82024848
82044348
82138524
82007588
82124208
82212016
82008360
82105160
82180612
81995048
82048856
82181532
82025560
82096376
82162932
82034136
82112896
82170528
82033328
82132764
82208012
81986432
86309756
82396656
82010864
82152980
82145916
81970800
86006668
82194256
81990688
82049836
82157388
82001048
82029332
82123920
82022540
82120256
82156288
81981000
82094284
82134400
81981784
82071524
82136192
81995212
82090912
82160672
82025384
82052388
82134232
82023812
82126604
82143676
82022692
82074400
82124920
81952984
86292680
82252696
82001344
82128844
82122184
82011312
82102252
86255948
82050684
82097744
82174168
82002952
82065604
82049340
82017480
82103736
82171156
82016580
82111212
82119316
81957536
82066400
82132184
82029916
82114676
82158028
82008380
82099608
82088408
82139776
82125528
82228300
82027332
82195840
82180052
82044684
82420844
82512120
81972128
82096404
82232492
82003708
82102088
82410172
85058668
82124064
82147052
82010892
82076624
82162532
82016856
82260640
82135928
82048768
82100796
82170384
82039588
82070864
82164816
82017904
82039372
82178052
82008736
82076560
82195348
81994316
82122836
82374460
81975304
82183912
82182152
82014744
82157712
86947992
82028048
82111896
82192184
82048384
82127856
82169808
83522876
82248820
82134236
82016412
82053808
82100676
81954640
82117028
82567016
81983192
82045044
82160832
81963268
82038444
82184260
81977416
82067500
82165956
81976636
82058868
82188576
82004356
82064068
82187312
82035464
82129556
82127524
81960852
82096176
84182156
82033844
82080368
82146468
82070152
82068188
82119180
81988352
83868700
82273116
82039392
82033496
82135276
81997476
82061752
82165876
82015236
82050752
82135504
81979440
82063760
82150140
82014856
82089536
82135040
81971832
82033868
82160928
81960912
82058900
82146848
81988916
82654868
82179308
81992500
82075884
84936360
82029700
82133016
82129684
81985912
82102436
82573068
82022324
82066220
83917588
82242444
82104660
82148532
82002104
82038764
82136544
82016204
82087936
82132724
82002800
82098596
82138316
81990068
82100084
82162996
82014488
82124652
82135428
81973608
82082192
82101084
81995748
82301492
82158508
82005620
82122068
83870912
82066544
82141860
82184904
82014280
82200396
82299068
82007736
82105380
83298256
82027328
82136252
82170700
82000556
82105900
82138644
81983136
82103288
82185408
82012988
82106896
82138788
82027692
82080512
82106428
82004520
82115140
82113608
82020436
82134116
82157500
81982480
82067568
82216612
82028328
82115532
82351720
82525380
82127340
82034904
82053996
82076032
82092472
82095704
83363284
82096224
82070804
83836656
82504876
82145524
82246252
82136540
82111560
82206480
82128856
82105908
82184788
82047648
82147656
82205236
82141748
82114860
82220548
82095976
82130476
82156072
82155176
82117080
82372016
82250644
82150144
82176520
82205632
84513276
82163060
82113288
82076548
82159164
82157308
82099424
82349288
82148064
82153264
82220120
83792320
82260708
82177584
82145096
82103228
82146444
82110056
82110644
82183548
82094272
82089612
82138164
 
82036656
82103144
82133536
82079456
82218156
82128364
82082984
82102036
82140388
82182772
82138180
82110320
82128280
84625252
82257368
82091764
82131484
82080412
82033300
82088040
82141612
82611376
82176464
82139996
82125220
85552848
82348492
82148304
82186884
82097496
82194600
82133844
82165632
82122184
82170460
82065188
82189976
82175000
82068588
82124660
82177464
82100652
82183792
82166080
82118616
82666248
82175916
82118272
82201404
85389428
82088224
82204640
82171128
82077248
82142940
82133904
82037196
82203348
82202480
82114268
82147692
82196112
83315480
82327952
82208696
82046784
82126884
82170364
82028800
82071732
82183328
82000744
82106740
82215880
81991564
82077056
82172732
81945664
82141036
82177012
81984620
82153400
82191216
81967172
82066736
82951300
81989864
82079504
82191452
82016036
82113920
82168496
82009516
82096800
82143116
81987736
82253620
81975944
82055108
82358060
82291760
82101336
82065940
82000276
82079744
81995912
81993940
82085164
82071004
81976300
82057312
82066228
81996984
82099868
82117096
82035396
82083944
82132732
81978144
82109892
82095516
83563092
82157108
82082988
82015844
82117688
82015376
81978736
82109972
82068472
82029128
82110072
82789496
82010220
82107796
82024484
82874172
82116712
82080420
82052912
82112460
82071364
81993784
82093112
82087216
82028904
82118260
82056468
82035916
82109712
82064620
82061572
82148452
82048444
82119768
82141092
82078316
82688500
82286020
82066464
82027248
82167000
82086596
82048768
82209348
82200180
82055556
82161184
82105844
82108316
82182180
82104104
82496520
82288556
82082816
82112780
82105360
82093864
82042180
82126612
82042468
82081460
82143792
82082748
82086020
82136568
82046160
82068996
82139872
82007420
82172836
82146992
82106664
82835128
84526240
82064600
82034660
82174832
82073704
82121904
82140908
82098528
82069104
82129568
82019180
82107864
82157276
82126472
82068048
82883248
82085488
82104808
82133972
82076724
82096844
82126916
82076948
82125552
82044200
82122960
82100636
82155820
82110788
82135892
82083020
82126892
82154636
82078312
82148528
82328648
83195940
82136516
82107972
82112976
82116640
82120796
82120192
82087080
82135760
82111720
82136520
82154956
82808532
82146304
82161688
82079792
86235808
82275608
82133944
82106696
82179156
82033356
82141260
82184072
82045072
82149928
82156484
82010480
82166300
82245524
82051632
82134076
82731212
82022468
82113796
82161104
85409864
82107288
82081416
82108496
82022852
82060384
82119224
82076804
82073288
82141944
82056288
82054284
82154900
82068304
82100600
82136488
82139928
83003920
82322756
82107704
82036544
82111208
82084856
82040204
82191564
82097788
82081008
82172820
82062464
82072080
82151628
82058436
82715640
82152748
82162968
82059628
85275076
82142300
82067808
82114932
82060932
82024380
82105676
82133416
82061816
82129560
82070068
82022012
82081572
82128028
82801400
82217428
82092456
82124604
85479756
82176712
82132576
82099908
82035964
82075988
82086980
82107720
82141944
82103180
82130092
82107684
82057876
82121160
82433584
82135296
82164944
82144008
85262204
82202296
82130244
82105228
82117932
82145392
82114952
82123908
82144444
82085864
82129336
82158076
82020524
82134288
82237976
82116276
82153688
82172360
82908340
82175004
82101100
82072008
82142548
82154168
82028708
82089568
82165580
81995224
82058476
82185204
82021028
82139208
82167132
82069660
82099868
82145596
82309136
82450952
82121052
82018048
82104052
82186456
81986100
82043640
82175196
81956092
82108616
82182796
81974656
82056744
82142136
81996996
82109544
82156512
81975372
83328968
84160200
81961948
82051760
82171280
81921072
82088244
82197488
82021208
82048460
82168056
81984128
82039688
82138360
82077468
82082344
82128380
81917548
83939624
82152088
81919892
82036948
82141656
81994280
81987044
82139352
81980248
81982056
82150420
81986036
82010808
82173244
82010440
82078772
82112764
81962972
82018544
86630004
82021736
82030156
82151968
82005196
82003812
82174640
81936660
82019384
82170528
81999112
82031328
82118172
82084080
81995044
82142668
82291916
84255264
82167640
81969048
81967000
82108892
81986100
82024452
82157888
82008944
82019136
82126468
82001648
82021888
82112588
82020592
82025652
82212828
81962516
82000724
82984356
82281860
82049916
82179204
81979280
82004308
82192988
82024156
82040860
82177724
82177736
82025008
82151944
82091600
82100632
82233992
82046912
84041828
82227304
82018676
82021460
82169848
82009124
82019288
82218960
82014080
82046284
82173220
82004148
82010184
82184828
82042664
82082732
82238108
82105544
82073936
82213424
83148244
82207808
82192452
82035032
82077528
82177156
81989808
82101528
82222260
82023916
82094500
82224116
82087876
82130912
82347028
82063468
84316848
82378304
82061320
82060528
82209916
81964800
82046688
82140220
81936504
82000684
82201692
82044896
82047088
82195164
82030072
81965988
82216120
82159828
82070400
82209608
81998008
86858080
82240296
82014036
82034332
82144892
82037840
82055336
82230400
82044864
82048040
82189852
82126236
82062672
82078952
82020940
86575636
82177032
82025772
82030564
82131984
81995624
82023916
82142924
81997948
82110696
82146156
82011680
82108248
82131328
82057480
82068064
82014420
82068356
82209024
82063868
82021208
84018760
83067276
81990716
82130144
82074888
82077984
82110996
82075720
82014940
82117272
82044516
82104072
82130004
82319032
82387860
86359628
82122996
82025056
82101404
82082524
82004856
82097580
82053188
82059344
82107848
82092024
82046312
82127956
82075756
81997436
82109876
82077496
82062692
82102204
82091908
82095004
82130300
84810848
82386260
82086952
82111300
82074228
82068476
82030760
81988560
82153768
82077900
82081860
82128664
82028016
82029316
86281864
82127452
82058204
82114060
82072600
82030996
82103336
82093092
82070972
82136560
82038348
82086088
82084552
82063232
82055588
82090700
82106244
82091700
82091056
82166816
82127296
82050320
82132960
86349724
82045892
82110116
82153504
82095612
82114916
82117164
82103256
82073332
82204892
82028692
82113384
82151316
86372704
82187636
82150020
82050128
82120016
82163224
81991048
82102036
82132708
82073556
82135676
82170048
82023168
82083688
82148364
82033676
82106780
82179680
81987084
82109872
82211012
81979908
82051580
83240880
83664756
82082804
82195716
81969900
82083136
82122436
81990056
82105908
82208392
81959728
82018364
82172552
82587116
82264224
82142252
81946772
82057912
82164720
82014184
82079896
82141236
81983896
82004184
82192060
81985072
82070540
82179644
82040148
82070908
82131116
81973024
81984128
82155624
81989340
82053884
82192848
83911352
82032920
82100520
82101692
82061220
82073980
82074552
82106460
82058636
82170148
82087016
82051808
84005676
82294932
82086872
82122824
82085896
82049812
82062168
82026924
82056516
82088348
82123912
82067552
82094452
82064628
82083516
82074348
82079532
82136804
82069948
82075560
82133808
82089672
82094852
82183888
82054488
84577980
82139572
82097804
82098848
82142576
82053640
82107240
82153208
82191308
82156720
82130256
82070460
84156504
82138716
82075748
82075956
82160260
82025816
82090412
82138664
82040160
82129612
82133112
82047488
82082736
82157556
81998696
82012184
82138004
82004876
82144656
82162244
82025784
82054160
82230700
81950224
84535264
82171856
82005972
82121364
82205492
81990416
82097976
82188332
82070200
82015356
82179532
81984556
84575620
82211276
81948428
82040236
82193536
82148364
82019472
82163924
81973336
82071496
82191616
81958008
82056200
82132868
81917968
82057916
82166540
81978012
82050788
82133056
81963060
81997968
82170208
82028948
82048292
82152404
82614220
82626984
82140468
81978252
82035348
82139644
81992572
81998752
82150964
81970692
84483976
82179420
82013484
82017852
82149772
81969608
81981060
82149896
82004024
82022820
82157288
81947960
82012552
82083096
81981032
82022480
82145924
81971524
81983016
82111756
81987328
81970376
82116324
81962116
82086752
82152544
81967032
83169000
84763028
81982612
82015476
82175328
81984300
82102340
82164356
82044596
83465416
83704620
82023540
81989096
82096696
81942016
81989772
82152264
82000852
82008768
82096336
81998764
81974904
82176536
81969848
82062952
82170604
82039456
82021124
82197564
81994820
82009524
82119408
82002100
82172264
82182432
82018696
82013396
82788676
82165888
82012712
82182044
81978196
82054268
82140696
82005728
82035360
85670568
82015080
81993492
82126976
81956660
81981000
82136084
81978532
82037144
82299120
81994284
81980136
82104836
81952260
81974012
82184872
82034316
81986624
82131824
81976784
81978760
82130912
81991392
82012236
82158156
82050672
82026604
82181284
82908896
83336640
82148808
81959824
82058832
82200580
82005528
81985328
86615180
82008076
82009260
82129288
81964444
82018740
82205876
81952992
82035972
82150020
81965652
82017672
82116044
81939004
82048640
82165908
81967220
82024712
82163868
81999972
81974220
82157116
82025744
82007544
82168472
82011820
82023876
82176264
81990596
84133304
82197596
81998932
82043840
82405448
82002852
82018996
84417780
82014512
82023652
82210588
81966592
81938152
82143556
81960752
82073760
82182600
82013164
 
82008584
82191348
81967408
82020480
82182972
81990496
82018180
82124632
82010412
81983552
82147620
82006220
82045532
82126616
81985800
82070572
82214140
81967568
82031664
82205260
82556172
81989188
82260644
82010224
82004020
82736916
82314180
81987100
82127096
81951412
82028080
82102032
81977452
81991260
82155764
81997900
81986016
82142564
81976784
82019984
82142044
81958408
82013844
82084428
81957104
82036516
82154820
81991596
81995600
82094340
81929476
82056372
82030464
82691484
81993692
82016832
83171632
82891608
82279280
82007488
82367872
82546720
83656608
82017780
82128508
81957656
81982752
82083128
81985296
81968016
82127008
82000400
81972728
82103104
82037832
81951980
82245968
82039368
81935824
82287664
82053012
81994192
82220236
82036776
82000844
82265572
82051520
82018716
82113784
82311476
82078348
82063760
82074900
83015676
83080876
82075164
82116304
82261184
86546404
82097636
82117144
82120076
82042304
82095020
82035568
82045776
82099484
82036404
82075424
82119892
82033244
82126540
82160816
82028736
82082032
82076460
82036328
82061252
82150132
82088404
82102132
82088592
81990860
82107352
82143888
82067192
82036024
82239428
82118188
82042244
85525760
82449776
82061624
81998464
84494424
82139992
82050052
81927896
81940640
81982044
81943196
81959412
82057016
81957724
82001912
82003940
81983520
81946828
81988324
81932176
81956328
81961960
81963368
81950532
82009744
81935552
81928584
81949488
81973136
81945000
81990648
81992688
81949704
82063256
82019932
82022240
82093820
84559136
82034052
82001996
82005264
81987828
81941672
81979556
81921836
81989660
82066484
81967684
81964008
82014484
81941604
81924300
82012172
81971068
81979236
82043864
81936312
81947588
82003260
81959916
81994696
82040924
81957644
81974876
82040288
81967992
81963252
82034740
81954080
81982004
82099236
81955060
81973212
82321772
84237832
81994064
81909228
81974376
81994264
81928724
82007040
82008888
81882824
81997260
81988100
81951384
81991724
82001448
81949260
81988360
81980516
81894616
81964048
81993136
81951196
81993500
81945680
81967208
81943480
82117464
82069988
82075132
82028192
82103728
82012912
82040660
82018568
82087904
81993500
82128220
83980828
83551420
81986412
82034372
81984916
82015136
82017196
82014952
81994980
82023236
82019268
82071012
82043620
82006496
82047196
82037984
82068192
82162056
82067672
82067336
82122028
82036268
82056956
82131444
82063384
82048156
82080980
82043292
82074456
82124800
82069808
82041640
82190260
82817020
82017528
82614596
82791020
82028740
82030456
82058464
82018640
82058328
81998336
82015660
82024344
82002528
82044504
82089708
82038344
82022512
82046484
82042452
82055072
82100616
82017640
82001036
82099048
82003012
82030452
82057888
82027260
82008620
82094428
82010844
82031860
82087980
81954584
82059852
82106228
82015972
82118632
82098364
82090228
82122860
82905600
81978404
82037216
82101380
82005856
82214856
82141004
82057256
81997624
82069716
81964484
82008532
82092108
81984288
82034628
82112980
81985804
81972260
82086176
82006360
82038260
82125700
81983924
81982424
82151544
81969160
82018480
82140388
81973700
82003956
82127844
81944920
82017572
82200188
82067048
82060200
82313484
83232708
82062516
82097748
81983916
82019260
82141784
81970932
82018972
82112204
81976856
82053552
82146752
81970820
82034568
82115888
82004540
82051656
82177284
81974420
82051296
82190804
81977544
82040868
82167120
81975820
82011560
82162096
82009504
82028732
82136080
82006096
82012928
82171580
83208992
82033880
82192900
83406968
82913092
82207652
81978260
81971960
82088588
81973652
81967084
82179156
82005888
82002356
82179668
81990612
81985560
82131516
82004100
81997436
82177456
82063260
82034116
82137324
82034848
81962760
82178952
82045616
81996776
82140744
82060324
81949640
82138624
82001568
81940832
82194380
82025116
82104892
82143720
82074424
82359536
82759460
81975736
81945172
82087404
81994928
81956724
82119488
81956864
81966668
82091696
81930284
82045460
82221720
82018840
81998932
82198276
82025228
82020904
82163016
81946396
81991560
82153584
81970900
81987272
82156720
81972284
81969544
82163564
81977156
81996720
82176084
81980012
82058236
82160900
81980888
82108092
82922604
82021456
81995764
82159332
81990204
81971284
82130908
82018464
81982096
82187540
81997316
81967512
82122884
82150940
81916576
82197916
81988816
82011236
82125588
82019168
81963480
82083700
82017976
81992488
82129100
81977760
81950492
82184592
81976252
81989580
81975272
82012580
82005352
82058728
82927912
81947912
82203348
82944724
83579416
82186744
81960556
81959584
82130548
82003216
81994248
82131564
81981568
82005152
82230340
82007752
82025852
82263496
81977224
82014756
82176156
82004500
81957156
82195296
82039964
81997020
82251608
81978872
81984696
82257992
81964228
81990928
82049588
82083504
82021136
81975176
81984872
82034832
82793296
82073532
81947320
81999500
82038120
82012536
82151268
81945232
81965864
82150096
81974416
81983068
82165224
81965056
81958052
81992700
81952632
82029584
82003364
81987108
81980480
82022408
81955360
81954868
81959916
81960288
81981268
82029668
81947640
81979136
81966860
81943416
81960104
82065920
81997220
81955920
82077196
81949148
81920372
82075408
83446544
81996132
82030912
81957540
82005744
82030116
81991740
82034948
82016808
81980780
82006692
82058932
82008992
81981032
82033860
82018596
81939888
81994960
81956208
82031992
82009944
82010168
81983108
82090592
82001088
81999988
81986948
82002912
82011256
82596500
82027640
82003972
82006124
84935940
82062292
82020452
82031084
84950668
82051076
82089772
82016876
82010816
82057112
82004768
82021500
82007188
81980840
82025128
82052600
82020316
82104116
82045828
81999060
82012632
82024516
82037728
82009880
82064188
81983880
82037956
82117800
81998096
82023608
82083472
82015532
82547596
82023464
81964528
81941336
85144488
82021840
81975064
82004756
85521280
82151580
82038264
81991548
81999732
82048212
82020844
82007128
81995556
81986364
81955188
82042908
81987824
82010980
82040256
81968056
82183360
82083876
82025272
81957528
82036668
82037636
81976432
82143412
82049140
81995768
82065688
81991548
82547580
82057228
82008968
82056776
85264680
82743476
82015672
82037068
81995900
85409068
82074644
82006872
82044516
82072456
81974452
81951084
82075172
81969264
82139240
82114700
81999580
82009700
82066892
82036220
81999740
82080816
82015244
82071772
82103488
81948104
81936456
82093516
81996224
82024812
82088988
81986332
81978492
82141892
81966292
81995644
82582268
82256264
81995668
82156136
81996000
83729052
82129680
81991728
81974472
82022596
81957908
82006972
82136112
82043400
82002708
82399816
82384460
82408692
82478208
82295140
82000884
82132076
82025004
82019224
82115996
81964880
82046072
82160332
82044028
82015492
82105092
81982788
82022268
82832056
81984388
82019432
83438216
82833528
81985176
82149636
82007708
82007916
82153324
82542068
82151496
82123752
82005692
81985144
82100244
81998920
82002580
82181452
82003896
82006376
82147752
81972300
81995568
82152832
82037480
82021644
82191136
82013260
81956556
82162064
82067396
82005548
82147404
82062032
81960956
82226772
82038984
81984352
82159540
84952204
81984688
82187344
82047844
83000692
82212428
82115168
84131284
83336800
82030932
81986744
82155296
82052224
81972264
82185112
82028500
82006032
82187316
81979212
82721380
82122604
82004436
82004732
82177480
82057508
81977420
82193096
82041632
81948468
82154984
82057132
82002588
82303424
82170060
81982988
82150340
83020252
81957016
82155796
81978392
82035916
82155332
81967228
81973544
83608324
81978656
81975864
82146488
81987104
81974212
82143320
81977792
81911172
82161400
82048208
82032052
82131768
82027976
82040376
82168792
81971028
82008208
82216748
82076268
81992124
82707132
82008904
81963780
82240348
82107272
82050148
82161296
85874136
81965164
82092616
81921544
81904120
82739428
81880796
81935312
83231976
83079296
81932316
82004656
81923108
81931028
82120556
81931356
81935596
82114924
81950708
81909872
82053668
81981860
81936712
82064472
81972084
81923872
82047552
81967584
81985012
82051980
81981152
81954624
82154448
81970948
81920336
82067928
84119332
81929396
82040012
81933300
81931596
82104796
82070872
81932936
82106640
82339892
82301332
82081532
81946336
81960536
82007720
81936968
81942264
82143988
81962944
81945224
82128156
81926700
81956092
82108144
82004328
81934836
82169296
81927500
81929576
82125536
81953660
81951244
82156572
82061536
81929764
82184368
82539992
82321424
82103080
81976740
81972588
82137316
82306688
81998388
82111436
81918392
85078716
82166940
81920204
81942452
82022400
81935460
81981912
82155356
81993716
82018896
82134948
81973068
81985112
82166256
82075924
82001424
82276080
82045544
82005372
82187640
82008316
81971428
82366888
82052072
82016568
82216724
85648312
82124144
82212688
82024084
82027084
82177416
81995932
82609956
82210596
82004232
81979584
86521924
82039920
82011456
82214940
82058352
82015224
82201940
82030768
81994672
82219272
81984964
81998228
82204652
81970208
81987840
82082492
82055240
82037976
82063300
82004048
82022768
82690928
 
82011540
82057940
82166620
86529876
82085080
82005968
81997316
82003228
82066844
81993836
82736076
82090024
82047096
81996968
86474076
82043096
82006888
82023732
82035016
82013516
82076516
81988856
82044756
82015308
82011648
81998932
82039540
81971048
82022384
81979056
82005784
82037752
82052720
82030460
81999624
82607400
82037216
82029944
82111348
85713020
82012412
82038032
82001604
81990568
82026672
81977392
82098656
81979816
82027660
81968776
84494900
82016828
81968912
81951448
81958140
81960356
81975884
82001884
81993908
81946784
82007208
81952952
81932152
81990652
81994748
81996092
82015428
81973664
82011272
82030624
81980168
82143080
82069112
82014600
82050636
87052956
82046868
81958952
82009128
81996296
81977408
82044320
82032568
82104636
82026648
82040700
83412456
83892328
82013968
82038796
82050676
81990612
81989012
82029396
82008820
81996012
82062444
82029668
82015708
82101724
81992116
81995796
82092396
81987436
81982692
82053192
82034896
82060516
82115608
82017964
81977916
86815112
82106924
82011536
82070856
82012340
81980432
82081864
82021564
82019820
82182340
82002100
82013264
84430112
83196668
82011164
82125776
82034336
81980964
82127996
82009164
81990696
82081360
82021876
81993032
82098184
82041220
81991736
82118752
81983800
81996036
82093376
82010164
82027860
82218580
82056028
81967908
84916544
82220184
82001504
82088088
81948860
82003112
82134212
81995088
81977684
82139748
81993940
81948032
82115248
84664188
82449624
82061564
82067632
82006636
88348984
81909344
82046456
82167644
81996880
82011708
82175712
82035400
82048440
82226320
82000008
82031516
82149876
81965248
82105824
82215656
82029192
82047572
82969016
82069524
82046924
82160140
82038680
82042092
82167844
82017296
82010832
82220188
82867048
81986428
83661936
82797464
81990588
82093608
81981204
81929476
82145404
81981696
82044276
82153116
81960240
81981748
82089820
81986088
82018484
82105892
81984164
81992684
82113936
81944880
82011764
82444556
82124028
81933696
84399024
82124840
81948400
82041224
81945016
81922804
82033392
81892072
81925536
82070564
81934388
82116280
82102088
81906952
84309172
82214444
81921952
81949952
82024080
81920088
81955540
82093940
81935464
81909864
82066800
81919688
81933300
82082676
81970788
81964256
82063000
81991392
81892152
82177304
81977384
81953052
82115320
85897292
81950648
82049552
81970176
81929792
82059428
81972240
81926924
82068216
81950232
82068508
82140356
81998484
81934588
86998540
82003900
81950964
82143128
81960152
81925920
82118428
81944556
81941948
82128408
81960228
81896204
82121708
81955584
81955640
82104584
81996052
81911716
82209560
81979684
81914228
82117812
86711360
81983252
82075700
81948276
81926760
82109676
81954164
81919588
82147140
81953808
81912656
82217656
81995420
81918360
83545968
83502308
81941984
82108488
81949732
81915556
82149764
81946176
81905188
82135516
81949660
81911240
82146208
81991712
81925064
82175124
81972140
81892472
82214920
81977412
81933496
82157368
86810068
82047460
82122232
81983576
81926900
82095848
81951172
81903832
82029336
81966476
81911580
82072612
82016784
81945956
82070924
84218820
82918916
82076536
82085708
82072872
82198556
82120628
82022888
82257152
82057856
81975536
82175664
81992032
81986464
82175580
82049560
81987672
82350708
82043488
82004076
82162652
88576836
82049232
82143084
81978084
82034204
82272960
82083904
82068596
82222968
82069520
82039348
82234816
82326448
82057208
82224228
82016516
85676468
82285856
82061556
82017516
82228852
82015520
81995828
82199560
82000984
81973900
82281276
82056176
82019076
82243376
82019764
81981620
82218596
82054100
81980568
82209616
84435708
82697512
82134276
81973412
81982632
82170364
81983060
82020860
82190212
81984596
81979140
82183364
82013600
82059852
82267024
82015792
81956048
83323604
82129896
82016636
82246348
82001436
81967820
82200084
82005564
82003260
82243048
82012412
81991880
82217644
81972348
81979084
82253104
82118752
82012056
82176224
82580168
83128580
82213204
82017868
82019128
82182684
82011416
82012960
82237944
82002532
82000548
82191752
82026176
81997076
82930468
81990976
81975432
82199192
83255136
81987048
82139044
81996920
82011544
82074696
81971120
82000116
82230252
82006636
81971568
82206820
81997968
81967768
82014100
82175760
82016272
82077100
82005724
84098884
82097924
82032352
82001460
82029552
81994240
82003020
82081596
81962000
81993180
81962164
81972940
81902728
82003308
82637536
81966948
81966628
83099828
82899352
81993764
81972544
81961184
81968960
81968416
81993488
81957068
82013924
81992804
81943100
82008292
81994436
81980572
82003016
82000440
81950152
81971816
84715448
82065096
81963772
81968036
81971428
81953560
81970552
82019316
81995684
81975952
81970040
81974600
81965892
81990524
81989824
82137772
81933348
82005204
82885512
82609116
81969692
81973292
81975168
81993660
81971340
81951616
81973112
82003080
81987628
81996688
81984872
81948808
81981804
82018972
81961568
81966472
84231712
82030648
81987236
81986000
82000464
81997624
82011840
81964544
81946120
81994968
81982276
82017300
81951616
82013724
81977356
81957640
82057064
81991680
81954284
83524624
84422676
81993336
81985384
82051964
81978476
81991752
81991872
81953964
81988896
81999628
81973512
81978228
82008600
82001124
81977772
82002128
82238028
83722000
82062288
81988292
81997912
82017788
81990276
81950768
82024488
81937280
81963224
82029392
81982240
81966692
82044284
82025736
81963548
82781608
82021000
82003944
83439196
82703484
81989680
82074296
82030476
82022372
82064632
82014356
82000560
82074292
81951544
82049020
82104300
82131484
82046308
82132112
82029456
84423564
82144704
82001040
82064212
82084540
82061848
82058756
82181804
82062168
82033888
82149156
82062208
82073840
82131028
82103832
82111728
82157296
82274432
82035664
85948976
82030268
81997104
82091300
81986304
82008060
82074988
81991912
81974296
82067784
81985272
81985280
81997560
82503508
81996504
82092748
82007316
84652252
82129268
82010300
81978244
82105320
81987660
81969440
82080584
81980224
81969620
82120228
81951380
82030720
82120944
82021068
82022120
82110128
82037628
81986152
82120888
81975792
84945784
82107492
82016304
81986104
82132328
82103756
81974772
82212400
82017924
81978236
82222772
82043564
82088528
82147312
82030176
83845792
83940280
82076500
82001636
82146896
82031656
82035996
82136568
81991800
82009840
82163752
82044904
81973312
82170060
82184544
81973840
82128752
82004460
82060092
82182064
82032824
83089252
82116600
81985628
81921584
82140564
81954420
81973452
82092732
81975980
81982460
82102296
82042912
82072652
82177948
82052780
83044884
82476760
81991208
82006016
82095112
81985628
81966196
82090932
81982792
81968812
82111852
81995236
82002428
82094448
81991576
82017876
82107172
81975472
82664996
82135520
81988476
81930188
85341688
81978268
81998388
82096676
81996720
81995304
82150032
82010696
81987824
82152400
82039948
82568532
82178748
82053068
81958168
84304740
82048260
81939496
82134008
81963452
82004028
82141900
81952912
82014308
82187956
82029388
81982036
82166664
81987672
81992300
82174832
82002440
82042212
82993032
82022588
81972060
82243580
86256940
82012160
82177616
82018700
82014832
82190948
82022052
82028176
82189880
82042896
82095612
82169852
82002952
82058856
84319620
82009284
81957696
82203388
82021260
82005820
82149484
82030648
81990760
82112980
82018020
81988640
82168716
82037496
82181192
82575604
82423576
82360528
82934124
82109516
81994792
82150648
85720900
82198872
82149372
82062660
82021112
82124980
82017312
81987908
82154736
82057088
82587404
82150872
82039792
81985408
85568912
82091576
81992008
82132872
82060816
81962296
82134032
81997456
82010980
82161660
81988624
82003372
82085284
81970504
81983888
82107552
82014188
81986384
82088284
82019584
82101992
82137600
81955024
84632020
82259424
81953152
81983612
82153796
81976384
81986708
82132044
81993976
82623024
82123916
82002536
82039868
86094972
82004612
82003028
82089016
81978708
82040200
82063476
81979432
81981000
82209140
82065108
81993752
82195072
82037392
82007988
82170292
81993472
81953076
82180568
82003000
82473592
82212364
81998748
81973364
86148584
82011816
82007376
82147868
82007024
81982004
82149680
81977960
82512520
82116180
82000740
81993128
85090964
82047716
81975612
82150336
81963448
81962384
82127404
82010232
81958304
82155812
81995108
81976088
82149788
81940884
82084616
82520656
82389344
82425432
82081492
82004380
82019224
82127340
82028412
81972476
82120912
82271944
82449820
82126252
82024428
81979820
82233884
81978392
82039352
82138264
81915592
81898856
83800240
81972052
81932220
82084212
81914096
81919580
82013728
81916320
81925232
82053828
81921544
81941204
82050684
81879352
81941964
82079328
81914100
81947532
81893452
81898252
81867656
81924824
81944548
81915324
81938276
81908128
85224460
82149764
81921916
81913444
81949488
81903360
81932444
81941072
81924720
81928424
84016720
82148644
81933484
81949976
81906736
81932772
81905020
81917944
81938592
81976176
81913756
81913828
81877532
81914764
81897700
81956496
81923004
81933304
81895952
81922932
81874968
 
81929740
81914936
81923320
81961608
81922892
81900700
83085208
83642968
81941916
81898956
81923808
81890736
81977876
81981976
81918084
81903932
85648316
81954632
81908180
81931112
81933264
81864160
81907216
81893428
81907956
81916324
81915760
81902928
81898828
81924216
81912624
81929668
81926644
81861116
81891380
81901048
81915548
81944548
81939176
81903252
81989256
81900068
81932488
82849968
83706368
81896040
82077640
82310756
82333532
82342180
82317240
82270768
86175452
81987048
81923812
81915756
81927424
81870116
81966880
81922056
81922276
81918092
81919848
81909760
81891128
81924032
81933332
81928592
81939792
81923924
81956260
81964744
81983608
81929452
81988308
82189008
82477428
82040852
82021244
86372600
82029708
81975352
82004556
81930388
82074496
82049300
81990208
81961724
83854224
82009292
81979996
82024320
82003880
82074028
82046720
82005356
81982004
82108428
82030556
81949948
82022152
81995264
81999208
82089884
82029516
81995392
82060428
82014912
81962580
82077332
82018640
81986096
82102752
82012716
82119744
82048060
81986956
82314192
82493296
81966244
81964716
82126400
81944600
81949932
82343056
82471564
81940820
82048120
81963724
81968852
82041116
81963816
81972564
81991372
81968132
81927636
82066208
81994704
81985644
82153784
81945272
81954996
82046916
81998540
81975588
82049576
81975928
81937896
82116552
81968276
81980848
82153720
81961632
81927212
82147344
85917196
81981556
82232316
81973640
82038840
82161460
86279608
82096500
82081596
81950900
81983420
82102948
82006440
81976200
82120504
81968392
81944880
82157400
81966612
81983776
82142368
81983040
81968012
82126608
82058892
82004608
82168224
82003152
82038064
82147764
82019680
81992796
82215448
82017296
81961024
82127636
82905872
82152336
82213840
82066092
81976104
82124896
84362468
82083692
82128240
82029928
81966112
82158596
82040528
81992508
82156208
82037916
81959960
82110508
82035784
82007044
82157172
82025904
82007452
82146920
82017332
81961620
82135800
82038624
82016244
82149760
82199488
81984228
82182376
82029080
82096844
82188760
81981060
82294720
82673184
81976936
81950916
82095876
82832076
81977692
82064172
82003796
81965760
82078144
82009116
81977012
82053380
82008208
82019828
82056696
81972924
81975472
82069208
81936152
82131756
82060616
81961792
81964660
82155100
81937760
81971120
82112272
81976460
81946964
82184976
82032944
82112060
82157320
82038120
82007528
84751044
82031724
81996964
82148620
85330508
82002332
82145424
82001160
82013140
82083608
81970392
81980952
82117856
81949864
82037464
82131588
81983048
81959872
82200752
81995076
82005064
82078744
81966128
81982112
82113672
82011888
82003412
82132856
81996944
81990448
82119340
82003916
81954488
82196388
81989612
81999280
82445020
83246472
81986636
82108328
81969732
82011352
82103748
82000492
81969060
82077308
81981900
81978176
82090356
81931972
81971552
82134676
81992844
82005080
82125532
81966464
81963424
82916948
81954724
81976900
82264792
82020040
82011560
82211996
82047160
81975192
82187844
82062504
81966120
82268536
82173596
81996152
82239372
82343004
82521664
82136936
81984576
81953540
82205276
81966072
81996240
82179780
81978072
82005092
82203496
82004696
81983192
82196924
82021212
82005816
82220684
82008324
81979128
82170296
82056056
82011772
82192976
82013288
82026460
82176824
81992520
81966420
82228192
82041608
82004116
82115380
82145388
82025944
82133652
81994064
82142076
83704608
81951868
81962748
82148292
81990816
82002360
82135400
81952456
82019872
82210104
82029688
82012964
82191000
82002344
81992512
82218232
82037248
82020808
82178232
82015880
81982700
82182484
82005568
81961812
82195912
81995776
82000800
82080180
82084432
82017944
81990284
82078364
81999696
82236860
82069244
81992528
82570940
83025868
81998484
82123756
81981008
82011428
82110876
81939040
81975732
82104392
81967488
81953532
81988728
81940468
81954716
81975688
82023708
81952032
82129072
81964956
81968836
82068796
82032692
81989368
82102216
82001676
81972464
81947480
82035604
81984140
81950028
82095452
81992956
82712116
82686332
81961120
81981448
85615112
81990764
81984060
82111584
82013268
81981784
82097948
82004768
81943552
82084900
81932652
81961000
82092248
81977264
81998188
82093528
82041028
81950896
82129248
81993860
81950004
82114792
82005968
81972628
82147796
81997024
81990032
82129180
82014616
81979876
82109788
82172520
81989444
83040512
82694208
81988612
82792780
84206164
82046088
82219084
81983676
81989640
82565592
82122288
82019192
82103584
81971672
82035128
82157488
81997020
82160820
82107552
82011420
82006952
82140756
81989568
82039784
82126904
81998904
81975048
82202664
82045632
82012204
82223476
82016272
82006116
82300028
81988556
82027920
82237948
82157228
82039908
82183456
82362768
84284428
82109168
82062844
81957592
82148660
81999828
81919196
82161888
82079076
81972948
82176656
82044368
81989668
82222048
82025380
82027864
82129760
82007952
82007464
82126736
81961824
81977240
82151800
81990976
81984364
82149780
81980896
82015960
82106692
82032732
81967868
82349352
82136720
82095388
82207432
84580940
82133672
82409364
82016364
81997588
82171472
81975524
81989004
82206212
82031216
82012056
82175836
81993796
81956672
82189772
82032176
81999984
82219184
82006736
81972980
82023064
82039972
82024720
82042112
82019828
82000716
82119532
82048232
82033108
82075468
81964044
82034772
82121564
82006640
81986268
83276152
82036176
82077456
84110616
83292432
82081704
82169360
82060992
82022096
82153276
82003588
81990252
82086436
82041464
82048772
82097484
82099944
82050656
82101784
82017404
82011220
82136176
82027896
82089432
82152376
82034692
82035144
82021800
82038096
81992748
82056400
82008264
82027000
82057096
82038764
82121608
82256984
82025552
82071804
86515664
82036592
82004216
81996260
81973040
82014276
82036216
82006516
82002512
82040760
82006672
82022256
82001268
81972292
82033944
82003132
81988884
82012444
82013536
81999072
81955552
81970920
82001452
82024568
82014756
82008732
81988060
81988284
81984716
81981972
82001436
82025316
82008640
82056812
81995352
82131880
81999704
81966136
82447616
84663736
82040424
82061828
82030216
81998844
82034220
82015136
81991252
82046584
82024992
81982552
82021668
82001780
82031344
82041844
82042012
82054344
82019772
82034460
82042944
82021044
81994668
82039184
82020040
82030416
82039684
81996804
81990300
81998656
82098904
82046260
82047636
82032008
86668412
82090916
82037744
82022784
82047436
82007572
81999304
82030852
81983980
82003148
82079060
82021484
82002756
82094196
82031412
82008900
82075488
82028828
82017600
82076736
82037696
81981688
82048176
82020736
81956288
82119400
82035008
82026056
82108420
82045460
82005732
82067732
81985992
82038088
82078684
82015028
84199216
83494896
81989692
81992624
84330396
83385832
82001112
82090616
81991120
81970748
82110812
82020792
81990564
82066260
82012304
81992688
82074540
82056656
82021852
82082504
82078892
81994056
82109684
81964996
81958552
82114120
81989704
82003632
82121908
81984500
82000988
82099224
81995128
82113648
82082384
81999864
82703956
84384052
81958740
82005624
82531500
84553412
81999636
82114308
81959324
81945292
82130588
82057052
82005828
82131516
82009284
81995652
82145544
82053444
81989456
82154060
82028596
81965844
82117036
82009928
81995280
82157908
82012928
82008820
82197872
82032808
81981120
82269368
82030520
81948292
82559500
82872716
81994504
82148524
82019696
83119000
82156916
81992460
81983944
82135600
81982140
82005988
82162408
82052632
81998508
82171348
82004252
81992404
82129560
82038308
81999032
82148576
82022900
81992540
82137428
81992552
81984956
82188532
82024488
81991668
82198896
82010460
81989128
82288012
82033412
82030980
82190056
84796784
82034400
82226672
82063948
81990732
82614216
82433176
82021884
82198548
82014052
81951840
82198040
82016820
81974404
82222776
82027124
81950272
82152916
82010468
81997696
82215808
81991980
81970824
82277848
81971280
81952152
82244036
82001340
81954904
82158012
82004356
81973448
82269304
82009800
81995664
82074236
85441404
82022640
82164356
82071824
82001124
82118920
84580396
82165164
82082420
82010880
81985256
82110300
81996264
81977696
82115336
82039400
81999556
82124612
81981292
81953924
82045708
82004048
81974516
82100796
82005076
81989120
82069272
81955316
81973308
82108180
82024516
81979116
82117248
82014680
81958736
82060824
84349144
82047252
82195724
81992612
82055712
82113504
81983140
83370232
82381876
82011044
82024608
81973144
82037412
81955608
81984332
82044164
82029036
82011568
82044500
82031012
81974652
82006244
82012512
82019960
82059388
81992320
82039516
82054480
82031716
81967932
82041000
82050276
82046616
82405568
82050860
81998844
84867584
82262696
82013968
82067684
82106644
82009612
82060476
81987536
84574472
82012780
82021872
82020284
82072024
82034464
82028032
82063096
82006144
81990104
82056404
81962208
82017660
82129464
82065220
82003400
82082952
82007576
82027964
82074380
82033376
82030492
82093904
82035348
82000500
82792976
82008752
81975388
82778024
85187744
82024804
82112288
82289456
82081420
82105744
82028740
86939488
 
82146804
82035056
81975328
82034872
82019584
82012932
82087148
82008944
81998964
82118608
82020364
81909644
82075976
82030664
82020952
82141276
82042260
81968664
82072228
82011684
81961284
82166032
82012772
82038240
82734416
82083684
81991124
82112384
85198564
82014392
82107104
81989968
82024856
82327324
82042052
81999944
84821320
82227948
81978476
82176620
82057128
81986928
82160824
82023592
81965596
82134556
82012156
82001092
82134580
82065976
82004672
82135812
82034740
81978592
82139664
82035044
81965404
82168388
82119072
82012096
82735668
82019156
81977560
82087532
86053640
82058772
82123652
82036896
81974560
82919932
82023184
81989536
82134608
86132932
82033720
82131044
82187240
82348600
82374756
82028696
81959232
82165336
82025248
81978916
82144696
82019384
81978012
82191056
82020984
81998988
82208464
82032540
81977584
82153400
82003928
81949772
82759072
82024240
81997660
82155140
85829488
82051440
82193216
82021564
81990824
82345124
82074492
81998368
82173384
85542180
82211208
82142736
82009428
81964092
82177772
82024568
81998812
82175080
82030172
81998936
82215596
81994496
81977936
82229708
82025532
81994972
82226816
82010460
81945324
82212792
82008316
81993328
82488124
82050536
81974300
82181292
85953048
82082828
82208996
81989312
81959028
82188296
82377272
82017636
82164152
82006188
85474716
82423088
82006988
81955420
82207280
82021344
81988004
82197136
82015664
81954540
82172808
82015344
81960536
82223056
82056352
81987096
82242912
81973688
82021288
82198620
81986872
81995132
82239024
82032916
81953704
82167668
84481852
81974536
82151704
82030516
81977540
82147372
81980964
82072500
82186068
81986956
81982900
84631332
82060848
82023940
82162084
82032236
81982164
82184188
81990144
82008144
82240012
81987404
81997280
82160596
81985508
81968404
82086648
82063008
81977032
82001448
81974192
82024580
82072472
82095636
82019720
82055784
82979964
82782356
82042572
81936512
81947256
82107220
81995404
81983484
82060292
81957628
81970980
83491112
83643008
81995700
81962908
81964272
81930524
81957400
81988336
81979296
82007568
82009448
81980632
81905820
82005972
82006024
81981072
81973536
81996884
81919176
81958504
81987468
81991904
82028884
81974908
81952684
81994908
85928744
82062704
81945432
81995460
81948180
81989764
81960876
81952576
81953032
81972904
81994616
84035300
82898884
82002760
81994260
81956072
81988216
81972532
81973484
81973472
81983368
82003216
81984568
82007572
82018880
82004268
82018504
81981344
82013648
81997988
82039240
82005916
82121684
82009384
82008640
81970696
86416144
81973068
81966716
81973864
81974628
82004644
81973320
81984228
81990804
82064648
81977912
82003056
84595420
82756256
82000460
82011380
81943024
82011384
81959756
81977932
82010280
82026832
82022236
81998804
81989688
82041964
82077988
82010572
82014744
82071352
82006508
81965952
82126004
82041388
82009816
82052004
86667356
82052856
82047288
82021848
82004632
82059336
82025612
82017568
82064384
82016996
82083648
82051036
82026220
84334564
83123488
82064804
81993140
82106896
81998784
81988044
82044560
82048472
82023532
82041100
81945384
81982560
82079316
81977932
82004128
82074256
81960104
81930704
82078248
81988016
81986332
82110472
82569616
82219316
82083044
81970924
81956008
82073604
81978384
81992708
82145676
81966276
82041644
82051384
82008488
81993728
84796232
82083816
81960836
82002228
82040288
81957580
82005232
82025036
82015588
82023484
82043240
82080268
82010304
82042752
81947992
82041260
82039144
81995600
82004872
82669568
82007084
81992568
82481400
85442092
81987640
81958904
82089124
81930352
81983248
81968128
81984612
81974064
81965636
82047128
81966000
81944532
82957400
83989904
82009300
81992024
81968220
81946544
82074476
82006788
82000992
82031872
81963308
81987584
81998448
81969352
82055792
82044044
82027588
81998508
82059488
82113668
82001748
82006188
82009272
86746188
82010980
81985004
81982236
81979596
82007120
81974064
82003780
82017988
81962884
82084784
81995088
81918256
82096104
82394380
81983056
82021904
82009832
81977576
82025856
81971100
81963608
82045016
81993516
81981912
81984324
81996116
81976984
81985208
81980720
81969092
82038080
82040192
81969508
82020756
81981016
83845152
82934548
81993576
81985064
82076616
82060968
82003488
82000464
81943588
81908420
82030180
81998008
82996392
82035112
81954980
83344448
83435912
82004776
81997312
82127592
81985620
81956260
82090804
81972336
81997000
82126716
82044820
81986560
82103200
82045152
81967464
82148228
82388592
82115528
82088964
82023980
86159492
82249504
82054132
82014324
82091196
81995060
81995904
82073224
82043260
81999436
82150240
82011772
82094060
82216972
82025980
82069196
85465516
82183260
81986380
82112368
81986932
81978984
82115264
81994260
82029856
82149536
82046192
81989576
82131192
82060224
81968580
82151500
82142184
82015704
82155552
82024904
83323248
82142708
81969512
82025588
82085552
82053744
81985932
82157428
82043652
81982456
82133668
82003276
81962524
82289704
82056716
81957476
82137968
84750492
82036096
82261912
82026356
81949688
82094824
82019016
81968756
82159308
82036140
81981516
82172452
82047360
81980576
82197508
82065784
82073528
82165616
82004220
86629464
82230336
82049316
81991972
82183608
82025364
81952704
82164492
82042092
81991608
82324764
82021332
81965856
82174184
82101692
81969228
82170912
83479060
84159956
82173764
82061372
81988448
82136592
81983004
81999612
82237584
82051944
82020956
82154904
82003964
81963868
82176696
82083020
82046236
82196652
82012772
85258308
82537264
82034340
82022184
82222288
82018616
81963608
82228336
82030848
81992680
82218156
82023100
81994280
82173160
82046608
82047200
82206748
82030408
82706528
82573068
81942092
81989540
82140732
81975620
81947620
82156552
81978136
81971100
82109008
82078496
81991604
82138900
82015464
82106948
82261924
82021316
82129388
84010572
82080012
82002824
82366460
82031712
81986680
82216912
82017604
81956436
82193416
82013908
81997740
82220452
82005112
82769752
82227156
82003580
81941384
86442684
82023060
82002504
82425404
82015504
81979036
82209052
82019208
81987252
82154208
82000900
81981860
82184172
81999356
82598508
82208272
81980520
81952904
85385896
82063068
81996012
82165304
81983584
82000156
82168252
81987308
81948852
82035708
82023016
81957860
82002020
82017276
81997680
82142752
81988480
82000792
82683016
82221480
81954756
82006216
82002732
81932308
81973952
82006768
81970180
81980668
81994696
81974052
82019084
82019340
82041380
82022852
81981364
85041856
82048636
81975380
81990664
82014740
82009552
82005444
82066348
82005988
81987092
82014792
81979648
81934340
81936400
82007148
82021344
82277748
82054136
82030964
84624032
82061500
82019296
81965652
82011760
82028912
82000148
82011368
82011400
81985020
81996996
81997404
82012756
82035920
82680592
82072800
81969068
84064916
82063352
81988516
81965048
82017620
81968532
81992400
81944988
81933920
82012420
81997904
82000804
81995464
81974632
81992512
81987008
82822260
82036308
82035884
82001316
86105928
82005396
81998400
81991268
81972456
81973968
81970360
81962568
81992272
81996504
81996496
82015224
81971372
82628680
81983016
82010940
82146048
85046968
82033996
81973344
81994532
81999580
81969228
82014148
82000688
82034220
81989800
81976708
81992660
82033456
81991500
82016768
81996068
82280232
82002872
82002888
84303076
82147348
81991788
82025696
81998020
82041244
81993104
82022196
81971796
82030252
82006612
82001324
81988840
82638224
82051000
82011580
82044140
83368552
82063520
81978224
82076576
81972164
82002084
81978424
82040576
81996900
82079228
82001608
82013828
81998476
81960556
81986656
82086964
82084120
82051016
82002196
81994620
84703832
82157372
81979864
82006660
81986576
82001008
82052636
82056636
82002712
82028888
82024832
81987924
82687024
82039520
82003996
81977876
85267672
82098020
82013100
81975712
81972104
81971736
81939676
81959792
81978000
81963088
81995856
81985668
81957092
81953592
81969080
81989504
81968476
83176964
82018408
82026868
83703932
82434480
82035584
81996256
81931032
81962880
81989504
81946508
82005036
82012024
82017952
81989576
82065248
82019652
81976460
81977084
83154768
82155028
82008140
82016772
82013504
82170868
81991288
81973832
81948384
81980144
82007088
81973724
82009168
82023700
81977704
81961852
81954316
82028244
81991884
82013216
82194804
83937620
82029852
81971360
81970292
82022148
81954096
81992048
82003456
82166988
82013660
82070596
81980776
83031512
82022440
81994884
83961556
82354128
82108152
81977616
82045768
81995664
82021488
82041524
81914568
81985760
82060392
81985004
81994352
82038632
81962964
81897800
82051600
81977240
82045492
82065424
81957112
81951780
83903916
81958560
81946936
81999760
81996996
81988872
82594896
82036180
81937636
82022796
82044796
82697092
82065508
82031140
82911104
83299780
81990256
81985048
82122304
81969868
81970728
82045060
81970144
81990588
82184572
82060908
81974372
82151452
82017472
82005880
82130492
82047108
82013352
82110564
82152328
81993844
82139076
82267216
82345692
82051680
81981288
82033128
82086856
81997884
81969576
82058892
81980304
 
82125136
82177488
82003780
81991508
84124320
82038628
81965744
82066364
81941468
82041124
82059048
81995940
81974504
82067728
81966488
81940568
82130996
82066756
81971692
82127064
82029204
81969104
82086576
81929076
82667940
82088212
81974184
82839796
83568584
81964784
82187612
82096992
82016212
81949768
82077980
81974504
82017196
82131832
81966472
81951948
84015356
81967456
81912280
82099880
81973172
81994580
82121700
81990876
81982772
82075700
81964540
81957588
82120320
82003688
81958856
82106492
81963528
81978880
82115576
81941376
81985164
82177744
81963680
81980720
82573308
85149256
81969192
82143212
81938200
81985424
82099436
82004272
81998072
82080208
84287688
82119844
82137704
81963504
82013368
82123144
81976524
81976464
82037432
81957452
81922288
82095304
81992108
81990020
82070172
81990284
81968684
82103860
81969984
81986740
82061304
81993192
81974040
82062548
81988296
84833804
82668728
81975020
82012336
81992696
81985092
81988528
82061868
82053748
82033260
82004388
82184892
83082000
82058360
82002640
81993448
82049852
81985688
81997204
82061264
81936120
81999356
82021464
81985008
81975544
82044420
82012756
81951780
82024960
81977188
81966292
82033496
81963604
81961460
82417992
81961184
82004660
83777244
82156700
81999820
81968592
81951528
82022444
82018920
82150568
81981312
82015772
81990936
84201172
82065252
81938140
81966364
82007212
81988496
81987112
81970444
81968596
81946784
81945456
81980792
82013688
82035348
81978444
81969332
81924824
82014032
81992532
81964176
81975920
81995240
81900044
81989276
81940084
81964692
82753536
82729240
81890904
81989348
82014448
81936424
82038812
81986784
81962576
81973528
84383540
82068428
82037020
82000024
81944768
81951500
81977132
81897200
81956164
82019960
81956468
81996940
81988876
82002280
81941140
81994824
82013316
81985168
81968012
81982672
81961684
81938436
81989228
81977624
82026548
81995188
82004588
82461020
84727180
81968300
81958476
81950772
82001972
82027452
81964892
81983936
83344744
84074512
82001204
81960064
81983400
81998284
81948688
81957980
81972212
81927548
81996268
82003232
81988832
82262004
82376952
82368620
82364528
82424152
82358008
82282700
81998416
81971780
81950312
81966696
82026416
81937484
82069424
81978464
86180444
82011236
82003364
81987824
82033144
82019700
82037000
82031012
84483332
82013932
82026808
82004708
81992576
82005700
81938376
82049168
82065232
82001676
81974960
82034840
81986268
82003684
82031892
82009244
81973900
82066368
82014608
81992804
82058800
82001476
82051412
82070264
82019920
82833332
82125324
82045608
82644552
84053004
82415588
81988940
81963184
82009608
81974164
81933960
83200436
82052464
81979936
81990380
81997160
81988808
81967448
81985068
81962028
81938068
81954408
81977456
81980748
82000320
81975480
81950772
81929564
82009712
81976476
82015720
82016324
81998612
81956936
82027812
81976984
82014820
82066748
81981316
81967996
83661408
83458488
81972668
81983600
82112660
81982360
82036900
82272028
83984424
81977412
82005060
81994512
82031640
81997248
81968068
81995996
81941200
81976264
82190644
81966412
81976800
82011448
81933828
81937684
82024084
81964264
81994748
82045996
81975488
81947444
81946600
81983468
82013564
82065176
81989920
81942884
82898196
81999236
81943776
82003032
82023424
81977900
82073300
82032500
82787936
82030260
81947812
81964728
82067328
81970372
81989660
82085272
81939544
81929260
82076248
81962252
81977572
82068996
81997036
81941652
82054548
81976352
81966108
82098860
82000392
81965356
82110360
81948008
81999392
82071908
82007324
82074880
82079548
81943716
81980428
83635032
82514120
82010560
82135184
81972604
84962284
82191624
81994700
81972932
82094952
81936320
81945760
82117044
81984488
81952016
82121064
81953644
81921192
82109068
81985836
81981776
82113880
81964004
81939472
82109980
81984444
82004412
82131924
81958708
81957672
82173460
81957000
81954900
83368544
81988716
81974416
83445112
83167724
82667772
82131340
81964816
83265804
82999064
81960336
81996032
82334888
82001020
81981576
82089968
82004516
81967592
82130296
81994328
81979756
82181660
81968676
81955400
82107504
81983236
81969720
82148848
82022912
81969284
82109880
82010768
82018904
82209760
82039164
82005588
82401956
82471316
82016472
82239252
85173664
82195504
82208632
81960448
81936524
83720252
81958228
81920888
82050060
81927396
81875412
82051876
81990824
81966728
82129736
81969416
81932008
82050844
81970904
81963328
82025368
81945020
81921396
82039160
81877480
81935416
82022484
81940756
81944136
82054108
81897184
81871700
81928244
82149300
82014948
81933124
81960352
86314328
82535116
81985180
81858752
86274288
82020636
81947252
81928968
82002244
81930108
81942152
81979052
81937688
81929800
82044676
81946132
81936476
82000160
81934832
81880184
82003820
81918760
81951820
82024800
81953900
81884576
82038832
81944512
81917736
82027852
81934448
81942840
81971272
82029728
81922660
82066680
82173508
84854816
82037752
81937556
83087156
83743760
81913808
81982456
82134056
81973300
81961192
82136380
81985696
81965076
82106024
81963400
82005364
82123804
81983484
81982572
82152408
82053236
81964396
82049944
82020912
81983336
82155684
82032612
81976404
82119004
82010544
82015052
82161224
82747128
82000840
82128896
82020724
92939100
82178076
82053680
82027108
82259248
82031940
81985236
82175860
81990220
81965884
82177312
82013696
81991368
82157496
82014044
82009208
82163756
81976700
81998244
82167316
82002072
82007184
82227104
81997948
81951264
82258852
82040508
81980868
82210480
82027872
81980748
82160640
82049404
82225252
82128384
82001592
90805476
82369872
82047764
81998332
82212220
82002716
81984856
82200704
82003124
81984988
82233584
82023660
82006936
82198708
81999088
81998280
82199508
82015844
82017388
82224924
81982324
81982540
82196068
81981528
81969548
82239456
81979908
81972252
82225192
82010732
82003852
82206684
82013712
82119952
82100344
82027448
82142352
84084812
82021828
81959288
82015260
82030544
81992196
81990012
82302224
82337660
81976692
81975748
82132544
82001720
81965960
82032116
82008000
81976620
82014992
81917568
81990264
81975880
82002548
81974972
81966796
81929880
81941512
81977020
81960612
81968624
81999860
81992992
81988276
81985408
81989924
82005408
82044524
82282420
85665996
82007308
81960348
82001640
81993816
81953336
81991308
81970956
81900828
81984336
81976556
81988896
82006368
81972708
81931856
81937996
82000084
81949312
81979424
81988932
81996960
81973904
81942480
81977704
81996968
81979160
81980940
81999188
81940320
81941516
81992964
81955516
82000200
82238080
82064148
82117948
82817984
83240988
82046784
82002584
81986308
81979896
81997212
81980796
82013112
82040236
82012040
82018120
82008832
82018568
82007572
81947644
81940588
82035448
81970456
81964736
81987736
81983436
81944652
81970200
81983700
82005788
82013528
82033532
82023172
82012068
82006860
81952212
81979988
82161960
82035808
82033188
82059980
84758940
82051584
82051176
81994316
81992748
81995644
81952544
81966888
81995748
81991284
82001316
82027200
81967396
81963272
81971568
81975808
82287292
82375276
82356912
82368536
82063332
81995712
81983052
82054080
81961948
81938956
82101608
81925628
82008928
82039888
81937816
81936548
82094096
81968756
82055400
82008872
86129624
82035880
82104456
81950372
81956360
82025868
81963288
81976976
82052840
81985436
81966832
82101292
81943728
81940620
82100264
81978576
81988952
82074480
81969800
81953020
82022756
81998320
81968560
82057424
81974244
81972908
82040504
81958904
82051660
82170336
82032928
82002292
82105380
82095320
82195692
82337248
82139568
83826912
82249248
82074040
81971360
82148976
82020692
81981796
82164712
81989156
81949524
82197204
82021676
81988376
82147840
82030224
82025520
82180112
82013544
81964508
82214424
82075720
81985792
82166376
81988352
81975336
82120552
82032188
82004728
82203512
82000992
81977436
82178196
82024932
82054304
82307776
82018716
81966788
84233516
82088140
82057472
82193940
82007872
81965180
82203016
82021900
81976952
82206908
82011296
81997776
82229436
81983872
81948092
82198200
82026436
81995120
82226516
82022240
81995176
82170804
82027012
81983252
82169956
82024180
82004612
82182972
82010036
81971980
82220012
82047096
81981996
82161996
83017832
82033520
82219428
83991364
83509196
82089296
82024172
82016940
82117500
82097464
81980932
82141732
81994524
81980132
82150336
82061420
81972816
82134852
82056196
81988092
82125020
82064496
81992416
82105696
82077152
81984280
82126520
82059468
82009660
82141068
82028844
82013416
82131428
82016036
81991992
82804504
82090616
81902668
82355548
84759640
81964220
82071696
82020696
81932964
82103076
82025808
81952020
82082028
81985080
81940164
82080900
81960752
81965012
82076680
81994272
81958956
82069780
81967468
81960908
82149012
81974408
82021196
82128016
82030904
81909148
82168244
81982196
81987836
82131180
81993448
81987052
82109996
81976296
82059804
82153876
82003756
81989352
84344912
81983900
81969324
82033836
82001800
81977644
82122144
82039332
81929844
82210072
82004500
81961332
82375340
82047492
82004728
82214292
81985784
81947192
 
82164248
82007252
81979500
82237484
82035780
81968816
82161036
82003436
81952312
82059552
82032504
81972372
82235364
82015624
81986424
83499576
84517344
81966804
82184972
81978392
81984352
82116456
81945440
82026164
82126164
82018404
81987004
82113568
82003140
81953080
82114860
81970480
81991912
82168896
81989208
81995376
82187656
81930828
81962008
82123524
81979368
81993684
82151880
81956624
81943984
82131304
81973624
82083216
82204076
81974108
81978932
82089340
84606116
82027076
82097564
81978288
85617048
82111584
81927372
82000852
82079876
81994504
81976740
82124808
81963616
81927844
82191032
81981628
81976428
82120100
81969792
82035972
82076816
81972468
81969240
82107576
81970944
81972540
82078128
81968572
81961192
82173328
81972088
81973064
82557364
81992476
81981732
81984300
84854972
82056504
82056200
81999432
82371724
82606816
81986024
82002172
82112224
81961064
81976216
82050680
81973336
81962468
81972584
81988480
81977164
81979516
81940320
81983176
82035368
81968636
81972268
81978836
81960984
81950088
82045068
82015772
81953828
81964716
81969012
81942680
82056524
82322876
81961836
81986044
84163920
82195728
82754204
82031832
82037588
83370428
82926480
81993236
82066284
82000036
81999444
82029988
82004856
82003384
82068640
82014652
81995320
82017312
82011692
82012544
82032464
81974680
82014840
82002172
82035684
82040400
82035884
82016492
81969068
81966556
82024980
82036592
82036964
82704924
82020680
81959408
82717380
83328480
82091912
82037116
82010396
81962092
83182580
82860480
81985856
82046544
82009028
81980264
82029652
82022168
81998296
81975592
81958144
81966636
82002168
82025708
82002532
81997028
81985328
81971796
81988332
81993772
82011548
82024120
82032892
82035932
82028084
82039636
82062652
82158756
82221328
82066372
82053252
85042516
82010944
81990660
82037092
81978932
82062112
83215592
82276904
82023416
82009392
81996996
82033488
82067320
82065120
82007044
81997192
82004696
82028220
81983200
82022012
81988472
82043016
82008280
81999020
82042372
82012036
82058304
81964980
82030520
82027568
82023792
82019788
82608292
81992584
81969560
81926524
84962972
82122732
81998784
82103500
82065192
82038528
82003876
84893392
82214488
81988116
81980748
82013488
81981132
81974248
82021444
81979108
81982356
82001096
81967368
81981540
82027780
81946380
81998088
82044980
81999792
81962016
82067640
82027844
81940316
82030344
81999196
81980872
82055340
82000060
81962224
82036848
84883732
82066012
82060084
82188308
82000804
82128452
81978616
85420988
82028232
81974728
81958432
82049064
81965924
81949232
82043036
81994520
81983200
82059744
81968744
81955016
82036932
81935184
81966472
82047844
81961584
81971724
82115148
81989720
81963156
82071440
81987756
82001788
82104672
82050264
81958340
82090968
82304568
83560876
82073476
81995728
81990040
82165688
81988012
81970744
82049636
84655468
82021172
82054088
81974896
81968280
82120816
81962996
81966464
82080820
81930460
81987972
82127536
81962864
82014704
82118036
81955112
81908796
82170196
81997516
81920516
82119936
81966544
82020640
82177496
81953656
81966464
84507780
82002524
81974300
82142796
81974364
81989564
82146988
81979588
83914768
82334716
81974236
81988028
82147560
81977684
82042136
82474056
82318220
81918768
82100596
81981548
81968580
82148688
82008436
81975120
82057368
81941524
81978980
82142696
81960420
81958340
82081704
81965444
82009880
82145204
81976752
81954928
84806464
82755704
81949044
82151784
81982384
82010312
82188000
81992612
81955112
84700352
82221868
81986760
82124424
81967108
82012520
82512236
82350632
82339772
82469876
82242528
81961704
82100480
82002116
81965852
82111676
81971156
81997428
82167672
81977228
81964688
82167228
81954172
82535524
82111152
81991224
81946056
85071828
82011544
81972504
82144428
81954660
82008112
82205700
81998224
81980568
82132764
84856176
82110600
82053064
81986752
82000308
82105804
82004800
81978052
82030808
81973684
81972268
82067436
82050696
81971104
82082200
81984124
81999720
82057512
81967596
81996332
82107372
81984272
81968888
83191208
81974408
82010568
83631684
82404616
81989700
82042136
81965180
81939816
82119804
82049300
82063888
82075672
81992128
84704608
82285228
82012516
81967364
82074416
81978308
81991684
82047540
82003104
81976232
82030032
81940136
81969388
82103896
81951696
81966908
82116872
81970928
81911052
82100456
81982612
81938608
82200880
81959312
81974508
82177140
82358272
81934524
82131648
81969560
81948272
82137048
81963196
81995976
82071268
81941284
81946320
85835888
81996344
81972340
82356980
82370604
82363052
82503968
82381560
82364132
82540180
82354776
82369488
82524752
82378664
82071988
82145616
81996764
81960552
82090464
81988012
81974520
82164948
81946724
81953736
83142260
83556868
81973024
82065864
81940900
82004096
82130908
81980532
81952988
82192364
81980468
81954920
82098708
86127052
82019780
82118988
81964052
81959136
82112088
81992420
81935012
82156912
81976556
81966572
82105984
81991756
81980284
82065360
81989860
81990860
81938444
82010576
81969136
82053148
81994036
81951324
82036292
82182412
81924080
81982868
81973796
81951248
82016560
81962944
81911316
85398960
81971100
81959936
81972720
83801996
82068536
82009500
81994072
81962348
81995440
82022496
82029476
82038176
82004532
81989908
81950548
82023252
82017528
82011212
82036008
82004220
81948576
81969500
82053564
82102308
82029436
82025868
82677296
82911772
82016404
81971592
81995736
82000320
81952232
81983588
81995184
82013160
82047024
81964224
81908464
82803348
82997440
81961408
81970768
81953528
81929912
81963568
81979756
82048816
81973364
81997880
81974920
81969048
81955492
82011796
82101848
81961876
81955704
81964124
81960964
81962580
81993296
81998284
81936480
84425240
81994356
81914048
81960164
81934104
81904908
81987808
81972272
82005572
81950896
82991500
81991408
81964828
83185912
83391368
81994336
81955236
81939720
81921168
82005076
81969440
81989240
81985680
81945404
81985540
81947784
81964380
81991136
81986744
81969856
81975048
81951012
82533356
81975028
82021756
81959344
85059076
82062216
81961196
81977572
81978776
81962808
81971796
81970068
81988136
81991756
81955760
82022372
81976248
81922504
82848600
82573824
81973312
81965992
81944096
82007496
81966856
81949548
81977640
81973612
81975988
81911580
82018448
81999728
81939424
81999656
81999840
81968612
81955572
82008184
81984016
81936948
82571380
82111604
81955212
81994524
81973060
81994840
81975068
81978268
81955372
82019332
82024480
81987812
82060336
82000240
83575548
82020868
81955564
81987348
82028020
81971552
82011936
82003376
81955952
82000652
82010904
81991772
81972496
82054220
81983728
81953180
82005760
81990144
81995036
82589668
81956708
81985812
82020028
84451236
81982608
82014288
81936868
81993728
82047084
81975636
81966240
82037532
81966488
81941832
82789272
82024816
81971668
82082548
85173180
82034488
82075584
81983708
81930120
82040576
81989688
81989212
82075348
81973644
81933168
82093768
81981932
82011084
82057376
81983120
81949416
82587964
81956640
81984636
82023876
84907520
82054292
82074956
81971040
81977344
82055132
81983188
81979220
82107500
81961208
81962264
82026880
81977868
82124084
82041412
81979320
82083124
82822892
81953388
82019912
82087424
81990000
81972416
82084424
81932352
82017704
82102616
81982476
81980568
82105512
81948124
81955488
82079976
82031016
81966016
82073336
84058912
83443160
82120340
82004848
81993372
82099536
81959028
81953648
82081396
81954524
81972124
82113948
81988656
81990584
82343196
81953280
82000788
83315072
83895136
81957464
81950648
81989252
81961412
81995588
82020412
81960144
81984096
81952272
81991332
82043844
81971688
81982588
82029696
82050564
81959440
81988104
82023740
85756116
82324548
81959732
82015668
81992292
81985024
81961716
81973648
81980984
81944312
82016516
81984036
81985636
82003676
82060080
82004420
81961424
82381516
83306888
81937012
82008124
81979480
81977448
81944292
81968776
81966228
81950488
81998508
81942404
82590144
81968340
82010500
81945244
81987344
82008000
83537528
82042668
81972764
82008132
81977780
81948072
81992748
81985396
81977560
81954648
81969772
81974956
81934592
82029692
81965780
82796852
81995044
81963840
82006316
86229724
81990884
81977296
81945996
81971048
81920348
81963852
81968892
81966440
81987936
81968344
81979496
81928864
81975780
82620696
82039868
81974976
84351944
82138412
81983880
81981032
81988760
81977580
81957788
81949024
81980592
81956756
81975116
81963356
81969620
81961016
81946616
82014196
82722536
82027128
82002200
84172296
82273652
82008696
81965880
82013772
81993892
81923776
81936960
81924692
82082440
81963796
81997024
81948548
81955528
82605396
81938752
81986872
81990896
84893904
81999896
81985124
81968876
81970244
81978776
81948900
81948480
81937752
81962072
81961492
81987216
81965784
81976300
82016124
82009764
82592736
81988592
81974688
83829176
82094740
81989308
81980112
81965932
81938556
81957376
81966572
81985004
81995484
81988376
81974096
81964328
82137800
82007252
81989180
82040820
84556800
81930160
81976520
81987136
81981988
81963172
81977388
81979680
81930568
 
81966720
81994128
81991132
82030260
81972048
81952868
81934900
82272524
81926940
81956516
82006096
85607392
82124112
81986652
81971160
81981148
82008920
81962904
81993076
82001560
81969108
81977288
82002916
82036488
81980972
82038772
81960208
83502648
82032268
81964388
81985828
81979268
81947476
81991820
82011784
81968456
81990132
82007548
81962604
81974068
81964256
82026672
81989900
82027836
81963752
82718272
82010904
81926340
83095368
83272768
81970548
81971148
82013340
81998316
81982328
82098008
81982364
81983064
82026152
81971452
82019480
82016164
81995960
83212016
82255264
81965796
81974712
82059876
81983312
81958560
82070140
81990080
81991180
82067548
81957516
81996912
82069200
81957456
82034352
82050100
81948508
81979180
82419912
81974644
82010736
84155836
82126420
81989252
82119880
81993012
81960484
82135608
81973372
82018872
82115308
82013336
82525848
82094920
81939608
82191984
83850584
82009700
81958572
82088360
82015820
81963768
82088204
81966272
81948964
82064984
81977688
82005072
82109384
82001192
81977804
82063752
81958148
81963548
82077168
82375956
81990988
82140920
83767044
82135412
82011892
81946100
82010160
82106096
82002572
81975884
82113264
81964152
82498792
82137492
82285632
82348152
84895052
82061140
82005740
82117072
81979536
82023288
82118520
81961636
82034236
82120748
81993844
81978744
82115092
81963764
81974220
82133568
82001476
82015892
82113268
82007692
82043484
82136176
81947984
83061716
82298152
81962068
82039052
82112516
81971388
81983112
82140480
81990080
81997128
82126140
81990940
82027460
84256820
82043324
81998248
82131804
81961852
81925676
82140964
81984600
81974584
82089980
81992972
81969104
82101912
82008704
82021212
82168224
81992824
81977844
82125504
82040208
82043260
82139884
81986336
84886732
82588052
81973648
81962052
82158436
81940636
82038760
82178676
81996380
82004996
82678252
81986012
81990400
83050844
82508136
81993388
82110956
81940076
81996484
82137608
82003576
81981968
82130844
81973812
81931412
82143100
82024360
81971848
82136532
81967764
81951756
82046568
81970544
81995140
82196712
81970384
82003312
82376084
83413656
81974228
81962496
81969152
81998852
82133684
82014840
81942012
82162376
82025352
81972536
82594268
82591780
82023696
82064240
81973012
81983972
82109220
81958968
81998692
82088664
81962844
81984860
82061992
81985428
81933088
82103816
81965492
81979196
81967736
81969684
81967828
81984296
81991480
81967400
81961800
83880452
82074196
82006280
81964616
81971424
82012148
81991464
81966768
82083680
82020508
81938912
81927760
83794404
81902744
81981852
81950968
81951920
81997340
81973764
81945064
81974620
81964904
81984128
81985660
81971488
81975036
81941620
81985680
81986868
81953576
81966388
81965920
82004224
81968512
82114960
81991264
81976332
82250488
84505184
81962476
81937012
81944292
81951988
81959332
81961824
81950280
81932064
81920304
85951736
81940040
81884104
81921140
81965336
81934492
81932652
81953336
81896404
81867628
81942764
81927612
81950304
81931748
81941436
81912616
81937868
81923932
81952360
81937984
81934324
81936508
81919684
81915860
81875520
81922852
83086808
83584168
81966384
81984664
81903848
81873624
81924964
81945108
81940172
82027988
83469204
83233736
81981404
81916320
81927568
82012104
81925048
81923056
82030336
81937672
81921820
82013864
81913508
81859728
81989296
82191708
82280168
82398368
82317184
82288704
82334568
82308164
82334744
82425092
82322992
82313496
82335404
86281076
81948128
82020600
81925124
81942568
81972760
81972668
81929112
81983628
83322948
83437448
81998708
81947144
81901092
81991336
81924160
81945500
81947132
81938420
81918344
81940300
81906128
81936848
81963504
81951072
81964324
81966124
81871400
81938572
81964164
81924108
81932688
81939896
81900352
81881892
81991848
81949092
82289404
82166744
81929100
82017848
82023664
82160156
82000060
81999504
82685364
82154916
82007400
81970556
81962316
81988936
82012068
82013292
82014940
81993084
82012256
81929864
81999936
82005600
82007848
81996608
82015316
81965880
81990540
82021364
82033656
81981904
81995956
81987688
81985220
82714228
81983684
82035384
82014720
85794072
82062612
82026576
81991124
82063188
82043428
82001256
82003320
86329120
82001652
81968888
82017656
81967892
81994376
81969536
81968040
81965676
81972964
81925772
81984536
81970084
81963292
82020760
81965040
81964396
81953328
81986608
81969520
82011844
81985212
82003088
81987380
81955856
81989704
81950568
81989028
82162872
82382912
81956452
81984980
82038164
81981324
81979352
81938972
83846376
82041696
81977856
81976196
81976084
81965376
81971488
81954120
81966732
81962472
81941472
81961396
81960356
81971540
81960444
81948284
81988432
81972496
81948188
81982844
81986288
81940892
81972272
81985156
81973908
81966292
82990880
81998100
81931480
83097924
84185296
81961676
81992280
82018488
81953728
81967128
85048904
82109136
82066280
81974672
81980772
82000328
81962976
81957720
81984348
81997932
81969096
82011416
81973408
81963420
82018856
81971416
81986048
82018576
81966492
81975296
82065420
81952996
81941420
82062596
81989892
81975768
82093404
82029940
81960212
82059196
82334632
82955476
82042772
82108012
81996876
82084456
81966888
83992460
82084592
81907124
81963508
82062508
81986732
81977820
82086356
81963880
81921828
82098460
82013364
82389972
83134120
83042156
83035352
83146688
83118860
83058900
82030816
81985412
81965192
82106116
81948568
81951128
82046988
82005404
82016784
82087748
83526624
81976544
82162044
81980168
81971400
83196200
82133472
81954048
82126676
81961820
81927420
82132560
81942088
81968152
82118700
81991076
81951452
82075884
82000896
81944180
82127512
81953800
81970716
82094804
81914780
81937052
82152264
81969752
81955644
82105164
81955620
81906776
82193528
82019308
81989652
82447752
84533080
81975644
82238680
82133652
81909272
82291444
83266800
81951384
82089000
81925844
81908492
82104592
81915596
81873692
82035468
81918168
81889940
82097316
81931928
81911776
82063748
81901316
81929176
82045508
81925752
81917464
82073780
81900964
81947296
82093612
81925468
81908184
82115008
81913876
81861376
82163832
81928148
81941336
82433128
82089208
81868624
82037408
82618284
81976776
82034424
81934708
81923532
82023260
81923388
81908576
82033340
81894112
81918124
82028508
81916208
81908968
82004808
81921392
81888632
81899968
81926260
81905828
81956308
81917064
81892256
81968248
81945232
81914396
81931068
81946168
81913688
82598228
81902208
81958088
81919056
85592672
81972144
82010000
81925904
81943428
81951624
81930656
81976584
81979168
81939984
81920792
82004316
81906752
81896772
81964580
81919864
81921424
81910652
81903612
81922124
81899700
81928916
81911216
81911728
81921340
81907664
81934844
81872372
81941828
81925696
81907036
81945072
81950884
81895204
82066736
81935752
82051728
81981200
82488120
81920644
81941060
81867768
81889936
81945988
81961320
81938292
81898168
81901880
81891240
81900352
81989396
81934096
81910668
81871432
81926456
81872992
81922700
81893832
81908836
81883180
81918004
81914876
81857544
81928216
81924388
81895104
81915140
81905836
81895504
81907248
82997780
82352084
81978752
85734640
81975864
82016216
81996208
81959104
81980296
81939436
81954920
82014456
81964348
81938352
81971196
81936080
81949264
81985184
81973804
81999872
81989816
81982960
81963052
81938624
81976756
81985480
82003608
81963692
81980008
81992304
81954148
81984600
82024032
81988176
82132876
81983984
82019404
82021180
82046108
82001532
82579620
82148236
82048612
81985260
81941748
82293220
82019596
81969052
81974212
81979120
81968008
81924352
81942792
81930072
82000524
81967088
81971644
81950700
81984960
81990296
81945436
81992756
82181372
81972372
81956740
81970544
81946996
81933624
81955356
82018080
81979320
82097584
81966512
82009076
82065888
81925996
81994624
82030928
84363812
82012308
81995824
81969036
81977328
81996216
81946480
81966472
82008972
81943336
81977276
82014208
81966776
82007388
82006116
81989576
81980440
82039524
81953324
81961944
82004404
81990356
81974288
82022152
81999064
81976044
82008768
81978048
81939684
82010504
81972996
81977668
82621936
82300032
81946764
82011196
85320288
82028856
82098692
81979412
81965912
82031060
81958476
81962092
81970104
81999892
81946012
82055308
81959324
81995232
82024968
82003172
81970468
82087376
81961644
81954868
82075976
81954040
81929432
82075652
81975532
81951236
82096792
81970920
81919208
82043676
81978264
82011704
82114040
81943720
82939548
82117868
81973200
82596496
84301672
81973580
81947140
82036744
81913324
81979088
82013192
81970688
81977960
82042472
81936424
81916084
82073652
81985948
81990116
82051636
81958552
81954524
82002332
81984192
81990568
82102184
81949160
81965176
82035052
81940160
82032388
82117804
82010888
81989020
82125552
82082296
81991396
82301604
81986440
84204252
82051184
81996428
81977644
82082428
81979348
81969180
82017004
81958724
81988832
82117172
82000948
81969684
82091096
81965368
81911824
82053420
81994228
81979228
82075804
81974936
81960716
82048036
81937044
81969940
82161968
81995668
81999760
82109128
81958972
81937304
82125048
 
